0.0	nan
0.010000100001000326	-4.673578542354426
0.020000200002000652	7.214410937814082
0.03000030000300098	1.1960212101901002
0.040000400004001305	-8.944794974564486
0.05000050000500163	3.5056377674439716
0.06000060000600196	-3.9541604874903262
0.07000070000700229	-2.6459863284049874
0.08000080000800261	0.23397370788413344
0.09000090000900293	4.719314450776718
0.10000100001000325	-3.2248800883358393
0.11000110001100359	-0.6984285109500786
0.12000120001200391	0.23640614171060698
0.13000130001300425	0.665119419590473
0.14000140001400457	-0.23469575678980645
0.1500015000150049	2.0059561562663966
0.16000160001600522	1.9921684347391102
0.17000170001700554	3.637947944678407
0.18000180001800586	2.547817442030453
0.1900019000190062	5.586894342486792
0.2000020000200065	1.5343796264782845
0.21000210002100686	5.61238460355327
0.22000220002200718	4.208866539089591
0.2300023000230075	4.995885635002587
0.24000240002400783	5.927631304958789
0.2500025000250082	4.610977660086682
0.2600026000260085	5.402307701407118
0.2700027000270088	5.359338018479028
0.28000280002800915	7.027549951242568
0.29000290002900947	3.7920545688839056
0.3000030000300098	6.731184219408523
0.3100031000310101	5.682804624947047
0.32000320003201044	7.331042842355462
0.33000330003301076	6.664132998169991
0.3400034000340111	6.184261106363029
0.3500035000350114	7.363544736685626
0.36000360003601173	7.134407856397295
0.37000370003701205	7.736895834880735
0.3800038000380124	7.423111924667455
0.3900039000390127	7.784962789044096
0.400004000040013	7.434000817000546
0.4100041000410134	8.470775421950075
0.4200042000420137	8.99856964232155
0.43000430004301404	8.931646004665353
0.44000440004401437	8.773226196506796
0.4500045000450147	7.859138366549496
0.460004600046015	9.283848173867034
0.47000470004701533	9.547853962061314
0.48000480004801566	8.93111741850091
0.490004900049016	9.027623420686172
0.5000050000500164	8.998729528147237
0.5100051000510166	9.385542310755321
0.520005200052017	9.169056260122472
0.5300053000530173	8.89987342919689
0.5400054000540176	9.301814069563006
0.5500055000550179	9.18560394084325
0.5600056000560183	7.840972682674231
0.5700057000570186	8.970029129615712
0.5800058000580189	8.970040850487944
0.5900059000590192	9.923069080913226
0.6000060000600196	10.0034613777345
0.6100061000610199	10.065714955798963
0.6200062000620202	10.438383299724533
0.6300063000630205	11.071143564576555
0.6400064000640209	11.480872966148858
0.6500065000650213	11.819702431599222
0.6600066000660215	12.159479179558334
0.6700067000670219	12.778999571480387
0.6800068000680222	13.338028463649524
0.6900069000690225	13.405893510935778
0.7000070000700228	13.910742209183514
0.7100071000710232	14.003168369529549
0.7200072000720235	14.69514450313642
0.7300073000730238	15.097169222886265
0.7400074000740241	15.026669137693307
0.7500075000750245	14.622659879125
0.7600076000760247	15.42340013978908
0.7700077000770251	16.35005638636072
0.7800078000780254	15.788034059539433
0.7900079000790258	16.99291172254995
0.800008000080026	17.639577709775754
0.8100081000810264	18.037452533784812
0.8200082000820268	18.49255983854297
0.8300083000830271	19.001564508354157
0.8400084000840274	19.861856354024056
0.8500085000850277	20.347112943981355
0.8600086000860281	20.711783183620707
0.8700087000870284	21.18137882980715
0.8800088000880287	21.898009039150047
0.890008900089029	22.10500471693496
0.9000090000900294	22.807873410617894
0.9100091000910296	23.923044607056003
0.92000920009203	24.31384317888922
0.9300093000930303	24.989354566057102
0.9400094000940307	25.632870622970994
0.9500095000950309	26.322301627265574
0.9600096000960313	27.30758251620951
0.9700097000970317	27.70104100046917
0.980009800098032	28.248439181469553
0.9900099000990323	26.851189566867255
1.0000100001000327	29.56217939212857
1.0100101001010329	29.908536642157433
1.0200102001020332	21.62912269315839
1.0300103001030336	31.527042194720227
1.040010400104034	30.766241139403554
1.0500105001050342	32.11151712043187
1.0600106001060345	33.59026119803716
1.070010700107035	33.699668989259564
1.0800108001080353	34.244924478598236
1.0900109001090355	34.36099573454021
1.1000110001100358	24.836887233563363
1.1100111001110362	35.63100896391997
1.1200112001120366	34.20067449903216
1.130011300113037	37.3251588207583
1.1400114001140371	39.63783726255297
1.1500115001150375	37.576182329844805
1.1600116001160379	35.711463166995536
1.1700117001170383	38.915566629181434
1.1800118001180384	42.18594076973502
1.1900119001190388	42.277292380798336
1.2000120001200392	44.709163366611776
1.2100121001210395	39.94020683659098
1.2200122001220397	47.09455779326052
1.23001230012304	42.37601754041349
1.2400124001240405	46.372900252852595
1.2500125001250408	46.18906064153546
1.260012600126041	47.0314309303673
1.2700127001270414	47.864453967047474
1.2800128001280418	48.36971327805116
1.2900129001290421	48.369466051377685
1.3000130001300425	50.06845553345431
1.3100131001310427	48.59835378855405
1.320013200132043	50.443538646323496
1.3300133001330434	51.533704551814346
1.3400134001340438	55.15413189556407
1.350013500135044	53.07451509748538
1.3600136001360443	55.00581779685625
1.3700137001370447	54.18690898057687
1.380013800138045	56.78336031696627
1.3900139001390452	56.54038375841882
1.4000140001400456	56.10578492200127
1.410014100141046	46.2487957981321
1.4200142001420464	60.158968026268106
1.4300143001430465	61.050539709581464
1.440014400144047	62.354817109677526
1.4500145001450473	61.22828065276999
1.4600146001460477	63.930223568666605
1.470014700147048	67.4197334128784
1.4800148001480482	68.24890023902874
1.4900149001490486	66.04342490636864
1.500015000150049	68.08638264333283
1.5100151001510493	72.68823784686425
1.5200152001520495	70.85110164427378
1.5300153001530499	71.19234501355294
1.5400154001540503	73.65284339134864
1.5500155001550506	82.94960904565141
1.5600156001560508	78.30094599195971
1.5700157001570512	75.7952827155553
1.5800158001580515	79.302547763505
1.590015900159052	95.78783491522854
1.600016000160052	81.49424033325506
1.6100161001610525	78.09313366629573
1.6200162001620528	81.99690378869417
1.6300163001630532	89.17434749284537
1.6400164001640536	74.7831810501359
1.6500165001650537	57.83561709754986
1.6600166001660541	13.117300030744126
1.6700167001670545	-1.0911380705682896
1.6800168001680549	48.90500922744093
1.690016900169055	67.61987361907077
1.7000170001700554	72.76254272493794
1.7100171001710558	72.31153837714822
1.7200172001720562	37.31391404611065
1.7300173001730563	81.58744535485278
1.7400174001740567	77.08248599854734
1.750017500175057	84.02383008528011
1.7600176001760575	115.64100914230943
1.7700177001770578	80.8784898778283
1.780017800178058	76.23564142393262
1.7900179001790584	85.01640689537295
1.8000180001800588	115.1785464563753
1.8100181001810591	78.30134302086068
1.8200182001820593	74.66671874159545
1.8300183001830597	84.09417580217324
1.84001840018406	111.1349185407627
1.8500185001850604	81.64642806213472
1.8600186001860606	75.40491048792185
1.870018700187061	57.81324973933909
1.8800188001880613	92.05624026230647
1.8900189001890617	78.40009769948078
1.9000190001900619	71.55918850521317
1.9100191001910622	76.59381784897465
1.9200192001920626	78.5108997500884
1.930019300193063	80.7010051814306
1.9400194001940634	77.2061000145968
1.9500195001950635	74.31756632819236
1.960019600196064	96.36048770009063
1.9700197001970643	80.8685378643136
1.9800198001980647	84.42219063322005
1.9900199001990648	76.28409228404949
2.0000200002000654	100.22726731606336
2.0100201002010656	96.4305130995032
2.0200202002020657	79.6009620424245
2.0300203002030663	74.1642616503478
2.0400204002040665	82.02881932612496
2.0500205002050667	95.72453581679473
2.0600206002060673	63.851742133327015
2.0700207002070674	69.98815648444804
2.080020800208068	90.77216908483771
2.090020900209068	92.23015379457067
2.1000210002100683	68.55779768974303
2.110021100211069	69.68989316535955
2.120021200212069	72.41959296350733
2.1300213002130697	83.19605414961921
2.14002140021407	57.9866907379389
2.15002150021507	58.3376586597178
2.1600216002160706	83.80189830185515
2.1700217002170707	47.67150077687541
2.180021800218071	59.851266928230906
2.1900219002190715	60.12325579088708
2.2000220002200717	36.87457536706679
2.2100221002210723	59.39972986542512
2.2200222002220724	39.072364176097466
2.2300223002230726	42.89510706594056
2.240022400224073	46.36761841725416
2.2500225002250733	44.03483477140404
2.260022600226074	23.33433727866412
2.270022700227074	2.072013761074027
2.2800228002280742	1.2918047404632518
2.290022900229075	19.542540088896388
2.300023000230075	26.431978635799865
2.310023100231075	39.0737676776387
2.3200232002320758	37.48239436949722
2.330023300233076	44.824815358249744
2.3400234002340765	52.15190393469502
2.3500235002350767	39.21091404802865
2.360023600236077	48.77456637318181
2.3700237002370774	41.47625007289476
2.3800238002380776	63.22272401314286
2.3900239002390777	37.42886551846644
2.4000240002400783	31.775540651381156
2.4100241002410785	52.54070482224468
2.420024200242079	65.91023553612747
2.4300243002430792	63.226664658112334
2.4400244002440794	48.2213910491752
2.45002450024508	58.897595794031034
2.46002460024608	58.4070005587423
2.4700247002470808	37.698262300098435
2.480024800248081	58.54634819782436
2.490024900249081	54.427984770384654
2.5000250002500817	62.87188437573189
2.510025100251082	55.48094742535732
2.520025200252082	74.26277508778789
2.5300253002530826	56.43115657687662
2.5400254002540827	52.47777827430055
2.5500255002550833	59.92783752269262
2.5600256002560835	66.09754705951265
2.5700257002570837	53.32652315356222
2.5800258002580843	55.35610360305922
2.5900259002590844	61.409428850670345
2.600026000260085	54.67405572428976
2.610026100261085	51.514262769127136
2.6200262002620853	46.6663636987507
2.630026300263086	12.305299703586568
2.640026400264086	15.736167885142955
2.6500265002650862	22.761158962786933
2.660026600266087	34.83997415039702
2.670026700267087	36.67542500639261
2.6800268002680876	46.06944269014857
2.6900269002690878	28.65206628677841
2.700027000270088	41.37825466318222
2.7100271002710885	38.48860254519455
2.7200272002720887	42.19730816533499
2.7300273002730893	34.04535836428333
2.7400274002740894	30.699873739741253
2.7500275002750896	38.97814894965614
2.76002760027609	34.751058848192194
2.7700277002770903	-1.9559917087970327
2.7800278002780905	-1.6800294091937422
2.790027900279091	-7.991980889277649
2.8000280002800912	6.4311519631071805
2.810028100281092	16.268550025399076
2.820028200282092	18.761679668803097
2.830028300283092	6.235887968896118
2.8400284002840928	-15.62570796786574
2.850028500285093	6.407355119688114
2.860028600286093	3.735118510910151
2.8700287002870937	-4.556292606111107
2.880028800288094	-9.39846268410397
2.8900289002890944	-6.817292111851619
2.9000290002900946	-7.905606055545866
2.9100291002910947	-25.729266206675135
2.9200292002920953	-17.023956495210733
2.9300293002930955	4.56619478951458
2.940029400294096	13.782064042692026
2.9500295002950963	2.927793942519618
2.9600296002960964	-17.385356230525385
2.970029700297097	13.27627873978023
2.980029800298097	10.563572965769152
2.9900299002990973	6.7217316499475395
3.000030000300098	10.595240089208126
3.010030100301098	16.049853623649696
3.0200302003020987	9.93355532726128
3.030030300303099	14.646872592913176
3.040030400304099	11.073427228369601
3.0500305003050996	13.341000297088586
3.0600306003060997	2.072056732155461
3.0700307003071003	15.779225709162466
3.0800308003081005	9.216169408013661
3.0900309003091007	-13.808043213963597
3.1000310003101013	6.922842080655027
3.1100311003111014	10.30328893094007
3.1200312003121016	29.95035877533877
3.130031300313102	-4.3925963658210625
3.1400314003141023	16.894887374955772
3.150031500315103	-1.7370563994188297
3.160031600316103	12.669202993739525
3.1700317003171032	11.82895227801908
3.180031800318104	28.487701096168536
3.190031900319104	3.0362298552861895
3.200032000320104	20.662466866345916
3.2100321003211048	26.843607952522092
3.220032200322105	15.257356291728332
3.2300323003231055	15.703658788416933
3.2400324003241057	14.55263754462513
3.250032500325106	27.5861745001244
3.2600326003261064	9.281573326239352
3.2700327003271066	25.161658490103974
3.280032800328107	11.562799307884314
3.2900329003291073	19.03946416957896
3.3000330003301075	15.637225272695932
3.310033100331108	9.721831667569655
3.3200332003321082	21.94833793133698
3.3300333003331084	6.575074684213904
3.340033400334109	2.4447667351942237
3.350033500335109	22.620426454465573
3.3600336003361098	23.430299646759256
3.37003370033711	11.817933500386971
3.38003380033811	9.509952351620742
3.3900339003391107	8.313724005095875
3.400034000340111	22.656027835076106
3.4100341003411114	4.2719215340111445
3.4200342003421116	-21.38242667706866
3.4300343003431117	4.305767977349587
3.4400344003441123	7.510526145280558
3.4500345003451125	0.8582249182278031
3.4600346003461127	-7.684907102882702
3.4700347003471133	-11.015503464049328
3.4800348003481134	-4.4628109437494645
3.490034900349114	-9.986213175518088
3.500035000350114	-3.172512505536312
3.5100351003511143	6.936585815488449
3.520035200352115	7.819343004548618
3.530035300353115	1.4401530584607627
3.5400354003541157	-20.884271346407427
3.550035500355116	20.06395633808344
3.560035600356116	15.444688427570595
3.5700357003571166	15.45454272818653
3.5800358003581167	9.845949305886007
3.590035900359117	16.72942885063671
3.6000360003601175	10.358370218224975
3.6100361003611177	10.954317223543038
3.6200362003621183	15.672596457407694
3.6300363003631184	9.55226156087177
3.6400364003641186	19.769670551790213
3.650036500365119	2.4662940872216486
3.6600366003661193	9.593942287296839
3.6700367003671195	-15.54596270575193
3.68003680036812	8.82339178307451
3.6900369003691202	14.397312537984702
3.700037000370121	19.49482180954789
3.710037100371121	30.16519504909279
3.720037200372121	31.568612798211383
3.7300373003731218	-8.082535401500033
3.740037400374122	36.93716025361248
3.7500375003751225	38.06190294228068
3.7600376003761227	29.087667456226388
3.770037700377123	22.383909441523567
3.7800378003781234	29.093492540538243
3.7900379003791236	30.340044546216504
3.8000380003801237	12.56077288385387
3.8100381003811243	24.98979150404994
3.8200382003821245	-27.188477313496215
3.830038300383125	34.647666717774946
3.8400384003841253	3.359910381347091
3.8500385003851254	33.03199509237836
3.860038600386126	25.322630892603378
3.870038700387126	16.50795123672609
3.8800388003881268	2.7996920006105728
3.890038900389127	27.455884798018893
3.900039000390127	16.098354114120475
3.9100391003911277	15.638384644519794
3.920039200392128	15.103031425328929
3.930039300393128	16.824171989737533
3.9400394003941286	14.36260653073631
3.9500395003951287	3.2859559030659695
3.9600396003961293	6.839262908064758
3.9700397003971295	-15.76658850029308
3.9800398003981297	-3.3331003253035334
3.9900399003991303	-5.545915368365071
4.000040000400131	-2.9238944959672684
4.010040100401131	0.5852109472242468
4.020040200402131	-36.2891353309646
4.030040300403131	-11.122873435020919
4.0400404004041315	8.139207522490597
4.0500405004051325	1.5826357138475196
4.060040600406133	-9.027476752345526
4.070040700407133	-7.525317953445872
4.080040800408133	-7.111280115051318
4.090040900409133	-14.351220979659956
4.100041000410133	-9.647980052575509
4.110041100411134	-2.1596435492206605
4.1200412004121345	6.737928770548038
4.130041300413135	-20.307533972967853
4.140041400414135	-6.535093556409391
4.150041500415135	-1.6802407409228821
4.160041600416136	0.4184621281814208
4.170041700417136	-2.9329563458357377
4.180041800418136	13.196224833609136
4.1900419004191365	-22.969364440485016
4.200042000420137	12.523400085174435
4.210042100421138	8.925116105358018
4.220042200422138	-46.88780916157827
4.230042300423138	18.852051692788418
4.240042400424138	10.055428224363396
4.250042500425138	2.0670713958128086
4.260042600426139	2.777314398765148
4.2700427004271395	-8.96930376666548
4.28004280042814	2.3654534322185827
4.29004290042914	-11.695425334680547
4.30004300043014	-2.749424511990499
4.31004310043114	11.987311179746161
4.320043200432141	6.543004687326613
4.330043300433141	1.8920490461004928
4.3400434004341415	14.752019977632266
4.350043500435142	10.06882827784092
4.360043600436142	15.631374912837941
4.370043700437143	9.20488225957545
4.380043800438143	11.462663011804484
4.390043900439143	20.688325018882114
4.400044000440143	10.487245384058033
4.4100441004411435	7.56053287831345
4.4200442004421445	9.22545916100037
4.430044300443145	15.90919974278365
4.440044400444145	14.019641860597169
4.450044500445145	9.854439659154902
4.460044600446145	8.372407573442299
4.470044700447146	13.13028893661964
4.480044800448146	-6.589319173588309
4.4900449004491465	-15.278610356127725
4.500045000450147	-0.042129033105041284
4.510045100451147	10.062836307994365
4.520045200452148	-5.751559584804912
4.530045300453148	-9.76684803341528
4.540045400454148	5.645362845984856
4.550045500455148	-16.34852296953487
4.5600456004561485	11.953856847971581
4.570045700457149	-25.463213963218646
4.58004580045815	1.2698774568965003
4.59004590045915	9.779733428071802
4.60004600046015	-11.233230065001163
4.61004610046115	-8.700822310652528
4.62004620046215	-10.913222163241233
4.630046300463151	2.8015794113594685
4.6400464004641515	1.0357393039793794
4.650046500465152	-3.124087029187799
4.660046600466152	-6.764563980430735
4.670046700467152	-5.94838468122191
4.680046800468153	-6.463795763798437
4.690046900469153	-6.887960490363954
4.700047000470153	-0.9852304136247142
4.7100471004711535	-2.0126020846524257
4.720047200472154	1.3770265027308193
4.730047300473155	-6.258852315978523
4.740047400474155	-4.3812786474851055
4.750047500475155	-6.182567657437975
4.760047600476155	3.432165442349371
4.770047700477155	6.997828082665367
4.7800478004781555	1.1772697619466264
4.7900479004791565	5.233989735231634
4.800048000480157	7.136781857309649
4.810048100481157	-2.9083252836032254
4.820048200482157	0.44055078001084996
4.830048300483157	-19.594828413426093
4.840048400484158	13.544650244236324
4.850048500485158	2.0436316196288393
4.8600486004861585	-18.774790465510026
4.870048700487159	16.344189235869166
4.880048800488159	0.020102882504122843
4.89004890048916	-4.7058304447588295
4.90004900049016	-1.388374505900592
4.91004910049116	9.055416021040207
4.92004920049216	-5.066223083958852
4.9300493004931605	-9.67465901452172
4.9400494004941615	20.965072291794435
4.950049500495162	16.879089507291937
4.960049600496162	-13.482377933205465
4.970049700497162	4.736524572806701
4.980049800498162	-11.665376706616863
4.990049900499163	17.88229267410306
5.000050000500163	4.189957319954361
5.0100501005011635	12.261804157073096
5.020050200502164	17.7225668497244
5.030050300503164	15.831299921103774
5.040050400504164	14.586736277194532
5.050050500505165	-1.8402116334382894
5.060050600506165	-7.191030544771536
5.070050700507165	-2.648288733892119
5.0800508005081655	10.475900968856314
5.090050900509166	13.64004399509981
5.100051000510167	9.118269203018372
5.110051100511167	15.179437716875153
5.120051200512167	-8.645875094206106
5.130051300513167	8.87144339197485
5.140051400514167	6.23996435172335
5.150051500515168	-24.74806849756164
5.1600516005161685	-16.792592507737364
5.170051700517169	-3.864468848546091
5.180051800518169	8.102638303664744
5.190051900519169	-10.860420676449607
5.20005200052017	-4.786687588014484
5.21005210052117	-21.17566721528167
5.22005220052217	0.44497572878210906
5.2300523005231705	-3.3200505789301147
5.240052400524171	-5.473316948300303
5.250052500525171	-3.4631596381208243
5.260052600526172	-5.8805864747614125
5.270052700527172	-5.837753728855591
5.280052800528172	-7.717524514148182
5.290052900529172	-21.058549761808713
5.3000530005301725	-7.657031898695649
5.3100531005311735	-15.490394396584655
5.320053200532174	0.455829918276017
5.330053300533174	2.293986164044238
5.340053400534174	-2.6701172554260886
5.350053500535174	4.745869007781931
5.360053600536175	-13.07663360260677
5.370053700537175	-2.009584873306605
5.3800538005381755	-3.876592927920236
5.390053900539176	3.8149218423630855
5.400054000540176	10.034086284210684
5.410054100541177	4.860345553312556
5.420054200542177	7.904993106281709
5.430054300543177	2.181550645913777
5.440054400544177	-0.6321580059437083
5.4500545005451775	3.5412842266883264
5.4600546005461785	19.033615550629474
5.470054700547179	0.746902001308827
5.480054800548179	5.300090526319845
5.490054900549179	-6.4667078762962555
5.500055000550179	8.96647009925673
5.510055100551179	-3.2985089950380866
5.52005520055218	10.399816850490183
5.5300553005531805	-0.10152261896934504
5.540055400554181	-10.32935948668115
5.550055500555181	-9.225680560554629
5.560055600556181	2.7666936598673733
5.570055700557182	-4.933189464278621
5.580055800558182	4.0656233635870676
5.590055900559182	15.93587100435441
5.6000560005601825	-0.1358933482211816
5.610056100561183	19.182357488690606
5.620056200562184	5.1076264134200855
5.630056300563184	7.201005229250354
5.640056400564184	19.89079105750086
5.650056500565184	-18.6631377573195
5.660056600566184	15.892037676567211
5.670056700567185	2.6228932848040944
5.6800568005681855	10.591244809726534
5.690056900569186	2.154269547046034
5.700057000570186	-7.300548426995771
5.710057100571186	2.300802240966046
5.720057200572186	14.19160842220891
5.730057300573187	0.6529143658751357
5.740057400574187	0.13765939633446178
5.7500575005751875	5.489743135707151
5.760057600576188	-0.2154190838890653
5.770057700577188	-13.953548894271641
5.780057800578189	-12.750503382042062
5.790057900579189	-0.8324260362482546
5.800058000580189	4.378029106100246
5.810058100581189	-13.641755651467491
5.8200582005821895	-23.511533519109502
5.8300583005831905	-7.82831012462827
5.840058400584191	-3.4546265851444327
5.850058500585191	-5.8911994965308825
5.860058600586191	-6.46846369991727
5.870058700587191	-5.244333562911648
5.880058800588192	-2.6523525883541503
5.890058900589192	-2.218329895287236
5.9000590005901925	-6.020732686653913
5.910059100591193	-17.119668523743904
5.920059200592193	6.785536059561519
5.930059300593194	-15.419798247026337
5.940059400594194	-16.660482065408036
5.950059500595194	6.4734663224610305
5.960059600596194	14.601838310364842
5.9700597005971945	-14.19231719424435
5.980059800598195	-3.4656247157883904
5.990059900599196	10.879942254335852
6.000060000600196	-7.402920754779256
6.010060100601196	9.601003516446713
6.020060200602196	2.8378686740829813
6.030060300603196	15.996008746303257
6.040060400604197	-9.84154548352798
6.0500605006051975	9.415400409303631
6.060060600606198	10.085178661255124
6.070060700607198	20.00286451625753
6.080060800608198	-14.379566405758233
6.090060900609199	-33.02739881317007
6.100061000610199	1.1159475543319932
6.110061100611199	13.411347201306217
6.1200612006121995	1.9668189589958727
6.1300613006132	-1.8405599103418493
6.140061400614201	17.27859481584655
6.150061500615201	-3.2402103057036213
6.160061600616201	20.525399574112612
6.170061700617201	1.7449546565774003
6.180061800618201	1.2833292915916426
6.1900619006192015	18.60024625965879
6.2000620006202025	8.693755540039296
6.210062100621203	-1.779674874559023
6.220062200622203	17.1708685683819
6.230062300623203	-8.879970743627455
6.240062400624203	-7.39027807018017
6.250062500625204	7.71502290189961
6.260062600626204	-4.247055989211707
6.2700627006272045	3.439443487328925
6.280062800628205	11.971385495866206
6.290062900629205	14.846294091535867
6.300063000630206	-10.659638231327575
6.310063100631206	-13.313377596861326
6.320063200632206	-2.9931625262428923
6.330063300633206	7.238285285852231
6.3400634006342065	8.07262625360104
6.3500635006352075	8.736376517855918
6.360063600636208	-3.2402417295079484
6.370063700637208	2.17911852397615
6.380063800638208	-15.680191261783913
6.390063900639208	-19.21789158300276
6.400064000640208	-3.481852357393198
6.410064100641209	-6.226150531181551
6.4200642006422095	-13.235226996418717
6.43006430064321	-6.530709636687159
6.44006440064421	-7.576684302138241
6.45006450064521	-7.412192208031159
6.460064600646211	-9.34592081678859
6.470064700647211	-9.1689239016164
6.480064800648211	-2.8271827002082115
6.4900649006492115	-9.1682553353833
6.500065000650212	-19.507204544047433
6.510065100651213	4.578788401049023
6.520065200652213	-10.301666824521762
6.530065300653213	0.7781060200549571
6.540065400654213	3.701593234515535
6.550065500655213	4.225198575010663
6.560065600656214	-1.1902462792904793
6.5700657006572145	-14.579991472952809
6.580065800658215	-17.846683203563117
6.590065900659215	-4.389365665402292
6.600066000660215	11.346718875840677
6.610066100661216	8.779473789794837
6.620066200662216	-1.6132252298420662
6.630066300663216	-8.446262748739667
6.6400664006642165	5.9973663204425876
6.650066500665217	-32.881424524593214
6.660066600666217	8.002675033696148
6.670066700667218	-3.95843280385651
6.680066800668218	17.40573018424975
6.690066900669218	4.578765370559661
6.700067000670218	5.530602193647044
6.7100671006712185	-21.42135039235865
6.7200672006722195	6.867560702403884
6.73006730067322	-9.411248749774504
6.74006740067422	6.280994258738182
6.75006750067522	-23.443432815106153
6.76006760067622	12.11108174160151
6.770067700677221	17.364429304399316
6.780067800678221	8.451073844398117
6.7900679006792215	20.295102271075514
6.800068000680222	-9.447311826633781
6.810068100681222	7.703601403644959
6.820068200682223	-10.369255009088564
6.830068300683223	-0.8482235084018133
6.840068400684223	7.636802024095139
6.850068500685223	-4.153604718018655
6.8600686006862235	-10.135795861138966
6.870068700687224	-4.024318863786425
6.880068800688225	-2.078987606255391
6.890068900689225	-19.976607922947757
6.900069000690225	-7.747796251676152
6.910069100691225	18.34387900744283
6.920069200692225	0.5936256007505134
6.930069300693226	1.6043556014371576
6.9400694006942265	-3.6169477130550836
6.950069500695227	-7.153776299542861
6.960069600696227	-10.94391571660167
6.970069700697227	0.8240091972954193
6.980069800698228	-8.755420260659516
6.990069900699228	-5.930085635237161
7.000070000700228	-5.457928500635299
7.0100701007012285	-4.696053010658402
7.020070200702229	-7.339515609953395
7.03007030070323	-4.954326935381549
7.04007040070423	-6.034979599877163
7.05007050070523	-5.798734042118353
7.06007060070623	2.2952632360709453
7.07007070070723	-9.463527692356207
7.080070800708231	3.880238294902747
7.0900709007092315	-13.308564075346478
7.100071000710232	-16.96468407482711
7.110071100711232	-32.35905411150522
7.120071200712232	-9.455986461369374
7.130071300713232	-11.860213864803297
7.140071400714233	-11.97027681356895
7.150071500715233	-1.7427816405689809
7.1600716007162335	2.8431998518214985
7.170071700717234	3.335520082734145
7.180071800718234	-1.4739418002691111
7.190071900719235	14.212103123357743
7.200072000720235	2.5027694815682167
7.210072100721235	15.56372783878638
7.220072200722235	3.410378243778954
7.2300723007232355	14.468952167111643
7.2400724007242365	-1.4843934482410175
7.250072500725237	5.308190187600676
7.260072600726237	-6.934930541772429
7.270072700727237	11.248212518163086
7.280072800728237	-14.714320428919276
7.290072900729238	5.600022731035637
7.300073000730238	-25.167545671254775
7.3100731007312385	-3.9034872460858625
7.320073200732239	19.94826339267886
7.330073300733239	0.08846626572477251
7.340073400734239	9.869995849131293
7.35007350073524	13.951884515312956
7.36007360073624	23.525591952264126
7.37007370073724	-9.710346270406175
7.3800738007382405	0.5648942595675671
7.390073900739241	11.660910527846454
7.400074000740242	18.59486579536517
7.410074100741242	11.867997029358417
7.420074200742242	-7.412006601181979
7.430074300743242	3.0788699458957933
7.440074400744242	2.567664428252129
7.450074500745243	-5.574788658183994
7.4600746007462435	8.019834092292209
7.470074700747244	-7.366162563791045
7.480074800748244	5.54681095136367
7.490074900749244	7.1965747317180275
7.500075000750245	6.81272755078696
7.510075100751245	5.304124033230668
7.520075200752245	-19.740164690251643
7.5300753007532455	-21.013934477104996
7.540075400754246	-2.9901652793736537
7.550075500755247	-17.28088364270776
7.560075600756247	7.957732204248264
7.570075700757247	-12.581348189530061
7.580075800758247	-4.6116478119976545
7.590075900759247	-1.209597172497273
7.6000760007602475	-7.753641628177157
7.6100761007612485	-3.005447617442615
7.620076200762249	-4.938987341604984
7.630076300763249	-6.05442165563694
7.640076400764249	-6.337365985792196
7.650076500765249	-7.026399830875103
7.66007660076625	-0.9610276891701507
7.67007670076725	-2.264950663633588
7.6800768007682505	-14.043085894920269
7.690076900769251	0.9977026994067159
7.700077000770251	-17.633470271241972
7.710077100771252	-16.572575488535303
7.720077200772252	-1.6485819223831002
7.730077300773252	0.07307585927140031
7.740077400774252	2.8747552554457267
7.7500775007752525	6.73905996757494
7.7600776007762535	9.34602779961495
7.770077700777254	10.677974829870193
7.780077800778254	-31.369245677453073
7.790077900779254	-16.80653011498047
7.800078000780254	9.152793395331434
7.810078100781254	1.4866828271469115
7.820078200782255	5.576161972525679
7.8300783007832555	-10.774013141525534
7.840078400784256	-8.528348338593544
7.850078500785256	-1.8484688983293034
7.860078600786256	-15.330528162483096
7.870078700787257	-8.08101590099075
7.880078800788257	2.8056700770122176
7.890078900789257	3.974011647544123
7.9000790007902575	-10.843377456071666
7.910079100791258	11.728333837078612
7.920079200792259	11.760881985381653
7.930079300793259	-8.804496264908206
7.940079400794259	1.2327964644857168
7.950079500795259	0.10660397017826298
7.960079600796259	-38.0609791147297
7.97007970079726	4.641108535206696
7.9800798007982605	19.010923126228597
7.990079900799261	-5.126444214810411
8.000080000800262	15.041629771566178
8.010080100801261	2.9760790037737497
8.020080200802262	-26.216522057240145
8.030080300803261	-6.378508540089359
8.040080400804262	-3.2642636001503043
8.050080500805263	15.031651140219717
8.060080600806263	6.965431420566001
8.070080700807264	11.501272099110277
8.080080800808263	2.9630974159686714
8.090080900809264	-7.233300934169798
8.100081000810265	-3.6581499951542917
8.110081100811264	-10.214494277544702
8.120081200812265	-9.24574449039047
8.130081300813265	0.895636737353681
8.140081400814266	-9.335717389199871
8.150081500815265	2.3631804047679927
8.160081600816266	-3.4302619165313444
8.170081700817267	2.946958710852848
8.180081800818266	-14.153810922789974
8.190081900819267	-7.115054493139334
8.200082000820267	-2.129284786232275
8.210082100821268	-9.13622554279772
8.220082200822269	-7.199376771328491
8.230082300823268	-10.48949536877595
8.240082400824269	-3.157028115336207
8.250082500825268	-14.044044565518178
8.26008260082627	-11.279811257690563
8.27008270082727	-0.3485346644001073
8.28008280082827	-14.07777453261066
8.29008290082927	-3.4387809717889013
8.30008300083027	-7.3393220059016855
8.310083100831271	-9.89945251359686
8.320083200832272	-3.52505132463403
8.330083300833271	16.913049611230598
8.340083400834272	4.121444092475202
8.350083500835272	10.230314374700075
8.360083600836273	-25.10011293997923
8.370083700837274	2.054712402958774
8.380083800838273	6.716371332039901
8.390083900839274	6.028703680908444
8.400084000840273	6.789425320039056
8.410084100841274	8.127019403553007
8.420084200842275	17.947178731525877
8.430084300843275	0.4288026064550603
8.440084400844276	15.184075801757995
8.450084500845275	20.11877305255182
8.460084600846276	17.47300638266177
8.470084700847277	-14.660025407616079
8.480084800848276	6.539000946021075
8.490084900849277	-16.94193838121526
8.500085000850277	9.043433059525539
8.510085100851278	-12.30315189252537
8.520085200852279	12.183130123296896
8.530085300853278	3.2066121265058953
8.540085400854279	10.074049235365045
8.550085500855278	-4.431867226101211
8.56008560085628	14.59469765338825
8.57008570085728	3.6102355127160553
8.58008580085828	-11.52963949653251
8.59008590085928	-6.441479903734878
8.60008600086028	-10.094574363762996
8.610086100861281	-23.51869328223892
8.62008620086228	-17.624115962139474
8.630086300863281	11.684857585814497
8.640086400864282	10.590363078306943
8.650086500865282	1.0319695580402173
8.660086600866283	12.515425099661245
8.670086700867282	14.801616839123529
8.680086800868283	-6.823908623975744
8.690086900869284	-5.378210898526297
8.700087000870283	-27.33781133271548
8.710087100871284	0.04300171916010176
8.720087200872284	0.321582659301625
8.730087300873285	-27.434807599900527
8.740087400874286	-0.19558226227838368
8.750087500875285	-24.357023153800952
8.760087600876286	-6.5357404995171
8.770087700877285	-3.847589004143907
8.780087800878286	-8.297459607462097
8.790087900879287	-2.0224544001339186
8.800088000880287	-4.9959213777846525
8.810088100881288	-5.639728327552119
8.820088200882287	-7.132483393308926
8.830088300883288	-3.255213256162288
8.840088400884289	-6.084632843291555
8.850088500885288	-10.398033334707428
8.86008860088629	-3.0742841611504734
8.870088700887289	-15.620795960428145
8.88008880088829	-20.939464036404193
8.89008890088929	-7.541141146796988
8.90008900089029	0.9565527849349286
8.910089100891291	-36.30475216353611
8.92008920089229	-6.827235841104396
8.930089300893291	-1.3217360748986338
8.940089400894292	9.190489796161756
8.950089500895292	10.746203457468917
8.960089600896293	4.50245424881918
8.970089700897292	-9.901838762183807
8.980089800898293	-51.312164633101254
8.990089900899294	-13.459948027521904
9.000090000900293	3.988871070178129
9.010090100901294	12.143881680554452
9.020090200902294	-2.068611043755939
9.030090300903295	-5.499553886697696
9.040090400904296	-7.915323458167149
9.050090500905295	-1.0789210183855555
9.060090600906296	-6.194011506232007
9.070090700907295	10.134538833838395
9.080090800908296	-18.46347730315078
9.090090900909296	15.436088014102694
9.100091000910297	-1.094217724797779
9.110091100911298	3.427498298350077
9.120091200912297	6.291507118431847
9.130091300913298	8.482806372667229
9.140091400914297	11.244226485403871
9.150091500915298	18.94626181298485
9.1600916009163	-1.9811077260582315
9.170091700917299	-12.665940626045264
9.1800918009183	17.29481956651902
9.190091900919299	-9.811895787899948
9.2000920009203	-4.436925856242689
9.210092100921301	6.229128445430223
9.2200922009223	-7.289009321428916
9.230092300923301	-5.396460809448684
9.2400924009243	13.258502083584988
9.250092500925302	10.095902489546956
9.260092600926303	-1.2272992161200085
9.270092700927302	3.735407109312403
9.280092800928303	-3.71417608891409
9.290092900929302	-9.097964003656518
9.300093000930303	-1.6493803021024984
9.310093100931304	-6.68761891502154
9.320093200932304	-25.265351551521423
9.330093300933305	-17.831395024939983
9.340093400934304	-1.5194457835977278
9.350093500935305	2.0236618509047126
9.360093600936306	-12.26965152168826
9.370093700937305	-3.9878561748289383
9.380093800938306	-10.373678385534127
9.390093900939306	-8.419753250453105
9.400094000940307	-7.670673866154622
9.410094100941308	-7.2294334948044465
9.420094200942307	-7.765073294329747
9.430094300943308	-7.494964354670157
9.440094400944307	-3.67440013147609
9.450094500945308	-10.901561375926432
9.46009460094631	3.2114003228076444
9.470094700947309	-8.942702512304468
9.48009480094831	-1.9229967419161538
9.490094900949309	-20.791531905619
9.50009500095031	3.5698451396969713
9.510095100951311	9.415539152294386
9.52009520095231	-39.09163885126413
9.530095300953311	-1.882617502733581
9.54009540095431	9.073909677731903
9.550095500955312	12.36118067617613
9.560095600956311	1.024545967818835
9.570095700957312	2.3176565885695455
9.580095800958313	-7.331611952899833
9.590095900959312	-7.6685537293752635
9.600096000960313	-14.86220297289048
9.610096100961313	12.923462464233996
9.620096200962314	14.440686839715575
9.630096300963315	9.82271557926219
9.640096400964314	14.100818521546257
9.650096500965315	12.590002584097881
9.660096600966314	4.837607679976506
9.670096700967315	-14.759339948597436
9.680096800968316	10.656330614581753
9.690096900969316	16.101369377299363
9.700097000970317	17.93463560266164
9.710097100971316	20.551657258761967
9.720097200972317	-10.527163283160029
9.730097300973318	-25.986579124150428
9.740097400974317	-3.411347924260336
9.750097500975318	15.046786099117321
9.760097600976318	-1.7358917699460805
9.770097700977319	-13.804966445125544
9.78009780097832	0.5785538087153824
9.790097900979319	-20.646556794549603
9.80009800098032	-12.979457945948809
9.81009810098132	9.871966078846443
9.82009820098232	4.287934501530507
9.830098300983321	9.46972287289617
9.84009840098432	12.82532139802524
9.850098500985322	-24.705733066482576
9.860098600986321	9.730711037471197
9.870098700987322	1.2217281774305775
9.880098800988323	-15.568885543714378
9.890098900989322	-4.182773078308631
9.900099000990323	-2.6343116248399894
9.910099100991323	-5.288127481693856
9.920099200992324	-10.978135458699201
9.930099300993325	2.877846816995421
9.940099400994324	-4.032002225846398
9.950099500995325	-4.449881627836627
9.960099600996324	-0.051915721779513806
9.970099700997325	-3.8494621570725633
9.980099800998326	-5.720500973386325
9.990099900999326	-4.992374151237693
10.000100001000327	-4.209557552058955
10.010100101001326	-10.992016580218735
10.020100201002327	-1.2202282060925607
10.030100301003326	1.803648012383858
10.040100401004327	-2.890425622077958
10.050100501005328	2.601192014765166
10.060100601006328	2.6521831416553625
10.070100701007329	3.836852896603651
10.080100801008328	-15.093966098926343
10.090100901009329	-13.30156360738105
10.10010100101033	-11.207942171053773
10.11010110101133	3.2009088494759386
10.12010120101233	3.3289531794957385
10.13010130101333	-2.1146940984030342
10.14010140101433	15.10974637253652
10.150101501015332	-16.824732317320578
10.160101601016331	-35.024421196809456
10.170101701017332	-2.7730230156131235
10.180101801018331	11.84808084145916
10.190101901019332	6.903032383911263
10.200102001020333	-2.539870399665689
10.210102101021333	-11.035938228447412
10.220102201022334	6.897675363042931
10.230102301023333	7.356035813328418
10.240102401024334	16.558610025335042
10.250102501025335	-9.115470482284634
10.260102601026334	12.085895314670005
10.270102701027335	5.932976090526831
10.280102801028335	6.930917443086075
10.290102901029336	1.7590946765405127
10.300103001030337	-6.326980955389866
10.310103101031336	-3.8217920201731834
10.320103201032337	4.8710823106400705
10.330103301033336	6.064262937980452
10.340103401034337	4.991852814957029
10.350103501035338	8.73295856545439
10.360103601036338	3.8202441158580287
10.370103701037339	5.929285280162569
10.380103801038338	-9.68524601981359
10.390103901039339	-20.250166769720405
10.40010400104034	-12.272958110304188
10.41010410104134	-19.73295101642217
10.42010420104234	10.19846622914804
10.43010430104334	-11.907731373122752
10.44010440104434	9.993897369571174
10.450104501045342	-14.339205926320183
10.460104601046341	-3.6812949005870585
10.470104701047342	-7.021007068927137
10.480104801048341	-3.9316058737154447
10.490104901049342	6.7979404142575435
10.500105001050342	-1.2425646456671897
10.510105101051343	4.921334476528771
10.520105201052344	-12.994617254543897
10.530105301053343	-4.649524431479513
10.540105401054344	-3.6537773300871716
10.550105501055343	1.586639535881875
10.560105601056344	-7.680525953329219
10.570105701057345	-3.8123197197129834
10.580105801058345	-6.8233738524126135
10.590105901059346	-4.836787427703635
10.600106001060345	-3.45480881118817
10.610106101061346	-9.698685013952279
10.620106201062347	-3.1136919421820886
10.630106301063346	-8.184646535745284
10.640106401064347	-4.8367171937715145
10.650106501065347	-19.744037034976667
10.660106601066348	-0.8565090608650618
10.670106701067349	-56.37178477325454
10.680106801068348	-24.183102797623743
10.690106901069349	-1.6956198394925068
10.700107001070348	5.758334522720569
10.71010710107135	5.481876264905927
10.72010720107235	-43.71561018394814
10.73010730107335	3.417958439433641
10.74010740107435	0.6180161093125703
10.75010750107535	3.580510677061818
10.760107601076351	7.347588163632487
10.770107701077352	5.268089397026903
10.780107801078351	-6.913939481682133
10.790107901079352	4.036734972974021
10.800108001080352	8.350707999969767
10.810108101081353	3.8545964559304875
10.820108201082354	16.9309772471885
10.830108301083353	18.78868619128816
10.840108401084354	16.31629297929832
10.850108501085353	4.698913231984262
10.860108601086354	-8.666586933441726
10.870108701087355	-14.010066195255838
10.880108801088355	12.569345820186848
10.890108901089356	-1.906464658715072
10.900109001090355	9.503126188414663
10.910109101091356	-4.739080713749044
10.920109201092357	-16.316426534135182
10.930109301093356	5.906198857444152
10.940109401094357	15.079655730227508
10.950109501095357	0.4437060931178522
10.960109601096358	-19.879950885136253
10.970109701097357	0.0998719294955653
10.980109801098358	11.713826249456748
10.990109901099359	-8.168620993395715
11.000110001100358	-4.63767888579547
11.01011010110136	11.4154475543821
11.020110201102359	-6.381542093517168
11.03011030110336	-3.619426300939668
11.04011040110436	-25.344153590401415
11.05011050110536	-2.456286241791413
11.060110601106361	-19.990318960878366
11.07011070110736	-11.445723239120499
11.080110801108361	-17.401045465522728
11.090110901109362	4.098244081942064
11.100111001110362	8.14565212706313
11.110111101111363	-7.029953847991915
11.120111201112362	0.5100135835590658
11.130111301113363	-9.680657173838293
11.140111401114364	-9.802051691435947
11.150111501115363	-7.871504026711096
11.160111601116364	-9.300972298351123
11.170111701117364	-8.098418274926399
11.180111801118365	-8.117622214929739
11.190111901119366	-12.291826039351317
11.200112001120365	-9.992088213474412
11.210112101121366	-1.7087337248897603
11.220112201122365	4.871660399408044
11.230112301123366	-1.8256698675499785
11.240112401124367	-13.63595275634845
11.250112501125367	-13.33845703949957
11.260112601126368	-0.2246578316027411
11.270112701127367	-9.02792286398756
11.280112801128368	-2.889670525907042
11.290112901129369	15.032984028199122
11.300113001130368	-7.166503741424334
11.31011310113137	12.724160814654807
11.320113201132369	-9.259285314220932
11.33011330113337	15.45535043332694
11.34011340113437	14.603805337005895
11.35011350113537	-12.860844579361576
11.360113601136371	11.891553243691995
11.37011370113737	-16.734763012581233
11.380113801138371	3.1225527489777796
11.390113901139372	-7.087014046128006
11.400114001140372	6.21205703866745
11.410114101141373	-16.557726400764402
11.420114201142372	5.922920184740694
11.430114301143373	-37.809392001563644
11.440114401144372	7.821722465042878
11.450114501145373	7.629827657045848
11.460114601146374	11.286078679935734
11.470114701147374	9.066784823721376
11.480114801148375	-1.0084332724603398
11.490114901149374	-5.560806962813733
11.500115001150375	3.4408282295297195
11.510115101151376	14.593955406013762
11.520115201152375	7.137255054842122
11.530115301153376	5.124763305657033
11.540115401154376	-9.383092059694475
11.550115501155377	-20.85106932965754
11.560115601156378	1.8994903422208473
11.570115701157377	10.60400434048406
11.580115801158378	-25.030091509636264
11.590115901159377	10.612037695591132
11.600116001160378	-7.86475785876539
11.61011610116138	-19.781260896710595
11.620116201162379	1.1703456620575365
11.63011630116338	-4.905606618429734
11.640116401164379	-10.512831948620153
11.65011650116538	3.513391270115463
11.660116601166381	0.7713952173057373
11.67011670116738	-3.2668390571299106
11.680116801168381	4.169209245422467
11.69011690116938	-2.6083868489362834
11.700117001170382	-0.7759063708586545
11.710117101171383	-2.4175751066014963
11.720117201172382	1.7188966713305336
11.730117301173383	-1.153127217609506
11.740117401174382	-9.68490064429749
11.750117501175383	-5.310617983394239
11.760117601176384	-5.368108900365369
11.770117701177384	-3.302887343673737
11.780117801178385	-4.983078532422318
11.790117901179384	-4.053246682952067
11.800118001180385	-16.73404265979189
11.810118101181386	-7.353713993733475
11.820118201182385	0.7787347908111404
11.830118301183386	-12.73001093850245
11.840118401184386	-9.276322775889437
11.850118501185387	1.7190419564776187
11.860118601186388	8.379496160126594
11.870118701187387	-0.1643389467129191
11.880118801188388	-17.785855618664442
11.890118901189387	12.062965681823608
11.900119001190388	-24.596310110989535
11.910119101191388	6.14612123502712
11.920119201192389	-3.359531497994229
11.93011930119339	16.308922426879043
11.940119401194389	-21.38085493112416
11.95011950119539	5.212523553432988
11.96011960119639	12.248384197257645
11.97011970119739	3.124818269630775
11.980119801198391	12.410813563828544
11.99011990119939	20.126444220396316
12.000120001200392	0.41588177968544127
12.010120101201391	-8.479210241878276
12.020120201202392	10.646386918611954
12.030120301203393	0.828839067306092
12.040120401204392	1.12842176519381
12.050120501205393	8.410716698336937
12.060120601206393	14.838465271698645
12.070120701207394	-24.406121136354216
12.080120801208395	-0.9178110196983259
12.090120901209394	7.162496556457143
12.100121001210395	20.387849111318275
12.110121101211394	-15.093074064766473
12.120121201212395	11.041394226920588
12.130121301213396	15.89812913587875
12.140121401214396	-12.0040892546803
12.150121501215397	2.5764886984671747
12.160121601216396	0.07013748953282173
12.170121701217397	-2.1390362341994407
12.180121801218398	15.1207686606624
12.190121901219397	5.199475072159431
12.200122001220398	3.9297301859258993
12.210122101221398	-2.475550230192895
12.220122201222399	-12.879717141046315
12.2301223012234	-17.60796729409094
12.240122401224399	-0.6125131505883996
12.2501225012254	2.993968449835121
12.2601226012264	-1.3923186988914191
12.2701227012274	-1.3988457470154765
12.280122801228401	-0.03042534401979014
12.2901229012294	9.563591850906176
12.300123001230402	-10.075858408365747
12.310123101231401	-6.848327186524999
12.320123201232402	-10.797091237791522
12.330123301233403	-8.953983933624182
12.340123401234402	-6.374926330502689
12.350123501235403	-6.48108126639975
12.360123601236403	-6.155361617515203
12.370123701237404	-3.2101228507020165
12.380123801238403	-4.309110343206532
12.390123901239404	-16.499037731481433
12.400124001240405	2.667679833441738
12.410124101241404	-6.897630407106607
12.420124201242405	-6.836980294218116
12.430124301243405	6.931943648278104
12.440124401244406	-12.435452351233955
12.450124501245407	8.515946393370937
12.460124601246406	-8.489811391962373
12.470124701247407	-0.18943981962049422
12.480124801248406	-11.85620541374684
12.490124901249407	-18.86385535417573
12.500125001250408	-11.807982613342624
12.510125101251408	-9.073101451103
12.520125201252409	9.414240825557059
12.530125301253408	-19.95558762380608
12.540125401254409	13.99932778107847
12.55012550125541	-8.273525204135728
12.56012560125641	4.006398481106857
12.57012570125741	-5.042688822517382
12.58012580125841	0.4961880142946155
12.59012590125941	2.0106382245214274
12.600126001260412	-7.139148375911605
12.610126101261411	22.938848589392578
12.620126201262412	17.068423994021416
12.630126301263411	4.9758196703626725
12.640126401264412	-8.929571246985677
12.650126501265413	15.918575462048683
12.660126601266413	9.502213676329081
12.670126701267414	-7.245703255409687
12.680126801268413	1.6697032144543373
12.690126901269414	7.534802255822544
12.700127001270415	0.2591746905727814
12.710127101271414	20.3651726536526
12.720127201272415	-11.001915717347092
12.730127301273415	1.9639640757185137
12.740127401274416	22.560462077134
12.750127501275417	5.20385214241702
12.760127601276416	8.253539976287183
12.770127701277417	5.66053365882377
12.780127801278416	-11.044563890408904
12.790127901279417	-24.483545275390302
12.800128001280417	-10.735023371370858
12.810128101281418	15.41766685742981
12.820128201282419	-4.632378106883868
12.830128301283418	-8.57554404080244
12.840128401284419	-10.605555471781399
12.850128501285418	4.710382762894642
12.86012860128642	-12.210596909020037
12.87012870128742	5.710409832248972
12.88012880128842	-12.126225161722374
12.89012890128942	-3.7517247147313193
12.90012900129042	-2.777569715316631
12.910129101291421	-8.659257138056638
12.920129201292422	-12.046184706719853
12.930129301293421	-5.546666087013501
12.940129401294422	-6.149879977764748
12.950129501295422	-4.612825337222371
12.960129601296423	-4.074682796254703
12.970129701297424	-6.511200051036438
12.980129801298423	-7.449892636454286
12.990129901299424	-1.7526970265994573
13.000130001300423	-9.399251285948559
13.010130101301424	8.418758776969797
13.020130201302425	-26.067857071162404
13.030130301303425	-2.2152118102363305
13.040130401304426	-5.26832956899567
13.050130501305425	-0.7307416591689123
13.060130601306426	7.896926213795146
13.070130701307427	2.1017007468214373
13.080130801308426	-4.045310080918005
13.090130901309427	-6.636893819643217
13.100131001310427	6.8187791354189935
13.110131101311428	-39.186744279913064
13.120131201312429	-0.5502129748215878
13.130131301313428	19.24829011482778
13.140131401314429	-5.801668903870365
13.150131501315428	2.436657500877903
13.16013160131643	-1.6511788753475436
13.17013170131743	11.674886852991767
13.18013180131843	-25.805580588960975
13.19013190131943	8.12589526604115
13.20013200132043	-39.26641339635879
13.210132101321431	15.863143691394933
13.220132201322432	19.377648951192583
13.230132301323431	1.7147259782025226
13.240132401324432	7.690553491532105
13.250132501325432	-11.286020995918859
13.260132601326433	12.99398409453728
13.270132701327432	10.552468291620498
13.280132801328433	-0.17580747076436765
13.290132901329434	-1.8929077876086329
13.300133001330433	10.174447902621383
13.310133101331434	-5.567542730478317
13.320133201332434	14.427253274959394
13.330133301333435	0.9868793309930669
13.340133401334436	8.668550799997885
13.350133501335435	8.426970598337576
13.360133601336436	5.647517874389325
13.370133701337435	-11.826779661043878
13.380133801338436	-13.27689265550852
13.390133901339437	2.222288117722255
13.400134001340437	1.175865182796347
13.410134101341438	-18.878596908349213
13.420134201342437	5.80626110259882
13.430134301343438	-13.567719751517634
13.440134401344439	-4.3192995506278145
13.450134501345438	1.705217857860119
13.46013460134644	-0.3900278813926001
13.470134701347439	-4.642709717723633
13.48013480134844	-17.766188346879748
13.49013490134944	-3.325162795707911
13.50013500135044	-5.7291657079462475
13.510135101351441	-6.516469599590272
13.52013520135244	-5.469002880195541
13.530135301353441	-6.1135253342449145
13.540135401354442	-5.099998110810776
13.550135501355442	-6.535448694545356
13.560135601356443	-1.3478201760856783
13.570135701357442	-0.15903866612950876
13.580135801358443	-10.109028381181352
13.590135901359444	-14.144570271467305
13.600136001360443	-13.030380776781394
13.610136101361444	-6.0834910437159895
13.620136201362444	-18.157065242603178
13.630136301363445	2.1394631056544076
13.640136401364446	-8.473007469309486
13.650136501365445	-0.113609080562943
13.660136601366446	-5.1104281268950205
13.670136701367445	-25.1850039948125
13.680136801368446	3.034732668628589
13.690136901369447	-2.826143466920973
13.700137001370447	10.034268147521313
13.710137101371448	-24.446778312440312
13.720137201372447	12.041908478457263
13.730137301373448	2.801540778050067
13.740137401374447	5.047782616600853
13.750137501375448	13.583608848224094
13.76013760137645	-14.57982851435273
13.770137701377449	1.3350436706891278
13.78013780137845	12.95521927516266
13.790137901379449	12.313292201858662
13.80013800138045	-2.290689417750957
13.810138101381451	9.21984479943777
13.82013820138245	10.475793857583067
13.830138301383451	-0.6765482134344627
13.84013840138445	-21.199636576843137
13.850138501385452	-2.013384970197414
13.860138601386453	4.375559766444262
13.870138701387452	9.597476348334457
13.880138801388453	-3.596437479535898
13.890138901389452	9.630928119330626
13.900139001390453	1.7331290570963558
13.910139101391454	2.1094189196515267
13.920139201392454	18.641722398374778
13.930139301393455	-10.841302261353459
13.940139401394454	12.989051111279917
13.950139501395455	3.0123478911488024
13.960139601396456	-1.4645549693593634
13.970139701397455	-0.5172186619191058
13.980139801398456	2.247145891519428
13.990139901399456	-2.44592822232569
14.000140001400457	13.732950345931663
14.010140101401458	-20.36523371241283
14.020140201402457	7.719930152100276
14.030140301403458	-2.2286114894180247
14.040140401404457	4.480526887993992
14.050140501405458	-9.18479935536868
14.06014060140646	0.41494620151274747
14.070140701407459	-3.8977862254912954
14.08014080140846	0.24437749340229883
14.090140901409459	-5.514996484643358
14.10014100141046	-7.501438873947487
14.110141101411461	-6.256728872425965
14.12014120141246	-5.77936867119691
14.130141301413461	-4.914421748824976
14.14014140141446	-4.887139703589855
14.150141501415462	-6.204009696351906
14.160141601416463	-2.1958212525061236
14.170141701417462	-25.557850668283923
14.180141801418463	-7.379713202808905
14.190141901419462	-13.638820961113975
14.200142001420463	8.403478067532964
14.210142101421463	5.045369630390619
14.220142201422464	13.495977434108601
14.230142301423465	-1.0394969880842384
14.240142401424464	13.145333557365081
14.250142501425465	11.805086611898188
14.260142601426464	-26.230214397359397
14.270142701427465	-1.7028980348229663
14.280142801428466	-8.141792349577509
14.290142901429466	-0.38022614300040025
14.300143001430467	-32.680256320980874
14.310143101431466	-8.500388323352144
14.320143201432467	7.25548684355859
14.330143301433468	10.975083045688168
14.340143401434467	8.827729192579172
14.350143501435468	3.314487011355518
14.360143601436468	11.430564796503202
14.370143701437469	-10.738194146581739
14.38014380143847	-21.87193846174291
14.390143901439469	17.20941396731409
14.40014400144047	13.555205392350494
14.41014410144147	-3.565153772894935
14.42014420144247	-14.055780948964433
14.430144301443471	-12.707620909339706
14.44014440144447	-6.2099692598859955
14.450144501445472	21.803641655609013
14.460144601446471	-9.227335710572707
14.470144701447472	4.042386887188175
14.480144801448473	0.7445827155791704
14.490144901449472	-3.150884269371271
14.500145001450473	8.606380166928664
14.510145101451473	-16.419914979113617
14.520145201452474	11.354023101789982
14.530145301453475	-20.23627054271982
14.540145401454474	11.079560330560339
14.550145501455475	-4.068885385778566
14.560145601456474	4.1447045206735975
14.570145701457475	7.122004096442505
14.580145801458476	-8.585665265604135
14.590145901459476	5.514930598534631
14.600146001460477	-13.096426748810288
14.610146101461476	-2.612273661289291
14.620146201462477	1.870558123501957
14.630146301463478	4.756505964817809
14.640146401464477	-52.98697730468474
14.650146501465478	-8.6090854753132
14.660146601466478	-2.9680266598505023
14.670146701467479	-3.507133774590353
14.680146801468478	-7.065456091252703
14.690146901469479	-6.459513999978725
14.70014700147048	-6.936593901363944
14.71014710147148	-6.432308090589718
14.72014720147248	-10.549608856998983
14.73014730147348	-7.717862083904274
14.74014740147448	-4.576804717862695
14.750147501475482	-19.54415198820158
14.760147601476481	-2.428861983660629
14.770147701477482	-13.714873071717811
14.780147801478481	-2.858219759488279
14.790147901479482	5.994566230823872
14.800148001480483	-0.4330962178840663
14.810148101481483	-24.153294170708538
14.820148201482484	-14.906027603100815
14.830148301483483	-10.807714791521096
14.840148401484484	3.115466227040839
14.850148501485485	-10.240730062538088
14.860148601486484	-3.395508377943569
14.870148701487485	-4.734691232504321
14.880148801488485	11.113605775980671
14.890148901489486	-0.9420832829132954
14.900149001490487	10.798468206231714
14.910149101491486	2.691097197979203
14.920149201492487	-9.93840422044206
14.930149301493486	-13.626998752333746
14.940149401494487	7.572760281242303
14.950149501495488	14.746170336535826
14.960149601496488	0.3231913068071006
14.970149701497489	16.45027831545112
14.980149801498488	-6.110342215312136
14.990149901499489	19.944168434231237
