0.0	nan
0.010000100001000326	10.975162873432055
0.020000200002000652	3.6544026089136277
0.03000030000300098	-4.094872706203434
0.040000400004001305	-8.230979339875347
0.05000050000500163	-1.677982983941625
0.06000060000600196	-1.5139782039254124
0.07000070000700229	-4.902100429981073
0.08000080000800261	5.122308234562552
0.09000090000900293	4.39000864124491
0.10000100001000325	0.4592953491782379
0.11000110001100359	1.4667689270488804
0.12000120001200391	1.7605400635767114
0.13000130001300425	4.601850040900872
0.14000140001400457	0.8097443747466763
0.1500015000150049	3.250986660655496
0.16000160001600522	3.623829161355284
0.17000170001700554	6.0351895658094445
0.18000180001800586	4.53986033663984
0.1900019000190062	6.348529064479959
0.2000020000200065	2.7668007139779474
0.21000210002100686	6.391907743918474
0.22000220002200718	5.9555274060976835
0.2300023000230075	5.205295034541532
0.24000240002400783	6.933232880470844
0.2500025000250082	5.632910180048284
0.2600026000260085	6.06192647724863
0.2700027000270088	6.293292231081892
0.28000280002800915	6.874378606170503
0.29000290002900947	5.537428710486863
0.3000030000300098	7.01484525156181
0.3100031000310101	6.3455343560947375
0.32000320003201044	7.853588042426191
0.33000330003301076	6.980194825686565
0.3400034000340111	7.205248932582149
0.3500035000350114	7.394350582231573
0.36000360003601173	7.052369960008321
0.37000370003701205	8.187633850204252
0.3800038000380124	7.635207101813851
0.3900039000390127	8.335759300405732
0.400004000040013	6.9887574171055675
0.4100041000410134	8.259952506885394
0.4200042000420137	9.014219697829876
0.43000430004301404	8.685239040458542
0.44000440004401437	8.768169039953161
0.4500045000450147	8.867006581612836
0.460004600046015	9.122819182189913
0.47000470004701533	9.090261150160794
0.48000480004801566	8.758119983347525
0.490004900049016	8.21937329794018
0.5000050000500164	9.006621837438583
0.5100051000510166	9.068027354395568
0.520005200052017	9.030347239073107
0.5300053000530173	8.69463373672829
0.5400054000540176	8.8145643598042
0.5500055000550179	8.879482721043974
0.5600056000560183	7.509400249818839
0.5700057000570186	9.00657175596367
0.5800058000580189	9.023798480532701
0.5900059000590192	9.587803324275704
0.6000060000600196	10.101192652558918
0.6100061000610199	10.48923340009918
0.6200062000620202	10.209715490586808
0.6300063000630205	11.081608204986278
0.6400064000640209	10.586688364135469
0.6500065000650213	10.978336515552453
0.6600066000660215	10.736387231099014
0.6700067000670219	11.518050569320838
0.6800068000680222	11.575811943659044
0.6900069000690225	10.851124029497933
0.7000070000700228	10.780627474156312
0.7100071000710232	11.298513097577914
0.7200072000720235	11.777796368737743
0.7300073000730238	11.0815795694209
0.7400074000740241	11.189822458909497
0.7500075000750245	10.933594429013507
0.7600076000760247	11.389821377857233
0.7700077000770251	10.98778637831152
0.7800078000780254	11.435894697276304
0.7900079000790258	12.057635684621388
0.800008000080026	12.090061042059725
0.8100081000810264	11.858806454478705
0.8200082000820268	12.815770225724274
0.8300083000830271	12.794476022325135
0.8400084000840274	12.794037882132857
0.8500085000850277	12.698739367464764
0.8600086000860281	13.211822027821196
0.8700087000870284	13.640149374666096
0.8800088000880287	13.12001652415462
0.890008900089029	13.39861986380238
0.9000090000900294	13.821681891461902
0.9100091000910296	14.296990939369095
0.92000920009203	13.781012955362241
0.9300093000930303	13.470085350994625
0.9400094000940307	14.743495199283798
0.9500095000950309	15.132333592342189
0.9600096000960313	14.332207875590282
0.9700097000970317	14.47491417602059
0.980009800098032	15.814544056222115
0.9900099000990323	14.613539394638629
1.0000100001000327	15.54473792220689
1.0100101001010329	15.49219233487338
1.0200102001020332	16.55527378763706
1.0300103001030336	16.533548694000164
1.040010400104034	15.803865992988488
1.0500105001050342	17.362585237838925
1.0600106001060345	17.374263722799284
1.070010700107035	17.131234181892477
1.0800108001080353	17.25778527976447
1.0900109001090355	18.00332117033262
1.1000110001100358	7.061782849274275
1.1100111001110362	17.016126073990065
1.1200112001120366	16.808982007129277
1.130011300113037	18.94108172583517
1.1400114001140371	20.055865880059084
1.1500115001150375	17.881497273437112
1.1600116001160379	15.256718676596837
1.1700117001170383	19.957576777600675
1.1800118001180384	21.116633810013763
1.1900119001190388	20.26188030560827
1.2000120001200392	21.72596075866823
1.2100121001210395	18.861302358728892
1.2200122001220397	23.970247978552518
1.23001230012304	19.6576355348458
1.2400124001240405	22.93931818838895
1.2500125001250408	23.712877277172417
1.260012600126041	23.482093614497234
1.2700127001270414	23.78920230791257
1.2800128001280418	24.672074870096782
1.2900129001290421	25.2862341609157
1.3000130001300425	25.89064149553553
1.3100131001310427	25.705023236723864
1.320013200132043	27.447733392320078
1.3300133001330434	27.388054324085847
1.3400134001340438	28.714019844219195
1.350013500135044	28.518060405443922
1.3600136001360443	29.56918735281629
1.3700137001370447	29.26007417853027
1.380013800138045	30.29875986579988
1.3900139001390452	29.33595886843469
1.4000140001400456	31.792584684672544
1.410014100141046	23.54489725771702
1.4200142001420464	33.96858180538673
1.4300143001430465	33.8258259859369
1.440014400144047	34.62624184208143
1.4500145001450473	35.87250712465781
1.4600146001460477	36.99621238753372
1.470014700147048	37.08389363279983
1.4800148001480482	39.76519264190214
1.4900149001490486	40.08969505085139
1.500015000150049	40.92480895596208
1.5100151001510493	42.42966744852457
1.5200152001520495	42.95212657645318
1.5300153001530499	44.08548446906554
1.5400154001540503	44.980985831116115
1.5500155001550506	49.15229685831922
1.5600156001560508	49.324493149085164
1.5700157001570512	51.78294643021688
1.5800158001580515	52.15006119645828
1.590015900159052	54.34552763132825
1.600016000160052	55.636441175553884
1.6100161001610525	62.19307679392763
1.6200162001620528	65.19967771866517
1.6300163001630532	65.07773197219225
1.6400164001640536	71.07481041255095
1.6500165001650537	88.2980672884028
1.6600166001660541	45.82850182996571
1.6700167001670545	35.232808184914575
1.6800168001680549	84.96381300049573
1.690016900169055	110.35525962025247
1.7000170001700554	91.09034769394117
1.7100171001710558	74.81628137025933
1.7200172001720562	50.536637183016154
1.7300173001730563	72.25082410678156
1.7400174001740567	66.3863303519381
1.750017500175057	61.750019235059476
1.7600176001760575	57.77323967221221
1.7700177001770578	58.4881572953613
1.780017800178058	56.18700335220402
1.7900179001790584	57.92977714397346
1.8000180001800588	49.86007463194914
1.8100181001810591	51.90911298827329
1.8200182001820593	50.57361195041556
1.8300183001830597	47.34598902990059
1.84001840018406	47.41472572381374
1.8500185001850604	46.48368532909131
1.8600186001860606	47.79519440727746
1.870018700187061	30.943444971842666
1.8800188001880613	45.42876566084548
1.8900189001890617	46.06017561849139
1.9000190001900619	43.38300668072463
1.9100191001910622	44.840938207414375
1.9200192001920626	33.770609731764246
1.930019300193063	38.806246795942464
1.9400194001940634	39.994736246200716
1.9500195001950635	38.824571122617094
1.960019600196064	41.52618322222403
1.9700197001970643	44.63805160716648
1.9800198001980647	40.699368768641975
1.9900199001990648	40.94572281181071
2.0000200002000654	36.7394685500156
2.0100201002010656	37.33270426631178
2.0200202002020657	37.55152926979488
2.0300203002030663	39.9521770550993
2.0400204002040665	35.5623263687097
2.0500205002050667	42.144059528036124
2.0600206002060673	47.78708958558718
2.0700207002070674	37.52501280754374
2.080020800208068	33.86512500732333
2.090020900209068	37.083541213916014
2.1000210002100683	42.37112849969921
2.110021100211069	43.22954905601866
2.120021200212069	35.62870482198026
2.1300213002130697	37.72354600796193
2.14002140021407	44.68510576458448
2.15002150021507	45.70801971526059
2.1600216002160706	36.83506337506215
2.1700217002170707	34.84705828624965
2.180021800218071	37.81835153150084
2.1900219002190715	36.85903301754591
2.2000220002200717	24.20701994807033
2.2100221002210723	48.2928634977285
2.2200222002220724	40.63887777910099
2.2300223002230726	33.94695639732704
2.240022400224073	34.12030769555371
2.2500225002250733	51.280661567202905
2.260022600226074	47.62987543528169
2.270022700227074	45.574916667984205
2.2800228002280742	38.038450098369
2.290022900229075	42.69568099527036
2.300023000230075	29.326463441150388
2.310023100231075	38.722310689655735
2.3200232002320758	49.03003224144257
2.330023300233076	47.89254321158474
2.3400234002340765	41.030051969912655
2.3500235002350767	37.42791955677505
2.360023600236077	49.267607683792974
2.3700237002370774	40.45710479143535
2.3800238002380776	39.41748234448949
2.3900239002390777	26.659833023346465
2.4000240002400783	40.98587214259548
2.4100241002410785	53.93051409754612
2.420024200242079	40.07429885282523
2.4300243002430792	52.41529112283933
2.4400244002440794	42.85416031267284
2.45002450024508	48.34441554234677
2.46002460024608	41.75666980734509
2.4700247002470808	47.5638846358565
2.480024800248081	52.874032908051475
2.490024900249081	42.60641928944332
2.5000250002500817	46.13394639757124
2.510025100251082	45.71607260763909
2.520025200252082	58.78712891412981
2.5300253002530826	60.081417504647696
2.5400254002540827	66.33702334722206
2.5500255002550833	58.85674518974153
2.5600256002560835	53.59505997285913
2.5700257002570837	68.33015280871331
2.5800258002580843	52.9334706673026
2.5900259002590844	60.33124750809549
2.600026000260085	59.59216055341819
2.610026100261085	59.22007590389891
2.6200262002620853	62.260412157281074
2.630026300263086	39.99677860355557
2.640026400264086	40.14419301860176
2.6500265002650862	42.64749488761735
2.660026600266087	50.515452843640354
2.670026700267087	113.97832185296517
2.6800268002680876	80.9796176692823
2.6900269002690878	59.26475220438348
2.700027000270088	82.91648639485803
2.7100271002710885	69.77478718055792
2.7200272002720887	86.28858101199272
2.7300273002730893	74.28551284521942
2.7400274002740894	70.2512616118943
2.7500275002750896	78.35137619061081
2.76002760027609	75.43562325756135
2.7700277002770903	40.724144546739744
2.7800278002780905	35.128698004293554
2.790027900279091	34.3316196477509
2.8000280002800912	43.37231368558031
2.810028100281092	57.45243386776514
2.820028200282092	62.889160717985646
2.830028300283092	55.94578672689956
2.8400284002840928	24.880318475886913
2.850028500285093	44.99990270836052
2.860028600286093	47.1313080079963
2.8700287002870937	38.703881516659806
2.880028800288094	32.678681805206345
2.8900289002890944	35.82352997897771
2.9000290002900946	33.26986643519603
2.9100291002910947	21.06988360216016
2.9200292002920953	22.535560695093896
2.9300293002930955	43.77232857516732
2.940029400294096	62.01104358894199
2.9500295002950963	45.723180239149464
2.9600296002960964	22.103673572487597
2.970029700297097	65.19582796775362
2.980029800298097	69.91574215059457
2.9900299002990973	46.477962830093695
3.000030000300098	52.85102604545421
3.010030100301098	38.0260642977641
3.0200302003020987	75.3799730552766
3.030030300303099	67.38915973899122
3.040030400304099	35.676762884955366
3.0500305003050996	28.161644110122953
3.0600306003060997	23.644551320092614
3.0700307003071003	70.85189155613304
3.0800308003081005	20.93346197126348
3.0900309003091007	1.6697574492162435
3.1000310003101013	38.95758329127806
3.1100311003111014	30.789916198238984
3.1200312003121016	65.44212654454584
3.130031300313102	21.133284908388777
3.1400314003141023	63.258230392201625
3.150031500315103	46.86540099769857
3.160031600316103	71.85918922513184
3.1700317003171032	29.29791653231704
3.180031800318104	47.96473189926303
3.190031900319104	14.463984635972087
3.200032000320104	24.536442154752404
3.2100321003211048	27.561625659291646
3.220032200322105	26.320497691114294
3.2300323003231055	24.683634696055943
3.2400324003241057	24.895494424801825
3.250032500325106	34.56262837105799
3.2600326003261064	34.540934062979986
3.2700327003271066	46.251383615383766
3.280032800328107	20.96458207683716
3.2900329003291073	31.820798097571185
3.3000330003301075	23.22302252097537
3.310033100331108	24.558658258355404
3.3200332003321082	41.92098406111194
3.3300333003331084	30.091054159738125
3.340033400334109	22.347893938950065
3.350033500335109	43.26405401970705
3.3600336003361098	33.44043599024021
3.37003370033711	35.647732248012915
3.38003380033811	61.15701949467533
3.3900339003391107	45.36813194600189
3.400034000340111	45.93073003940588
3.4100341003411114	39.46979173295701
3.4200342003421116	42.96627054322095
3.4300343003431117	37.22332652453846
3.4400344003441123	50.01521018794405
3.4500345003451125	35.336135668766225
3.4600346003461127	52.91341059372504
3.4700347003471133	29.972011034971505
3.4800348003481134	40.159662948634775
3.490034900349114	32.998064056910025
3.500035000350114	39.750417339735115
3.5100351003511143	48.190003198104336
3.520035200352115	69.23825728988388
3.530035300353115	33.16734817402612
3.5400354003541157	13.560978291353972
3.550035500355116	65.29232650579915
3.560035600356116	64.76604759280065
3.5700357003571166	40.575197443877364
3.5800358003581167	40.993584765963035
3.590035900359117	84.46195806865799
3.6000360003601175	50.88711285727719
3.6100361003611177	44.5409922276917
3.6200362003621183	55.00359035441196
3.6300363003631184	51.70393152327287
3.6400364003641186	54.24272848840662
3.650036500365119	39.02216824158994
3.6600366003661193	50.949976527883884
3.6700367003671195	25.54979783497072
3.68003680036812	68.23377602650861
3.6900369003691202	48.38651579496101
3.700037000370121	50.360860001398024
3.710037100371121	102.72984218527166
3.720037200372121	74.6649792428543
3.7300373003731218	30.351150799706378
3.740037400374122	81.8913871108373
3.7500375003751225	84.08125055270922
3.7600376003761227	72.77495069446296
3.770037700377123	77.00482256806941
3.7800378003781234	70.27209316429655
3.7900379003791236	63.816661421003666
3.8000380003801237	69.1199826391018
3.8100381003811243	72.8097274933786
3.8200382003821245	11.271995349778692
3.830038300383125	85.21286240462567
3.8400384003841253	40.74661960540271
3.8500385003851254	95.6381335660863
3.860038600386126	64.73493241440009
3.870038700387126	60.91293183809395
3.8800388003881268	36.411101963317215
3.890038900389127	87.10112701857354
3.900039000390127	50.910580915504546
3.9100391003911277	48.480854415404664
3.920039200392128	58.487230223980376
3.930039300393128	71.32370450042498
3.9400394003941286	53.722479033837544
3.9500395003951287	36.53099886133599
3.9600396003961293	61.97352771171273
3.9700397003971295	48.75416766611654
3.9800398003981297	36.57010745176304
3.9900399003991303	48.99271545226348
4.000040000400131	33.88863730506318
4.010040100401131	52.95545332749549
4.020040200402131	4.590659510938508
4.030040300403131	35.14677568104604
4.0400404004041315	56.77380243195553
4.0500405004051325	46.214629995272105
4.060040600406133	44.41225113764609
4.070040700407133	39.59415172702021
4.080040800408133	41.233033574846694
4.090040900409133	32.485646158144334
4.100041000410133	41.13351845032898
4.110041100411134	52.42302380009371
4.1200412004121345	55.10629708063403
4.130041300413135	17.727166986900418
4.140041400414135	76.16126190765189
4.150041500415135	45.86735189207815
4.160041600416136	36.424674385041456
4.170041700417136	51.44804359999382
4.180041800418136	56.52210876865089
4.1900419004191365	46.80412210999899
4.200042000420137	51.28495550253585
4.210042100421138	52.644002931293464
4.220042200422138	-8.187140488724689
4.230042300423138	83.62597128881951
4.240042400424138	56.71815766902204
4.250042500425138	51.94259472237406
4.260042600426139	54.07736723276775
4.2700427004271395	21.140155532886517
4.28004280042814	49.71440420449838
4.29004290042914	46.26632881957345
4.30004300043014	19.101351386398616
4.31004310043114	41.70566205915754
4.320043200432141	50.90137165814096
4.330043300433141	38.62425532973933
4.3400434004341415	45.464542299604474
4.350043500435142	63.63141933807669
4.360043600436142	45.250053410068325
4.370043700437143	49.75259367443458
4.380043800438143	64.85273273744254
4.390043900439143	59.10231982594868
4.400044000440143	45.25158692027332
4.4100441004411435	35.862269717167514
4.4200442004421445	45.70969910050517
4.430044300443145	63.15491488447758
4.440044400444145	42.61922005813497
4.450044500445145	64.7499812753707
4.460044600446145	67.41616143743339
4.470044700447146	49.548210825507304
4.480044800448146	29.691196524507795
4.4900449004491465	39.75929754117106
4.500045000450147	55.62615585207691
4.510045100451147	58.37953333885028
4.520045200452148	52.914404303369864
4.530045300453148	33.19155050452221
4.540045400454148	55.59099194991882
4.550045500455148	30.58790136323284
4.5600456004561485	61.476455815819136
4.570045700457149	22.03912311938372
4.58004580045815	51.68487378176461
4.59004590045915	55.06759605230344
4.60004600046015	38.434399638097446
4.61004610046115	42.137444433040926
4.62004620046215	37.00535418410542
4.630046300463151	52.502628020344375
4.6400464004641515	51.06934410991357
4.650046500465152	45.41130998692061
4.660046600466152	42.72646977497204
4.670046700467152	43.33835617083062
4.680046800468153	42.9471943560925
4.690046900469153	42.121889053626994
4.700047000470153	48.00300179554627
4.7100471004711535	47.01581883759552
4.720047200472154	51.68690358104373
4.730047300473155	42.35705606237657
4.740047400474155	44.56718377329625
4.750047500475155	42.81540131220494
4.760047600476155	52.40278977794986
4.770047700477155	55.59633208880836
4.7800478004781555	51.35445994505792
4.7900479004791565	56.62127325355955
4.800048000480157	53.89402337108816
4.810048100481157	44.19263604745032
4.820048200482157	53.7939214362332
4.830048300483157	21.463178638334085
4.840048400484158	62.106412247771836
4.850048500485158	51.35485943497499
4.8600486004861585	41.37587253388961
4.870048700487159	64.96521491441084
4.880048800488159	40.45601238007632
4.89004890048916	43.31491740476569
4.90004900049016	46.821067412766546
4.91004910049116	61.0230566337867
4.92004920049216	33.57762257775248
4.9300493004931605	54.14675212094611
4.9400494004941615	68.62901668568658
4.950049500495162	63.144013020916
4.960049600496162	29.428072170094616
4.970049700497162	63.7782018341894
4.980049800498162	20.047612027556827
4.990049900499163	80.55355912773551
5.000050000500163	58.18665898164354
5.0100501005011635	47.87066681913462
5.020050200502164	84.21892989631402
5.030050300503164	57.24773452830448
5.040050400504164	62.79043351496637
5.050050500505165	41.10005645461114
5.060050600506165	36.540437663137226
5.070050700507165	37.758829815933645
5.0800508005081655	49.155603019149005
5.090050900509166	61.60357844964479
5.100051000510167	59.50384925935203
5.110051100511167	56.92903201383592
5.120051200512167	30.623611214209777
5.130051300513167	56.93561445239554
5.140051400514167	86.18394726699759
5.150051500515168	18.85360116975862
5.1600516005161685	29.287940465866626
5.170051700517169	48.62967749376778
5.180051800518169	64.05313492495517
5.190051900519169	46.07160031263889
5.20005200052017	42.02999411021626
5.21005210052117	26.556939635711537
5.22005220052217	64.71117090817273
5.2300523005231705	44.2323539033716
5.240052400524171	46.211907801073664
5.250052500525171	48.94823267109494
5.260052600526172	44.91881224463622
5.270052700527172	45.17896339398663
5.280052800528172	47.290758220022155
5.290052900529172	29.901629143462714
5.3000530005301725	42.761726404773924
5.3100531005311735	28.192633558607987
5.320053200532174	57.76226724533827
5.330053300533174	47.937365801732696
5.340053400534174	44.365568254454814
5.350053500535174	59.0729408687485
5.360053600536175	42.67436966084457
5.370053700537175	53.23953877845776
5.3800538005381755	39.86616332103096
5.390053900539176	46.783856731808854
5.400054000540176	59.63820975657663
5.410054100541177	80.66419594701131
5.420054200542177	47.279123671963326
5.430054300543177	41.32993329832986
5.440054400544177	51.71995833439447
5.4500545005451775	47.67488695972709
5.4600546005461785	63.036966321053086
5.470054700547179	50.091634631589514
5.480054800548179	54.72884110799613
5.490054900549179	55.75352600071158
5.500055000550179	56.62765260525245
5.510055100551179	44.842113902236
5.52005520055218	74.27972092533142
5.5300553005531805	45.242247058748546
5.540055400554181	39.88092188610646
5.550055500555181	40.84306953429506
5.560055600556181	53.9555667014862
5.570055700557182	52.985358991271724
5.580055800558182	51.45873796878047
5.590055900559182	86.52023657131532
5.6000560005601825	47.36412600714801
5.610056100561183	73.90428511480798
5.620056200562184	48.79784273761987
5.630056300563184	66.67563130058882
5.640056400564184	67.69190907417888
5.650056500565184	38.8828351561703
5.660056600566184	66.84940249640627
5.670056700567185	52.561247918908975
5.6800568005681855	64.32617258399002
5.690056900569186	59.07741690985033
5.700057000570186	41.794613003706644
5.710057100571186	56.56277908849899
5.720057200572186	66.05559448355265
5.730057300573187	53.15671721157865
5.740057400574187	52.458174113753905
5.7500575005751875	58.74823647337166
5.760057600576188	51.30015910658111
5.770057700577188	38.31507551133326
5.780057800578189	40.481551473718135
5.790057900579189	49.41516308543616
5.800058000580189	57.62893551509229
5.810058100581189	37.657570413843786
5.8200582005821895	30.316176266597967
5.8300583005831905	42.88530155034829
5.840058400584191	48.46041056460519
5.850058500585191	46.31507583765178
5.860058600586191	45.597233409492326
5.870058700587191	46.67938443475505
5.880058800588192	47.34912764666261
5.890058900589192	51.41720830523377
5.9000590005901925	45.018521405220056
5.910059100591193	35.90630443324842
5.920059200592193	53.543788024533654
5.930059300593194	38.171203153851216
5.940059400594194	42.80729969992889
5.950059500595194	53.246580516658554
5.960059600596194	62.57535361473557
5.9700597005971945	38.61211145633582
5.980059800598195	52.23739404593358
5.990059900599196	56.178045155630286
6.000060000600196	43.15592551393843
6.010060100601196	61.089430703007814
6.020060200602196	59.29048767987393
6.030060300603196	67.21936027316687
6.040060400604197	37.21842854847001
6.0500605006051975	57.777577934369674
6.060060600606198	56.19012211627994
6.070060700607198	66.8040664568857
6.080060800608198	32.15978664665216
6.090060900609199	13.138467651229005
6.100061000610199	49.320001207112746
6.110061100611199	59.29033348948303
6.1200612006121995	60.198968997574575
6.1300613006132	46.73507428902648
6.140061400614201	79.55635595249129
6.150061500615201	40.476741238700875
6.160061600616201	60.68029552370344
6.170061700617201	63.85893111508257
6.180061800618201	63.25424608499684
6.1900619006192015	61.42790906447576
6.2000620006202025	46.41699808676182
6.210062100621203	50.610135154378426
6.220062200622203	69.90015114805676
6.230062300623203	29.394271003921318
6.240062400624203	39.51952092964519
6.250062500625204	63.875214995042946
6.260062600626204	59.34114044963724
6.2700627006272045	58.06313084636767
6.280062800628205	71.66538874035763
6.290062900629205	80.35683676973916
6.300063000630206	53.57573597073616
6.310063100631206	36.569996820550216
6.320063200632206	46.82738519607323
6.330063300633206	54.36064117496611
6.3400634006342065	59.724360879738896
6.3500635006352075	61.65373879857779
6.360063600636208	44.23108613263388
6.370063700637208	50.726335390918905
6.380063800638208	37.254511597680484
6.390063900639208	31.575510287825587
6.400064000640208	53.61225445327074
6.410064100641209	46.13847166149463
6.4200642006422095	37.92617630701979
6.43006430064321	47.494690699379824
6.44006440064421	45.66154485752532
6.45006450064521	45.92974153123792
6.460064600646211	44.36532217175997
6.470064700647211	43.58819455908886
6.480064800648211	50.688062060514795
6.4900649006492115	45.922699979263406
6.500065000650212	30.873897188507883
6.510065100651213	59.665997161023164
6.520065200652213	45.4023153568407
6.530065300653213	54.49492485373574
6.540065400654213	52.45122339090761
6.550065500655213	61.561122163113204
6.560065600656214	50.84506209175616
6.5700657006572145	36.99899365025909
6.580065800658215	33.54393388867648
6.590065900659215	50.37820663747687
6.600066000660215	62.53259323604771
6.610066100661216	57.857351952796165
6.620066200662216	56.44995027175156
6.630066300663216	49.69653246176022
6.6400664006642165	62.09243788038516
6.650066500665217	17.74532158200416
6.660066600666217	65.12453599902354
6.670066700667218	51.44722265570859
6.680066800668218	70.45303340749071
6.690066900669218	58.774052874683676
6.700067000670218	60.39296063590479
6.7100671006712185	32.84757119062112
6.7200672006722195	61.42233372241177
6.73006730067322	44.39379652643284
6.74006740067422	59.98022585201283
6.75006750067522	32.41674059931742
6.76006760067622	66.0738621886909
6.770067700677221	71.6902748793668
6.780067800678221	61.62639855061379
6.7900679006792215	76.0495277796952
6.800068000680222	41.9604014268233
6.810068100681222	64.23416436610377
6.820068200682223	49.31107535656841
6.830068300683223	50.933311943067075
6.840068400684223	57.08176105967602
6.850068500685223	53.00145234095747
6.8600686006862235	41.37603594597977
6.870068700687224	52.56470185134252
6.880068800688225	50.51115142881002
6.890068900689225	30.997969525233803
6.900069000690225	44.82581950908751
6.910069100691225	71.04986069106437
6.920069200692225	63.66304812736483
6.930069300693226	56.64119354793381
6.9400694006942265	55.14019984081695
6.950069500695227	50.148211260487415
6.960069600696227	43.096773594494856
6.970069700697227	54.94537201107062
6.980069800698228	40.549945862608475
6.990069900699228	48.543574773083314
7.000070000700228	46.36634628872156
7.0100701007012285	47.81698943250368
7.020070200702229	47.803925230431076
7.03007030070323	48.30812421313921
7.04007040070423	47.32360260109179
7.05007050070523	46.936620582403066
7.06007060070623	55.2412630505905
7.07007070070723	46.86079478543712
7.080070800708231	56.268289301569396
7.0900709007092315	40.743576129995134
7.100071000710232	33.961886420378725
7.110071100711232	21.041722574930464
7.120071200712232	41.17539363044377
7.130071300713232	49.02428362322924
7.140071400714233	34.58393134869809
7.150071500715233	54.263630020482395
7.1600716007162335	62.671246154099094
7.170071700717234	43.7085626020255
7.180071800718234	57.73750656692676
7.190071900719235	64.57837813569797
7.200072000720235	49.948330128692405
7.210072100721235	70.14911278378604
7.220072200722235	74.5848000269688
7.2300723007232355	64.97642208178803
7.2400724007242365	48.76288130500044
7.250072500725237	52.72956507374878
7.260072600726237	44.06218159597054
7.270072700727237	68.0330118082033
7.280072800728237	28.853318560757828
7.290072900729238	69.91813815265232
7.300073000730238	19.34360540929322
7.3100731007312385	51.99344214515315
7.320073200732239	67.615747722305
7.330073300733239	53.91699273458298
7.340073400734239	59.836907955876406
7.35007350073524	64.80999644232776
7.36007360073624	80.69233877924901
7.37007370073724	31.316608954147625
7.3800738007382405	68.18584090325994
7.390073900739241	57.43468076675884
7.400074000740242	70.85372842865024
7.410074100741242	64.89381335446153
7.420074200742242	61.08358086315973
7.430074300743242	52.954163215476854
7.440074400744242	47.50119664400189
7.450074500745243	50.93107581432355
7.4600746007462435	63.00726609042499
7.470074700747244	42.13632871398744
7.480074800748244	58.399272660617655
7.490074900749244	61.11328036910325
7.500075000750245	61.03487985209533
7.510075100751245	59.4673511602257
7.520075200752245	31.238592881107067
7.5300753007532455	29.807377721506636
7.540075400754246	50.9102566597442
7.550075500755247	36.45466457905135
7.560075600756247	62.98871339949256
7.570075700757247	41.31254324482766
7.580075800758247	48.747383243149244
7.590075900759247	54.196240139235385
7.6000760007602475	45.93670424696698
7.6100761007612485	50.95748674311067
7.620076200762249	49.315170338910804
7.630076300763249	48.31130055055511
7.640076400764249	48.13509195292414
7.650076500765249	47.45108709048987
7.66007660076625	53.49106825645182
7.67007670076725	52.59987681061632
7.6800768007682505	40.64834080755841
7.690076900769251	55.6056777709256
7.700077000770251	36.99321344794849
7.710077100771252	38.14446741141106
7.720077200772252	53.657968089489266
7.730077300773252	54.67990123421049
7.740077400774252	57.81958931304092
7.7500775007752525	61.422262828462884
7.7600776007762535	66.9604488294607
7.770077700777254	66.15341863602929
7.780077800778254	23.401522941087926
7.790077900779254	39.39771890610772
7.800078000780254	64.38962484041721
7.810078100781254	57.61436038618088
7.820078200782255	59.76950667089781
7.8300783007832555	48.19086709617711
7.840078400784256	41.80356019187027
7.850078500785256	54.63462226215409
7.860078600786256	45.71388304297866
7.870078700787257	47.11746878182432
7.880078800788257	56.91600032840149
7.890078900789257	57.344051329636635
7.9000790007902575	48.30872712729903
7.910079100791258	94.77893523644128
7.920079200792259	69.86836839376208
7.930079300793259	36.55454088400159
7.940079400794259	48.11285907962575
7.950079500795259	54.762084673443795
7.960079600796259	14.836264429580453
7.97007970079726	51.256087363947
7.9800798007982605	89.23777021249967
7.990079900799261	46.75597216881442
8.000080000800262	65.18558510591065
8.010080100801261	52.07018258756317
8.020080200802262	52.01173182300273
8.030080300803261	46.33493593135947
8.040080400804262	47.73831721330526
8.050080500805263	62.27450142188905
8.060080600806263	76.49288399059975
8.070080700807264	65.54116748950422
8.080080800808263	52.93051444516696
8.090080900809264	45.95966802814626
8.100081000810265	51.706440638804686
8.110081100811264	55.276270209382545
8.120081200812265	41.40827897961211
8.130081300813265	50.320448881309794
8.140081400814266	44.01064031829008
8.150081500815265	58.770212861179964
8.160081600816266	52.59513767060635
8.170081700817267	60.17369243445754
8.180081800818266	39.811031314373245
8.190081900819267	49.76723471389385
8.200082000820267	52.142127186225196
8.210082100821268	45.54561106780586
8.220082200822269	47.37577506890612
8.230082300823268	43.512042951782504
8.240082400824269	51.258050250735586
8.250082500825268	41.958573988021165
8.26008260082627	44.260843760789434
8.27008270082727	54.4144645529646
8.28008280082827	37.69480468979926
8.29008290082927	58.48509212365595
8.30008300083027	43.12537342758738
8.310083100831271	47.605868084154736
8.320083200832272	41.98239164490093
8.330083300833271	68.13725068483517
8.340083400834272	61.21903488298332
8.350083500835272	58.273540034022425
8.360083600836273	35.086702643671735
8.370083700837274	50.18791616478207
8.380083800838273	58.10143374165171
8.390083900839274	58.085325278446724
8.400084000840273	64.14477269245626
8.410084100841274	63.338048694799895
8.420084200842275	71.42855202975409
8.430084300843275	57.562734461716126
8.440084400844276	65.29592647533404
8.450084500845275	80.60898394628985
8.460084600846276	70.43075681839785
8.470084700847277	32.43710872384703
8.480084800848276	58.49367585059461
8.490084900849277	46.28553250671159
8.500085000850277	56.8907509535965
8.510085100851278	39.45676505491284
8.520085200852279	71.0634258890174
8.530085300853278	56.14090057978705
8.540085400854279	65.48582386567848
8.550085500855278	47.286459543440515
8.56008560085628	67.0549611427084
8.57008570085728	55.25704888558853
8.58008580085828	46.39979318660745
8.59008590085928	48.63882037771925
8.60008600086028	44.47777105976278
8.610086100861281	33.74781534213935
8.62008620086228	33.68771894383626
8.630086300863281	66.62204128583022
8.640086400864282	65.24691397844232
8.650086500865282	54.60869112386279
8.660086600866283	66.72674089544078
8.670086700867282	68.78639884240145
8.680086800868283	47.96644404646362
8.690086900869284	48.37655653264459
8.700087000870283	26.55599566572641
8.710087100871284	54.89901386261118
8.720087200872284	54.60122694590924
8.730087300873285	27.51623151549477
8.740087400874286	53.95547649129543
8.750087500875285	31.571181255140246
8.760087600876286	47.373714228647714
8.770087700877285	51.943296030924024
8.780087800878286	46.21327273569474
8.790087900879287	52.34685411665225
8.800088000880287	49.86331955129425
8.810088100881288	49.33877506264542
8.820088200882287	47.72938152828173
8.830088300883288	51.597412910276574
8.840088400884289	48.77977005454349
8.850088500885288	45.62190445299776
8.86008860088629	51.785659473431274
8.870088700887289	39.48034510961201
8.88008880088829	35.54299481713709
8.89008890088929	46.24588678706047
8.90008900089029	53.59076633652925
8.910089100891291	24.397263699118916
8.92008920089229	42.546951327930195
8.930089300893291	56.27070778630754
8.940089400894292	62.92639138842903
8.950089500895292	62.845288560146166
8.960089600896293	65.89871502276571
8.970089700897292	42.87261200036584
8.980089800898293	0.7530748607629109
8.990089900899294	43.01588826462004
9.000090000900293	70.69645266942352
9.010090100901294	78.99182136562573
9.020090200902294	56.392340333451365
9.030090300903295	46.150665841398016
9.040090400904296	49.85212287901393
9.050090500905295	59.602446792668246
9.060090600906296	38.27938715726243
9.070090700907295	54.66467683690585
9.080090800908296	36.32588674817026
9.090090900909296	80.82852472442579
9.100091000910297	54.70374437540759
9.110091100911298	56.257860199770406
9.120091200912297	56.684907257225454
9.130091300913298	67.94561098246915
9.140091400914297	66.64393259850405
9.150091500915298	120.87600148976921
9.1600916009163	42.90350165408213
9.170091700917299	40.80159799707794
9.1800918009183	75.33855682088688
9.190091900919299	56.64321147315503
9.2000920009203	52.11229217954127
9.210092100921301	53.97820535687569
9.2200922009223	53.79384181892183
9.230092300923301	46.25198454311287
9.2400924009243	64.59394021028766
9.250092500925302	58.429878900823454
9.260092600926303	54.75978228434661
9.270092700927302	61.28506653076214
9.280092800928303	51.47092945250479
9.290092900929302	38.074285470022105
9.300093000930303	59.32524287204601
9.310093100931304	46.94162560131593
9.320093200932304	29.687878185647932
9.330093300933305	36.62482133848978
9.340093400934304	54.43880566250335
9.350093500935305	59.47114501506899
9.360093600936306	42.35488351056721
9.370093700937305	52.21150593523261
9.380093800938306	44.697353324933204
9.390093900939306	46.85909590016151
9.400094000940307	47.62480479923614
9.410094100941308	47.49706675300954
9.420094200942307	47.35001217107167
9.430094300943308	48.01238710504832
9.440094400944307	51.83307634580904
9.450094500945308	41.97605302760162
9.46009460094631	58.568143269090136
9.470094700947309	47.516255668799204
9.48009480094831	53.487056285283174
9.490094900949309	31.276225953517216
9.50009500095031	59.64938406052793
9.510095100951311	62.46547993746067
9.52009520095231	12.990542475691159
9.530095300953311	52.85100603252944
9.54009540095431	59.862963222341016
9.550095500955312	68.44199581467385
9.560095600956311	59.740464005462165
9.570095700957312	56.33150491155122
9.580095800958313	49.490860385522254
9.590095900959312	46.97411280209706
9.600096000960313	38.79328177122398
9.610096100961313	66.76148510810128
9.620096200962314	68.71087063166482
9.630096300963315	64.64797729602468
9.640096400964314	67.99263299563403
9.650096500965315	66.92291981677864
9.660096600966314	59.37730448150571
9.670096700967315	39.20449669518398
9.680096800968316	65.26452958100076
9.690096900969316	70.82960313937687
9.700097000970317	71.14671426716039
9.710097100971316	74.0608959495099
9.720097200972317	42.243073605031526
9.730097300973318	27.330823921855266
9.740097400974317	49.373799103004934
9.750097500975318	71.69821775458567
9.760097600976318	54.24635479759479
9.770097700977319	47.11139330014978
9.78009780097832	59.14603315809589
9.790097900979319	36.7102653874422
9.80009800098032	40.254420606448825
9.81009810098132	66.88749930026293
9.82009820098232	55.34528973784905
9.830098300983321	64.52970008299557
9.84009840098432	67.70457563065305
9.850098500985322	31.122154053195395
9.860098600986321	72.9564113492187
9.870098700987322	56.96186820562035
9.880098800988323	35.3711787139312
9.890098900989322	50.25443412046225
9.900099000990323	54.95084225401277
9.910099100991323	46.7762424531521
9.920099200992324	44.443581483160976
9.930099300993325	56.599628459601334
9.940099400994324	54.53336925068011
9.950099500995325	51.93521917048484
9.960099600996324	54.041791436740326
9.970099700997325	51.52891967112162
9.980099800998326	49.54930502865449
9.990099900999326	50.436561273569104
10.000100001000327	51.58325927821075
10.010100101001326	44.73081973814145
10.020100201002327	53.85200391796241
10.030100301003326	57.44007620562839
10.040100401004327	54.26982153681404
10.050100501005328	57.6674358055838
10.060100601006328	54.066841547389885
10.070100701007329	61.06007721025235
10.080100801008328	38.211028151087675
10.090100901009329	40.19090152878465
10.10010100101033	47.1782224011696
10.11010110101133	58.352986816181605
10.12010120101233	62.259135137062124
10.13010130101333	50.41085302171886
10.14010140101433	69.64731543528336
10.150101501015332	32.67695629476481
10.160101601016331	20.34012065144119
10.170101701017332	55.32617003487516
10.180101801018331	75.85731206836186
10.190101901019332	61.49467402779071
10.200102001020333	48.69473539992312
10.210102101021333	49.87896997655854
10.220102201022334	63.568540140832866
10.230102301023333	53.439088272784105
10.240102401024334	73.83553757820624
10.250102501025335	44.180795181107285
10.260102601026334	74.97547850701227
10.270102701027335	59.33556307875274
10.280102801028335	65.80174257990508
10.290102901029336	53.82423617045578
10.300103001030337	72.74157340160748
10.310103101031336	52.73491278749815
10.320103201032337	61.40051762572158
10.330103301033336	63.0567276308845
10.340103401034337	62.03356359768122
10.350103501035338	57.90065803676958
10.360103601036338	56.69651085778225
10.370103701037339	55.730684977569815
10.380103801038338	46.783111791857046
10.390103901039339	36.60024140628031
10.40010400104034	41.29166775696205
10.41010410104134	36.33577503891635
10.42010420104234	70.56764319047684
10.43010430104334	41.32794507729349
10.44010440104434	63.68468839778578
10.450104501045342	40.992218702280816
10.460104601046341	54.36191892057967
10.470104701047342	49.41256778461166
10.480104801048341	52.17898973770151
10.490104901049342	61.725576853217326
10.500105001050342	52.05093107722255
10.510105101051343	60.44299787801524
10.520105201052344	42.62891135735276
10.530105301053343	51.422737633334194
10.540105401054344	52.00101938200408
10.550105501055343	57.39978518227017
10.560105601056344	48.37781419557058
10.570105701057345	51.88135447754622
10.580105801058345	48.82847371324978
10.590105901059346	50.70285118754609
10.600106001060345	52.17048623102217
10.610106101061346	45.877407188393676
10.620106201062347	52.34743354904714
10.630106301063346	47.23642145297163
10.640106401064347	50.6457477966581
10.650106501065347	35.782887166478304
10.660106601066348	54.959346691730545
10.670106701067349	-1.5338183194549526
10.680106801068348	30.278320006712715
10.690106901069349	53.55646194015384
10.700107001070348	61.552338664454744
10.71010710107135	61.240040947007046
10.72010720107235	12.370422059707145
10.73010730107335	57.5062893735217
10.74010740107435	55.96824594269595
10.75010750107535	54.869226994827606
10.760107601076351	68.03302601934108
10.770107701077352	56.88825918831345
10.780107801078351	45.955884264145354
10.790107901079352	58.86320970723415
10.800108001080352	61.90314399323279
10.810108101081353	53.35086877001972
10.820108201082354	73.06026734985647
10.830108301083353	67.16868323287682
10.840108401084354	69.9109804947002
10.850108501085353	55.18082673813883
10.860108601086354	50.87014286804798
10.870108701087355	42.87732289553939
10.880108801088355	62.487760106973106
10.890108901089356	50.10863647730729
10.900109001090355	71.63559383110702
10.910109101091356	60.32067413399265
10.920109201092357	36.50573387587546
10.930109301093356	64.4974623475438
10.940109401094357	75.38471148665818
10.950109501095357	58.635359054258046
10.960109601096358	38.86256223508814
10.970109701097357	50.41765389860867
10.980109801098358	67.5790045033629
10.990109901099359	43.21130374361666
11.000110001100358	61.50359110669188
11.01011010110136	67.04999764115887
11.020110201102359	51.524809172944956
11.03011030110336	47.994427869102985
11.04011040110436	30.850357163986246
11.05011050110536	47.92588994399564
11.060110601106361	42.272882379634034
11.07011070110736	47.47825016141889
11.080110801108361	30.327381650158408
11.090110901109362	58.46868390318556
11.100111001110362	62.29817416782199
11.110111101111363	50.38845830052589
11.120111201112362	55.990339376554175
11.130111301113363	46.38792585225613
11.140111401114364	44.20845583128357
11.150111501115363	48.09261351328315
11.160111601116364	46.8272816517503
11.170111701117364	47.8947442353332
11.180111801118365	48.2117620267659
11.190111901119366	43.772347527540035
11.200112001120365	45.483486428214945
11.210112101121366	56.00162189355383
11.220112201122365	61.06025285073077
11.230112301123366	57.97870000090247
11.240112401124367	40.737073322664656
11.250112501125367	46.98244013345161
11.260112601126368	56.50799601140395
11.270112701127367	43.86511619636081
11.280112801128368	51.345673279663814
11.290112901129369	70.14991279241178
11.300113001130368	42.443741237139015
11.31011310113137	67.2697131743828
11.320113201132369	45.22904212524973
11.33011330113337	75.30899628492284
11.34011340113437	71.02527655564339
11.35011350113537	43.119330659077654
11.360113601136371	67.2189244018393
11.37011370113737	33.71379162430905
11.380113801138371	58.047179556835125
11.390113901139372	45.611918737670806
11.400114001140372	67.56951642725751
11.410114101141373	41.47590371751101
11.420114201142372	60.611896967491866
11.430114301143373	14.03352508075288
11.440114401144372	70.29757570042031
11.450114501145373	61.89298505951296
11.460114601146374	66.25510077903535
11.470114701147374	64.47102872718249
11.480114801148375	54.87596025232831
11.490114901149374	51.78092431891299
11.500115001150375	62.84094636946049
11.510115101151376	71.53912618733342
11.520115201152375	64.15232835821723
11.530115301153376	63.94145882234186
11.540115401154376	47.51988494700058
11.550115501155377	37.14623157683259
11.560115601156378	58.124491447595865
11.570115701157377	67.70743951989697
11.580115801158378	31.646113842395707
11.590115901159377	67.27001071947623
11.600116001160378	48.527636424535835
11.61011610116138	37.154274358972074
11.620116201162379	57.75927766120918
11.63011630116338	51.298605610274365
11.640116401164379	46.37745902885692
11.65011650116538	59.178914297409264
11.660116601166381	57.665731701867415
11.67011670116738	53.829669941857766
11.680116801168381	60.365210611339705
11.69011690116938	53.497322655785595
11.700117001170382	55.962517323512586
11.710117101171383	53.59739702907774
11.720117201172382	58.105274515382156
11.730117301173383	55.1675029356569
11.740117401174382	45.96231544320058
11.750117501175383	50.85638670072564
11.760117601176384	50.56006145692938
11.770117701177384	52.48989607410691
11.780117801178385	51.09005839178216
11.790117901179384	51.803769272190884
11.800118001180385	38.57516388033305
11.810118101181386	49.01360543131887
11.820118201182385	55.767122595768704
11.830118301183386	45.421803987861985
11.840118401184386	43.43537770466193
11.850118501185387	59.57943221598475
11.860118601186388	63.31518413135052
11.870118701187387	62.83326992479967
11.880118801188388	30.35873227122696
11.890118901189387	66.42991055268149
11.900119001190388	35.811405480142035
11.910119101191388	65.26895730327232
11.920119201192389	48.13168593079499
11.93011930119339	74.45782404503022
11.940119401194389	30.716293322061738
11.95011950119539	61.79054952935338
11.96011960119639	63.92504933760528
11.97011970119739	55.880512620293516
11.980119801198391	81.16306462485626
11.99011990119939	73.67116835926035
12.000120001200392	47.724423194839936
12.010120101201391	61.739211403951266
12.020120201202392	62.962871860384794
12.030120301203393	54.052404884253775
12.040120401204392	63.21628371231386
12.050120501205393	58.98782691645364
12.060120601206393	68.42322322266811
12.070120701207394	38.105920955965466
12.080120801208395	50.09949463603626
12.090120901209394	64.64673089854008
12.100121001210395	75.45390590454562
12.110121101211394	54.483567847631214
12.120121201212395	57.797078851512
12.130121301213396	65.6173704062444
12.140121401214396	38.633190774449716
12.150121501215397	57.50432482857693
12.160121601216396	51.54283311796832
12.170121701217397	60.66087178449209
12.180121801218398	70.32946433844964
12.190121901219397	58.60028203053954
12.200122001220398	60.52784770464546
12.210122101221398	55.64994116038101
12.220122201222399	42.73265597040731
12.2301223012234	38.64080472573098
12.240122401224399	52.96853987671177
12.2501225012254	54.87759003752678
12.2601226012264	52.369356215879215
12.2701227012274	50.78716373842575
12.280122801228401	55.727479918998164
12.2901229012294	66.8501518356282
12.300123001230402	45.85279330717837
12.310123101231401	50.577539170169594
12.320123201232402	45.64956933272977
12.330123301233403	45.97199371303443
12.340123401234402	49.78606492424838
12.350123501235403	49.56989233160974
12.360123601236403	50.095224904332376
12.370123701237404	53.0472465843691
12.380123801238403	51.448812337436934
12.390123901239404	39.566445932004115
12.400124001240405	57.79595500648554
12.410124101241404	47.993083215913686
12.420124201242405	51.10653755274751
12.430124301243405	60.79621821516289
12.440124401244406	46.16097713186914
12.450124501245407	66.01123899601369
12.460124601246406	47.38798737352771
12.470124701247407	56.499592897665146
12.480124801248406	44.07836849780066
12.490124901249407	37.36664466457377
12.500125001250408	44.596838936864636
12.510125101251408	48.5345375489032
12.520125201252409	66.31825062584036
12.530125301253408	37.078182622774705
12.540125401254409	70.86157594272274
12.55012550125541	48.07626372480603
12.56012560125641	61.09452939207549
12.57012570125741	51.83627608455918
12.58012580125841	56.61919645381003
12.59012590125941	59.43441114763443
12.600126001260412	48.94941438121359
12.610126101261411	80.40634173385124
12.620126201262412	75.8105216323713
12.630126301263411	61.64284760195047
12.640126401264412	49.14987657590096
12.650126501265413	69.95609565407733
12.660126601266413	64.97166916584118
12.670126701267414	47.2688453495391
12.680126801268413	56.465845398222655
12.690126901269414	61.39798308559463
12.700127001270415	55.523908647494856
12.710127101271414	75.01172171609812
12.720127201272415	42.663310717597405
12.730127301273415	58.57916492689693
12.740127401274416	81.00362970136918
12.750127501275417	67.31163131415407
12.760127601276416	64.18916381383534
12.770127701277417	62.48228183351534
12.780127801278416	45.960092719457954
12.790127901279417	35.08154185116017
12.800128001280417	46.40270207674993
12.810128101281418	72.80209598719853
12.820128201282419	53.896966397858776
12.830128301283418	50.02313288855982
12.840128401284419	45.51274716307707
12.850128501285418	59.30232098163215
12.86012860128642	41.97061454678893
12.87012870128742	63.513547047062104
12.88012880128842	46.22863862780754
12.89012890128942	54.38200747653744
12.90012900129042	53.24787056213705
12.910129101291421	48.45402786510168
12.920129201292422	44.21081976763927
12.930129301293421	50.731896593961636
12.940129401294422	50.09396270757032
12.950129501295422	51.47607389940602
12.960129601296423	52.16608596824903
12.970129701297424	47.09896624018038
12.980129801298423	49.92684352992075
12.990129901299424	53.906219506379124
13.000130001300423	46.86240743172442
13.010130101301424	67.1058022240374
13.020130201302425	30.213160539568122
13.030130301303425	53.2552209622348
13.040130401304426	51.47522826755668
13.050130501305425	59.84118409575838
13.060130601306426	60.3423955055124
13.070130701307427	59.06576342773532
13.080130801308426	58.52521876044159
13.090130901309427	51.0029803039206
13.100131001310427	61.762137639439175
13.110131101311428	16.661552248344325
13.120131201312429	58.361750118381146
13.130131301313428	75.71341575048604
13.140131401314429	46.66995004909706
13.150131501315428	53.66629504749407
13.16013160131643	48.799468548272266
13.17013170131743	58.906938138376944
13.18013180131843	26.313533885779425
13.19013190131943	58.60274909604806
13.20013200132043	16.43253799259038
13.210132101321431	72.03410502734616
13.220132201322432	80.50132816503555
13.230132301323431	53.96809912895852
13.240132401324432	59.10907395736309
13.250132501325432	44.70523993115103
13.260132601326433	71.38704108480793
13.270132701327432	57.08783202472254
13.280132801328433	55.36402221046484
13.290132901329434	53.450761772296154
13.300133001330433	62.54728144821433
13.310133101331434	56.22677963222882
13.320133201332434	66.42777458937613
13.330133301333435	55.03316171746568
13.340133401334436	65.11545921755375
13.350133501335435	63.19674626167333
13.360133601336436	58.446760024544666
13.370133701337435	44.234618214402616
13.380133801338436	41.543834362738444
13.390133901339437	61.354181806515854
13.400134001340437	60.09938779940236
13.410134101341438	39.2576861686119
13.420134201342437	62.72233183912457
13.430134301343438	41.71846600709224
13.440134401344439	49.86448357823528
13.450134501345438	56.94228804774271
13.46013460134644	55.73315001369715
13.470134701347439	51.21331454963635
13.48013480134844	38.18537867326285
13.49013490134944	52.758352132418516
13.50013500135044	50.173439299748054
13.510135101351441	49.58589625124264
13.52013520135244	50.62784727004339
13.530135301353441	50.0071381171174
13.540135401354442	51.0645437890614
13.550135501355442	49.686857721915025
13.560135601356443	54.81429438679946
13.570135701357442	55.76960014204029
13.580135801358443	46.31374853329327
13.590135901359444	42.30953814273109
13.600136001360443	43.261289885535106
13.610136101361444	48.96316932489548
13.620136201362444	38.644779328703656
13.630136301363445	58.06438750976251
13.640136401364446	47.64474165677759
13.650136501365445	57.38951533758917
13.660136601366446	52.17745660812796
13.670136701367445	29.942853066208297
13.680136801368446	59.60318804431219
13.690136901369447	54.975889952260644
13.700137001370447	66.03334551752683
13.710137101371448	30.63845567919707
13.720137201372447	68.70913064369267
13.730137301373448	58.857018411680485
13.740137401374447	73.77327155196762
13.750137501375448	72.9045254265763
13.76013760137645	44.483311886621735
13.770137701377449	51.86732214034445
13.78013780137845	64.75032823649629
13.790137901379449	70.25553895363731
13.80013800138045	50.468502036063896
13.810138101381451	68.7954726595745
13.82013820138245	66.62861971117303
13.830138301383451	59.879699410170474
13.84013840138445	35.778046488141094
13.850138501385452	55.2574816971781
13.860138601386453	61.42838181766117
13.870138701387452	63.35441453420007
13.880138801388453	59.893700513737095
13.890138901389452	63.0386435262737
13.900139001390453	53.57262696493159
13.910139101391454	64.12853382349473
13.920139201392454	73.96695238237419
13.930139301393455	49.94712294996345
13.940139401394454	68.22693601009634
13.950139501395455	68.43469500316216
13.960139601396456	55.517523617277796
13.970139701397455	53.00022342908297
13.980139801398456	60.05108973434303
13.990139901399456	53.834042114671824
14.000140001400457	73.24501277702625
14.010140101401458	34.23476649291134
14.020140201402457	66.92214241530422
14.030140301403458	48.16634669010381
14.040140401404457	59.976377104940056
14.050140501405458	43.81413245846416
14.06014060140646	58.22632648309753
14.070140701407459	51.128403898855325
14.08014080140846	55.791607133552546
14.090140901409459	53.441227552584635
14.10014100141046	48.880195625354474
14.110141101411461	50.272123825472555
14.12014120141246	50.506626521074125
14.130141301413461	51.0620346612756
14.14014140141446	50.86885375176267
14.150141501415462	51.73943343999029
14.160141601416463	55.08297142877236
14.170141701417462	32.32377605754418
14.180141801418463	47.402736711024474
14.190141901419462	42.628387472999684
14.200142001420463	61.85636473434628
14.210142101421463	65.33427053146521
14.220142201422464	70.62806497732507
14.230142301423465	52.40582408381569
14.240142401424464	72.35363142343328
14.250142501425465	70.27168880072549
14.260142601426464	24.924264011650084
14.270142701427465	50.49504065186872
14.280142801428466	48.74951743547083
14.290142901429466	58.80652925150188
14.300143001430467	21.73206366841423
14.310143101431466	44.87436566474103
14.320143201432467	64.53319576963594
14.330143301433468	65.95524317669182
14.340143401434467	63.12216997415384
14.350143501435468	52.735297204945994
14.360143601436468	66.20367425649636
14.370143701437469	44.19881988288845
14.38014380143847	30.237585157722446
14.390143901439469	71.14673885874011
14.40014400144047	70.12759323010435
14.41014410144147	56.54089832062191
14.42014420144247	42.53917777744423
14.430144301443471	44.169822991087976
14.44014440144447	49.17403300046101
14.450144501445472	79.1445793645026
14.460144601446471	44.761458836585675
14.470144701447472	58.18596041287843
14.480144801448473	55.22503220971729
14.490144901449472	53.23654773411002
14.500145001450473	63.99501514276737
14.510145101451473	39.17647210046494
14.520145201452474	67.36625788214322
14.530145301453475	35.35940998111512
14.540145401454474	67.32643829017974
14.550145501455475	52.46853149431893
14.560145601456474	61.28820095555812
14.570145701457475	62.349237649093055
14.580145801458476	45.84864121887762
14.590145901459476	61.100329026860535
14.600146001460477	43.657380624593046
14.610146101461476	52.948201035611085
14.620146201462477	56.393460922248735
14.630146301463478	57.06673179871703
14.640146401464477	3.766452622701814
14.650146501465478	47.262363203083694
14.660146601466478	53.561666246066636
14.670146701467479	52.54994230889402
14.680146801468478	50.67219710713048
14.690146901469479	50.147637603952425
14.70014700147048	49.24069239960039
14.71014710147148	49.78934764779372
14.72014720147248	45.13761328047693
14.73014730147348	48.664572071515465
14.74014740147448	52.112945669979126
14.750147501475482	37.002140930901845
14.760147601476481	54.959499530824885
14.770147701477482	42.59467652272623
14.780147801478481	53.22624205570485
14.790147901479482	62.21951482930167
14.800148001480483	56.0948597276837
14.810148101481483	35.86029399192765
14.820148201482484	43.5214002538971
14.830148301483483	45.56593498021802
14.840148401484484	63.1047259553367
14.850148501485485	47.068880624761086
14.860148601486484	56.76911977650775
14.870148701487485	46.850953789096565
14.880148801488485	68.63581060147229
14.890148901489486	53.06234731685066
14.900149001490487	60.46019919198872
14.910149101491486	62.92306018632725
14.920149201492487	39.20946987398571
14.930149301493486	41.982013502265154
14.940149401494487	70.41634077290857
14.950149501495488	75.45434152384402
14.960149601496488	54.153514191738786
14.970149701497489	79.71512727536974
14.980149801498488	47.448244263927634
14.990149901499489	69.05665000917062
