0.0	nan
0.010000100001000326	7.283763163189914
0.020000200002000652	4.87599915441288
0.03000030000300098	-7.512319414994482
0.040000400004001305	-14.025983193267596
0.05000050000500163	-8.070172202788324
0.06000060000600196	-8.762721804084476
0.07000070000700229	-9.074093877710949
0.08000080000800261	0.1393458738778172
0.09000090000900293	0.6746256976791731
0.10000100001000325	-4.02910824056161
0.11000110001100359	-3.3437280100871822
0.12000120001200391	-0.40756611427480527
0.13000130001300425	0.8919500522074322
0.14000140001400457	-1.0836789390776798
0.1500015000150049	2.057658028220903
0.16000160001600522	-0.733694132296655
0.17000170001700554	2.2622747838490658
0.18000180001800586	2.242314576955558
0.1900019000190062	3.636363472298575
0.2000020000200065	3.300300684213501
0.21000210002100686	3.926748524633904
0.22000220002200718	3.685296117309004
0.2300023000230075	3.3197542011472208
0.24000240002400783	3.0724350630753143
0.2500025000250082	3.944832796371465
0.2600026000260085	4.146587615753433
0.2700027000270088	5.418885691453511
0.28000280002800915	4.0149127673470835
0.29000290002900947	6.0144265998977655
0.3000030000300098	4.629447343287428
0.3100031000310101	5.36138393069009
0.32000320003201044	6.919875685306521
0.33000330003301076	5.717643551787595
0.3400034000340111	6.834143483968214
0.3500035000350114	5.444935316386401
0.36000360003601173	6.5688300684133205
0.37000370003701205	6.831009644697336
0.3800038000380124	6.578230355300749
0.3900039000390127	6.8388960722270955
0.400004000040013	6.125461374242327
0.4100041000410134	6.107231832517926
0.4200042000420137	6.6450519776925585
0.43000430004301404	5.850266830769568
0.44000440004401437	4.781417306683133
0.4500045000450147	5.776050351947634
0.460004600046015	5.351786236152586
0.47000470004701533	5.323430568502971
0.48000480004801566	4.978290727537629
0.490004900049016	4.980372243984294
0.5000050000500164	4.928245992945373
0.5100051000510166	5.1769197805290625
0.520005200052017	5.228233107559784
0.5300053000530173	4.809943942937312
0.5400054000540176	4.453305224090118
0.5500055000550179	5.681179386389413
0.5600056000560183	6.215781642537205
0.5700057000570186	4.992625650462137
0.5800058000580189	5.511308869675952
0.5900059000590192	5.953677265671303
0.6000060000600196	5.798532450245323
0.6100061000610199	5.842137448597607
0.6200062000620202	6.334023458396651
0.6300063000630205	6.049897137133139
0.6400064000640209	6.246528987130624
0.6500065000650213	6.585179589384561
0.6600066000660215	6.635007634713152
0.6700067000670219	6.330740600241967
0.6800068000680222	7.08587632526818
0.6900069000690225	6.899174462288914
0.7000070000700228	6.893859674529885
0.7100071000710232	6.745860349543907
0.7200072000720235	7.416762153172758
0.7300073000730238	7.327788165108617
0.7400074000740241	7.185709027625296
0.7500075000750245	8.69754074536953
0.7600076000760247	7.903210738314229
0.7700077000770251	8.472572410298417
0.7800078000780254	7.401578623452645
0.7900079000790258	8.290648157570198
0.800008000080026	8.331962344664744
0.8100081000810264	8.646513863365394
0.8200082000820268	9.30220599268157
0.8300083000830271	9.107147641872581
0.8400084000840274	9.643541692437243
0.8500085000850277	10.375055895295793
0.8600086000860281	10.096143014793688
0.8700087000870284	10.391844761841615
0.8800088000880287	10.97934071346502
0.890008900089029	10.442009537144328
0.9000090000900294	10.918799949617762
0.9100091000910296	11.392889797853844
0.92000920009203	11.676254901478162
0.9300093000930303	11.999261192942043
0.9400094000940307	12.55841201821831
0.9500095000950309	12.768633963748512
0.9600096000960313	12.931791193723356
0.9700097000970317	13.03608284011267
0.980009800098032	13.475398807048128
0.9900099000990323	13.141465057774376
1.0000100001000327	13.975740914201902
1.0100101001010329	14.670810603866046
1.0200102001020332	16.256222829829795
1.0300103001030336	15.991615342881214
1.040010400104034	15.7043056778265
1.0500105001050342	16.492690063644623
1.0600106001060345	17.204594287164188
1.070010700107035	16.583838490421037
1.0800108001080353	17.174551901435702
1.0900109001090355	19.63836335971833
1.1000110001100358	15.192241271908493
1.1100111001110362	20.142326011891377
1.1200112001120366	18.214209563883202
1.130011300113037	18.625140793366477
1.1400114001140371	20.75042910276309
1.1500115001150375	20.795902035526005
1.1600116001160379	22.921175440087556
1.1700117001170383	23.68596877455097
1.1800118001180384	22.47045969228613
1.1900119001190388	22.655865447330577
1.2000120001200392	24.598528601814
1.2100121001210395	21.257971160377835
1.2200122001220397	25.96692032979378
1.23001230012304	23.640210538705766
1.2400124001240405	26.739398761774147
1.2500125001250408	25.585687439239745
1.260012600126041	26.030681769665975
1.2700127001270414	26.196402394092672
1.2800128001280418	27.44270067488982
1.2900129001290421	27.16837446741343
1.3000130001300425	28.978338960393284
1.3100131001310427	28.153182818742916
1.320013200132043	28.231893757043803
1.3300133001330434	29.95132444025874
1.3400134001340438	32.11719514125608
1.350013500135044	31.980156487727456
1.3600136001360443	32.96383059994218
1.3700137001370447	33.097108855621414
1.380013800138045	34.40552088069119
1.3900139001390452	34.854658688147325
1.4000140001400456	36.258219303879926
1.410014100141046	30.757286353847384
1.4200142001420464	40.34617034512925
1.4300143001430465	39.396184557303066
1.440014400144047	38.1991065638502
1.4500145001450473	39.46565245045343
1.4600146001460477	42.411015406398576
1.470014700147048	43.960299855904886
1.4800148001480482	45.20495741855236
1.4900149001490486	46.00344374633728
1.500015000150049	47.22613549570955
1.5100151001510493	48.01704315015954
1.5200152001520495	49.40637131590036
1.5300153001530499	50.28410856242921
1.5400154001540503	52.55077199023659
1.5500155001550506	52.928931096934065
1.5600156001560508	52.6023560189081
1.5700157001570512	58.065729978098474
1.5800158001580515	61.620342034168026
1.590015900159052	62.33787529053932
1.600016000160052	64.3618745488646
1.6100161001610525	73.4138999396042
1.6200162001620528	78.10563013376748
1.6300163001630532	69.16657922710282
1.6400164001640536	70.13157346092655
1.6500165001650537	81.47078093658882
1.6600166001660541	24.171679060551075
1.6700167001670545	10.403690407423355
1.6800168001680549	60.54338565649715
1.690016900169055	78.80300738046982
1.7000170001700554	96.8606395133065
1.7100171001710558	74.24840766520617
1.7200172001720562	48.214555198229704
1.7300173001730563	73.25780699595083
1.7400174001740567	86.76107068406203
1.750017500175057	75.09624517324141
1.7600176001760575	65.46024500266603
1.7700177001770578	64.8878456016455
1.780017800178058	66.39750835145726
1.7900179001790584	62.31477726087464
1.8000180001800588	57.11555746815442
1.8100181001810591	65.82509682641408
1.8200182001820593	60.64431367377017
1.8300183001830597	60.363873887282274
1.84001840018406	57.12398918488886
1.8500185001850604	62.08089823523595
1.8600186001860606	62.45662886056066
1.870018700187061	41.74752091244432
1.8800188001880613	55.88896817918975
1.8900189001890617	60.882393161016374
1.9000190001900619	53.778168844772516
1.9100191001910622	55.30885441266578
1.9200192001920626	45.4209911757242
1.930019300193063	59.777082554829235
1.9400194001940634	51.18184631443088
1.9500195001950635	48.274288792757154
1.960019600196064	52.821300517212066
1.9700197001970643	57.262407603933184
1.9800198001980647	59.85242759440814
1.9900199001990648	57.47906690130629
2.0000200002000654	55.881480736309676
2.0100201002010656	48.74005608383052
2.0200202002020657	54.67779319081756
2.0300203002030663	50.0411759670329
2.0400204002040665	52.322680174517046
2.0500205002050667	52.101647663623766
2.0600206002060673	47.16826063595826
2.0700207002070674	45.985995571420766
2.080020800208068	47.43924974003592
2.090020900209068	62.98247616319324
2.1000210002100683	47.04504920024961
2.110021100211069	46.212929578401024
2.120021200212069	42.77764592463485
2.1300213002130697	59.056456188771165
2.14002140021407	64.304820401775
2.15002150021507	55.578300084407424
2.1600216002160706	46.153707240229
2.1700217002170707	46.844523731619205
2.180021800218071	46.425857673984346
2.1900219002190715	33.7592131840434
2.2000220002200717	40.939203469805896
2.2100221002210723	61.68551255622988
2.2200222002220724	34.80716870518644
2.2300223002230726	43.72992340142215
2.240022400224073	41.63298104882077
2.2500225002250733	61.89326048688941
2.260022600226074	28.073022729307887
2.270022700227074	6.829308371062547
2.2800228002280742	6.726687670543671
2.290022900229075	19.61016413285626
2.300023000230075	29.001246246093448
2.310023100231075	47.34521846034888
2.3200232002320758	42.57927783892797
2.330023300233076	33.074646743732806
2.3400234002340765	59.353332998874485
2.3500235002350767	49.98947088846125
2.360023600236077	47.40572033573787
2.3700237002370774	35.5482929068461
2.3800238002380776	64.96989129875803
2.3900239002390777	41.682668979064786
2.4000240002400783	36.82390531062327
2.4100241002410785	41.77279728706673
2.420024200242079	64.20361010615915
2.4300243002430792	44.39014204517911
2.4400244002440794	67.23108583943895
2.45002450024508	47.43409375548221
2.46002460024608	64.05558707996872
2.4700247002470808	40.14096991481799
2.480024800248081	58.44083621752621
2.490024900249081	51.08264997203861
2.5000250002500817	64.71700772404385
2.510025100251082	87.92922936608785
2.520025200252082	56.35931587165294
2.5300253002530826	43.47146872091127
2.5400254002540827	69.46256192182676
2.5500255002550833	73.19227030241078
2.5600256002560835	53.02846315382605
2.5700257002570837	47.41328779980062
2.5800258002580843	68.32688466439328
2.5900259002590844	61.10469630208991
2.600026000260085	56.119612789177864
2.610026100261085	57.58193778598816
2.6200262002620853	59.5536351008096
2.630026300263086	11.3379423922757
2.640026400264086	22.48794633278135
2.6500265002650862	27.359596894829682
2.660026600266087	33.303349656694806
2.670026700267087	43.81836493758312
2.6800268002680876	54.32823408836888
2.6900269002690878	31.16159453572892
2.700027000270088	46.0487703794791
2.7100271002710885	46.94776779660265
2.7200272002720887	47.311939368492865
2.7300273002730893	40.63733420471362
2.7400274002740894	37.30072595288594
2.7500275002750896	45.90441353495049
2.76002760027609	41.90736329287521
2.7700277002770903	4.919858408679462
2.7800278002780905	4.617231990594368
2.790027900279091	-0.15262264937680123
2.8000280002800912	14.070244226274774
2.810028100281092	24.078796064675764
2.820028200282092	26.124584714501907
2.830028300283092	14.218030827906714
2.8400284002840928	-6.051781102031078
2.850028500285093	14.510542823002766
2.860028600286093	12.046595540150793
2.8700287002870937	4.399968991813068
2.880028800288094	-0.4928895543745089
2.8900289002890944	2.5135041827264226
2.9000290002900946	0.7419489105901096
2.9100291002910947	-15.860543838669757
2.9200292002920953	-9.604601113426957
2.9300293002930955	15.457637824261468
2.940029400294096	26.10038621813495
2.9500295002950963	9.203969661248147
2.9600296002960964	-7.851433477088876
2.970029700297097	22.605233701373592
2.980029800298097	32.776822486337814
2.9900299002990973	13.773727397708148
3.000030000300098	6.406085150485782
3.010030100301098	44.228169260980195
3.0200302003020987	12.517882393166335
3.030030300303099	21.411845019623044
3.040030400304099	27.166892496919683
3.0500305003050996	26.822799545478965
3.0600306003060997	8.321480345336784
3.0700307003071003	23.282881133747374
3.0800308003081005	32.98051439057941
3.0900309003091007	-6.569135663088775
3.1000310003101013	18.12202709009049
3.1100311003111014	19.216316887566144
3.1200312003121016	33.20042996404201
3.130031300313102	11.848097072036962
3.1400314003141023	27.84606920681399
3.150031500315103	8.815026180192753
3.160031600316103	17.013856216396842
3.1700317003171032	33.350525144782175
3.180031800318104	36.43048263916982
3.190031900319104	12.724842846917845
3.200032000320104	33.675087128581204
3.2100321003211048	27.657712448260277
3.220032200322105	26.74215211952337
3.2300323003231055	27.07858368791286
3.2400324003241057	19.861062466228013
3.250032500325106	36.349218552230454
3.2600326003261064	17.96567268304899
3.2700327003271066	40.57461856317537
3.280032800328107	20.884029349304083
3.2900329003291073	24.749222157170074
3.3000330003301075	26.45062893484679
3.310033100331108	19.426118677220185
3.3200332003321082	29.627530763047538
3.3300333003331084	16.835673412981816
3.340033400334109	11.6771129581326
3.350033500335109	30.35936560189896
3.3600336003361098	31.236168074823947
3.37003370033711	23.61045118580418
3.38003380033811	16.360080379713203
3.3900339003391107	19.551818109256406
3.400034000340111	28.531004484648648
3.4100341003411114	14.387804958513179
3.4200342003421116	-13.971468259690829
3.4300343003431117	13.253546574599657
3.4400344003441123	16.069626417529875
3.4500345003451125	8.512290055507739
3.4600346003461127	-0.09748246239930046
3.4700347003471133	-3.3133948650561944
3.4800348003481134	2.9928013198087218
3.490034900349114	-2.7172823758645928
3.500035000350114	3.5452397442318495
3.5100351003511143	14.671170928924226
3.520035200352115	15.7771847900827
3.530035300353115	5.957708901053557
3.5400354003541157	-14.037739081077019
3.550035500355116	30.262518898604096
3.560035600356116	20.38425064924017
3.5700357003571166	22.617476292309984
3.5800358003581167	15.41760254219908
3.590035900359117	24.90344343209608
3.6000360003601175	14.173769397333349
3.6100361003611177	18.57974423285104
3.6200362003621183	22.435898109178396
3.6300363003631184	16.53238634434892
3.6400364003641186	26.915531041449576
3.650036500365119	7.476402596996076
3.6600366003661193	16.650290134488454
3.6700367003671195	-9.375716432756228
3.68003680036812	14.571893536301097
3.6900369003691202	19.589578948731518
3.700037000370121	26.924443306445646
3.710037100371121	35.75347227246531
3.720037200372121	38.531894114255145
3.7300373003731218	-2.7158045617097732
3.740037400374122	43.24399107670784
3.7500375003751225	44.221809086091355
3.7600376003761227	35.35082594720804
3.770037700377123	28.54014838188007
3.7800378003781234	35.36920510786846
3.7900379003791236	36.091186940489834
3.8000380003801237	19.48421968359703
3.8100381003811243	31.708450615523965
3.8200382003821245	-21.52549887449242
3.830038300383125	40.9461511688207
3.8400384003841253	13.007201115811533
3.8500385003851254	38.77429843137276
3.860038600386126	30.55447156668002
3.870038700387126	23.862086782688262
3.8800388003881268	9.949212862771251
3.890038900389127	33.349877208464356
3.900039000390127	21.946387031024468
3.9100391003911277	24.394813776904176
3.920039200392128	20.918654084964352
3.930039300393128	27.443788276599857
3.9400394003941286	19.341615819056873
3.9500395003951287	11.356950110472287
3.9600396003961293	15.412268786000661
3.9700397003971295	-11.370905369438672
3.9800398003981297	5.197158945326034
3.9900399003991303	4.3540657204531
4.000040000400131	3.3155172011639102
4.010040100401131	9.233379293537102
4.020040200402131	-27.84572482565904
4.030040300403131	-2.499228470687239
4.0400404004041315	16.43219122513084
4.0500405004051325	10.359535753879085
4.060040600406133	-0.4285952341213362
4.070040700407133	1.311953229029872
4.080040800408133	1.8222438507120742
4.090040900409133	-5.3185291111803314
4.100041000410133	-0.44716145251053896
4.110041100411134	6.945951781576952
4.1200412004121345	16.59190331328111
4.130041300413135	-10.385611644218015
4.140041400414135	1.0563646393550794
4.150041500415135	8.97002529503352
4.160041600416136	10.498847316149725
4.170041700417136	9.598243746381263
4.180041800418136	20.478788392980977
4.1900419004191365	-13.243835452485298
4.200042000420137	24.340832675123806
4.210042100421138	16.601129578560197
4.220042200422138	-37.69803935141664
4.230042300423138	30.603208475131332
4.240042400424138	21.96680833591917
4.250042500425138	9.824817284158184
4.260042600426139	13.659420019915556
4.2700427004271395	6.447572511354285
4.28004280042814	10.776657151378286
4.29004290042914	-2.9107005777586203
4.30004300043014	5.227559755231657
4.31004310043114	25.08010375246727
4.320043200432141	16.785458846824742
4.330043300433141	12.464294388327646
4.3400434004341415	23.193691753739134
4.350043500435142	21.812310656677074
4.360043600436142	29.795840668029914
4.370043700437143	16.478904518132268
4.380043800438143	19.42767557184585
4.390043900439143	29.73539883553053
4.400044000440143	25.15870947619649
4.4100441004411435	15.287984678881458
4.4200442004421445	22.88652966172253
4.430044300443145	25.201093815506525
4.440044400444145	22.825266577274792
4.450044500445145	19.948781368394116
4.460044600446145	20.21960871621166
4.470044700447146	21.655841272671733
4.480044800448146	-0.9715983649060713
4.4900449004491465	-3.0430183381011777
4.500045000450147	10.131721583152201
4.510045100451147	18.460667689641465
4.520045200452148	7.366563269992971
4.530045300453148	-3.4506676536150556
4.540045400454148	15.691990820053793
4.550045500455148	-9.03611648439073
4.5600456004561485	22.805532735519986
4.570045700457149	-15.429257203997183
4.58004580045815	9.085901035510298
4.59004590045915	18.539127791050344
4.60004600046015	-2.51037268165962
4.61004610046115	0.6709359345309827
4.62004620046215	-2.1615357318328203
4.630046300463151	10.979744162711356
4.6400464004641515	9.332363020650963
4.650046500465152	4.9924186045200845
4.660046600466152	1.3393553488208811
4.670046700467152	2.090456792650077
4.680046800468153	1.4685624926620329
4.690046900469153	0.9104863296869202
4.700047000470153	6.829107272976787
4.7100471004711535	5.708754150995975
4.720047200472154	8.987010075338516
4.730047300473155	1.1876580695365304
4.740047400474155	3.0415098701870775
4.750047500475155	1.1646066011089435
4.760047600476155	10.719626239238853
4.770047700477155	14.281509275896534
4.7800478004781555	8.067985156589296
4.7900479004791565	12.535401626700676
4.800048000480157	14.235346083330063
4.810048100481157	3.963051261168709
4.820048200482157	7.73307889152307
4.830048300483157	-12.825510354196377
4.840048400484158	19.112948557530878
4.850048500485158	9.313453877432032
4.8600486004861585	-11.698766049426196
4.870048700487159	24.127215305237787
4.880048800488159	6.6552498427954605
4.89004890048916	1.6472942968784154
4.90004900049016	5.895764736051423
4.91004910049116	15.596303665812027
4.92004920049216	2.7936214651984304
4.9300493004931605	-2.0479524846306565
4.9400494004941615	26.745912221476633
4.950049500495162	24.288627314311093
4.960049600496162	-6.4036634913633215
4.970049700497162	11.96433285259963
4.980049800498162	-4.427968660999126
4.990049900499163	26.525626787800988
5.000050000500163	11.111741362485
5.0100501005011635	19.93840697287375
5.020050200502164	26.854105558989396
5.030050300503164	19.576196848843196
5.040050400504164	25.1635609196545
5.050050500505165	4.889802648544267
5.060050600506165	3.7004473916561
5.070050700507165	2.2761248222352966
5.0800508005081655	17.63055644885778
5.090050900509166	18.549015036734726
5.100051000510167	15.593604418786137
5.110051100511167	22.607260999582213
5.120051200512167	-2.2484868243414304
5.130051300513167	16.9456888555437
5.140051400514167	14.11687545386712
5.150051500515168	-17.48438287856669
5.1600516005161685	-7.56313230132231
5.170051700517169	1.6929561805623008
5.180051800518169	16.771258922847913
5.190051900519169	-3.4665858287163456
5.20005200052017	4.129888381130746
5.21005210052117	-13.040337902842218
5.22005220052217	9.536096872838097
5.2300523005231705	5.000704367217688
5.240052400524171	3.166320135961675
5.250052500525171	5.048300472293546
5.260052600526172	3.030801401673679
5.270052700527172	3.131873978187928
5.280052800528172	0.9267138701831459
5.290052900529172	-12.1535732044234
5.3000530005301725	2.679918056945056
5.3100531005311735	-7.411057494565265
5.320053200532174	9.614852235200818
5.330053300533174	12.506060241815238
5.340053400534174	5.716917313272711
5.350053500535174	14.193726388317605
5.360053600536175	-2.5143524281845084
5.370053700537175	5.292197275718467
5.3800538005381755	5.985422753530785
5.390053900539176	13.602444246189787
5.400054000540176	22.010161656357315
5.410054100541177	14.361593872818183
5.420054200542177	16.39175622271141
5.430054300543177	11.4870740133193
5.440054400544177	10.85393998566352
5.4500545005451775	11.274074650980266
5.4600546005461785	32.33505640627263
5.470054700547179	10.298715586261913
5.480054800548179	15.04373768130079
5.490054900549179	4.695114395903135
5.500055000550179	20.214159787017877
5.510055100551179	8.487847166147864
5.52005520055218	21.605473497514705
5.5300553005531805	10.193417330802822
5.540055400554181	1.1173903014201896
5.550055500555181	-0.26538541012859784
5.560055600556181	14.742031997659593
5.570055700557182	5.109286459137198
5.580055800558182	15.04133994165069
5.590055900559182	25.171781752398946
5.6000560005601825	11.259269144239925
5.610056100561183	28.140120915789755
5.620056200562184	14.335899384513711
5.630056300563184	17.443278585983595
5.640056400564184	29.466337282701662
5.650056500565184	-7.984701668018584
5.660056600566184	25.75869213046269
5.670056700567185	12.044990531199181
5.6800568005681855	20.426011744163404
5.690056900569186	11.50911068173227
5.700057000570186	2.560761015045669
5.710057100571186	11.767775834657805
5.720057200572186	23.720386592622628
5.730057300573187	10.042813178859506
5.740057400574187	9.481412267246009
5.7500575005751875	14.674673088725696
5.760057600576188	9.013754381943338
5.770057700577188	-4.662395849141129
5.780057800578189	-3.914047074512107
5.790057900579189	8.319169266191757
5.800058000580189	13.145437880933269
5.810058100581189	-4.974351485792614
5.8200582005821895	-14.940244491002892
5.8300583005831905	0.7867539883028098
5.840058400584191	5.148325178097398
5.850058500585191	2.510991245641484
5.860058600586191	1.8794424617148844
5.870058700587191	3.04711177274462
5.880058800588192	5.787199820008566
5.890058900589192	5.8846054611492615
5.9000590005901925	2.1804159878668976
5.910059100591193	-9.703351607558858
5.920059200592193	15.355353048833734
5.930059300593194	-7.538778773262034
5.940059400594194	-9.712977160805503
5.950059500595194	14.285200321113876
5.960059600596194	23.243349829877772
5.9700597005971945	-6.821076092728871
5.980059800598195	3.060848386217299
5.990059900599196	18.337517263223734
6.000060000600196	1.9756983174439322
6.010060100601196	16.05957773692448
6.020060200602196	11.202454363969132
6.030060300603196	23.511240448580406
6.040060400604197	-0.7867624972091996
6.0500605006051975	15.734304430280673
6.060060600606198	16.167943516167277
6.070060700607198	28.512678328831864
6.080060800608198	-7.5277965704016365
6.090060900609199	-26.792799158829204
6.100061000610199	4.7210549877441865
6.110061100611199	22.500166531829837
6.1200612006121995	11.530221779553155
6.1300613006132	4.992950145454593
6.140061400614201	22.522223855857145
6.150061500615201	4.900897864112767
6.160061600616201	28.7435192317999
6.170061700617201	7.289967216289514
6.180061800618201	9.4732366398384
6.1900619006192015	26.614715580551835
6.2000620006202025	15.530885904992696
6.210062100621203	4.52897847493112
6.220062200622203	27.555318164650703
6.230062300623203	-1.2315092394746334
6.240062400624203	-2.4022514349056308
6.250062500625204	13.084122039215663
6.260062600626204	4.496416137677286
6.2700627006272045	10.803660060181517
6.280062800628205	19.317752579439272
6.290062900629205	23.10771968577166
6.300063000630206	-2.484060380354776
6.310063100631206	-5.9557069785956
6.320063200632206	3.685858462059308
6.330063300633206	15.419351837325562
6.3400634006342065	16.742238005346696
6.3500635006352075	17.45703440395362
6.360063600636208	5.249678138222029
6.370063700637208	10.982174787567798
6.380063800638208	-7.110196591132164
6.390063900639208	-10.236996850148529
6.400064000640208	5.1704341110103895
6.410064100641209	2.5124345374332293
6.4200642006422095	-4.623706022337121
6.43006430064321	2.336251995073272
6.44006440064421	1.2603351124427238
6.45006450064521	1.5245571144107073
6.460064600646211	-0.4221527216226148
6.470064700647211	-0.29176409342509646
6.480064800648211	6.627912469597401
6.4900649006492115	0.07836086659799386
6.500065000650212	-10.109430025356234
6.510065100651213	14.213481285822537
6.520065200652213	-0.6359922661588263
6.530065300653213	10.607945207042462
6.540065400654213	13.353593014891954
6.550065500655213	13.78502497649165
6.560065600656214	9.004768233750301
6.5700657006572145	-5.068637727468705
6.580065800658215	-7.987679073104564
6.590065900659215	5.575084446346103
6.600066000660215	21.53482169030784
6.610066100661216	18.100107505749264
6.620066200662216	8.201679505630953
6.630066300663216	1.7736027931652572
6.6400664006642165	15.451554680282122
6.650066500665217	-22.90412174491036
6.660066600666217	18.318947563467475
6.670066700667218	6.488415661642474
6.680066800668218	27.343756922161027
6.690066900669218	14.847019612953506
6.700067000670218	15.641848881933102
6.7100671006712185	-11.355229641364328
6.7200672006722195	17.028740946692206
6.73006730067322	0.7264463216294241
6.74006740067422	16.375759957149167
6.75006750067522	-13.313222127573273
6.76006760067622	22.090104258585857
6.770067700677221	27.38743811633277
6.780067800678221	18.481080438518976
6.7900679006792215	30.32335523166432
6.800068000680222	0.06422610710490216
6.810068100681222	17.759667757019272
6.820068200682223	-0.1320935644200452
6.830068300683223	8.709056678253532
6.840068400684223	18.540682773324406
6.850068500685223	5.129218580770362
6.8600686006862235	-0.6274600756246135
6.870068700687224	6.296118418477351
6.880068800688225	7.426039085639076
6.890068900689225	-10.2573226864098
6.900069000690225	1.092269369981403
6.910069100691225	27.394515940538255
6.920069200692225	10.260501969583435
6.930069300693226	11.068600361940588
6.9400694006942265	5.2736452271438585
6.950069500695227	2.796906707095138
6.960069600696227	-2.1316621950988925
6.970069700697227	9.703481864270444
6.980069800698228	0.15777414040346052
6.990069900699228	2.7708863659432956
7.000070000700228	3.03516083887701
7.0100701007012285	3.814400431847174
7.020070200702229	1.5767959022369167
7.03007030070323	3.6031715467132073
7.04007040070423	2.4866730797541483
7.05007050070523	2.781092151041503
7.06007060070623	10.604444370979722
7.07007070070723	-0.8803532483282135
7.080070800708231	12.115600962105425
7.0900709007092315	-5.533236232221364
7.100071000710232	-9.565693598219527
7.110071100711232	-24.897603935273278
7.120071200712232	-1.182844539550969
7.130071300713232	-3.32565193745587
7.140071400714233	-3.5338883983089646
7.150071500715233	6.7356308534156515
7.1600716007162335	10.066640591195563
7.170071700717234	10.43201611806218
7.180071800718234	5.112766397275398
7.190071900719235	22.45688988298579
7.200072000720235	9.634857273885313
7.210072100721235	22.528937580982003
7.220072200722235	10.388451482433467
7.2300723007232355	21.773297231816823
7.2400724007242365	6.375771522729549
7.250072500725237	13.209689941753025
7.260072600726237	1.805396079615499
7.270072700727237	18.849623908024427
7.280072800728237	-5.5298711271178185
7.290072900729238	13.15090839487183
7.300073000730238	-18.136607314046245
7.3100731007312385	4.572439996545029
7.320073200732239	26.640726644446328
7.330073300733239	7.8946272749241055
7.340073400734239	17.258504043906953
7.35007350073524	21.949252519272058
7.36007360073624	31.184689816776256
7.37007370073724	-0.9560275823708669
7.3800738007382405	10.354990339022436
7.390073900739241	20.25945895544703
7.400074000740242	24.762247070313084
7.410074100741242	19.383147025550553
7.420074200742242	-0.7526066014863055
7.430074300743242	10.113448987617486
7.440074400744242	10.702271345384304
7.450074500745243	2.543775886355582
7.4600746007462435	16.148211004307875
7.470074700747244	0.7293178474668792
7.480074800748244	12.97650985701182
7.490074900749244	14.717858446846968
7.500075000750245	14.953607331386898
7.510075100751245	13.247896064814213
7.520075200752245	-12.000983164552128
7.5300753007532455	-12.796182688214579
7.540075400754246	5.343152099928574
7.550075500755247	-9.169437871593878
7.560075600756247	16.218517449790312
7.570075700757247	-4.1595252882408005
7.580075800758247	4.196574479647095
7.590075900759247	7.373776251933905
7.6000760007602475	1.015784478723606
7.6100761007612485	5.756326678755128
7.620076200762249	3.8946272780215097
7.630076300763249	2.8450510266152906
7.640076400764249	2.6393359364237474
7.650076500765249	1.986050112343641
7.66007660076625	8.122046532218695
7.67007670076725	6.915739309731712
7.6800768007682505	-4.807893619535168
7.690076900769251	10.310448951596657
7.700077000770251	-8.288549108628137
7.710077100771252	-7.183541100392249
7.720077200772252	7.863053255688223
7.730077300773252	9.567916153341061
7.740077400774252	12.589716125079999
7.7500775007752525	16.568081466674183
7.7600776007762535	19.09208535775909
7.770077700777254	20.601302384275456
7.780077800778254	-21.657317922991453
7.790077900779254	-7.089213106638622
7.800078000780254	18.587474210768598
7.810078100781254	11.737674608105221
7.820078200782255	15.879453889122086
7.8300783007832555	-0.9479291682014666
7.840078400784256	1.6013367012149418
7.850078500785256	8.307617792888493
7.860078600786256	-5.1696590862055265
7.870078700787257	1.735571925372382
7.880078800788257	12.484759588351285
7.890078900789257	13.589752291469168
7.9000790007902575	-1.4890201274721075
7.910079100791258	19.711590037946532
7.920079200792259	21.04474504594435
7.930079300793259	1.0918457323912063
7.940079400794259	11.824391627602836
7.950079500795259	9.334011877521737
7.960079600796259	-29.216544178982254
7.97007970079726	14.428307934913125
7.9800798007982605	28.900432483814853
7.990079900799261	3.5039053669391884
8.000080000800262	26.78348328648648
8.010080100801261	13.572662903677701
8.020080200802262	-16.468679180444255
8.030080300803261	4.076716612750104
8.040080400804262	7.394462303211563
8.050080500805263	25.175798892381167
8.060080600806263	17.02519971636388
8.070080700807264	21.019723339416927
8.080080800808263	12.819561341152765
8.090080900809264	2.5076986402787615
8.100081000810265	5.40870164021168
8.110081100811264	-0.6390077175047391
8.120081200812265	-0.10105628311306285
8.130081300813265	10.139133252143564
8.140081400814266	-0.018444124324479973
8.150081500815265	11.560569215473151
8.160081600816266	5.464504777803695
8.170081700817267	11.775765262116417
8.180081800818266	-5.241802268615979
8.190081900819267	1.8647049172692038
8.200082000820267	6.6182106921841095
8.210082100821268	-0.5203851513448617
8.220082200822269	1.4383454599093601
8.230082300823268	-1.9133720137799026
8.240082400824269	5.321073861034512
8.250082500825268	-5.71865362968383
8.26008260082627	-2.7361734988202353
8.27008270082727	8.01512666020228
8.28008280082827	-5.50399413369117
8.29008290082927	5.085755854176529
8.30008300083027	0.6029392834902902
8.310083100831271	-1.7385650720619708
8.320083200832272	4.492044404339731
8.330083300833271	24.71208589996255
8.340083400834272	12.090412081117382
8.350083500835272	18.15146188704865
8.360083600836273	-16.585603988372224
8.370083700837274	10.744789286411129
8.380083800838273	14.327658693554998
8.390083900839274	14.053895459129935
8.400084000840273	15.966030886295597
8.410084100841274	15.248773570890812
8.420084200842275	25.14919187105145
8.430084300843275	7.8741428944459235
8.440084400844276	22.548392902106084
8.450084500845275	27.978924027647803
8.460084600846276	25.642689634410644
8.470084700847277	-7.069796966349359
8.480084800848276	14.263107683896834
8.490084900849277	-9.220147524637552
8.500085000850277	16.30923195776623
8.510085100851278	-5.05377425421494
8.520085200852279	19.833499589528962
8.530085300853278	10.638471035236154
8.540085400854279	17.983103484344387
8.550085500855278	3.3164877265865718
8.56008560085628	22.025123400067322
8.57008570085728	11.904865923871908
8.58008580085828	-4.3265925333345905
8.59008590085928	1.3244549871838307
8.60008600086028	-2.6342723580984244
8.610086100861281	-15.58957591485894
8.62008620086228	-9.819153321844276
8.630086300863281	19.655665868399872
8.640086400864282	18.56518002972314
8.650086500865282	9.018735636326102
8.660086600866283	20.56327023441974
8.670086700867282	22.963007762498616
8.680086800868283	1.373552354682286
8.690086900869284	2.8080760114500856
8.700087000870283	-19.147293220276413
8.710087100871284	8.279002080510121
8.720087200872284	8.837197160070414
8.730087300873285	-18.94026330014796
8.740087400874286	8.273110769200738
8.750087500875285	-15.749549264338937
8.760087600876286	1.9995109634655017
8.770087700877285	4.733452688643701
8.780087800878286	0.35039785566609233
8.790087900879287	6.717455350177527
8.800088000880287	3.8764473098911694
8.810088100881288	3.2709178668899987
8.820088200882287	1.8520813637496267
8.830088300883288	5.886151757413382
8.840088400884289	2.948486951004426
8.850088500885288	-1.1283163947872015
8.86008860088629	6.217511066627021
8.870088700887289	-6.6111506972584
8.88008880088829	-12.305375906502329
8.89008890088929	1.2615184267924886
8.90008900089029	10.167382294389299
8.910089100891291	-27.182637667521462
8.92008920089229	2.373472606494805
8.930089300893291	8.13823835428382
8.940089400894292	19.152338820786877
8.950089500895292	20.678798850681233
8.960089600896293	14.350891757815694
8.970089700897292	-1.04343136131
8.980089800898293	-40.75751047447892
8.990089900899294	-3.4562885456923103
9.000090000900293	13.203828677660004
9.010090100901294	21.886378029920557
9.020090200902294	8.218524589514473
9.030090300903295	3.844882364243557
9.040090400904296	3.379500173209516
9.050090500905295	11.149150470574169
9.060090600906296	3.797922769061303
9.070090700907295	17.969501659115544
9.080090800908296	-8.068625044863346
9.090090900909296	26.232445120078783
9.100091000910297	6.717834052934896
9.110091100911298	12.242300865779846
9.120091200912297	15.646490803188554
9.130091300913298	19.739919346528254
9.140091400914297	21.03584030153312
9.150091500915298	29.188084841882677
9.1600916009163	9.722139077656022
9.170091700917299	-2.225823774634274
9.1800918009183	27.500071271413177
9.190091900919299	-0.18902305148594484
9.2000920009203	6.237829607970673
9.210092100921301	15.711481729996615
9.2200922009223	1.2117332570620223
9.230092300923301	4.658262417586144
9.2400924009243	21.9133532519993
9.250092500925302	19.66711854757462
9.260092600926303	8.413855297397912
9.270092700927302	12.628552312374488
9.280092800928303	5.342096464622557
9.290092900929302	0.48824386110798534
9.300093000930303	7.743051663362289
9.310093100931304	2.9312633661165797
9.320093200932304	-16.26931209228637
9.330093300933305	-8.502858075334272
9.340093400934304	7.476414809862505
9.350093500935305	11.060734254731907
9.360093600936306	-3.4539595469090245
9.370093700937305	4.65183397099888
9.380093800938306	-1.502195053776801
9.390093900939306	0.35509123269071924
9.400094000940307	1.052934675434763
9.410094100941308	1.3399348714248285
9.420094200942307	0.8103976555697082
9.430094300943308	1.0130880827905562
9.440094400944307	4.951144995985598
9.450094500945308	-2.417944063528481
9.46009460094631	12.19957703975441
9.470094700947309	-0.4853543318769826
9.48009480094831	6.527324129193436
9.490094900949309	-12.423866952999647
9.50009500095031	11.489761987674326
9.510095100951311	17.316762182560293
9.52009520095231	-31.23847991810408
9.530095300953311	6.334419349855497
9.54009540095431	16.78617633098627
9.550095500955312	20.30838530313827
9.560095600956311	8.822885163406934
9.570095700957312	10.25682098465159
9.580095800958313	0.6087752164410513
9.590095900959312	0.19159100931689138
9.600096000960313	-7.046728980534136
9.610096100961313	20.76366108838051
9.620096200962314	22.373613428935688
9.630096300963315	17.564672153730218
9.640096400964314	21.878656250312158
9.650096500965315	20.356789371617612
9.660096600966314	12.601592688726521
9.670096700967315	-6.959941624155899
9.680096800968316	18.48758117958014
9.690096900969316	23.593185012641904
9.700097000970317	25.69175963430375
9.710097100971316	28.38787400928364
9.720097200972317	-3.12951016502484
9.730097300973318	-18.128775560855896
9.740097400974317	4.567899932990268
9.750097500975318	22.88438166026281
9.760097600976318	6.36437470064048
9.770097700977319	-5.908582881129355
9.78009780097832	8.134417149874563
9.790097900979319	-12.534842415598929
9.80009800098032	-4.973020564527328
9.81009810098132	18.05438528427674
9.82009820098232	12.505201859188226
9.830098300983321	17.265752324382596
9.84009840098432	21.081125281296547
9.850098500985322	-16.154395629498072
9.860098600986321	17.847887249087474
9.870098700987322	9.922805945684352
9.880098800988323	-7.026703426685112
9.890098900989322	3.979314327578353
9.900099000990323	5.840948912522124
9.910099100991323	3.498654405680974
9.920099200992324	-2.672525158956613
9.930099300993325	11.293340731306557
9.940099400994324	4.353755036562907
9.950099500995325	4.237054308760916
9.960099600996324	8.52099710996147
9.970099700997325	4.985506582926783
9.980099800998326	3.113210703267947
9.990099900999326	3.8996732796070304
10.000100001000327	4.752837789875818
10.010100101001326	-1.9583637527834683
10.020100201002327	7.8015468554665794
10.030100301003326	10.695405807259462
10.040100401004327	6.040763280330769
10.050100501005328	12.0809880743276
10.060100601006328	11.927554546118111
10.070100701007329	13.049501741987974
10.080100801008328	-5.972106800136218
10.090100901009329	-3.439799909049184
10.10010100101033	-1.2046078531792699
10.11010110101133	12.902740006086422
10.12010120101233	13.527726981011327
10.13010130101333	6.537320826696508
10.14010140101433	25.180236305209405
10.150101501015332	-7.493101314828608
10.160101601016331	-26.03888946312397
10.170101701017332	7.176120145249595
10.180101801018331	21.41937041074043
10.190101901019332	17.300747391250457
10.200102001020333	7.011284889134197
10.210102101021333	-1.355070885328606
10.220102201022334	17.13579474226516
10.230102301023333	16.32215039427116
10.240102401024334	26.42977708643133
10.250102501025335	1.4360073498139851
10.260102601026334	21.646961082951353
10.270102701027335	15.942003954178944
10.280102801028335	15.80136397309472
10.290102901029336	11.873096742781106
10.300103001030337	4.016028665288129
10.310103101031336	5.810943374620549
10.320103201032337	15.243736459929549
10.330103301033336	16.543808339263872
10.340103401034337	15.297830398792494
10.350103501035338	17.95840005277751
10.360103601036338	13.384554426693699
10.370103701037339	16.28884889678955
10.380103801038338	0.1826201040752542
10.390103901039339	-10.798858440522501
10.40010400104034	-3.282740371638949
10.41010410104134	-10.101984388868091
10.42010420104234	20.085988322674808
10.43010430104334	-1.98668745773201
10.44010440104434	19.564010635665436
10.450104501045342	-5.126149411057738
10.460104601046341	5.362347261937674
10.470104701047342	2.013363319225541
10.480104801048341	5.047377376620887
10.490104901049342	16.12167545535038
10.500105001050342	7.676355818631887
10.510105101051343	14.071913780512578
10.520105201052344	-3.7635856602179314
10.530105301053343	4.382396209906806
10.540105401054344	5.330028628126374
10.550105501055343	10.50928926828656
10.560105601056344	1.1922033940596704
10.570105701057345	5.009093758412482
10.580105801058345	1.933753277610214
10.590105901059346	3.868302692562005
10.600106001060345	5.198534853128055
10.610106101061346	-1.0935054904646997
10.620106201062347	5.446715164253407
10.630106301063346	0.3220937141267109
10.640106401064347	3.632458859612819
10.650106501065347	-11.320849599250279
10.660106601066348	7.539637899717946
10.670106701067349	-48.14633992191789
10.680106801068348	-15.988833792213068
10.690106901069349	6.692672770728161
10.700107001070348	13.910808893003306
10.71010710107135	13.502534016888
10.72010720107235	-35.243339359359425
10.73010730107335	11.308901236871245
10.74010740107435	8.86606644022679
10.75010750107535	11.694398321934424
10.760107601076351	15.263643951360175
10.770107701077352	13.771980522554744
10.780107801078351	0.8685935038834643
10.790107901079352	11.76265386604614
10.800108001080352	16.147497824136547
10.810108101081353	11.376490638150358
10.820108201082354	25.025425837829715
10.830108301083353	26.957728967618863
10.840108401084354	24.097289366343038
10.850108501085353	12.39579832672447
10.860108601086354	-0.78535992683925
10.870108701087355	-6.147461825787197
10.880108801088355	20.780458407291768
10.890108901089356	5.9751479499404265
10.900109001090355	18.446165230141226
10.910109101091356	3.5552869127692053
10.920109201092357	-8.714820605203549
10.930109301093356	13.553277858866002
10.940109401094357	22.44581183208996
10.950109501095357	8.764891124420771
10.960109601096358	-11.937200388102415
10.970109701097357	7.916600894107922
10.980109801098358	20.018957765201147
10.990109901099359	0.08408116611995309
11.000110001100358	2.919504241650263
11.01011010110136	18.378619397087473
11.020110201102359	0.96784618636878
11.03011030110336	5.056388324364937
11.04011040110436	-17.226428988679395
11.05011050110536	5.742127431205607
11.060110601106361	-11.811405161602496
11.07011070110736	-3.1045529258623743
11.080110801108361	-8.655713471312268
11.090110901109362	12.772284003517655
11.100111001110362	16.66655418406615
11.110111101111363	1.741835343834304
11.120111201112362	9.502988050528453
11.130111301113363	-0.9015216670840875
11.140111401114364	-1.1122798935089113
11.150111501115363	0.9461743225351553
11.160111601116364	-0.4374024512464656
11.170111701117364	0.7931676227728897
11.180111801118365	0.7665239986562505
11.190111901119366	-3.436001852377815
11.200112001120365	-1.1878959485999012
11.210112101121366	7.7584292066328615
11.220112201122365	14.132802828017601
11.230112301123366	7.463289102332773
11.240112401124367	-4.123950425352759
11.250112501125367	-3.6554575942630816
11.260112601126368	9.248792353154272
11.270112701127367	0.17178997428374762
11.280112801128368	6.769630428476656
11.290112901129369	24.43324963133266
11.300113001130368	2.5792118789567184
11.31011310113137	22.22102437440544
11.320113201132369	1.016538026648005
11.33011330113337	24.61578138999188
11.34011340113437	24.058002973543527
11.35011350113537	-2.3470830002495924
11.360113601136371	22.074522313726945
11.37011370113737	-7.5632685564538225
11.380113801138371	12.800323413440635
11.390113901139372	2.3059188426552497
11.400114001140372	16.507242291673748
11.410114101141373	-6.672089273765469
11.420114201142372	15.404144703701698
11.430114301143373	-28.831300457308334
11.440114401144372	17.4631791740681
11.450114501145373	17.068919868884848
11.460114601146374	20.41554173615307
11.470114701147374	18.68920708574469
11.480114801148375	9.149636799680023
11.490114901149374	4.521751489455915
11.500115001150375	13.478532237837067
11.510115101151376	24.37754076335347
11.520115201152375	16.957224857692513
11.530115301153376	15.14761222735827
11.540115401154376	0.3459328638692084
11.550115501155377	-10.923283858779703
11.560115601156378	11.474967243537112
11.570115701157377	20.32285787076141
11.580115801158378	-15.398323286334842
11.590115901159377	20.223746332676622
11.600116001160378	1.6808206804402737
11.61011610116138	-10.246203545693957
11.620116201162379	10.603274946080228
11.63011630116338	4.567027660673604
11.640116401164379	-1.1603117014394697
11.65011650116538	12.828128771940658
11.660116601166381	10.130210759884697
11.67011670116738	5.9166415579056775
11.680116801168381	13.288237406469053
11.69011690116938	6.6783740893705135
11.700117001170382	8.33057794876576
11.710117101171383	6.60025917724581
11.720117201172382	10.713101897184982
11.730117301173383	7.793588635560815
11.740117401174382	-0.8093340208596455
11.750117501175383	3.542975075033732
11.760117601176384	3.425041088631654
11.770117701177384	5.458260915157435
11.780117801178385	3.693633335701142
11.790117901179384	4.618136123255899
11.800118001180385	-7.956373963312504
11.810118101181386	1.1121989026190113
11.820118201182385	9.242444412078017
11.830118301183386	-4.1114557370924425
11.840118401184386	-0.7824431228868367
11.850118501185387	10.36742351190592
11.860118601186388	16.426125540762285
11.870118701187387	8.259433061504495
11.880118801188388	-9.594556517014704
11.890118901189387	20.3582659899584
11.900119001190388	-15.966376168047443
11.910119101191388	14.331723301242498
11.920119201192389	5.083470855254886
11.93011930119339	24.3727417207764
11.940119401194389	-13.72051903963522
11.95011950119539	12.746437604546488
11.96011960119639	19.405997643325744
11.97011970119739	10.008832722444925
11.980119801198391	20.750764858638572
11.99011990119939	28.542203433916075
12.000120001200392	8.774973016464697
12.010120101201391	0.1796929374807278
12.020120201202392	17.88894043552935
12.030120301203393	8.49234550306971
12.040120401204392	8.543038090169155
12.050120501205393	15.306395588159178
12.060120601206393	22.19666761144518
12.070120701207394	-16.17057294424927
12.080120801208395	7.157742706373372
12.090120901209394	15.444333947344704
12.100121001210395	28.58394106563907
12.110121101211394	-6.884458154037337
12.120121201212395	19.9445625419636
12.130121301213396	24.62492231284453
12.140121401214396	-3.4989946628991913
12.150121501215397	11.079606666396343
12.160121601216396	7.505421434014757
12.170121701217397	5.66350838674009
12.180121801218398	23.037684331283653
12.190121901219397	13.377131346256565
12.200122001220398	12.588252854550495
12.210122101221398	5.632665290520822
12.220122201222399	-5.181836515892163
12.2301223012234	-8.81125496098502
12.240122401224399	7.378929510706427
12.2501225012254	11.06951905007225
12.2601226012264	7.254057408928339
12.2701227012274	7.120202129594572
12.280122801228401	8.6288538585855
12.2901229012294	18.114378091365534
12.300123001230402	-1.2410455179639213
12.310123101231401	1.954405936947302
12.320123201232402	-2.021393135114108
12.330123301233403	-0.11930680149438196
12.340123401234402	2.480136235076298
12.350123501235403	2.433003660756236
12.360123601236403	2.8075407568211266
12.370123701237404	5.91597532804706
12.380123801238403	4.763552483085175
12.390123901239404	-7.3785966318493
12.400124001240405	11.804698844623427
12.410124101241404	2.3238698218988527
12.420124201242405	2.4724374922109322
12.430124301243405	16.2133395828886
12.440124401244406	-3.1446750256097435
12.450124501245407	17.715053070769816
12.460124601246406	1.109864235382241
12.470124701247407	9.39865106637787
12.480124801248406	-2.29227893003838
12.490124901249407	-9.374684163686549
12.500125001250408	-2.1563480636691033
12.510125101251408	0.5194977301897724
12.520125201252409	19.167468453991642
12.530125301253408	-10.379934760443996
12.540125401254409	23.618192398414436
12.55012550125541	1.4242570590352843
12.56012560125641	13.750351146447768
12.57012570125741	4.750240985178916
12.58012580125841	10.404080929799761
12.59012590125941	11.72602307566818
12.600126001260412	2.6262697995420776
12.610126101261411	32.846471456285165
12.620126201262412	26.885833483084443
12.630126301263411	14.745372367733149
12.640126401264412	0.5647435400419587
12.650126501265413	25.614666546791128
12.660126601266413	19.19459610781257
12.670126701267414	2.4125151329779557
12.680126801268413	11.154975024404525
12.690126901269414	17.165854414083018
12.700127001270415	9.916757209130445
12.710127101271414	29.976798463331786
12.720127201272415	-1.3876190696687676
12.730127301273415	11.408756211896948
12.740127401274416	32.37845399931214
12.750127501275417	14.744083842225757
12.760127601276416	17.58016567175666
12.770127701277417	15.265387621829523
12.780127801278416	-1.723593160829706
12.790127901279417	-15.176458624203065
12.800128001280417	-1.3607127557376313
12.810128101281418	25.3484730647409
12.820128201282419	4.530524129236407
12.830128301283418	0.7351611000802829
12.840128401284419	-0.6651360754049691
12.850128501285418	14.367792951481762
12.86012860128642	-3.6168786939879234
12.87012870128742	15.22671552668617
12.88012880128842	-3.024821066080088
12.89012890128942	5.298038405511801
12.90012900129042	6.356453151998424
12.910129101291421	0.30731451887569783
12.920129201292422	-3.137431555552351
12.930129301293421	3.3215567217491
12.940129401294422	2.640499917513606
12.950129501295422	4.19603164408202
12.960129601296423	4.737295345405276
12.970129701297424	2.3017561507623343
12.980129801298423	1.0755217412418645
12.990129901299424	6.848245383266868
13.000130001300423	-0.773875342443171
13.010130101301424	16.734397668676838
13.020130201302425	-17.681748057964565
13.030130301303425	6.242458940146671
13.040130401304426	2.952604863507052
13.050130501305425	7.484030569194569
13.060130601306426	16.232115647923646
13.070130701307427	10.06531334066229
13.080130801308426	4.272388068818063
13.090130901309427	1.974769457617109
13.100131001310427	15.446725861735777
13.110131101311428	-30.83715343700735
13.120131201312429	7.725767190143183
13.130131301313428	28.167918243879768
13.140131401314429	2.2500661751142377
13.150131501315428	9.429308361658888
13.16013160131643	6.32299092660602
13.17013170131743	19.271288319149964
13.18013180131843	-18.63552658833203
13.19013190131943	16.385150087824275
13.20013200132043	-31.511380246834246
13.210132101321431	22.85901799251292
13.220132201322432	27.84767950597536
13.230132301323431	10.215959984251292
13.240132401324432	15.037001175061217
13.250132501325432	-2.183886463643916
13.260132601326433	20.60487409392435
13.270132701327432	17.57442437427752
13.280132801328433	8.728069347028214
13.290132901329434	7.020790731837418
13.300133001330433	18.247604989639964
13.310133101331434	2.436529721400092
13.320133201332434	22.33631624347288
13.330133301333435	8.469148903333158
13.340133401334436	17.298635522163707
13.350133501335435	16.737125842805778
13.360133601336436	13.42676168649328
13.370133701337435	-4.094705836677538
13.380133801338436	-4.901574990368905
13.390133901339437	10.424939926868925
13.400134001340437	9.50078985056486
13.410134101341438	-10.552699319680753
13.420134201342437	14.34833059854509
13.430134301343438	-4.992693859142011
13.440134401344439	4.136988970081031
13.450134501345438	10.224359025619023
13.46013460134644	8.102714533838846
13.470134701347439	3.9318375337385745
13.48013480134844	-9.141557487552895
13.49013490134944	5.3503157684400815
13.50013500135044	3.0224973179795054
13.510135101351441	2.2860461109861703
13.52013520135244	3.3840587523546692
13.530135301353441	2.785648594620412
13.540135401354442	3.8463919289802435
13.550135501355442	2.4618238796366523
13.560135601356443	7.707869846592658
13.570135701357442	8.932858574514583
13.580135801358443	-0.9500838581406821
13.590135901359444	-4.965097545002406
13.600136001360443	-3.8004675931707865
13.610136101361444	3.22636003607193
13.620136201362444	-8.888905605661952
13.630136301363445	11.57096688164416
13.640136401364446	0.9784847961643341
13.650136501365445	9.552459465673405
13.660136601366446	4.432231891499914
13.670136701367445	-15.749941300578067
13.680136801368446	12.7904997567227
13.690136901369447	6.862518695713627
13.700137001370447	19.926993572220766
13.710137101371448	-14.715143449259278
13.720137201372447	22.033439876653226
13.730137301373448	12.519629842674728
13.740137401374447	14.893507082793073
13.750137501375448	22.615137920740384
13.76013760137645	-5.757265649673791
13.770137701377449	10.29067187540753
13.78013780137845	22.38410731292569
13.790137901379449	22.511990051152
13.80013800138045	7.275985004279977
13.810138101381451	19.213409502504813
13.82013820138245	19.854548628721144
13.830138301383451	9.17979115350672
13.84013840138445	-12.245821100071469
13.850138501385452	8.32924050571998
13.860138601386453	13.572409447534758
13.870138701387452	19.112702694392667
13.880138801388453	6.599034400799988
13.890138901389452	19.244011582541777
13.900139001390453	11.669334874779551
13.910139101391454	12.337339063390615
13.920139201392454	28.455818872311703
13.930139301393455	-0.616101366306358
13.940139401394454	23.32001559770232
13.950139501395455	12.656450565518396
13.960139601396456	8.780147016605964
13.970139701397455	7.837255445870292
13.980139801398456	12.057899157822456
13.990139901399456	5.945964166985548
14.000140001400457	23.571245197867274
14.010140101401458	-11.018940413466616
14.020140201402457	17.375635870701625
14.030140301403458	7.592524714943324
14.040140401404457	13.598974235384135
14.050140501405458	-0.14028915821461677
14.06014060140646	9.454689154302182
14.070140701407459	5.036784288003347
14.08014080140846	9.001674656486347
14.090140901409459	3.5287965023152372
14.10014100141046	1.362810700138151
14.110141101411461	2.6036804701959047
14.12014120141246	3.0330992502389877
14.130141301413461	3.8664318219595595
14.14014140141446	3.701107543215646
14.150141501415462	2.6587421741837676
14.160141601416463	6.338558266271331
14.170141701417462	-17.301060133646196
14.180141801418463	1.3190392516334206
14.190141901419462	-5.108688239813943
14.200142001420463	16.541353045714953
14.210142101421463	13.677813815226916
14.220142201422464	21.29555339886522
14.230142301423465	7.078363411069555
14.240142401424464	22.132536318923382
14.250142501425465	20.027313604856808
14.260142601426464	-17.848665632963893
14.270142701427465	6.126407845035926
14.280142801428466	-0.4542598314783857
14.290142901429466	7.835971167180999
14.300143001430467	-24.59161989288041
14.310143101431466	-0.1474608968802968
14.320143201432467	15.797130394185485
14.330143301433468	18.604318321266586
14.340143401434467	17.05863935801273
14.350143501435468	10.964595884766085
14.360143601436468	19.391285113937506
14.370143701437469	-2.3792711737389802
14.38014380143847	-14.111066163334106
14.390143901439469	25.290016185333208
14.40014400144047	22.053155114849766
14.41014410144147	4.656059894500847
14.42014420144247	-5.662854287141488
14.430144301443471	-4.516232700093235
14.44014440144447	1.5404766483583046
14.450144501445472	29.896082037037967
14.460144601446471	-1.3458632538860245
14.470144701447472	11.862640910361133
14.480144801448473	8.623721908890593
14.490144901449472	4.877394579267489
14.500145001450473	16.637930698853747
14.510145101451473	-8.316842778902892
14.520145201452474	19.522709636999167
14.530145301453475	-12.084458238385634
14.540145401454474	19.259550975425704
14.550145501455475	4.065441366713955
14.560145601456474	12.452229611192891
14.570145701457475	15.512347916781717
14.580145801458476	-0.2854928448344355
14.590145901459476	13.9429242450527
14.600146001460477	-4.604798207929394
14.610146101461476	5.737439884555523
14.620146201462477	10.232308955365175
14.630146301463478	13.194034236048436
14.640146401464477	-44.574887354809405
14.650146501465478	0.018313883576676026
14.660146601466478	5.591983869752566
14.670146701467479	5.1273664474290745
14.680146801468478	1.6373099284818131
14.690146901469479	2.3509076608981094
14.70014700147048	1.9083357226696516
14.71014710147148	2.453691576489496
14.72014720147248	-1.6538141182788504
14.73014730147348	1.2609102105855463
14.74014740147448	4.475254931949246
14.750147501475482	-10.589271855466968
14.760147601476481	6.76483389498372
14.770147701477482	-4.550779163309026
14.780147801478481	6.136693380156016
14.790147901479482	15.222047429917854
14.800148001480483	8.942637860245386
14.810148101481483	-14.945806849203516
14.820148201482484	-5.872959264003137
14.830148301483483	-0.8629259289482342
14.840148401484484	12.218832104686463
14.850148501485485	-1.0710175583874186
14.860148601486484	6.3768703828844435
14.870148701487485	4.839803053735474
14.880148801488485	20.63766316059329
14.890148901489486	8.631284205077552
14.900149001490487	20.597057163293034
14.910149101491486	12.58647488846447
14.920149201492487	0.2802546977858879
14.930149301493486	-3.9314423640840976
14.940149401494487	18.26101148840456
14.950149501495488	25.691784744860726
14.960149601496488	8.766661708029043
14.970149701497489	26.58096549928387
14.980149801498488	2.340632458682727
14.990149901499489	30.062999277694335
