0.0	nan
0.010000100001000326	-6.937067942775951
0.020000200002000652	5.863662938244691
0.03000030000300098	-7.274261661972109
0.040000400004001305	-15.449911291958303
0.05000050000500163	-8.864120687412637
0.06000060000600196	-6.99061818521125
0.07000070000700229	-10.494810403288342
0.08000080000800261	-0.42357965993361285
0.09000090000900293	-0.7092646464510223
0.10000100001000325	-4.0024766411272665
0.11000110001100359	-2.410201448413505
0.12000120001200391	0.12695994725063084
0.13000130001300425	1.1008626665850723
0.14000140001400457	-1.3491762909498877
0.1500015000150049	1.7219096617814302
0.16000160001600522	1.018890102561201
0.17000170001700554	1.525200135984236
0.18000180001800586	2.3354083632740537
0.1900019000190062	3.754117184601397
0.2000020000200065	1.7407399179099425
0.21000210002100686	4.4860747112894215
0.22000220002200718	1.9115464745974748
0.2300023000230075	2.7963857671026426
0.24000240002400783	2.454494579171599
0.2500025000250082	2.103567799603874
0.2600026000260085	4.297785445673712
0.2700027000270088	3.0129945879301174
0.28000280002800915	3.226823839302455
0.29000290002900947	4.483932379723207
0.3000030000300098	3.1344346651710175
0.3100031000310101	4.300645366653383
0.32000320003201044	5.40504620927804
0.33000330003301076	4.8900799127338
0.3400034000340111	5.831220930084556
0.3500035000350114	5.384722777500742
0.36000360003601173	6.941512734722899
0.37000370003701205	6.676390275029031
0.3800038000380124	6.877523471827487
0.3900039000390127	7.741568261902412
0.400004000040013	7.131490739336255
0.4100041000410134	7.787736287366344
0.4200042000420137	9.047034595933843
0.43000430004301404	8.413879127908697
0.44000440004401437	7.479869138763993
0.4500045000450147	9.189607856230158
0.460004600046015	8.886705000672466
0.47000470004701533	9.119070581974944
0.48000480004801566	8.907316819618709
0.490004900049016	9.617620372738605
0.5000050000500164	9.169810396067591
0.5100051000510166	9.956268100779992
0.520005200052017	10.354352988128097
0.5300053000530173	10.15563760547447
0.5400054000540176	9.478131937455002
0.5500055000550179	11.414579600329864
0.5600056000560183	11.942376246599993
0.5700057000570186	10.706542316723741
0.5800058000580189	11.47867710095411
0.5900059000590192	12.282487456399645
0.6000060000600196	12.392226555954052
0.6100061000610199	12.189447712233358
0.6200062000620202	13.14375255474838
0.6300063000630205	13.744928146990816
0.6400064000640209	13.655343154397812
0.6500065000650213	13.991165653777118
0.6600066000660215	14.494497059058336
0.6700067000670219	14.455985461481939
0.6800068000680222	15.46009462357253
0.6900069000690225	15.069823201387392
0.7000070000700228	15.399869242482549
0.7100071000710232	15.874543067155713
0.7200072000720235	16.559833265090948
0.7300073000730238	16.7054516203358
0.7400074000740241	16.289334716582317
0.7500075000750245	17.2769718861526
0.7600076000760247	18.167294559743
0.7700077000770251	18.25072157301984
0.7800078000780254	17.890668399220417
0.7900079000790258	18.078420396558997
0.800008000080026	18.55157252162386
0.8100081000810264	18.558194604496986
0.8200082000820268	19.425661339025975
0.8300083000830271	20.264668007540767
0.8400084000840274	20.302393842501377
0.8500085000850277	20.737001308374715
0.8600086000860281	21.272502743851355
0.8700087000870284	22.003856901924852
0.8800088000880287	22.73383650290187
0.890008900089029	22.863714802273588
0.9000090000900294	23.351357569485376
0.9100091000910296	23.913834122766943
0.92000920009203	24.357919479471352
0.9300093000930303	25.11698853511127
0.9400094000940307	25.170362868996833
0.9500095000950309	25.245315617837118
0.9600096000960313	26.01369859169116
0.9700097000970317	26.384622134753087
0.980009800098032	26.737209385692424
0.9900099000990323	27.00772205684197
1.0000100001000327	28.306288845643923
1.0100101001010329	29.81109729517371
1.0200102001020332	24.42723639215026
1.0300103001030336	31.769677620637392
1.040010400104034	30.79921426681608
1.0500105001050342	31.94234796308754
1.0600106001060345	32.566059553680404
1.070010700107035	33.40604594896383
1.0800108001080353	32.77067963266282
1.0900109001090355	36.2575721718198
1.1000110001100358	29.04045407131439
1.1100111001110362	35.32118698289384
1.1200112001120366	38.82529153618793
1.130011300113037	35.16069932629224
1.1400114001140371	38.27420195786405
1.1500115001150375	39.57231646249965
1.1600116001160379	39.17914668989286
1.1700117001170383	43.428346063690036
1.1800118001180384	40.63477517828319
1.1900119001190388	42.484363685170486
1.2000120001200392	43.0093251664282
1.2100121001210395	40.10789187231496
1.2200122001220397	45.29696483889451
1.23001230012304	42.137462130125044
1.2400124001240405	48.28783538722358
1.2500125001250408	46.76284944037816
1.260012600126041	47.71635120871303
1.2700127001270414	48.824542691714754
1.2800128001280418	49.13747513938203
1.2900129001290421	49.04018365655316
1.3000130001300425	52.24216687356369
1.3100131001310427	53.458671793560306
1.320013200132043	49.16465623611735
1.3300133001330434	53.200247632229605
1.3400134001340438	55.86613891412181
1.350013500135044	55.98612912222768
1.3600136001360443	57.0903665496618
1.3700137001370447	57.551570734336764
1.380013800138045	58.5139427452739
1.3900139001390452	60.878453550801304
1.4000140001400456	62.790769604393226
1.410014100141046	56.65156652877592
1.4200142001420464	64.96699150635808
1.4300143001430465	67.15652907461205
1.440014400144047	64.6930255835669
1.4500145001450473	64.48243637033028
1.4600146001460477	68.48841155376714
1.470014700147048	70.51727103650963
1.4800148001480482	71.90403137976449
1.4900149001490486	74.08032768128707
1.500015000150049	76.58941092331428
1.5100151001510493	75.09742128596113
1.5200152001520495	78.41374994859515
1.5300153001530499	77.106036607609
1.5400154001540503	80.3022022209898
1.5500155001550506	75.75929584905569
1.5600156001560508	80.41071047577489
1.5700157001570512	93.50368481535224
1.5800158001580515	90.73155410129701
1.590015900159052	86.46670080575419
1.600016000160052	87.90026306779457
1.6100161001610525	119.94162374105804
1.6200162001620528	91.1767663645128
1.6300163001630532	87.1533667396047
1.6400164001640536	88.77044361588715
1.6500165001650537	75.13431695603278
1.6600166001660541	27.54886500945583
1.6700167001670545	13.925347197415213
1.6800168001680549	64.11370770493347
1.690016900169055	83.65460833486478
1.7000170001700554	90.48996348817998
1.7100171001710558	82.3929277527401
1.7200172001720562	51.07471545172996
1.7300173001730563	96.03433915406742
1.7400174001740567	112.7858063674804
1.750017500175057	93.76428290420634
1.7600176001760575	88.54820804833338
1.7700177001770578	103.63136631472402
1.780017800178058	93.17040352482118
1.7900179001790584	89.24951550318177
1.8000180001800588	85.08415305919054
1.8100181001810591	119.95790554835656
1.8200182001820593	102.56274007708973
1.8300183001830597	90.15201877999236
1.84001840018406	87.50075998260458
1.8500185001850604	108.43234248421574
1.8600186001860606	86.09243204856172
1.870018700187061	76.76372381437925
1.8800188001880613	98.51397073387896
1.8900189001890617	89.04215717950093
1.9000190001900619	92.45998786229295
1.9100191001910622	82.11997517071421
1.9200192001920626	84.02539637219782
1.930019300193063	121.3997129728276
1.9400194001940634	107.38703285961634
1.9500195001950635	81.50236281280793
1.960019600196064	89.18353769119312
1.9700197001970643	94.26624740829831
1.9800198001980647	75.75097492183203
1.9900199001990648	77.3981448879626
2.0000200002000654	82.6144601580117
2.0100201002010656	100.04628561765854
2.0200202002020657	81.64793287267021
2.0300203002030663	83.96400750555334
2.0400204002040665	74.31213968952447
2.0500205002050667	79.2968105165345
2.0600206002060673	79.21554648669836
2.0700207002070674	90.13765922358166
2.080020800208068	88.5078698581687
2.090020900209068	98.95228701629946
2.1000210002100683	103.23507028006317
2.110021100211069	70.96257961284375
2.120021200212069	85.76938168081233
2.1300213002130697	79.10789378385445
2.14002140021407	71.7283754895844
2.15002150021507	64.8344841659194
2.1600216002160706	93.20251516124961
2.1700217002170707	64.84647294424866
2.180021800218071	69.52916279404175
2.1900219002190715	58.97848483288362
2.2000220002200717	39.61236118005268
2.2100221002210723	67.74534959361357
2.2200222002220724	36.80925286578558
2.2300223002230726	57.39608365209131
2.240022400224073	56.962546638822914
2.2500225002250733	46.408200837047254
2.260022600226074	30.511771857036702
2.270022700227074	9.158084780107156
2.2800228002280742	7.538623183737245
2.290022900229075	24.724409776953458
2.300023000230075	36.81002687142096
2.310023100231075	38.5631384399393
2.3200232002320758	46.94832518181446
2.330023300233076	49.4211269587886
2.3400234002340765	58.43324907074443
2.3500235002350767	42.2864484341194
2.360023600236077	57.06612781389587
2.3700237002370774	45.511568737119134
2.3800238002380776	65.02525108066605
2.3900239002390777	40.80261256761699
2.4000240002400783	37.340301164549864
2.4100241002410785	57.83052334037501
2.420024200242079	68.83393409082318
2.4300243002430792	48.41113688035601
2.4400244002440794	60.13374976329007
2.45002450024508	69.62754046035165
2.46002460024608	62.99316535524676
2.4700247002470808	49.090416547525614
2.480024800248081	61.158908840632535
2.490024900249081	55.230583695321194
2.5000250002500817	63.06431829107025
2.510025100251082	100.63548274428369
2.520025200252082	58.54692217057611
2.5300253002530826	56.54229352344231
2.5400254002540827	74.44726646590718
2.5500255002550833	62.89307167404283
2.5600256002560835	62.08682850987308
2.5700257002570837	64.62159924768456
2.5800258002580843	59.56831365188921
2.5900259002590844	66.32992648346094
2.600026000260085	58.683975770881375
2.610026100261085	63.593193496732205
2.6200262002620853	55.51224399921087
2.630026300263086	24.483811709038093
2.640026400264086	17.94773138166531
2.6500265002650862	29.586789840973612
2.660026600266087	43.46118749487924
2.670026700267087	42.117112798355464
2.6800268002680876	52.06039374659502
2.6900269002690878	36.46274649460383
2.700027000270088	49.19107819674471
2.7100271002710885	45.62121243581165
2.7200272002720887	50.707954189877874
2.7300273002730893	42.75284779367045
2.7400274002740894	39.131954356740856
2.7500275002750896	47.73653701374179
2.76002760027609	43.7771212679023
2.7700277002770903	6.4715749452327564
2.7800278002780905	7.792863975186298
2.790027900279091	2.4755615249341205
2.8000280002800912	15.651724726781753
2.810028100281092	25.936874685753743
2.820028200282092	28.500150266967758
2.830028300283092	18.057226232011487
2.8400284002840928	-5.162453982586934
2.850028500285093	16.813288557112482
2.860028600286093	15.32935035439243
2.8700287002870937	7.063465052769134
2.880028800288094	2.2384670867336345
2.8900289002890944	5.3923628036020546
2.9000290002900946	3.574334830382276
2.9100291002910947	-13.073046607826164
2.9200292002920953	-5.065318269544303
2.9300293002930955	17.705413089546088
2.940029400294096	25.987598768486674
2.9500295002950963	18.27364588532839
2.9600296002960964	-4.873035018919231
2.970029700297097	28.62110331267174
2.980029800298097	20.760559117348
2.9900299002990973	30.185885504622988
3.000030000300098	16.051113526229177
3.010030100301098	33.39320848433747
3.0200302003020987	25.827490943855395
3.030030300303099	29.36572309840556
3.040030400304099	24.75059232383807
3.0500305003050996	26.891091808689012
3.0600306003060997	15.080697695239062
3.0700307003071003	31.05729861301113
3.0800308003081005	23.047994034422835
3.0900309003091007	-0.6562610974153766
3.1000310003101013	22.813160968602375
3.1100311003111014	21.723482606744138
3.1200312003121016	38.123843234401086
3.130031300313102	8.886922940412596
3.1400314003141023	35.50500009072012
3.150031500315103	8.240336626042316
3.160031600316103	18.252687010934984
3.1700317003171032	41.46272908761866
3.180031800318104	44.6983874600723
3.190031900319104	13.040569776417085
3.200032000320104	33.880620372393544
3.2100321003211048	49.21620726906333
3.220032200322105	22.674630344964672
3.2300323003231055	25.475548349251373
3.2400324003241057	35.92699013756221
3.250032500325106	34.20453750091726
3.2600326003261064	28.633575921438688
3.2700327003271066	34.39948284700011
3.280032800328107	26.80730779134428
3.2900329003291073	20.337493486416747
3.3000330003301075	34.51836215000093
3.310033100331108	26.432280389316258
3.3200332003321082	29.405664230055073
3.3300333003331084	20.1858612512632
3.340033400334109	11.750971201271788
3.350033500335109	37.29974160315591
3.3600336003361098	33.6296667806237
3.37003370033711	23.632488028935978
3.38003380033811	19.082460734347475
3.3900339003391107	17.86685173823699
3.400034000340111	34.89568138291223
3.4100341003411114	12.023874052315394
3.4200342003421116	-8.804491035258549
3.4300343003431117	13.487266745465742
3.4400344003441123	16.116875413080603
3.4500345003451125	11.213077606438928
3.4600346003461127	1.5129148737400058
3.4700347003471133	-2.25001033859191
3.4800348003481134	4.341456006841307
3.490034900349114	-1.1322838520725902
3.500035000350114	4.489760482305258
3.5100351003511143	16.17450115568437
3.520035200352115	15.443985516646894
3.530035300353115	9.22140877582941
3.5400354003541157	-12.736403415413983
3.550035500355116	27.757808023163335
3.560035600356116	24.242005882834377
3.5700357003571166	22.313638930304165
3.5800358003581167	18.420185161729474
3.590035900359117	25.987120372002696
3.6000360003601175	15.21677055591073
3.6100361003611177	19.11016134933935
3.6200362003621183	23.581191120054424
3.6300363003631184	17.086045842169046
3.6400364003641186	26.76524213294652
3.650036500365119	10.260144508349553
3.6600366003661193	16.090595394476466
3.6700367003671195	-9.021764539595372
3.68003680036812	16.33322739510481
3.6900369003691202	21.167329110501136
3.700037000370121	26.87135713849712
3.710037100371121	37.36120932555613
3.720037200372121	38.575804592945566
3.7300373003731218	-1.3533789816973252
3.740037400374122	44.04962288402263
3.7500375003751225	45.16385172392713
3.7600376003761227	36.333387286628295
3.770037700377123	29.26026471075602
3.7800378003781234	36.495247381842056
3.7900379003791236	37.43208505687485
3.8000380003801237	20.15466072560202
3.8100381003811243	32.824900158065056
3.8200382003821245	-18.755613920582814
3.830038300383125	41.712293621091575
3.8400384003841253	10.710923324556225
3.8500385003851254	42.06228363646584
3.860038600386126	33.01792456851537
3.870038700387126	24.76197978423352
3.8800388003881268	10.69277149971932
3.890038900389127	36.387320299389884
3.900039000390127	22.821003138307578
3.9100391003911277	23.549495522135754
3.920039200392128	25.348762715803804
3.930039300393128	23.523852739828037
3.9400394003941286	22.448950550670983
3.9500395003951287	11.45820279662946
3.9600396003961293	17.705177441881755
3.9700397003971295	-5.278742466644655
3.9800398003981297	3.306704950654666
3.9900399003991303	6.075764955481646
4.000040000400131	6.783523465612749
4.010040100401131	10.365104492777553
4.020040200402131	-26.669220162137545
4.030040300403131	-0.388553986792434
4.0400404004041315	18.637786128219492
4.0500405004051325	11.957865919286354
4.060040600406133	1.759304748694637
4.070040700407133	3.673096645511433
4.080040800408133	4.080826202801132
4.090040900409133	-2.974795712719863
4.100041000410133	2.013270252752172
4.110041100411134	9.471582341368462
4.1200412004121345	18.682825676453884
4.130041300413135	-8.358210977445264
4.140041400414135	5.558284878606854
4.150041500415135	12.166038867726117
4.160041600416136	11.003022635760981
4.170041700417136	9.302608805331468
4.180041800418136	24.895869073997396
4.1900419004191365	-7.325998517386495
4.200042000420137	23.78438307600406
4.210042100421138	16.355012235024798
4.220042200422138	-31.90633335230482
4.230042300423138	33.767556081104864
4.240042400424138	24.114661752514102
4.250042500425138	13.684187629775463
4.260042600426139	18.599398301422642
4.2700427004271395	3.939789975116844
4.28004280042814	11.609882598136064
4.29004290042914	-1.8158725101666136
4.30004300043014	10.569198922861823
4.31004310043114	25.594945484607678
4.320043200432141	17.24576868390363
4.330043300433141	17.49333263713805
4.3400434004341415	28.70482748422273
4.350043500435142	20.233602501317645
4.360043600436142	32.65630865947809
4.370043700437143	23.135951020238082
4.380043800438143	27.176278974088067
4.390043900439143	32.0905363891501
4.400044000440143	27.11953029955464
4.4100441004411435	24.775947794809134
4.4200442004421445	24.503460239265006
4.430044300443145	28.47258168752134
4.440044400444145	26.21139443153754
4.450044500445145	23.013993393444718
4.460044600446145	20.77434270480774
4.470044700447146	21.849035236757636
4.480044800448146	6.230066820253308
4.4900449004491465	-2.648112105950449
4.500045000450147	10.167369506227443
4.510045100451147	23.943962276243123
4.520045200452148	5.8655923983642095
4.530045300453148	2.02762658949701
4.540045400454148	16.328032444449153
4.550045500455148	-4.262712524965757
4.5600456004561485	22.9670567807664
4.570045700457149	-13.235963566167365
4.58004580045815	10.834809313967888
4.59004590045915	20.710675297601078
4.60004600046015	-1.8136487017456497
4.61004610046115	2.3269320256208275
4.62004620046215	-0.5100255893661894
4.630046300463151	12.752936495726063
4.6400464004641515	10.76781420685154
4.650046500465152	6.769224827946345
4.660046600466152	2.9056488040478237
4.670046700467152	3.5886916113863525
4.680046800468153	2.9467595010182284
4.690046900469153	2.368349343115272
4.700047000470153	8.11930048265646
4.7100471004711535	7.0569764803226365
4.720047200472154	10.30536846335686
4.730047300473155	2.445258434028127
4.740047400474155	4.358612540354556
4.750047500475155	2.4641645902647067
4.760047600476155	11.854866562031875
4.770047700477155	15.523045351473112
4.7800478004781555	9.752577790195119
4.7900479004791565	13.279499770331826
4.800048000480157	15.522349510385538
4.810048100481157	5.421344167607007
4.820048200482157	8.23864907640232
4.830048300483157	-11.803490717975471
4.840048400484158	22.335309253384143
4.850048500485158	10.177845190951404
4.8600486004861585	-11.093737971706426
4.870048700487159	25.5975357894341
4.880048800488159	8.226962410576094
4.89004890048916	4.42892592269294
4.90004900049016	7.188033223507412
4.91004910049116	16.37629919345742
4.92004920049216	2.3694931504730543
4.9300493004931605	-1.2433218588278845
4.9400494004941615	27.1392369006867
4.950049500495162	22.21089635239903
4.960049600496162	-4.101840972054885
4.970049700497162	14.237576402426983
4.980049800498162	-5.6034633088352646
4.990049900499163	29.389699494772664
5.000050000500163	9.93336454827536
5.0100501005011635	20.332530128162166
5.020050200502164	27.119336554245205
5.030050300503164	23.334299204029225
5.040050400504164	22.595810470369685
5.050050500505165	6.408207017288475
5.060050600506165	2.2711993159008923
5.070050700507165	3.1679206044306034
5.0800508005081655	19.25657679715799
5.090050900509166	21.760184864701145
5.100051000510167	15.818930313496582
5.110051100511167	23.836681062612257
5.120051200512167	-0.6028850182688229
5.130051300513167	18.322655969246167
5.140051400514167	17.056114275407516
5.150051500515168	-15.912970841013744
5.1600516005161685	-6.8643622390816486
5.170051700517169	6.166343013563314
5.180051800518169	18.75773413397117
5.190051900519169	-1.2066425383968435
5.20005200052017	6.1269500025968116
5.21005210052117	-10.429568810248902
5.22005220052217	10.81183122451323
5.2300523005231705	7.020360101346133
5.240052400524171	5.208666372944001
5.250052500525171	7.455663386870742
5.260052600526172	4.918740208775479
5.270052700527172	5.139068108307259
5.280052800528172	3.0249233243375673
5.290052900529172	-9.284901119633991
5.3000530005301725	4.11119340656672
5.3100531005311735	-4.711219888061928
5.320053200532174	12.300578712405887
5.330053300533174	14.262224105345956
5.340053400534174	8.236981651524715
5.350053500535174	16.343780471428783
5.360053600536175	-0.12833974524134306
5.370053700537175	9.073584646313007
5.3800538005381755	9.048013488206754
5.390053900539176	17.629135167730833
5.400054000540176	24.101540864559837
5.410054100541177	16.236189258600703
5.420054200542177	21.310440604845613
5.430054300543177	15.489184256226572
5.440054400544177	10.372062420070247
5.4500545005451775	17.46319575756665
5.4600546005461785	30.117490370040656
5.470054700547179	16.514135891313824
5.480054800548179	18.074733989967996
5.490054900549179	5.2106250190692025
5.500055000550179	24.372996000470486
5.510055100551179	8.965459798540701
5.52005520055218	23.62818584178538
5.5300553005531805	12.309438132858961
5.540055400554181	3.606464636548663
5.550055500555181	3.656489516042682
5.560055600556181	14.679455320724044
5.570055700557182	7.994570365323015
5.580055800558182	18.22819709568939
5.590055900559182	28.102689509677457
5.6000560005601825	12.8254953604498
5.610056100561183	31.211827503727964
5.620056200562184	17.18624447043733
5.630056300563184	19.970669202667658
5.640056400564184	32.93374026035996
5.650056500565184	-6.546107150338709
5.660056600566184	27.715146790581695
5.670056700567185	14.982788483998426
5.6800568005681855	22.163370187355092
5.690056900569186	14.19688038215365
5.700057000570186	4.7695874107492084
5.710057100571186	14.04726439834519
5.720057200572186	25.749491863070215
5.730057300573187	12.125369547665546
5.740057400574187	11.507457664092232
5.7500575005751875	16.74745365364794
5.760057600576188	10.965617568073446
5.770057700577188	-2.811875159019509
5.780057800578189	-1.8859141189088007
5.790057900579189	10.199996091158512
5.800058000580189	14.94834123285034
5.810058100581189	-3.017386333958743
5.8200582005821895	-13.25719104897037
5.8300583005831905	2.3654615656567723
5.840058400584191	6.745386532457503
5.850058500585191	4.154138291360016
5.860058600586191	3.5074399869305006
5.870058700587191	4.55449773550093
5.880058800588192	7.0021671307635
5.890058900589192	7.416448862135176
5.9000590005901925	3.620704808879213
5.910059100591193	-7.965172602902373
5.920059200592193	16.145936025058255
5.930059300593194	-5.670045562445307
5.940059400594194	-7.686224733633193
5.950059500595194	14.95053338969212
5.960059600596194	23.613420178916385
5.9700597005971945	-6.306827043837558
5.980059800598195	5.530991583206786
5.990059900599196	19.783025763423765
6.000060000600196	1.0710708007953613
6.010060100601196	18.60118577474227
6.020060200602196	12.855687199877817
6.030060300603196	23.31275514913289
6.040060400604197	-0.16388199151748484
6.0500605006051975	18.577417510693024
6.060060600606198	18.826380309044165
6.070060700607198	29.430395150769037
6.080060800608198	-6.607851211832433
6.090060900609199	-26.274616089471476
6.100061000610199	6.575214673734538
6.110061100611199	20.820294652672988
6.1200612006121995	11.0674083676795
6.1300613006132	7.167570770147094
6.140061400614201	24.81899419281901
6.150061500615201	3.954556954585089
6.160061600616201	31.054872725479154
6.170061700617201	12.17040850115317
6.180061800618201	10.984350765606171
6.1900619006192015	25.10816578258074
6.2000620006202025	16.454485750086114
6.210062100621203	6.074726311157475
6.220062200622203	26.052994504744238
6.230062300623203	0.7916744884845501
6.240062400624203	2.9321298750224134
6.250062500625204	14.222204997987975
6.260062600626204	5.638161839418631
6.2700627006272045	13.017957784125745
6.280062800628205	20.0789002884357
6.290062900629205	25.127369061983618
6.300063000630206	-1.8084422813332415
6.310063100631206	-4.104385437672696
6.320063200632206	5.66826328983153
6.330063300633206	17.0416793083703
6.3400634006342065	18.44979971320959
6.3500635006352075	18.231722355103624
6.360063600636208	6.78625420276081
6.370063700637208	11.8581960408506
6.380063800638208	-5.463470613640884
6.390063900639208	-8.35828259030794
6.400064000640208	7.055791331351716
6.410064100641209	3.9082481017030193
6.4200642006422095	-2.5327912482445925
6.43006430064321	4.047562519445847
6.44006440064421	3.16141463244567
6.45006450064521	3.433934452919305
6.460064600646211	1.6588391978295522
6.470064700647211	1.8312190183279913
6.480064800648211	8.427355832143062
6.4900649006492115	1.8845437852516842
6.500065000650212	-8.013866711621551
6.510065100651213	16.299402084795982
6.520065200652213	1.234369478181379
6.530065300653213	13.292305602037832
6.540065400654213	16.047353657572014
6.550065500655213	15.567783651259795
6.560065600656214	11.40183498595506
6.5700657006572145	-2.5066118587859005
6.580065800658215	-5.959752494693743
6.590065900659215	8.135536300943683
6.600066000660215	23.956629248053705
6.610066100661216	20.780732596515197
6.620066200662216	11.000961917976756
6.630066300663216	4.0992110991462845
6.6400664006642165	18.13261959779005
6.650066500665217	-20.414821906496044
6.660066600666217	20.68160174988316
6.670066700667218	8.668448754300206
6.680066800668218	29.899657896196388
6.690066900669218	17.184555915964168
6.700067000670218	18.20195860385763
6.7100671006712185	-8.860182132784306
6.7200672006722195	19.5532523428218
6.73006730067322	3.253873726341552
6.74006740067422	18.81342260772179
6.75006750067522	-10.81654502188867
6.76006760067622	24.55755490833287
6.770067700677221	29.879370585056787
6.780067800678221	21.166785143507294
6.7900679006792215	32.70637304323984
6.800068000680222	3.474753787800534
6.810068100681222	19.921570988894157
6.820068200682223	2.107717021161776
6.830068300683223	11.479308049702555
6.840068400684223	19.946329882448925
6.850068500685223	7.788155614900128
6.8600686006862235	1.9324949563455025
6.870068700687224	7.732860727639523
6.880068800688225	9.380264704752
6.890068900689225	-7.985879571907486
6.900069000690225	4.006269955484573
6.910069100691225	28.76684611489534
6.920069200692225	11.387174742595786
6.930069300693226	12.788129410359259
6.9400694006942265	6.963915121858512
6.950069500695227	4.603230521247027
6.960069600696227	-0.20023480954149658
6.970069700697227	11.949285930446878
6.980069800698228	2.465872258216647
6.990069900699228	4.788849327892485
7.000070000700228	5.375451707498558
7.0100701007012285	5.672454232889208
7.020070200702229	3.1211668535229427
7.03007030070323	5.288739915635199
7.04007040070423	4.132643600477292
7.05007050070523	4.357624533994796
7.06007060070623	12.10644655023707
7.07007070070723	0.5768158576455552
7.080070800708231	14.06841316085865
7.0900709007092315	-3.6465695073474502
7.100071000710232	-7.219526353674974
7.110071100711232	-22.85393730432578
7.120071200712232	-0.3714117100690911
7.130071300713232	-1.8220281940145047
7.140071400714233	-3.567658727145267
7.150071500715233	8.237645196958699
7.1600716007162335	11.085190896921706
7.170071700717234	11.324513809777075
7.180071800718234	8.684446241991667
7.190071900719235	24.277297576729612
7.200072000720235	11.046794543038123
7.210072100721235	24.7320690344889
7.220072200722235	11.295328602113347
7.2300723007232355	24.12524472981532
7.2400724007242365	6.424482968174506
7.250072500725237	14.501076259890171
7.260072600726237	1.968730661539019
7.270072700727237	19.05222804674018
7.280072800728237	-5.774857426421297
7.290072900729238	15.545182373984717
7.300073000730238	-16.6560035466058
7.3100731007312385	3.8954714289685093
7.320073200732239	28.59947587753878
7.330073300733239	8.40831466729926
7.340073400734239	19.200302933054452
7.35007350073524	23.588926646775235
7.36007360073624	32.329903378333945
7.37007370073724	-0.5959784780689862
7.3800738007382405	10.84456016678583
7.390073900739241	20.603493948269794
7.400074000740242	27.52722459878216
7.410074100741242	20.97170235809575
7.420074200742242	0.7393282132376721
7.430074300743242	11.809469780572663
7.440074400744242	10.442157937249416
7.450074500745243	4.616438862387075
7.4600746007462435	18.055352514093965
7.470074700747244	0.880995867106211
7.480074800748244	14.768287961949143
7.490074900749244	16.38883537454279
7.500075000750245	16.096040472971602
7.510075100751245	14.921524953134776
7.520075200752245	-10.312457185113594
7.5300753007532455	-11.047595313133634
7.540075400754246	7.3642338258330815
7.550075500755247	-7.084505733532767
7.560075600756247	18.24240006499577
7.570075700757247	-2.403163094977968
7.580075800758247	5.7096824170200025
7.590075900759247	9.190498517177085
7.6000760007602475	2.671147922269964
7.6100761007612485	7.5807162995371735
7.620076200762249	5.751212753791901
7.630076300763249	4.72833079916963
7.640076400764249	4.5556796134642035
7.650076500765249	3.9455658207065745
7.66007660076625	10.10966070738455
7.67007670076725	8.89297610528358
7.6800768007682505	-2.7604426010739105
7.690076900769251	12.368571521828526
7.700077000770251	-6.150543920809637
7.710077100771252	-5.043366165617938
7.720077200772252	10.09666288216825
7.730077300773252	11.726311166120773
7.740077400774252	14.602929011686983
7.7500775007752525	18.753179818270166
7.7600776007762535	21.179519213058274
7.770077700777254	22.94667411742011
7.780077800778254	-19.24208688135964
7.790077900779254	-4.350186271251154
7.800078000780254	21.36513342905037
7.810078100781254	13.603561080003008
7.820078200782255	18.506807640305137
7.8300783007832555	0.9025319506344829
7.840078400784256	3.4650127060971796
7.850078500785256	10.095840815209138
7.860078600786256	-2.575436138945077
7.870078700787257	4.635338310623332
7.880078800788257	16.36026866735844
7.890078900789257	15.569654582376716
7.9000790007902575	1.425939954194345
7.910079100791258	22.84152362245849
7.920079200792259	23.739112110964367
7.930079300793259	3.1861947170336027
7.940079400794259	12.866809231725531
7.950079500795259	12.569542666992517
7.960079600796259	-25.750387321357838
7.97007970079726	18.545786026351205
7.9800798007982605	32.68069042346739
7.990079900799261	6.953735460266779
8.000080000800262	27.939787588106512
8.010080100801261	15.54050907090184
8.020080200802262	-14.426682057417489
8.030080300803261	3.9578381833705776
8.040080400804262	8.153758985902098
8.050080500805263	27.96810133847174
8.060080600806263	18.678990685921228
8.070080700807264	22.693305295301926
8.080080800808263	15.514680501592553
8.090080900809264	4.1657116141751
8.100081000810265	7.745940505346913
8.110081100811264	1.5379515090961045
8.120081200812265	0.7335339621788185
8.130081300813265	12.631392513110127
8.140081400814266	1.7417966757996437
8.150081500815265	13.099550009475347
8.160081600816266	7.98597177556314
8.170081700817267	13.516790781123788
8.180081800818266	-3.491040808752996
8.190081900819267	3.4878939748332884
8.200082000820267	8.578348108271175
8.210082100821268	1.2942765572958579
8.220082200822269	3.1327224368078634
8.230082300823268	-0.3244224000573393
8.240082400824269	6.912266465317854
8.250082500825268	-3.9134934951588214
8.26008260082627	-1.252678093392715
8.27008270082727	9.589502546672112
8.28008280082827	-3.8358843759592003
8.29008290082927	6.534890836581171
8.30008300083027	2.325949527893134
8.310083100831271	-0.6829199743147973
8.320083200832272	5.8919199811798615
8.330083300833271	25.52969108520329
8.340083400834272	13.890242514465246
8.350083500835272	19.497641705150865
8.360083600836273	-16.460519458033424
8.370083700837274	10.593677631652023
8.380083800838273	16.38129315586432
8.390083900839274	15.463919736022547
8.400084000840273	16.038083058691555
8.410084100841274	18.331693140741887
8.420084200842275	26.26444444205098
8.430084300843275	9.759243120213338
8.440084400844276	24.33097551460113
8.450084500845275	28.242341387391097
8.460084600846276	27.286448441704838
8.470084700847277	-5.7678081605621
8.480084800848276	15.739393469338962
8.490084900849277	-7.288857868685993
8.500085000850277	17.31769440782705
8.510085100851278	-3.363187519672506
8.520085200852279	20.227454363432027
8.530085300853278	11.919069296093076
8.540085400854279	19.107767173827835
8.550085500855278	4.757258260466157
8.56008560085628	23.298735965298157
8.57008570085728	12.752951713191253
8.58008580085828	-2.2555386390042136
8.59008590085928	2.775586406807449
8.60008600086028	-0.9268683908068279
8.610086100861281	-14.169905200697308
8.62008620086228	-8.235845366450496
8.630086300863281	21.087287167383376
8.640086400864282	19.99674338811102
8.650086500865282	10.474649433654854
8.660086600866283	22.076018972017188
8.670086700867282	24.492131871569665
8.680086800868283	2.891987818712735
8.690086900869284	4.372631558658501
8.700087000870283	-17.46803781998333
8.710087100871284	9.73170906296833
8.720087200872284	10.301036505024731
8.730087300873285	-17.295580213865467
8.740087400874286	9.882974512137757
8.750087500875285	-14.180215400649814
8.760087600876286	3.821406156008436
8.770087700877285	6.505203007952196
8.780087800878286	2.1969658759221424
8.790087900879287	8.558388684491057
8.800088000880287	5.644324173490479
8.810088100881288	5.10404360519068
8.820088200882287	3.72527749366085
8.830088300883288	7.670115775659979
8.840088400884289	4.756815851124544
8.850088500885288	0.6768107976542322
8.86008860088629	8.091622552088001
8.870088700887289	-4.489790645338054
8.88008880088829	-9.660769526326744
8.89008890088929	3.7417869221591866
8.90008900089029	12.070957693461324
8.910089100891291	-24.630152624440207
8.92008920089229	5.011766151106524
8.930089300893291	10.342260995616979
8.940089400894292	20.579258602871718
8.950089500895292	22.011201242970774
8.960089600896293	16.44295583590696
8.970089700897292	1.9669316219918713
8.980089800898293	-38.76739083520776
8.990089900899294	-1.0580100464676456
9.000090000900293	17.183032656615005
9.010090100901294	24.945931748593793
9.020090200902294	10.949761414665392
9.030090300903295	6.840539696511175
9.040090400904296	4.77392105992457
9.050090500905295	11.892548028658535
9.060090600906296	5.616016098760639
9.070090700907295	22.708155386776866
9.080090800908296	-6.88523100407314
9.090090900909296	26.82801049202028
9.100091000910297	10.142479908702537
9.110091100911298	14.381534541199711
9.120091200912297	17.802110697178918
9.130091300913298	21.613276575211486
9.140091400914297	23.31277404640739
9.150091500915298	32.43383346523438
9.1600916009163	10.951718574349666
9.170091700917299	-1.5981020263040668
9.1800918009183	30.71107236447332
9.190091900919299	1.8031301219016649
9.2000920009203	5.619899959819346
9.210092100921301	17.618267247942438
9.2200922009223	5.882514829395119
9.230092300923301	6.672915615348276
9.2400924009243	24.550538855586037
9.250092500925302	21.9519472820556
9.260092600926303	10.510927843777127
9.270092700927302	15.184599204497829
9.280092800928303	7.594091637327079
9.290092900929302	2.2870482041414197
9.300093000930303	9.521700444900835
9.310093100931304	4.586099589668617
9.320093200932304	-14.162878769053558
9.330093300933305	-6.597027576618719
9.340093400934304	9.298050143939545
9.350093500935305	13.141958654296792
9.360093600936306	-1.5816660536619795
9.370093700937305	6.441384080227016
9.380093800938306	0.26711189890423576
9.390093900939306	2.1022613010203446
9.400094000940307	2.741618890165522
9.410094100941308	3.0648954377323627
9.420094200942307	2.4580859484908744
9.430094300943308	2.6425466191914513
9.440094400944307	6.538605337736194
9.450094500945308	-0.7815100250334767
9.46009460094631	13.633208026150335
9.470094700947309	1.01133210703119
9.48009480094831	7.917625292067468
9.490094900949309	-11.000920738379284
9.50009500095031	13.13142825585858
9.510095100951311	18.925726291995833
9.52009520095231	-29.370999444320283
9.530095300953311	7.4579051057641825
9.54009540095431	18.263819081000367
9.550095500955312	21.653962614951755
9.560095600956311	10.322442095743227
9.570095700957312	11.600349318948204
9.580095800958313	1.9581881674047135
9.590095900959312	1.552953947159413
9.600096000960313	-5.6757045560141774
9.610096100961313	22.192303302954276
9.620096200962314	23.554033051109787
9.630096300963315	18.93612416542817
9.640096400964314	23.246319389080266
9.650096500965315	21.679449407028446
9.660096600966314	13.820233498580272
9.670096700967315	-5.675840768556193
9.680096800968316	19.894450030073806
9.690096900969316	25.03649821926728
9.700097000970317	27.053691300022674
9.710097100971316	29.834343661145983
9.720097200972317	-1.7086120035060999
9.730097300973318	-17.080171617984167
9.740097400974317	6.0821413278266006
9.750097500975318	24.643491887555538
9.760097600976318	7.447193306412608
9.770097700977319	-4.631379960499701
9.78009780097832	10.024001292967752
9.790097900979319	-11.575388525675377
9.80009800098032	-3.6120095055601285
9.81009810098132	19.509833168090747
9.82009820098232	13.931440153404916
9.830098300983321	18.8064630153553
9.84009840098432	22.12310428768433
9.850098500985322	-14.360419876109336
9.860098600986321	19.22269559478608
9.870098700987322	11.35747460604224
9.880098800988323	-5.870128968149242
9.890098900989322	5.854300069014762
9.900099000990323	7.08097488883822
9.910099100991323	5.049301203078046
9.920099200992324	-0.7466346186546196
9.930099300993325	12.842170375337338
9.940099400994324	6.275798140826777
9.950099500995325	5.91207367388711
9.960099600996324	10.33680856000789
9.970099700997325	6.687250220003442
9.980099800998326	4.836117771356222
9.990099900999326	5.695627229111614
10.000100001000327	6.595919862133241
10.010100101001326	-0.012431384980536968
10.020100201002327	9.535639523463127
10.030100301003326	12.490845326469401
10.040100401004327	8.166246500448171
10.050100501005328	14.012704704374332
10.060100601006328	13.925338165403526
10.070100701007329	14.906959508746509
10.080100801008328	-4.1581828395142
10.090100901009329	-1.5048537750713746
10.10010100101033	0.31901449324538755
10.11010110101133	15.11181868679618
10.12010120101233	15.066574632812246
10.13010130101333	9.88563969742232
10.14010140101433	26.80169664626684
10.150101501015332	-5.757066555291721
10.160101601016331	-23.656382482076978
10.170101701017332	9.251353385031248
10.180101801018331	24.140766920843472
10.190101901019332	20.17636646465308
10.200102001020333	10.288454295466316
10.210102101021333	0.20044261291639653
10.220102201022334	19.667245650799888
10.230102301023333	18.703737328573176
10.240102401024334	27.95087422407891
10.250102501025335	4.135627266495211
10.260102601026334	24.971630855103783
10.270102701027335	18.877389063237064
10.280102801028335	19.26403157584007
10.290102901029336	13.959831825974842
10.300103001030337	6.8912818131268505
10.310103101031336	7.680494972267748
10.320103201032337	15.893365518516156
10.330103301033336	18.709489589380322
10.340103401034337	17.41522125918489
10.350103501035338	20.328148253100878
10.360103601036338	14.273751461115944
10.370103701037339	18.456057193891834
10.380103801038338	1.8531005764712498
10.390103901039339	-8.108255517315053
10.40010400104034	-0.9022179511747617
10.41010410104134	-8.073462893627978
10.42010420104234	22.512973813990325
10.43010430104334	-0.02700415902305292
10.44010440104434	21.851879858403013
10.450104501045342	-2.837324189074564
10.460104601046341	7.268530517040189
10.470104701047342	3.996385884868885
10.480104801048341	7.219213200338171
10.490104901049342	17.972108521668844
10.500105001050342	9.701307790394782
10.510105101051343	16.08079548573286
10.520105201052344	-1.9086356367129895
10.530105301053343	6.273369365024482
10.540105401054344	7.080128358293425
10.550105501055343	12.273577561292612
10.560105601056344	2.965889981490475
10.570105701057345	6.742362816554488
10.580105801058345	3.6504772606795086
10.590105901059346	5.563370797812759
10.600106001060345	6.851822852160601
10.610106101061346	0.547225028040247
10.620106201062347	7.058623256562798
10.630106301063346	1.9122186047075744
10.640106401064347	5.1959680111264275
10.650106501065347	-9.696229955990095
10.660106601066348	9.074590005471425
10.670106701067349	-46.634383193716495
10.680106801068348	-14.399905281873723
10.690106901069349	8.0514515392405
10.700107001070348	15.474290383240577
10.71010710107135	14.962130275667018
10.72010720107235	-34.10800121649246
10.73010730107335	12.730682907263905
10.74010740107435	10.23791416112736
10.75010750107535	13.424656056659977
10.760107601076351	17.201005420408052
10.770107701077352	15.028601995919555
10.780107801078351	2.071782692463041
10.790107901079352	12.713168044494545
10.800108001080352	17.570982138417264
10.810108101081353	13.363894231230011
10.820108201082354	26.24890183634318
10.830108301083353	27.56014328526689
10.840108401084354	24.220836902355583
10.850108501085353	14.728572516457957
10.860108601086354	0.5798727020551638
10.870108701087355	-5.041236614714477
10.880108801088355	21.65107793366896
10.890108901089356	7.420836411003932
10.900109001090355	18.677882415958972
10.910109101091356	4.592095074975283
10.920109201092357	-7.25287551155225
10.930109301093356	16.19552399564469
10.940109401094357	24.641403972920603
10.950109501095357	10.46637515356721
10.960109601096358	-10.360322261615378
10.970109701097357	9.556066399607614
10.980109801098358	21.517544875502434
10.990109901099359	1.1430889125616377
11.000110001100358	4.157902321685709
11.01011010110136	20.866217946230215
11.020110201102359	2.5147997726312075
11.03011030110336	5.541776438983817
11.04011040110436	-15.2274568381922
11.05011050110536	7.189449255757828
11.060110601106361	-10.399298345071454
11.07011070110736	-1.2054080645465166
11.080110801108361	-6.805554062624684
11.090110901109362	14.215023293475953
11.100111001110362	18.095815007122685
11.110111101111363	3.1995895434528916
11.120111201112362	11.187751207816552
11.130111301113363	0.5677616216503278
11.140111401114364	0.6382850393462591
11.150111501115363	2.67535591900411
11.160111601116364	1.319260229361698
11.170111701117364	2.599439990789688
11.180111801118365	2.6733159891404625
11.190111901119366	-1.494694851668358
11.200112001120365	0.9827139624639075
11.210112101121366	9.108144338233023
11.220112201122365	16.11565476567216
11.230112301123366	9.451070521516156
11.240112401124367	-2.7844338875410477
11.250112501125367	-2.0961781981925403
11.260112601126368	11.409023332633806
11.270112701127367	2.1761077537604665
11.280112801128368	8.643565650246924
11.290112901129369	26.416569689830887
11.300113001130368	4.765181112905307
11.31011310113137	25.192052695786145
11.320113201132369	2.4269680411860173
11.33011330113337	26.83190230138637
11.34011340113437	26.69347184939308
11.35011350113537	-0.40563554037249866
11.360113601136371	24.397612169318727
11.37011370113737	-4.997664356603433
11.380113801138371	15.518525812202371
11.390113901139372	4.267806708918913
11.400114001140372	17.846579908985785
11.410114101141373	-4.17582040943958
11.420114201142372	18.798049846874168
11.430114301143373	-26.048072953312307
11.440114401144372	19.183187871541914
11.450114501145373	19.871049790023882
11.460114601146374	23.285179424343134
11.470114701147374	21.204585313702463
11.480114801148375	10.949867010433891
11.490114901149374	6.22012288592277
11.500115001150375	15.14770893204852
11.510115101151376	26.36389564809232
11.520115201152375	19.076790301472773
11.530115301153376	17.306817087574835
11.540115401154376	2.67994569805717
11.550115501155377	-8.946044025503783
11.560115601156378	14.029921311353688
11.570115701157377	22.322122214984212
11.580115801158378	-13.195480462095093
11.590115901159377	22.298252581107697
11.600116001160378	3.7720262933752355
11.61011610116138	-8.14230964326676
11.620116201162379	12.688275019315236
11.63011630116338	6.633470540668541
11.640116401164379	1.0416191660081022
11.65011650116538	14.87422254833312
11.660116601166381	12.060096536877662
11.67011670116738	7.889375476068177
11.680116801168381	15.277672887441334
11.69011690116938	8.34237290261408
11.700117001170382	10.21225985628655
11.710117101171383	8.555875359705846
11.720117201172382	12.51348891107543
11.730117301173383	9.609052128011129
11.740117401174382	1.029911513819116
11.750117501175383	5.296514566075827
11.760117601176384	5.172996846305542
11.770117701177384	7.207766966608074
11.780117801178385	5.4650767470440655
11.790117901179384	6.307217185023297
11.800118001180385	-6.505228408478914
11.810118101181386	2.6934883954843425
11.820118201182385	11.01077454418063
11.830118301183386	-2.5634776494514573
11.840118401184386	0.5252523964690934
11.850118501185387	11.423723765913655
11.860118601186388	18.058016727781595
11.870118701187387	9.717797760109562
11.880118801188388	-7.919333259193804
11.890118901189387	21.078275191608572
11.900119001190388	-14.507680137496905
11.910119101191388	15.50363137118555
11.920119201192389	7.333633503275364
11.93011930119339	25.206250092467876
11.940119401194389	-12.79381236057135
11.95011950119539	14.784944909955431
11.96011960119639	20.597334824739747
11.97011970119739	12.91117331634517
11.980119801198391	21.900754450003333
11.99011990119939	29.86170513851133
12.000120001200392	10.867195848110965
12.010120101201391	0.5506322734606112
12.020120201202392	19.538459921295686
12.030120301203393	10.637150038483929
12.040120401204392	9.362365399104673
12.050120501205393	18.305875230237547
12.060120601206393	23.916227637337297
12.070120701207394	-14.613715618862559
12.080120801208395	8.475972072585355
12.090120901209394	16.258723004668813
12.100121001210395	29.672102213005758
12.110121101211394	-5.100617249398111
12.120121201212395	20.543365589012474
12.130121301213396	25.83063706025614
12.140121401214396	-2.665392538460395
12.150121501215397	11.187666958128206
12.160121601216396	9.362965147226348
12.170121701217397	7.163979673815859
12.180121801218398	24.216912412128973
12.190121901219397	15.288821965313726
12.200122001220398	13.947423270581176
12.210122101221398	6.590635961007262
12.220122201222399	-3.23911087039777
12.2301223012234	-7.487763240869285
12.240122401224399	9.319567555271965
12.2501225012254	12.70139431459132
12.2601226012264	8.432738148250051
12.2701227012274	8.460788711325696
12.280122801228401	10.416430601733701
12.2901229012294	19.78939712690553
12.300123001230402	0.5278516931579383
12.310123101231401	3.716648420641942
12.320123201232402	-0.2610406590984626
12.330123301233403	1.6819250050342303
12.340123401234402	4.262940848793827
12.350123501235403	4.222243896883595
12.360123601236403	4.639409708059301
12.370123701237404	7.63890476212007
12.380123801238403	6.683156781424273
12.390123901239404	-5.382479313086816
12.400124001240405	13.626984407019497
12.410124101241404	4.369782776378955
12.420124201242405	4.446183369907179
12.430124301243405	18.15867259462527
12.440124401244406	-1.0717799939196015
12.450124501245407	19.576350545332485
12.460124601246406	3.243282939347231
12.470124701247407	11.394951226759675
12.480124801248406	-0.026423047938686182
12.490124901249407	-7.415438742683663
12.500125001250408	-0.2780706197302275
12.510125101251408	2.6747920668410496
12.520125201252409	21.282451029363767
12.530125301253408	-8.37653402478138
12.540125401254409	25.93344013589035
12.55012550125541	3.706191495591251
12.56012560125641	15.959056092414501
12.57012570125741	7.008303342336778
12.58012580125841	12.488187909880716
12.59012590125941	13.982496558327593
12.600126001260412	4.972586022961254
12.610126101261411	35.01775737747114
12.620126201262412	29.132096515114604
12.630126301263411	16.972031032780247
12.640126401264412	3.1608347711315354
12.650126501265413	27.748833755454495
12.660126601266413	21.652417614211103
12.670126701267414	4.820072733078202
12.680126801268413	13.505624598250133
12.690126901269414	19.684659794381872
12.700127001270415	12.516167314355657
12.710127101271414	32.38117929409914
12.720127201272415	0.6199884198891529
12.730127301273415	13.316481688786642
12.740127401274416	35.06002686998344
12.750127501275417	17.33132988224252
12.760127601276416	20.121271365115557
12.770127701277417	17.20388913083186
12.780127801278416	0.44642776398387624
12.790127901279417	-12.997713752279473
12.800128001280417	0.13670231151191037
12.810128101281418	27.18879512931077
12.820128201282419	6.3081483733729655
12.830128301283418	2.6602899362829895
12.840128401284419	0.9306375394099935
12.850128501285418	15.795887552621704
12.86012860128642	-1.318207078379689
12.87012870128742	17.06985489627607
12.88012880128842	-1.2734693000924138
12.89012890128942	7.216150295341496
12.90012900129042	8.033159662366351
12.910129101291421	2.2737741734688193
12.920129201292422	-1.312490124909596
12.930129301293421	5.053129761846655
12.940129401294422	4.376470340228677
12.950129501295422	5.850444005090567
12.960129601296423	6.359027335738524
12.970129701297424	3.8721964789053933
12.980129801298423	2.9666649158661142
12.990129901299424	8.486495593574846
13.000130001300423	1.0057541594771175
13.010130101301424	18.23927642112253
13.020130201302425	-15.916178856009886
13.030130301303425	7.3027139262904015
13.040130401304426	4.149824367526869
13.050130501305425	8.6815623193497
13.060130601306426	16.941637424388507
13.070130701307427	11.322333019309804
13.080130801308426	5.295476174040245
13.090130901309427	4.106786774725769
13.100131001310427	16.922403715932074
13.110131101311428	-28.442703493373855
13.120131201312429	8.465912430856227
13.130131301313428	28.751771135354254
13.140131401314429	3.9304188241770426
13.150131501315428	11.68730691829753
13.16013160131643	8.256780369321651
13.17013170131743	20.962820291277243
13.18013180131843	-16.560749718841894
13.19013190131943	17.644592845061712
13.20013200132043	-30.516317313272047
13.210132101321431	24.416923366955075
13.220132201322432	29.59562941709665
13.230132301323431	11.102958883207371
13.240132401324432	16.609677350627088
13.250132501325432	-0.9072035803905918
13.260132601326433	23.218977139059966
13.270132701327432	19.457274488351665
13.280132801328433	8.981362838278635
13.290132901329434	7.545764406782776
13.300133001330433	19.920255066586584
13.310133101331434	3.8726770564104243
13.320133201332434	23.586078215601386
13.330133301333435	9.763184805852154
13.340133401334436	18.46833412021714
13.350133501335435	17.475270746485563
13.360133601336436	15.576821967018898
13.370133701337435	-1.8311658697505238
13.380133801338436	-4.062065959097866
13.390133901339437	12.228449976341656
13.400134001340437	10.891544905051742
13.410134101341438	-8.842116122052591
13.420134201342437	16.033829026001683
13.430134301343438	-3.5725253286613894
13.440134401344439	5.416978493403783
13.450134501345438	11.710030815958289
13.46013460134644	9.766326628943702
13.470134701347439	5.538561106197826
13.48013480134844	-7.4600514897394
13.49013490134944	7.057113955782015
13.50013500135044	4.701710496332478
13.510135101351441	3.9956417856494273
13.52013520135244	5.11470639990958
13.530135301353441	4.539787113601121
13.540135401354442	5.623282330388893
13.550135501355442	4.25899150296043
13.560135601356443	9.524647923731719
13.570135701357442	10.813837563941776
13.580135801358443	0.9033192030821141
13.590135901359444	-3.0668898771602144
13.600136001360443	-1.906337103703947
13.610136101361444	5.141377518560959
13.620136201362444	-6.860099337657986
13.630136301363445	13.546609958432112
13.640136401364446	2.795308031985839
13.650136501365445	11.41608215749476
13.660136601366446	6.740014837263512
13.670136701367445	-13.877733931053546
13.680136801368446	14.927618687238807
13.690136901369447	9.024496525036868
13.700137001370447	22.190710606105082
13.710137101371448	-12.755401417396838
13.720137201372447	23.365462492551448
13.730137301373448	15.157085707980984
13.740137401374447	16.784804599776646
13.750137501375448	24.879003182727725
13.76013760137645	-2.7003671573682135
13.770137701377449	12.97760523565274
13.78013780137845	24.538767653549176
13.790137901379449	25.200076791532105
13.80013800138045	9.875543934974615
13.810138101381451	21.888557256809687
13.82013820138245	22.297669996724103
13.830138301383451	11.3230079656509
13.84013840138445	-10.088656789823725
13.850138501385452	9.484879575625921
13.860138601386453	16.82455095283065
13.870138701387452	21.72957182943961
13.880138801388453	8.172601822155505
13.890138901389452	21.39735961353056
13.900139001390453	14.271320546888145
13.910139101391454	14.390450046684544
13.920139201392454	30.15132633390764
13.930139301393455	0.9871267243794362
13.940139401394454	24.84365385556102
13.950139501395455	15.267725349674507
13.960139601396456	10.152769575974643
13.970139701397455	10.415606660353474
13.980139801398456	13.722632422616975
13.990139901399456	8.404079218845856
14.000140001400457	25.088568411824028
14.010140101401458	-8.376179459561271
14.020140201402457	19.34039257794007
14.030140301403458	9.142845416643121
14.040140401404457	16.324928832291715
14.050140501405458	1.8668792128442724
14.06014060140646	11.206059514595468
14.070140701407459	6.878340069774417
14.08014080140846	10.853317949175985
14.090140901409459	5.205849363733797
14.10014100141046	3.169050677043897
14.110141101411461	4.340533644286276
14.12014120141246	4.772437604901187
14.130141301413461	5.608749832731177
14.14014140141446	5.308674423828494
14.150141501415462	4.05024152122979
14.160141601416463	8.189238640346764
14.170141701417462	-15.55154287696854
14.180141801418463	2.6624034325443326
14.190141901419462	-2.997722712018229
14.200142001420463	18.594406608109207
14.210142101421463	15.013119844318437
14.220142201422464	22.6978866780092
14.230142301423465	8.452146787794607
14.240142401424464	23.331668488627297
14.250142501425465	21.615867192414253
14.260142601426464	-16.38498970962369
14.270142701427465	7.804917352687554
14.280142801428466	1.4838045779553388
14.290142901429466	8.623604125485292
14.300143001430467	-23.126503500880908
14.310143101431466	1.5335419975978313
14.320143201432467	17.43742538671933
14.330143301433468	19.77195551164942
14.340143401434467	19.19418156247564
14.350143501435468	12.40521123171562
14.360143601436468	21.066416014129196
14.370143701437469	-1.1705284245979206
14.38014380143847	-12.94396531518084
14.390143901439469	26.869221159794016
14.40014400144047	22.59403815729584
14.41014410144147	6.133520258485371
14.42014420144247	-4.443532636086726
14.430144301443471	-3.6162387114274623
14.44014440144447	3.2936913157019285
14.450144501445472	30.992234000430507
14.460144601446471	0.07133546487788431
14.470144701447472	13.202423158979355
14.480144801448473	10.103845541387528
14.490144901449472	6.194620381749659
14.500145001450473	17.998583596853788
14.510145101451473	-6.856560831056357
14.520145201452474	20.82749225796614
14.530145301453475	-10.695934773607858
14.540145401454474	20.700661608036018
14.550145501455475	5.697988202093933
14.560145601456474	13.931396974837874
14.570145701457475	16.984572990542162
14.580145801458476	1.2719624996598424
14.590145901459476	15.333504696369172
14.600146001460477	-3.0989988343828054
14.610146101461476	7.3802132483329785
14.620146201462477	11.780052549387799
14.630146301463478	14.922354804179948
14.640146401464477	-42.810662359671895
14.650146501465478	1.5095036517413334
14.660146601466478	7.3864355572132325
14.670146701467479	6.8657794557913085
14.680146801468478	3.391599538427743
14.690146901469479	4.0726075820159044
14.70014700147048	3.661049443608961
14.71014710147148	4.23754653157358
14.72014720147248	0.2098992438614648
14.73014730147348	3.165687650934481
14.74014740147448	6.3248922618365775
14.750147501475482	-8.473708477158585
14.760147601476481	8.525970856236567
14.770147701477482	-2.7290647218921014
14.780147801478481	8.020861253529924
14.790147901479482	17.0589827243847
14.800148001480483	10.71349319731246
14.810148101481483	-13.371804968869345
14.820148201482484	-3.6675120773154806
14.830148301483483	0.3632092844928746
14.840148401484484	14.439737160475687
14.850148501485485	1.8173552435039717
14.860148601486484	8.334891606914312
14.870148701487485	6.242678109818385
14.880148801488485	23.663901106105154
14.890148901489486	11.373792745992805
14.900149001490487	22.65521786534167
14.910149101491486	14.444291927198172
14.920149201492487	1.6866120875272241
14.930149301493486	-2.112964442963479
14.940149401494487	20.11334570520866
14.950149501495488	27.42049463711126
14.960149601496488	12.58813238820817
14.970149701497489	29.163600427525573
14.980149801498488	4.502038638196078
14.990149901499489	32.243322200662114
