0.0	nan
0.010000100001000326	-2.619938312364264
0.020000200002000652	5.14461718931184
0.03000030000300098	-4.734047823059464
0.040000400004001305	-12.429353059285743
0.05000050000500163	-5.8929594017424325
0.06000060000600196	-2.2035126253527917
0.07000070000700229	-6.788742728683584
0.08000080000800261	0.34562422603950455
0.09000090000900293	3.4497860697809672
0.10000100001000325	-1.7864395781839784
0.11000110001100359	-0.0514345714138451
0.12000120001200391	1.447235728377657
0.13000130001300425	3.7282550040954967
0.14000140001400457	2.2747938314059706
0.1500015000150049	3.721064823741685
0.16000160001600522	3.928681054781167
0.17000170001700554	4.797056569733186
0.18000180001800586	4.849100829412065
0.1900019000190062	5.706534141763141
0.2000020000200065	0.4269726554389496
0.21000210002100686	7.257548984019206
0.22000220002200718	3.944157780408931
0.2300023000230075	6.106367970793643
0.24000240002400783	4.0523561406457915
0.2500025000250082	5.212478989958937
0.2600026000260085	6.096179353343309
0.2700027000270088	7.144766814353988
0.28000280002800915	6.032723417416792
0.29000290002900947	7.018850029649047
0.3000030000300098	7.510117061961168
0.3100031000310101	7.9335181628504055
0.32000320003201044	9.766877749583925
0.33000330003301076	9.364201281073361
0.3400034000340111	10.01949818982078
0.3500035000350114	10.171565848583061
0.36000360003601173	10.77146945708203
0.37000370003701205	12.41130544088585
0.3800038000380124	12.121029630279354
0.3900039000390127	13.173810965595978
0.400004000040013	12.677411927807805
0.4100041000410134	13.095403462312294
0.4200042000420137	13.221818869480417
0.43000430004301404	13.797244815099086
0.44000440004401437	11.843118141206695
0.4500045000450147	13.137528833777397
0.460004600046015	13.571290930053836
0.47000470004701533	12.796556704389417
0.48000480004801566	12.739645811831691
0.490004900049016	12.315600923504853
0.5000050000500164	13.69777172407116
0.5100051000510166	13.00234000763372
0.520005200052017	13.336162574307034
0.5300053000530173	13.391752024001368
0.5400054000540176	13.426875904251624
0.5500055000550179	13.017513906898417
0.5600056000560183	12.263360454206554
0.5700057000570186	14.366612698353265
0.5800058000580189	15.216076790703905
0.5900059000590192	15.260106548266963
0.6000060000600196	16.359515869855493
0.6100061000610199	16.985945073101128
0.6200062000620202	17.151351322323404
0.6300063000630205	18.24793369413481
0.6400064000640209	18.50691613233856
0.6500065000650213	18.684445188070335
0.6600066000660215	19.098385231850095
0.6700067000670219	19.3329251361519
0.6800068000680222	20.250955961088376
0.6900069000690225	20.193363132773328
0.7000070000700228	20.651253774562953
0.7100071000710232	21.15794095166316
0.7200072000720235	21.92496676523238
0.7300073000730238	22.350303314001593
0.7400074000740241	22.11047486076598
0.7500075000750245	21.677788897184392
0.7600076000760247	23.132796179608327
0.7700077000770251	23.32153913729769
0.7800078000780254	24.484687232057592
0.7900079000790258	24.56980872036324
0.800008000080026	25.238524292616564
0.8100081000810264	25.88775037114089
0.8200082000820268	26.41226438639714
0.8300083000830271	26.688130238537678
0.8400084000840274	27.800297491367704
0.8500085000850277	28.381499690303965
0.8600086000860281	29.009589905699222
0.8700087000870284	29.194814633135415
0.8800088000880287	29.72471308393119
0.890008900089029	30.72802583979985
0.9000090000900294	31.067298307904775
0.9100091000910296	31.651815224877105
0.92000920009203	32.40958027898619
0.9300093000930303	33.07363256441708
0.9400094000940307	33.817638485233985
0.9500095000950309	34.628543332872106
0.9600096000960313	35.35673383498443
0.9700097000970317	36.45912027021191
0.980009800098032	37.54395592041853
0.9900099000990323	35.985430806009006
1.0000100001000327	37.98311230580697
1.0100101001010329	39.192149097498444
1.0200102001020332	42.742526127816774
1.0300103001030336	40.10280895818033
1.040010400104034	40.22501410327711
1.0500105001050342	41.18687602008656
1.0600106001060345	41.32597940447683
1.070010700107035	42.13806439263687
1.0800108001080353	43.02012073241054
1.0900109001090355	43.579484636511474
1.1000110001100358	31.11597152357275
1.1100111001110362	43.432149027038705
1.1200112001120366	44.42557501072451
1.130011300113037	47.32456705946559
1.1400114001140371	47.70800794269503
1.1500115001150375	46.828525914423174
1.1600116001160379	43.84531696151708
1.1700117001170383	48.804531894093216
1.1800118001180384	50.00102130598297
1.1900119001190388	49.98117848192327
1.2000120001200392	51.47868457572888
1.2100121001210395	48.09415617991472
1.2200122001220397	53.29743750647932
1.23001230012304	50.12014176629026
1.2400124001240405	53.29234293483293
1.2500125001250408	54.98196147191115
1.260012600126041	55.500656224595154
1.2700127001270414	57.14510390280799
1.2800128001280418	58.030201711077446
1.2900129001290421	60.61083610785589
1.3000130001300425	59.40886475574288
1.3100131001310427	59.74082709891669
1.320013200132043	66.14674678639796
1.3300133001330434	63.087006031464284
1.3400134001340438	64.61717673701023
1.350013500135044	67.46837546886475
1.3600136001360443	66.63793070221753
1.3700137001370447	66.11899486158282
1.380013800138045	68.55108633428385
1.3900139001390452	67.86470516206845
1.4000140001400456	72.54425019021662
1.410014100141046	63.586432490808114
1.4200142001420464	75.2761689345453
1.4300143001430465	75.90040831540252
1.440014400144047	77.06534336633315
1.4500145001450473	77.25125827392459
1.4600146001460477	80.67613845888388
1.470014700147048	80.59643606686372
1.4800148001480482	83.09884919114295
1.4900149001490486	85.80945472801075
1.500015000150049	85.9895258709437
1.5100151001510493	91.18283028419957
1.5200152001520495	87.59879594410278
1.5300153001530499	89.30003980620639
1.5400154001540503	90.08606863240139
1.5500155001550506	95.98309566344295
1.5600156001560508	95.95049699032131
1.5700157001570512	98.54149293218543
1.5800158001580515	99.53672919976964
1.590015900159052	103.09039997794795
1.600016000160052	104.10426275902338
1.6100161001610525	106.30310287604078
1.6200162001620528	115.70764824881508
1.6300163001630532	107.34811389011188
1.6400164001640536	119.38610693015413
1.6500165001650537	128.74043077179536
1.6600166001660541	66.60817469533508
1.6700167001670545	52.84521610477567
1.6800168001680549	101.30912733456474
1.690016900169055	121.4446845982078
1.7000170001700554	126.34522173775204
1.7100171001710558	109.66977048288929
1.7200172001720562	78.85525663924822
1.7300173001730563	153.74110056834442
1.7400174001740567	130.0649243524265
1.750017500175057	113.79183807513584
1.7600176001760575	115.43467640842645
1.7700177001770578	122.38431850891168
1.780017800178058	112.39108129311138
1.7900179001790584	108.26991059370707
1.8000180001800588	95.72261177613457
1.8100181001810591	106.55840288821602
1.8200182001820593	103.11064777651954
1.8300183001830597	96.1837513470652
1.84001840018406	100.4688472339542
1.8500185001850604	100.42818947911825
1.8600186001860606	105.85184591212862
1.870018700187061	73.97411540225518
1.8800188001880613	101.43627666302143
1.8900189001890617	102.86352407649602
1.9000190001900619	95.58908304150373
1.9100191001910622	94.07643432973225
1.9200192001920626	81.88966654744532
1.930019300193063	106.58857414665019
1.9400194001940634	96.40480688585535
1.9500195001950635	96.92987323133838
1.960019600196064	108.41108143399046
1.9700197001970643	117.50198079423107
1.9800198001980647	107.25843246226236
1.9900199001990648	123.44040425004643
2.0000200002000654	98.72838468611369
2.0100201002010656	114.5375394612476
2.0200202002020657	93.27236406805169
2.0300203002030663	88.78766138991512
2.0400204002040665	89.99725217034374
2.0500205002050667	109.80959371230469
2.0600206002060673	89.39648197637983
2.0700207002070674	73.32745543178991
2.080020800208068	83.31323129194627
2.090020900209068	93.92791644181202
2.1000210002100683	100.33760315711426
2.110021100211069	97.04950510717929
2.120021200212069	85.35284192833761
2.1300213002130697	97.42037841745946
2.14002140021407	82.94593293647424
2.15002150021507	108.28334087270103
2.1600216002160706	77.50425404685724
2.1700217002170707	84.4796460889226
2.180021800218071	90.8155183566703
2.1900219002190715	109.82825529280015
2.2000220002200717	56.49167939046215
2.2100221002210723	97.67147363730432
2.2200222002220724	67.01960755759437
2.2300223002230726	73.39532765274551
2.240022400224073	78.18574798845448
2.2500225002250733	80.50886522628734
2.260022600226074	67.94952187608239
2.270022700227074	38.60132515153518
2.2800228002280742	38.79350279235427
2.290022900229075	59.47932327750774
2.300023000230075	60.48546556397591
2.310023100231075	71.45159008888054
2.3200232002320758	84.30388423609837
2.330023300233076	104.33937738582726
2.3400234002340765	65.95703506979054
2.3500235002350767	71.45412036610243
2.360023600236077	79.40563826185878
2.3700237002370774	101.14496190594693
2.3800238002380776	78.47377534945389
2.3900239002390777	49.391565216288285
2.4000240002400783	80.87389576543697
2.4100241002410785	91.94211306807756
2.420024200242079	95.19586757465802
2.4300243002430792	60.535078784343035
2.4400244002440794	64.38644111281604
2.45002450024508	71.56539464371355
2.46002460024608	81.6019304338128
2.4700247002470808	68.80328988371774
2.480024800248081	80.99934378145053
2.490024900249081	84.3465059149959
2.5000250002500817	87.84425210278435
2.510025100251082	67.77985351717311
2.520025200252082	79.45200636410723
2.5300253002530826	79.56603671803352
2.5400254002540827	84.04254705158142
2.5500255002550833	74.69849042243564
2.5600256002560835	82.14636397596341
2.5700257002570837	87.63046230808642
2.5800258002580843	75.86463410902509
2.5900259002590844	101.35679337684137
2.600026000260085	84.63601550375228
2.610026100261085	86.1727530369228
2.6200262002620853	74.34203198373893
2.630026300263086	47.447238536627935
2.640026400264086	44.724020805438506
2.6500265002650862	56.251464689752105
2.660026600266087	71.52999416409402
2.670026700267087	76.08173491366917
2.6800268002680876	74.74873164601519
2.6900269002690878	66.84679881475584
2.700027000270088	79.13690159833283
2.7100271002710885	70.58506584343921
2.7200272002720887	76.24967693925016
2.7300273002730893	69.34555286962546
2.7400274002740894	65.3687082681961
2.7500275002750896	74.02260832444728
2.76002760027609	69.27170918186745
2.7700277002770903	31.396619383023335
2.7800278002780905	31.835196753263794
2.790027900279091	28.4184423596299
2.8000280002800912	40.380541349077056
2.810028100281092	49.726781415994814
2.820028200282092	51.08435185941567
2.830028300283092	43.20197136583659
2.8400284002840928	18.827968946996517
2.850028500285093	38.84531222166597
2.860028600286093	38.38628175305402
2.8700287002870937	30.403986449222558
2.880028800288094	24.616970736493055
2.8900289002890944	27.58236629095454
2.9000290002900946	25.309950021772103
2.9100291002910947	7.959610548072191
2.9200292002920953	17.136326327835956
2.9300293002930955	41.37123138964605
2.940029400294096	45.320723427560814
2.9500295002950963	34.54915387778967
2.9600296002960964	23.687321685137963
2.970029700297097	49.54605161394161
2.980029800298097	38.03117468221222
2.9900299002990973	42.07909464573818
3.000030000300098	42.751486969574145
3.010030100301098	47.75942105588072
3.0200302003020987	37.94292656213996
3.030030300303099	57.45635985988733
3.040030400304099	43.901422316319426
3.0500305003050996	48.44328295990024
3.0600306003060997	35.02877387258028
3.0700307003071003	45.27256322661
3.0800308003081005	51.040097106050375
3.0900309003091007	16.40474961349365
3.1000310003101013	30.02079072455577
3.1100311003111014	46.23056242185044
3.1200312003121016	59.73811489846594
3.130031300313102	26.15789392897704
3.1400314003141023	46.39409987071973
3.150031500315103	26.477451575416584
3.160031600316103	42.712565396880066
3.1700317003171032	27.741742838998945
3.180031800318104	73.9633183241807
3.190031900319104	28.657036223736913
3.200032000320104	61.432908216199124
3.2100321003211048	66.35190206541708
3.220032200322105	38.36322860191903
3.2300323003231055	51.117458755584806
3.2400324003241057	48.82853074603596
3.250032500325106	46.36892342383676
3.2600326003261064	63.954345997351886
3.2700327003271066	48.88182581655333
3.280032800328107	49.675956129387764
3.2900329003291073	44.388644179824496
3.3000330003301075	43.11266817094909
3.310033100331108	46.25142276098611
3.3200332003321082	52.11385775265035
3.3300333003331084	30.406759566276378
3.340033400334109	39.2902625662986
3.350033500335109	52.600025022869524
3.3600336003361098	54.87366328969945
3.37003370033711	39.49908843568836
3.38003380033811	36.0816647642197
3.3900339003391107	47.96710728456793
3.400034000340111	53.696740799012105
3.4100341003411114	34.264298408223105
3.4200342003421116	13.383507982567881
3.4300343003431117	35.44997324903317
3.4400344003441123	39.24768904876401
3.4500345003451125	31.994784720069934
3.4600346003461127	24.959357320605275
3.4700347003471133	20.014338201171224
3.4800348003481134	27.16442689095876
3.490034900349114	21.51590715061229
3.500035000350114	27.01579722939972
3.5100351003511143	39.94073717158829
3.520035200352115	38.43467603450848
3.530035300353115	31.88784857272168
3.5400354003541157	10.008602240668692
3.550035500355116	50.8763553208227
3.560035600356116	47.31252700871995
3.5700357003571166	46.168787302407736
3.5800358003581167	40.7702743109389
3.590035900359117	49.24212057792481
3.6000360003601175	41.16160307368149
3.6100361003611177	45.19729733121344
3.6200362003621183	47.50057391394056
3.6300363003631184	40.19149668358616
3.6400364003641186	48.68310533548779
3.650036500365119	33.29144194890597
3.6600366003661193	37.13471540089713
3.6700367003671195	17.539295564713406
3.68003680036812	41.27027252129933
3.6900369003691202	45.802874939181685
3.700037000370121	51.48884115023039
3.710037100371121	58.35388621743592
3.720037200372121	63.082574737722425
3.7300373003731218	22.185932531718063
3.740037400374122	67.67088728683184
3.7500375003751225	68.9505949748798
3.7600376003761227	59.52699788998251
3.770037700377123	53.13067684632513
3.7800378003781234	60.67002755329778
3.7900379003791236	61.24959394655028
3.8000380003801237	42.17576542583303
3.8100381003811243	54.780454376117426
3.8200382003821245	3.943216165395077
3.830038300383125	65.4047670207544
3.8400384003841253	33.06463011066129
3.8500385003851254	66.57596182693825
3.860038600386126	59.50621099659074
3.870038700387126	45.67836840134857
3.8800388003881268	34.46356441656606
3.890038900389127	53.84119762471111
3.900039000390127	44.72583538767116
3.9100391003911277	43.63444542447253
3.920039200392128	44.99169837573214
3.930039300393128	49.12370545108036
3.9400394003941286	44.2790150035844
3.9500395003951287	34.541530054053396
3.9600396003961293	36.89182937436819
3.9700397003971295	15.571816877648601
3.9800398003981297	24.975256155434224
3.9900399003991303	26.982456036033547
4.000040000400131	28.351651138340785
4.010040100401131	31.767992769308258
4.020040200402131	-3.0917469581557038
4.030040300403131	20.110615748930016
4.0400404004041315	38.20732759841575
4.0500405004051325	32.40682718216898
4.060040600406133	22.63722099837868
4.070040700407133	23.25521368636785
4.080040800408133	23.946963340430674
4.090040900409133	16.506107363251182
4.100041000410133	21.171963586236817
4.110041100411134	28.10643341585993
4.1200412004121345	37.27510801734031
4.130041300413135	11.761783370909935
4.140041400414135	21.985321892679575
4.150041500415135	29.38632035164979
4.160041600416136	34.88704253427374
4.170041700417136	29.937072466953715
4.180041800418136	45.16600034685873
4.1900419004191365	6.400929149310245
4.200042000420137	53.14445517025923
4.210042100421138	34.56573607983503
4.220042200422138	-18.979961664094404
4.230042300423138	45.494111931502985
4.240042400424138	41.55767688783736
4.250042500425138	35.55631920975946
4.260042600426139	32.927738266407154
4.2700427004271395	33.74913945872168
4.28004280042814	27.766651457387916
4.29004290042914	23.373834037668967
4.30004300043014	25.947367988206533
4.31004310043114	34.060706874598104
4.320043200432141	42.37591408552733
4.330043300433141	25.852482066130758
4.3400434004341415	43.024500654626756
4.350043500435142	38.391646938932816
4.360043600436142	48.71527762153431
4.370043700437143	40.84418584480859
4.380043800438143	33.86079026043652
4.390043900439143	54.8551148614316
4.400044000440143	44.69499242793115
4.4100441004411435	40.5646714194632
4.4200442004421445	43.62529877833901
4.430044300443145	42.16728079296946
4.440044400444145	47.53003982025147
4.450044500445145	44.982400002930326
4.460044600446145	36.76832880547155
4.470044700447146	49.349556013497185
4.480044800448146	24.824424481985968
4.4900449004491465	21.61250008892517
4.500045000450147	29.878180053292624
4.510045100451147	41.44609497037461
4.520045200452148	19.39018729721352
4.530045300453148	20.7661191314948
4.540045400454148	37.21791205526039
4.550045500455148	12.545419503305936
4.5600456004561485	39.32603158931126
4.570045700457149	4.154371178882897
4.58004580045815	32.213409296050855
4.59004590045915	40.19803700966587
4.60004600046015	18.651985827369522
4.61004610046115	20.887461896093846
4.62004620046215	19.85874158332863
4.630046300463151	32.797160197436696
4.6400464004641515	31.0820228187084
4.650046500465152	26.791212720479322
4.660046600466152	23.2444551988325
4.670046700467152	24.096185881429378
4.680046800468153	23.506357521678428
4.690046900469153	23.04521879050952
4.700047000470153	29.06166479619203
4.7100471004711535	27.897689073386495
4.720047200472154	31.21391230553774
4.730047300473155	23.534691771445836
4.740047400474155	25.435881385501794
4.750047500475155	23.74037882924087
4.760047600476155	33.20667278425202
4.770047700477155	37.105182319214144
4.7800478004781555	30.77412649103354
4.7900479004791565	35.07416792344862
4.800048000480157	37.44713561461665
4.810048100481157	26.337766252265514
4.820048200482157	29.979540829869894
4.830048300483157	10.274970882905038
4.840048400484158	43.312325665614935
4.850048500485158	32.042207415988706
4.8600486004861585	12.255812688778036
4.870048700487159	44.96821531959319
4.880048800488159	28.915059798020458
4.89004890048916	23.308703140218523
4.90004900049016	26.35757304681676
4.91004910049116	39.7824062782267
4.92004920049216	22.20390587328476
4.9300493004931605	25.8071253748977
4.9400494004941615	49.00039088539899
4.950049500495162	44.52419545151033
4.960049600496162	17.29183512399632
4.970049700497162	32.28400086770261
4.980049800498162	16.89642231163121
4.990049900499163	44.8965917435598
5.000050000500163	36.730582582092524
5.0100501005011635	35.71653258078891
5.020050200502164	48.08320099335443
5.030050300503164	42.69390909627398
5.040050400504164	40.007808289182464
5.050050500505165	32.91292592118494
5.060050600506165	24.705847072528055
5.070050700507165	26.93505804876124
5.0800508005081655	42.75221378976423
5.090050900509166	46.58453554443231
5.100051000510167	38.21642377129622
5.110051100511167	44.24638839540566
5.120051200512167	16.261055739897024
5.130051300513167	37.694230938672106
5.140051400514167	38.3895988438208
5.150051500515168	8.053897284851708
5.1600516005161685	8.94458705146244
5.170051700517169	28.09387992121679
5.180051800518169	36.3124811059965
5.190051900519169	15.852096333033218
5.20005200052017	24.592419590706314
5.21005210052117	7.494862737861852
5.22005220052217	31.290524749684046
5.2300523005231705	27.62676154856527
5.240052400524171	24.201971126926633
5.250052500525171	26.621026244404785
5.260052600526172	24.198773320785772
5.270052700527172	24.073920829770017
5.280052800528172	21.87316436743414
5.290052900529172	9.104364167219243
5.3000530005301725	22.60128575214679
5.3100531005311735	14.73944340794451
5.320053200532174	29.33435925762693
5.330053300533174	33.71843754549519
5.340053400534174	27.695576697514213
5.350053500535174	36.833269326757716
5.360053600536175	16.760930653850238
5.370053700537175	27.47004188012553
5.3800538005381755	25.117211020955235
5.390053900539176	34.819638302929306
5.400054000540176	38.951522696757294
5.410054100541177	35.081044673329465
5.420054200542177	37.48724240814006
5.430054300543177	33.03132231479063
5.440054400544177	34.31843197102891
5.4500545005451775	34.0691711173432
5.4600546005461785	48.71116223812223
5.470054700547179	32.93111914934253
5.480054800548179	32.9443591441548
5.490054900549179	22.78214304746164
5.500055000550179	42.5423433135574
5.510055100551179	24.90502758844631
5.52005520055218	41.13978384451418
5.5300553005531805	28.21476835159683
5.540055400554181	21.836407152195612
5.550055500555181	18.652923430968627
5.560055600556181	32.97716592898345
5.570055700557182	22.918593473615815
5.580055800558182	34.02170241711625
5.590055900559182	45.056533997876734
5.6000560005601825	29.038435959400992
5.610056100561183	47.21218491371886
5.620056200562184	34.47812957297131
5.630056300563184	37.00064503874888
5.640056400564184	50.75808015724354
5.650056500565184	12.63952215511782
5.660056600566184	45.34440227288098
5.670056700567185	32.5720108270688
5.6800568005681855	40.15081090091433
5.690056900569186	32.77623747906758
5.700057000570186	22.398429593438035
5.710057100571186	32.036400114996894
5.720057200572186	43.985662363683616
5.730057300573187	30.49009035422379
5.740057400574187	29.875350737076612
5.7500575005751875	35.488969366793405
5.760057600576188	29.40182968028062
5.770057700577188	15.714605732741346
5.780057800578189	16.902241708812127
5.790057900579189	28.825519045693593
5.800058000580189	33.249567633809264
5.810058100581189	15.733168860170078
5.8200582005821895	6.413424932990178
5.8300583005831905	21.773820339650936
5.840058400584191	25.971987942536803
5.850058500585191	23.578674356448765
5.860058600586191	22.9556830222572
5.870058700587191	24.123265992663132
5.880058800588192	26.737573748650313
5.890058900589192	27.699915657194214
5.9000590005901925	23.321357069437486
5.910059100591193	12.152298207067432
5.920059200592193	34.99092588448816
5.930059300593194	12.615027744332037
5.940059400594194	12.310622481149181
5.950059500595194	34.398443914031795
5.960059600596194	44.68354499128003
5.9700597005971945	14.779032668261282
5.980059800598195	28.609982536996032
5.990059900599196	38.80398851242998
6.000060000600196	21.785432311958843
6.010060100601196	40.07717931195562
6.020060200602196	32.31136068193051
6.030060300603196	44.73640781150363
6.040060400604197	21.112377278036988
6.0500605006051975	41.20190819142619
6.060060600606198	35.17043628940525
6.070060700607198	48.55581204043775
6.080060800608198	14.82821457810237
6.090060900609199	1.3732373943278655
6.100061000610199	23.45520984852615
6.110061100611199	36.951671073993985
6.1200612006121995	35.76091271074186
6.1300613006132	23.138080121415616
6.140061400614201	44.08243042314591
6.150061500615201	25.41207279276705
6.160061600616201	52.92590160621037
6.170061700617201	28.116327679344863
6.180061800618201	27.797643038567454
6.1900619006192015	46.710082018683345
6.2000620006202025	44.00134636447541
6.210062100621203	32.91755681424034
6.220062200622203	42.7810446754876
6.230062300623203	23.69905781536327
6.240062400624203	21.824730260738374
6.250062500625204	36.25253782028755
6.260062600626204	25.638612052679566
6.2700627006272045	38.19718542285374
6.280062800628205	37.848022219142685
6.290062900629205	45.99565454450174
6.300063000630206	14.183100688652067
6.310063100631206	16.46512380922103
6.320063200632206	23.099041133017458
6.330063300633206	34.759020547855016
6.3400634006342065	38.778285362692095
6.3500635006352075	40.39436341894537
6.360063600636208	28.139357830314367
6.370063700637208	31.983695214301267
6.380063800638208	12.045979203665485
6.390063900639208	9.173366460082503
6.400064000640208	25.864316034065997
6.410064100641209	23.13725140955296
6.4200642006422095	15.527778076148394
6.43006430064321	22.817773750958654
6.44006440064421	21.668110596589695
6.45006450064521	21.937843272751792
6.460064600646211	19.81364936710065
6.470064700647211	19.932224065829505
6.480064800648211	26.73392502565051
6.4900649006492115	20.245865463683426
6.500065000650212	9.919822324891028
6.510065100651213	33.9613723643582
6.520065200652213	19.227541335068345
6.530065300653213	29.850051659176476
6.540065400654213	34.20188988336554
6.550065500655213	33.33162487412301
6.560065600656214	28.92420699568635
6.5700657006572145	15.907624484781843
6.580065800658215	10.132421523942629
6.590065900659215	23.705350075287992
6.600066000660215	41.07075231307522
6.610066100661216	39.624451887987284
6.620066200662216	27.677075634192374
6.630066300663216	20.997465012921094
6.6400664006642165	35.54018684273068
6.650066500665217	-3.393796274418004
6.660066600666217	37.04620712224308
6.670066700667218	26.071027846018755
6.680066800668218	46.81413688894356
6.690066900669218	34.15648042946201
6.700067000670218	35.27919556513873
6.7100671006712185	8.15339277432628
6.7200672006722195	36.41564075633121
6.73006730067322	20.030204573302537
6.74006740067422	35.795516219408896
6.75006750067522	5.705954214851706
6.76006760067622	41.51149062208931
6.770067700677221	47.30227010757402
6.780067800678221	38.93746932896827
6.7900679006792215	49.658082768838106
6.800068000680222	21.0111605379222
6.810068100681222	35.838518692468995
6.820068200682223	20.46060559506766
6.830068300683223	27.59197701689158
6.840068400684223	37.652693440737835
6.850068500685223	25.13990467522522
6.8600686006862235	19.60493019933952
6.870068700687224	25.3090768479535
6.880068800688225	27.32899768143676
6.890068900689225	9.89772076597231
6.900069000690225	19.825094690948333
6.910069100691225	49.741321068752995
6.920069200692225	30.817123115449565
6.930069300693226	32.158784989281294
6.9400694006942265	24.841445881909095
6.950069500695227	23.96143184213037
6.960069600696227	18.356530649257564
6.970069700697227	28.306730259483484
6.980069800698228	20.73498314778958
6.990069900699228	23.415771299353327
7.000070000700228	23.612175696089533
7.0100701007012285	23.953351972365162
7.020070200702229	21.80664654064146
7.03007030070323	24.247458766910576
7.04007040070423	23.084338818633935
7.05007050070523	23.718061588480104
7.06007060070623	31.27653585183269
7.07007070070723	20.02911631426009
7.080070800708231	32.0833463696215
7.0900709007092315	14.84352094342497
7.100071000710232	12.34885136131225
7.110071100711232	-3.2515970341593943
7.120071200712232	19.031399132686335
7.130071300713232	16.45788091497859
7.140071400714233	16.55047286698817
7.150071500715233	26.84122286859325
7.1600716007162335	30.32672701863582
7.170071700717234	31.099970865186933
7.180071800718234	30.563532823291236
7.190071900719235	45.06594055617317
7.200072000720235	29.34030217924731
7.210072100721235	46.302697270047084
7.220072200722235	30.9848052476238
7.2300723007232355	41.52687209359211
7.2400724007242365	25.540796840120876
7.250072500725237	34.72553463257434
7.260072600726237	23.78105618538995
7.270072700727237	39.47549144373497
7.280072800728237	12.8658161313233
7.290072900729238	34.8648379386481
7.300073000730238	6.940110526952537
7.3100731007312385	26.029047072210002
7.320073200732239	49.521171511746765
7.330073300733239	25.690833716990564
7.340073400734239	45.524546010678826
7.35007350073524	40.205863403489886
7.36007360073624	52.24426506168103
7.37007370073724	14.166157284389278
7.3800738007382405	27.26611883797678
7.390073900739241	41.40070864626875
7.400074000740242	47.5373594119522
7.410074100741242	39.79808738293607
7.420074200742242	18.877594848024565
7.430074300743242	31.108482973181932
7.440074400744242	30.262571092513394
7.450074500745243	24.193741649356244
7.4600746007462435	37.740929229731584
7.470074700747244	22.483585609364408
7.480074800748244	35.38695896211859
7.490074900749244	36.6585115091733
7.500075000750245	36.02070904242772
7.510075100751245	34.34952618437749
7.520075200752245	8.802750921116344
7.5300753007532455	8.52713874869614
7.540075400754246	25.988468220929352
7.550075500755247	11.60601441408875
7.560075600756247	36.551526132117026
7.570075700757247	16.588518906566918
7.580075800758247	24.852861618370895
7.590075900759247	27.44121358062446
7.6000760007602475	21.046181729247884
7.6100761007612485	25.94522742181247
7.620076200762249	24.059968939254485
7.630076300763249	22.935923523986094
7.640076400764249	22.702496705652404
7.650076500765249	22.01382067183576
7.66007660076625	28.058790189182243
7.67007670076725	26.87050804907733
7.6800768007682505	15.103683394728906
7.690076900769251	30.08308664975123
7.700077000770251	11.473722836086305
7.710077100771252	12.552832601236924
7.720077200772252	27.578370589344708
7.730077300773252	29.099221376828464
7.740077400774252	31.989413776156923
7.7500775007752525	36.28265591889819
7.7600776007762535	38.103780894710525
7.770077700777254	39.83759922039646
7.780077800778254	-0.8634497059260263
7.790077900779254	12.89851691431785
7.800078000780254	37.80082042185655
7.810078100781254	30.01080962197901
7.820078200782255	34.87810655660358
7.8300783007832555	18.618110017857795
7.840078400784256	21.289798494949036
7.850078500785256	26.684644459642005
7.860078600786256	12.328745678399613
7.870078700787257	21.541166554651394
7.880078800788257	33.75730493397035
7.890078900789257	32.710802383411014
7.9000790007902575	16.118799738059167
7.910079100791258	41.903771851383624
7.920079200792259	44.408062204036106
7.930079300793259	20.839606530506376
7.940079400794259	33.397946850708166
7.950079500795259	31.269066349517622
7.960079600796259	-7.393458923734893
7.97007970079726	32.370984075760774
7.9800798007982605	48.61698230163228
7.990079900799261	22.100261808204092
8.000080000800262	44.55363064675247
8.010080100801261	33.055241091922426
8.020080200802262	1.8504938610566581
8.030080300803261	22.450967721182348
8.040080400804262	28.337006362667207
8.050080500805263	45.42809820974283
8.060080600806263	34.551138710916604
8.070080700807264	41.87919674113586
8.080080800808263	33.15956865455008
8.090080900809264	21.51548908261324
8.100081000810265	24.84141438175607
8.110081100811264	17.432702574133078
8.120081200812265	18.850832582586648
8.130081300813265	31.598116081743647
8.140081400814266	20.064272691299983
8.150081500815265	31.061912446744106
8.160081600816266	24.33837982938571
8.170081700817267	30.923998995592626
8.180081800818266	14.472163651535904
8.190081900819267	21.654567261338734
8.200082000820267	26.981595140822282
8.210082100821268	19.66563406620413
8.220082200822269	21.824712352869476
8.230082300823268	18.502315752849064
8.240082400824269	25.765793931452038
8.250082500825268	14.878334671128544
8.26008260082627	17.373774719948223
8.27008270082727	29.24984257895494
8.28008280082827	15.255471352161235
8.29008290082927	24.776733441886158
8.30008300083027	19.556604402422547
8.310083100831271	17.624257483913006
8.320083200832272	24.02875152115072
8.330083300833271	43.11559490049118
8.340083400834272	31.66304839569326
8.350083500835272	37.76803159125037
8.360083600836273	2.579870378924003
8.370083700837274	32.533922187306345
8.380083800838273	35.76009000126095
8.390083900839274	32.908450121169274
8.400084000840273	35.069166740689695
8.410084100841274	36.917814175198444
8.420084200842275	48.79197805828883
8.430084300843275	28.06410791793904
8.440084400844276	41.63439464831944
8.450084500845275	52.448338594775244
8.460084600846276	49.85928369286284
8.470084700847277	14.290680217197846
8.480084800848276	36.1587817769275
8.490084900849277	10.009892655464498
8.500085000850277	38.80817274003312
8.510085100851278	16.00295048885194
8.520085200852279	39.433132058732006
8.530085300853278	31.431875264942448
8.540085400854279	38.9544839168257
8.550085500855278	23.233483411541165
8.56008560085628	43.4478845422976
8.57008570085728	32.67672010493667
8.58008580085828	17.859894247440263
8.59008590085928	22.39039384563728
8.60008600086028	19.128315200120575
8.610086100861281	5.848990010493183
8.62008620086228	10.366354277806398
8.630086300863281	40.33695976726659
8.640086400864282	39.1306351297404
8.650086500865282	29.59675466921698
8.660086600866283	41.261346751353116
8.670086700867282	43.4788460907322
8.680086800868283	21.80966907427143
8.690086900869284	23.227010334667863
8.700087000870283	1.4690062728472109
8.710087100871284	28.827358581617545
8.720087200872284	28.878475073373547
8.730087300873285	1.2949142866648162
8.740087400874286	28.329870852464587
8.750087500875285	4.491334909627439
8.760087600876286	22.133700757852086
8.770087700877285	24.876853654551375
8.780087800878286	20.41888777411962
8.790087900879287	26.889668047780507
8.800088000880287	23.84827135112226
8.810088100881288	23.181151487640147
8.820088200882287	21.64145336601856
8.830088300883288	25.47190848046249
8.840088400884289	22.37175262163289
8.850088500885288	18.21281303886694
8.86008860088629	25.4014693599279
8.870088700887289	13.10864693100742
8.88008880088829	8.832429568725063
8.89008890088929	21.43344432270052
8.90008900089029	30.639325461313792
8.910089100891291	-6.916010400952031
8.92008920089229	21.205559373897394
8.930089300893291	27.212764043208836
8.940089400894292	37.33525161867734
8.950089500895292	40.54799616665922
8.960089600896293	35.842847220765854
8.970089700897292	18.996393520748068
8.980089800898293	-23.2449306699657
8.990089900899294	16.123441410436776
9.000090000900293	33.566818645652134
9.010090100901294	39.58919250125724
9.020090200902294	27.56721768598608
9.030090300903295	23.52855172781233
9.040090400904296	23.089102725184325
9.050090500905295	30.50626501251547
9.060090600906296	23.70825500151001
9.070090700907295	36.356524235272225
9.080090800908296	12.832274846448286
9.090090900909296	45.20712295529921
9.100091000910297	30.177484581458764
9.110091100911298	30.178594489627635
9.120091200912297	36.02834078127599
9.130091300913298	37.84425116058067
9.140091400914297	42.30841109952632
9.150091500915298	49.80294726749619
9.1600916009163	29.73797695159284
9.170091700917299	14.515898522103532
9.1800918009183	44.681311997255854
9.190091900919299	18.48955541857298
9.2000920009203	23.250516491395437
9.210092100921301	31.398384397438893
9.2200922009223	20.28098005624245
9.230092300923301	26.331834349878307
9.2400924009243	41.96845715318221
9.250092500925302	37.57221409163398
9.260092600926303	27.98246897948681
9.270092700927302	32.931987579495704
9.280092800928303	23.976135803468225
9.290092900929302	18.202529595453537
9.300093000930303	26.37757173770337
9.310093100931304	22.637314733838465
9.320093200932304	4.1699202882347075
9.330093300933305	11.777947885638575
9.340093400934304	28.191730180461118
9.350093500935305	31.292083161092624
9.360093600936306	16.5050620545626
9.370093700937305	24.83982256271115
9.380093800938306	18.361883901563758
9.390093900939306	20.43084683116187
9.400094000940307	21.13530358215876
9.410094100941308	21.5824697926557
9.420094200942307	20.891002556690015
9.430094300943308	21.240627687882935
9.440094400944307	25.73573997196489
9.450094500945308	18.242482690867195
9.46009460094631	31.95821114396529
9.470094700947309	20.235506112985988
9.48009480094831	26.74655839517227
9.490094900949309	7.70943312261211
9.50009500095031	31.384259923194186
9.510095100951311	37.8781105279606
9.52009520095231	-10.51845031750398
9.530095300953311	26.42719588674159
9.54009540095431	37.300149078648154
9.550095500955312	40.89975544383942
9.560095600956311	29.55191150925394
9.570095700957312	30.699854071009483
9.580095800958313	20.796173640405083
9.590095900959312	20.88797795243634
9.600096000960313	13.637775433358543
9.610096100961313	41.392546670372184
9.620096200962314	43.127061877267295
9.630096300963315	38.26611019471134
9.640096400964314	42.550067451360064
9.650096500965315	40.985956145909086
9.660096600966314	33.26292021421197
9.670096700967315	13.637350552487426
9.680096800968316	39.41103296374541
9.690096900969316	44.15483870493421
9.700097000970317	46.346788485944856
9.710097100971316	49.28402053479989
9.720097200972317	17.38427154259391
9.730097300973318	0.7152693426698622
9.740097400974317	25.790339269761994
9.750097500975318	43.215817281125496
9.760097600976318	26.188406741845338
9.770097700977319	14.734930236466715
9.78009780097832	28.34801890884703
9.790097900979319	7.546776741666947
9.80009800098032	15.545171901769875
9.81009810098132	38.694357222227204
9.82009820098232	33.853902978862514
9.830098300983321	38.54779244154139
9.84009840098432	41.18716874093067
9.850098500985322	4.281222422922136
9.860098600986321	38.40204676196676
9.870098700987322	31.143686439226173
9.880098800988323	13.244370782129073
9.890098900989322	24.938655766078533
9.900099000990323	25.951472081899105
9.910099100991323	24.007519318730374
9.920099200992324	17.892685282747955
9.930099300993325	31.52081725395209
9.940099400994324	24.56490424051914
9.950099500995325	24.815061039605016
9.960099600996324	29.046057332039396
9.970099700997325	24.69507535848489
9.980099800998326	22.92805502849097
9.990099900999326	23.743080224615394
10.000100001000327	24.546422479350586
10.010100101001326	17.680997427523252
10.020100201002327	27.35127203573984
10.030100301003326	30.941617625602532
10.040100401004327	26.58765818397764
10.050100501005328	32.09353369205391
10.060100601006328	31.45996146340858
10.070100701007329	32.28961934442799
10.080100801008328	13.741122154467133
10.090100901009329	15.911015549922247
10.10010100101033	16.77950824822063
10.11010110101133	32.620487881056484
10.12010120101233	33.91314849247415
10.13010130101333	27.388735805684604
10.14010140101433	44.41752878765777
10.150101501015332	12.107682664220308
10.160101601016331	-5.745315013749984
10.170101701017332	26.881211220639656
10.180101801018331	39.43402887208498
10.190101901019332	38.23459677257418
10.200102001020333	24.638450112195915
10.210102101021333	17.137495767308728
10.220102201022334	34.229208483571945
10.230102301023333	34.2766125947444
10.240102401024334	45.76601593079785
10.250102501025335	20.87257552019627
10.260102601026334	41.03869218282167
10.270102701027335	37.44623204427824
10.280102801028335	37.339954352355974
10.290102901029336	31.310565409083488
10.300103001030337	24.319685878104593
10.310103101031336	23.374424240658655
10.320103201032337	32.97114019335604
10.330103301033336	35.20268129178469
10.340103401034337	34.9381972687379
10.350103501035338	37.968489845888456
10.360103601036338	30.53084937066753
10.370103701037339	33.684671348267486
10.380103801038338	17.37264639958298
10.390103901039339	6.475526543532559
10.40010400104034	16.68999408940977
10.41010410104134	8.107724807826422
10.42010420104234	39.18483832269975
10.43010430104334	17.817859718144884
10.44010440104434	39.517755731951176
10.450104501045342	14.10581121898557
10.460104601046341	24.74372596275493
10.470104701047342	21.998798644360903
10.480104801048341	25.101116960790414
10.490104901049342	36.175473444535974
10.500105001050342	27.355756048517208
10.510105101051343	33.8308416973391
10.520105201052344	15.976944087449727
10.530105301053343	24.114944527198904
10.540105401054344	25.34191904318309
10.550105501055343	30.303894239072164
10.560105601056344	21.112613962770784
10.570105701057345	24.964518511134465
10.580105801058345	21.929162350114222
10.590105901059346	23.90870221598642
10.600106001060345	25.28171554326237
10.610106101061346	18.999089905772554
10.620106201062347	25.58721954228935
10.630106301063346	20.51146736855952
10.640106401064347	23.873140026292003
10.650106501065347	8.865510915571125
10.660106601066348	27.801862577265258
10.670106701067349	-27.765004855128833
10.680106801068348	4.365047457726791
10.690106901069349	26.8539462526231
10.700107001070348	34.254360155326644
10.71010710107135	33.83502194379399
10.72010720107235	-14.990800153437775
10.73010730107335	31.579508290170395
10.74010740107435	29.176705085881192
10.75010750107535	32.59249527611027
10.760107601076351	37.01067889725819
10.770107701077352	34.86800124164345
10.780107801078351	23.615042678597362
10.790107901079352	32.25769673366498
10.800108001080352	36.22326455214967
10.810108101081353	32.28339258923132
10.820108201082354	44.48312249317879
10.830108301083353	45.98798634860613
10.840108401084354	43.952403724590816
10.850108501085353	33.669487858305686
10.860108601086354	18.553850750445644
10.870108701087355	13.80678510953746
10.880108801088355	38.40194924411379
10.890108901089356	24.955082866977232
10.900109001090355	37.395502736704145
10.910109101091356	22.89259731668346
10.920109201092357	13.69009925439912
10.930109301093356	34.161828167787725
10.940109401094357	45.75754959699201
10.950109501095357	29.329492133798684
10.960109601096358	8.96606671233149
10.970109701097357	29.20565833988082
10.980109801098358	40.22358724213524
10.990109901099359	21.34359948940854
11.000110001100358	24.47254854033
11.01011010110136	38.945792525468235
11.020110201102359	21.017084784759597
11.03011030110336	24.974443429927746
11.04011040110436	2.916070551720043
11.05011050110536	26.57917642112608
11.060110601106361	10.143977113429836
11.07011070110736	16.415006599372497
11.080110801108361	12.023494201569932
11.090110901109362	33.69712184367687
11.100111001110362	36.584427207182
11.110111101111363	20.73647710794484
11.120111201112362	29.696717249087882
11.130111301113363	19.252576756981963
11.140111401114364	18.444850465581986
11.150111501115363	20.64393593118767
11.160111601116364	19.347012139751822
11.170111701117364	20.55799289179271
11.180111801118365	20.493867152230173
11.190111901119366	16.44384109341264
11.200112001120365	18.532216749142556
11.210112101121366	27.352424983001498
11.220112201122365	33.27483838518709
11.230112301123366	27.26315746062088
11.240112401124367	14.889268849518267
11.250112501125367	16.103006256901164
11.260112601126368	28.481846197556855
11.270112701127367	18.948269838226626
11.280112801128368	26.74935837592222
11.290112901129369	43.93554219002506
11.300113001130368	21.50300450910193
11.31011310113137	41.02845076513695
11.320113201132369	18.43522219250298
11.33011330113337	43.94794965126938
11.34011340113437	43.42812660527365
11.35011350113537	16.143700486051493
11.360113601136371	39.88570066700805
11.37011370113737	11.752006593797505
11.380113801138371	33.229590516006624
11.390113901139372	23.114773472076745
11.400114001140372	34.843735898080645
11.410114101141373	12.47241054296592
11.420114201142372	35.86021882297012
11.430114301143373	-8.372237933533054
11.440114401144372	37.8486028139786
11.450114501145373	36.36455317680339
11.460114601146374	39.47280489656122
11.470114701147374	39.46729661971601
11.480114801148375	27.335457085659037
11.490114901149374	22.138599080058743
11.500115001150375	32.35608493747261
11.510115101151376	43.199653706316695
11.520115201152375	35.67294512334123
11.530115301153376	33.631449563262954
11.540115401154376	19.33308003213749
11.550115501155377	7.904795156235832
11.560115601156378	30.407346245960014
11.570115701157377	39.21955799214601
11.580115801158378	3.840298565395991
11.590115901159377	39.454819909087604
11.600116001160378	21.06990668382688
11.61011610116138	8.964520614732882
11.620116201162379	29.896983207441487
11.63011630116338	24.08875827551591
11.640116401164379	18.272430209783565
11.65011650116538	31.96428822138002
11.660116601166381	29.576738456384223
11.67011670116738	25.720516352280843
11.680116801168381	33.455896178596966
11.69011690116938	25.966559286544076
11.700117001170382	27.845523280698767
11.710117101171383	26.14608222706464
11.720117201172382	30.34967607735117
11.730117301173383	27.446028139439182
11.740117401174382	18.96386406871671
11.750117501175383	23.416145243453652
11.760117601176384	23.26775168043784
11.770117701177384	25.309528077257866
11.780117801178385	23.889301939196947
11.790117901179384	24.724157167703368
11.800118001180385	12.09775071778852
11.810118101181386	21.42098645669483
11.820118201182385	29.506217467470734
11.830118301183386	16.346011888893507
11.840118401184386	19.19180939861209
11.850118501185387	31.16165214344388
11.860118601186388	37.42250082726514
11.870118701187387	28.118733243504682
11.880118801188388	11.92190779570936
11.890118901189387	40.121644087197204
11.900119001190388	4.063281411229769
11.910119101191388	32.34528178304158
11.920119201192389	25.69151866085183
11.93011930119339	43.008413219446986
11.940119401194389	4.030522098328728
11.95011950119539	31.562715296346934
11.96011960119639	41.548658282907034
11.97011970119739	31.723275242498282
11.980119801198391	39.87258962173751
11.99011990119939	50.50768426919028
12.000120001200392	27.758868794053296
12.010120101201391	21.32203774507462
12.020120201202392	40.46202154629195
12.030120301203393	27.6991036954651
12.040120401204392	28.70623820886538
12.050120501205393	35.93957586381839
12.060120601206393	41.96811827602231
12.070120701207394	5.501605311955529
12.080120801208395	29.66123018563772
12.090120901209394	35.52712154962356
12.100121001210395	50.91109293339011
12.110121101211394	14.306342160594186
12.120121201212395	41.10901872637176
12.130121301213396	45.515085803658515
12.140121401214396	17.80171230832607
12.150121501215397	31.523662466721916
12.160121601216396	28.376291574411606
12.170121701217397	25.252408320342447
12.180121801218398	43.60111367415704
12.190121901219397	34.47814818249017
12.200122001220398	33.04850640131325
12.210122101221398	24.200741804082245
12.220122201222399	14.255277878019948
12.2301223012234	10.5547973378397
12.240122401224399	27.351125988440526
12.2501225012254	31.29379336082341
12.2601226012264	28.053404175525213
12.2701227012274	26.55024411373215
12.280122801228401	27.830935136682662
12.2901229012294	38.42458494298025
12.300123001230402	18.432810890636635
12.310123101231401	21.649366469392064
12.320123201232402	17.721213744004523
12.330123301233403	19.85222358675662
12.340123401234402	22.30788858055359
12.350123501235403	22.192688963570255
12.360123601236403	22.612869259349445
12.370123701237404	25.218602440656742
12.380123801238403	24.206995958797137
12.390123901239404	12.373497974549368
12.400124001240405	31.485276054424503
12.410124101241404	21.71308049959054
12.420124201242405	21.404351689109507
12.430124301243405	35.9932814760849
12.440124401244406	15.535304519644535
12.450124501245407	36.60338388925679
12.460124601246406	20.596974515000458
12.470124701247407	28.637546130210072
12.480124801248406	16.888085313402954
12.490124901249407	9.79154502620226
12.500125001250408	17.07322762510775
12.510125101251408	19.03662248957527
12.520125201252409	38.38688815816166
12.530125301253408	9.160322493592886
12.540125401254409	43.197314364920096
12.55012550125541	20.697557830091146
12.56012560125641	32.86597825977864
12.57012570125741	23.737641195370397
12.58012580125841	29.151084400247246
12.59012590125941	30.53885910213565
12.600126001260412	21.958355311321654
12.610126101261411	52.150003724399916
12.620126201262412	46.09259250054853
12.630126301263411	34.0451414124691
12.640126401264412	21.041442184301427
12.650126501265413	45.160814612411016
12.660126601266413	38.55510621100511
12.670126701267414	21.797880126211275
12.680126801268413	30.73075651239039
12.690126901269414	36.53104925853325
12.700127001270415	28.563695944030716
12.710127101271414	48.35059331775773
12.720127201272415	17.06339228454632
12.730127301273415	30.613512858795918
12.740127401274416	52.82813595524163
12.750127501275417	32.73354281710452
12.760127601276416	35.470840286188874
12.770127701277417	34.766445678806654
12.780127801278416	17.837829993198195
12.790127901279417	3.8075052504405584
12.800128001280417	19.243033201471846
12.810128101281418	45.08145770519272
12.820128201282419	24.812204957275867
12.830128301283418	19.040724241082486
12.840128401284419	18.820894612729667
12.850128501285418	33.96582260003522
12.86012860128642	16.215133180289758
12.87012870128742	35.008480702166025
12.88012880128842	17.276530983956544
12.89012890128942	25.33023184681078
12.90012900129042	25.876556982208996
12.910129101291421	19.829047724457123
12.920129201292422	16.584431693612974
12.930129301293421	23.108764512868653
12.940129401294422	22.490514749359
12.950129501295422	24.115735565403234
12.960129601296423	24.840316463159965
12.970129701297424	22.509474805683407
12.980129801298423	21.364752100871186
12.990129901299424	27.350180930417416
13.000130001300423	20.22050935013529
13.010130101301424	36.289332786133166
13.020130201302425	3.139394905854422
13.030130301303425	27.056447019960093
13.040130401304426	21.34132740546231
13.050130501305425	27.90676470853228
13.060130601306426	35.82205724866066
13.070130701307427	28.98768090340509
13.080130801308426	23.8064559033743
13.090130901309427	20.760210174023346
13.100131001310427	34.706380211797786
13.110131101311428	-10.709981306431251
13.120131201312429	27.30635232137136
13.130131301313428	46.67586982209303
13.140131401314429	21.721187783513447
13.150131501315428	31.019094776680024
13.16013160131643	26.44615500890706
13.17013170131743	40.67321345958282
13.18013180131843	1.911364620213209
13.19013190131943	38.50011050523246
13.20013200132043	-13.483900203611038
13.210132101321431	41.744748665212754
13.220132201322432	46.2016033691318
13.230132301323431	31.896567261455868
13.240132401324432	35.229951403440964
13.250132501325432	17.527197520792992
13.260132601326433	44.673068102424104
13.270132701327432	41.447576518781084
13.280132801328433	28.232752759299505
13.290132901329434	26.27473528819899
13.300133001330433	39.77654457734953
13.310133101331434	24.071809068888847
13.320133201332434	44.251233738613664
13.330133301333435	30.508287953181757
13.340133401334436	36.37621031891452
13.350133501335435	36.18853509320341
13.360133601336436	35.108512272492035
13.370133701337435	16.608790452854972
13.380133801338436	14.711477873297852
13.390133901339437	29.63945513666665
13.400134001340437	29.509076962440968
13.410134101341438	9.38220412887753
13.420134201342437	34.57874915828124
13.430134301343438	15.26711605588405
13.440134401344439	23.987056862243584
13.450134501345438	30.146069504347874
13.46013460134644	28.076218988321703
13.470134701347439	23.912256092709946
13.48013480134844	10.665382795545105
13.49013490134944	25.22511587753783
13.50013500135044	22.86919443119371
13.510135101351441	22.101065828431178
13.52013520135244	23.117676737468052
13.530135301353441	22.49062779897713
13.540135401354442	23.517247330450868
13.550135501355442	22.065958399953065
13.560135601356443	27.25395363941258
13.570135701357442	28.562329135985387
13.580135801358443	18.520478713397214
13.590135901359444	14.533128441040091
13.600136001360443	15.571344432558302
13.610136101361444	22.894057374569524
13.620136201362444	10.380076332056161
13.630136301363445	30.897985249739495
13.640136401364446	19.995856654325095
13.650136501365445	28.52024428683377
13.660136601366446	23.71473178465213
13.670136701367445	3.4990624402716595
13.680136801368446	32.11937327787889
13.690136901369447	25.49584591684809
13.700137001370447	38.064509069996745
13.710137101371448	3.8169000058903277
13.720137201372447	40.86846704171839
13.730137301373448	32.541190903940546
13.740137401374447	33.7405149001374
13.750137501375448	42.06861597897682
13.76013760137645	15.028789432812255
13.770137701377449	31.27807920918227
13.78013780137845	41.95220357869887
13.790137901379449	39.7260235713159
13.80013800138045	27.37729984252323
13.810138101381451	38.91645763851804
13.82013820138245	38.63872742553989
13.830138301383451	29.425872101218914
13.84013840138445	7.982823589771235
13.850138501385452	25.814771674845005
13.860138601386453	30.885819084700138
13.870138701387452	39.0776815349594
13.880138801388453	22.10773050496699
13.890138901389452	38.806556625618654
13.900139001390453	30.50074978455437
13.910139101391454	30.556693226635208
13.920139201392454	46.30484265161109
13.930139301393455	18.948415384243408
13.940139401394454	42.007351136809895
13.950139501395455	31.10737482682615
13.960139601396456	29.00703299945361
13.970139701397455	28.938205555210477
13.980139801398456	31.230971006172904
13.990139901399456	27.97988173880726
14.000140001400457	41.81580444748513
14.010140101401458	7.707809762741339
14.020140201402457	37.00253015194044
14.030140301403458	27.77094075564136
14.040140401404457	33.227141398984024
14.050140501405458	20.661900832225392
14.06014060140646	29.389010344975908
14.070140701407459	24.599243918944264
14.08014080140846	28.981880543593647
14.090140901409459	22.68998042900491
14.10014100141046	20.881378165781786
14.110141101411461	22.275719534367735
14.12014120141246	22.844162600039052
14.130141301413461	23.855373474213447
14.14014140141446	23.965682060532036
14.150141501415462	22.78750986628299
14.160141601416463	26.21068129257995
14.170141701417462	3.3123522929926366
14.180141801418463	20.55528212327021
14.190141901419462	14.678604027700057
14.200142001420463	36.7751584529922
14.210142101421463	33.363127641067614
14.220142201422464	40.74187978355368
14.230142301423465	26.99462830351258
14.240142401424464	41.17046487776733
14.250142501425465	39.743429640228044
14.260142601426464	1.612784088014308
14.270142701427465	28.266037518585176
14.280142801428466	21.206809732133603
14.290142901429466	29.25796016080509
14.300143001430467	-4.4355596366850225
14.310143101431466	18.726553888831955
14.320143201432467	35.90610143107418
14.330143301433468	37.74267130512095
14.340143401434467	37.36716803156526
14.350143501435468	31.35782441412715
14.360143601436468	41.83761962394938
14.370143701437469	17.670380059184136
14.38014380143847	5.737375944773873
14.390143901439469	44.832142994794495
14.40014400144047	41.59584984504765
14.41014410144147	24.734069052843296
14.42014420144247	14.635677728796157
14.430144301443471	16.2386245248972
14.44014440144447	22.023403956465174
14.450144501445472	50.631947522267254
14.460144601446471	19.037110738311622
14.470144701447472	32.58869714138603
14.480144801448473	28.417984113270045
14.490144901449472	25.34086881156534
14.500145001450473	37.24479907492083
14.510145101451473	12.1423486186083
14.520145201452474	39.69720177099771
14.530145301453475	8.27273292663016
14.540145401454474	39.631950573033684
14.550145501455475	24.508729705572055
14.560145601456474	32.64548005474902
14.570145701457475	35.47328833077139
14.580145801458476	20.17893892364977
14.590145901459476	33.679730312548294
14.600146001460477	15.159890677006736
14.610146101461476	25.590651026092164
14.620146201462477	30.45525678043157
14.630146301463478	32.838888691286705
14.640146401464477	-24.287394419369043
14.650146501465478	20.185248608226388
14.660146601466478	25.626005777736072
14.670146701467479	25.165920709991312
14.680146801468478	21.414943155265657
14.690146901469479	22.25196692559207
14.70014700147048	21.759719637808843
14.71014710147148	22.19076371366989
14.72014720147248	18.17308652058927
14.73014730147348	20.76462204648085
14.74014740147448	23.883522234382877
14.750147501475482	9.210403539980353
14.760147601476481	26.676502736849827
14.770147701477482	15.434460532180756
14.780147801478481	25.402646493414046
14.790147901479482	33.940555110525935
14.800148001480483	27.64192450625242
14.810148101481483	5.6855472584576425
14.820148201482484	13.2491707955439
14.830148301483483	18.291928298798137
14.840148401484484	32.99846893428056
14.850148501485485	19.205897766290466
14.860148601486484	25.740149550516726
14.870148701487485	25.39455923835971
14.880148801488485	40.23273411871989
14.890148901489486	29.340454276674713
14.900149001490487	41.02034748701577
14.910149101491486	30.90549201821601
14.920149201492487	19.91583122897803
14.930149301493486	14.506901539744698
14.940149401494487	37.48846106046039
14.950149501495488	42.16310982265294
14.960149601496488	29.0847767204783
14.970149701497489	44.30531915158492
14.980149801498488	21.33012240128676
14.990149901499489	47.34263958657359
