0.0	nan
0.010000100001000326	-6.541744685421459
0.020000200002000652	5.423759247657488
0.03000030000300098	-8.352896625380888
0.040000400004001305	-15.13099049266419
0.05000050000500163	-9.634121812709337
0.06000060000600196	-5.625451479484049
0.07000070000700229	-8.651796930079845
0.08000080000800261	-0.2330604725624566
0.09000090000900293	1.7063493453281229
0.10000100001000325	-2.923667814363389
0.11000110001100359	0.6091067838467871
0.12000120001200391	-0.2998459850102401
0.13000130001300425	2.0712923811059003
0.14000140001400457	1.104095056713507
0.1500015000150049	0.9769804801241315
0.16000160001600522	-0.4395388807917189
0.17000170001700554	3.105816984422733
0.18000180001800586	2.9413832245292744
0.1900019000190062	2.191342989572864
0.2000020000200065	2.161195984184678
0.21000210002100686	3.507496592286733
0.22000220002200718	5.63291969024761
0.2300023000230075	6.03228864288409
0.24000240002400783	4.967366323488953
0.2500025000250082	8.678939464790528
0.2600026000260085	5.746834385400316
0.2700027000270088	7.599997512918686
0.28000280002800915	8.17669912986356
0.29000290002900947	5.7759292511379865
0.3000030000300098	9.083144639818741
0.3100031000310101	8.902338725922908
0.32000320003201044	8.674455594443634
0.33000330003301076	9.431417972235865
0.3400034000340111	8.860990094206898
0.3500035000350114	10.66232546638095
0.36000360003601173	10.769046522948623
0.37000370003701205	11.052399550591383
0.3800038000380124	12.238904403156951
0.3900039000390127	11.971322680807635
0.400004000040013	13.378993781885484
0.4100041000410134	13.513154455933478
0.4200042000420137	14.332550042276509
0.43000430004301404	15.52777130184392
0.44000440004401437	17.165806612425595
0.4500045000450147	16.711422976582444
0.460004600046015	19.79481281205955
0.47000470004701533	19.476604226796642
0.48000480004801566	21.93726245527612
0.490004900049016	21.766918507303963
0.5000050000500164	23.01347620794651
0.5100051000510166	23.282606594484047
0.520005200052017	24.486568459377278
0.5300053000530173	24.054500718879527
0.5400054000540176	25.34864371935612
0.5500055000550179	24.95163383090313
0.5600056000560183	25.466206234570315
0.5700057000570186	24.39206776658661
0.5800058000580189	24.815628878043853
0.5900059000590192	24.85851134120165
0.6000060000600196	24.965632501837135
0.6100061000610199	25.11672263179608
0.6200062000620202	24.895328343510293
0.6300063000630205	25.36116769493628
0.6400064000640209	26.0759135669811
0.6500065000650213	26.347110347000985
0.6600066000660215	26.840536664606084
0.6700067000670219	26.58835850870296
0.6800068000680222	27.672031211564512
0.6900069000690225	27.36201237089108
0.7000070000700228	28.148675253761514
0.7100071000710232	27.99282317385726
0.7200072000720235	28.204852163564784
0.7300073000730238	28.18435227895769
0.7400074000740241	27.73768696943243
0.7500075000750245	27.89987612143107
0.7600076000760247	28.067686022907306
0.7700077000770251	28.46459858144335
0.7800078000780254	28.332983867972075
0.7900079000790258	27.99374969738096
0.800008000080026	29.131880315330065
0.8100081000810264	29.789510597455838
0.8200082000820268	30.263701692828146
0.8300083000830271	31.194766574814512
0.8400084000840274	31.23329929340941
0.8500085000850277	32.434165401297676
0.8600086000860281	32.6073831716424
0.8700087000870284	32.84078810806965
0.8800088000880287	33.058742337448386
0.890008900089029	33.64608059073349
0.9000090000900294	34.11775875071057
0.9100091000910296	34.53394290395145
0.92000920009203	35.003055050339825
0.9300093000930303	35.76018114240132
0.9400094000940307	36.47070910631986
0.9500095000950309	36.57290408792678
0.9600096000960313	37.2908432026874
0.9700097000970317	37.98147937506807
0.980009800098032	38.722234234439874
0.9900099000990323	37.782249505060896
1.0000100001000327	38.83295462784648
1.0100101001010329	40.24862625816219
1.0200102001020332	55.13241967520623
1.0300103001030336	41.33666600566322
1.040010400104034	43.268747473591205
1.0500105001050342	44.12651989748452
1.0600106001060345	43.83301328607739
1.070010700107035	44.377453914572
1.0800108001080353	44.484844624600164
1.0900109001090355	46.328226695439206
1.1000110001100358	37.29998579319419
1.1100111001110362	46.737978326337455
1.1200112001120366	50.20480973450007
1.130011300113037	47.74206734721779
1.1400114001140371	49.551203848104386
1.1500115001150375	50.77766713286648
1.1600116001160379	49.987329723532795
1.1700117001170383	54.82146571692383
1.1800118001180384	52.4588911953333
1.1900119001190388	53.96474403671346
1.2000120001200392	54.67382888857067
1.2100121001210395	52.214631625882305
1.2200122001220397	55.75820299466672
1.23001230012304	52.506745526068975
1.2400124001240405	57.74190456252245
1.2500125001250408	56.99425816420296
1.260012600126041	58.5408238081903
1.2700127001270414	58.637095356007684
1.2800128001280418	61.22284341906351
1.2900129001290421	61.74603697235145
1.3000130001300425	63.73798335753697
1.3100131001310427	63.38859575208532
1.320013200132043	60.09274722529342
1.3300133001330434	64.18713446861142
1.3400134001340438	64.62021375795366
1.350013500135044	65.48195444959357
1.3600136001360443	66.09707924832496
1.3700137001370447	67.39523499752956
1.380013800138045	66.96300316853109
1.3900139001390452	70.43489416553267
1.4000140001400456	72.20037099202648
1.410014100141046	67.58922939629409
1.4200142001420464	74.45293453935588
1.4300143001430465	78.08277437739491
1.440014400144047	76.67968381785413
1.4500145001450473	78.85571300920626
1.4600146001460477	81.36990635233595
1.470014700147048	82.36674223459998
1.4800148001480482	83.43385055798281
1.4900149001490486	83.11089617528464
1.500015000150049	84.46879462932628
1.5100151001510493	85.58201424380871
1.5200152001520495	87.88716593990728
1.5300153001530499	89.74946497307832
1.5400154001540503	96.42331552812053
1.5500155001550506	91.48443691113397
1.5600156001560508	91.67054899507211
1.5700157001570512	103.56636418619387
1.5800158001580515	118.57767928177418
1.590015900159052	98.76956371699873
1.600016000160052	91.12586131801483
1.6100161001610525	103.08809585115607
1.6200162001620528	115.89044544155928
1.6300163001630532	92.54285894877258
1.6400164001640536	86.48662973454509
1.6500165001650537	74.84075216779165
1.6600166001660541	28.009981669464654
1.6700167001670545	13.697304363699166
1.6800168001680549	63.644777037301665
1.690016900169055	82.19562325008954
1.7000170001700554	90.06027618367025
1.7100171001710558	84.52465500345998
1.7200172001720562	48.816697642966105
1.7300173001730563	92.65763210624219
1.7400174001740567	102.09059673077795
1.750017500175057	109.50787160898724
1.7600176001760575	100.37144356814416
1.7700177001770578	93.61315407999197
1.780017800178058	114.50180739248594
1.7900179001790584	121.30991065472885
1.8000180001800588	91.42611248631363
1.8100181001810591	95.42510352970721
1.8200182001820593	107.09798352533619
1.8300183001830597	114.40875062550653
1.84001840018406	93.34893861264565
1.8500185001850604	96.6137065839503
1.8600186001860606	142.9071365402747
1.870018700187061	73.06004321478598
1.8800188001880613	107.65203995770369
1.8900189001890617	117.06838657610555
1.9000190001900619	102.23715864747281
1.9100191001910622	113.99473533925058
1.9200192001920626	115.19937988068816
1.930019300193063	102.86350149608543
1.9400194001940634	95.29053316844472
1.9500195001950635	114.64449364507706
1.960019600196064	99.76857061455561
1.9700197001970643	132.84693536396634
1.9800198001980647	88.6961515523722
1.9900199001990648	128.82807213918298
2.0000200002000654	136.27289440478285
2.0100201002010656	98.25063790265669
2.0200202002020657	92.11248434362096
2.0300203002030663	121.22164526154877
2.0400204002040665	115.33310484418227
2.0500205002050667	81.10560155234728
2.0600206002060673	89.86722509237536
2.0700207002070674	100.49887613768323
2.080020800208068	94.40441696592669
2.090020900209068	89.670716302614
2.1000210002100683	103.85061358414673
2.110021100211069	103.60816493306018
2.120021200212069	84.11939446853829
2.1300213002130697	95.90831107231959
2.14002140021407	78.64437858990377
2.15002150021507	88.33952976238989
2.1600216002160706	79.11294755303867
2.1700217002170707	57.30905843388394
2.180021800218071	115.39939644492084
2.1900219002190715	70.70846102550345
2.2000220002200717	59.070463181759834
2.2100221002210723	75.5874134894095
2.2200222002220724	52.10663667106158
2.2300223002230726	58.218830225533274
2.240022400224073	63.46161349802267
2.2500225002250733	65.398888396685
2.260022600226074	40.10297020127278
2.270022700227074	20.01462314521763
2.2800228002280742	19.108203925734376
2.290022900229075	37.61850536930731
2.300023000230075	45.33462696622366
2.310023100231075	53.65152834106564
2.3200232002320758	61.654125940345075
2.330023300233076	58.21623186116309
2.3400234002340765	64.66245254885482
2.3500235002350767	62.795089319161065
2.360023600236077	71.83668021180813
2.3700237002370774	53.46778942735889
2.3800238002380776	65.404973957469
2.3900239002390777	79.85401827162922
2.4000240002400783	56.13195466849756
2.4100241002410785	64.86088532051465
2.420024200242079	72.68426000371903
2.4300243002430792	87.25900321875113
2.4400244002440794	62.70189356066482
2.45002450024508	71.62534627004999
2.46002460024608	70.66228304758555
2.4700247002470808	60.3677177229647
2.480024800248081	72.67387155393753
2.490024900249081	80.60084023304347
2.5000250002500817	75.82994335482553
2.510025100251082	73.14684340560879
2.520025200252082	79.15418188545632
2.5300253002530826	81.5051507593909
2.5400254002540827	80.6759040474378
2.5500255002550833	69.39424682805956
2.5600256002560835	73.10923486354747
2.5700257002570837	70.40345313276048
2.5800258002580843	90.33756707409312
2.5900259002590844	65.73908031380668
2.600026000260085	71.73442550722947
2.610026100261085	70.0706048624767
2.6200262002620853	59.764295534476744
2.630026300263086	42.545792822970114
2.640026400264086	30.2181338553306
2.6500265002650862	40.47714483428216
2.660026600266087	50.82758297722717
2.670026700267087	50.7602266262494
2.6800268002680876	62.854026883401204
2.6900269002690878	46.358676292636645
2.700027000270088	56.67996387470283
2.7100271002710885	53.93998778379543
2.7200272002720887	59.01809041240014
2.7300273002730893	50.27228769600765
2.7400274002740894	46.49093763863548
2.7500275002750896	54.80603774477919
2.76002760027609	50.23819247105676
2.7700277002770903	12.765798974058953
2.7800278002780905	13.902336994619667
2.790027900279091	8.248915295350567
2.8000280002800912	20.792168355598257
2.810028100281092	30.80839629824912
2.820028200282092	33.34491903859158
2.830028300283092	21.830252329185353
2.8400284002840928	-1.0653886856446781
2.850028500285093	20.272643334464963
2.860028600286093	18.57272156237028
2.8700287002870937	10.098877794605981
2.880028800288094	4.91426083238871
2.8900289002890944	7.557392622381863
2.9000290002900946	6.0671208394087754
2.9100291002910947	-11.514767865765124
2.9200292002920953	-2.80750816436438
2.9300293002930955	17.36665351659377
2.940029400294096	28.44923730152287
2.9500295002950963	16.85894080999944
2.9600296002960964	-5.249283947293269
2.970029700297097	27.798996942034247
2.980029800298097	26.67486688669927
2.9900299002990973	20.135483458966135
3.000030000300098	18.901973007884735
3.010030100301098	29.068629990438932
3.0200302003020987	27.873069956908672
3.030030300303099	27.429884401796254
3.040030400304099	23.428729084068543
3.0500305003050996	25.39552367691269
3.0600306003060997	17.47127376566561
3.0700307003071003	32.06349222856196
3.0800308003081005	18.954658889829343
3.0900309003091007	2.4783329715815166
3.1000310003101013	17.018783572124548
3.1100311003111014	23.93985960059873
3.1200312003121016	40.5369847423826
3.130031300313102	9.109567971282443
3.1400314003141023	33.66830887421487
3.150031500315103	9.320366515047361
3.160031600316103	32.219917323726506
3.1700317003171032	16.811385715623665
3.180031800318104	43.50291332306339
3.190031900319104	23.25465881416893
3.200032000320104	30.136990250332683
3.2100321003211048	40.55329127655978
3.220032200322105	25.680764740035826
3.2300323003231055	32.68778893774841
3.2400324003241057	29.39123201753835
3.250032500325106	40.05274230379443
3.2600326003261064	22.938789941291663
3.2700327003271066	36.24422026588014
3.280032800328107	30.282500576144184
3.2900329003291073	26.94050272480097
3.3000330003301075	27.732343412482066
3.310033100331108	24.139017191967202
3.3200332003321082	43.33326901261248
3.3300333003331084	17.23953969875846
3.340033400334109	16.546820231882137
3.350033500335109	36.53507648508457
3.3600336003361098	35.81871104328374
3.37003370033711	26.834564105378355
3.38003380033811	20.384475863070662
3.3900339003391107	25.069676937353044
3.400034000340111	36.35802267376421
3.4100341003411114	17.422826645362786
3.4200342003421116	-5.925664633389978
3.4300343003431117	19.033873645181743
3.4400344003441123	21.71284041070627
3.4500345003451125	15.412250543333785
3.4600346003461127	7.442455044407185
3.4700347003471133	3.4340360562895524
3.4800348003481134	10.227035363653659
3.490034900349114	5.000754493739784
3.500035000350114	11.02763521155903
3.5100351003511143	22.626897736003766
3.520035200352115	22.878092342504438
3.530035300353115	15.600034575964674
3.5400354003541157	-5.482317439024152
3.550035500355116	35.763448774651785
3.560035600356116	30.451633437844425
3.5700357003571166	29.91507843990694
3.5800358003581167	25.585252686927717
3.590035900359117	33.12531528925496
3.6000360003601175	24.090694488390778
3.6100361003611177	25.688422166581127
3.6200362003621183	33.146723272001985
3.6300363003631184	25.975587302746145
3.6400364003641186	32.97124021158617
3.650036500365119	17.88646725404702
3.6600366003661193	26.059734079834804
3.6700367003671195	-0.4293209540753762
3.68003680036812	23.901581341357932
3.6900369003691202	30.152957748249097
3.700037000370121	36.08353092566107
3.710037100371121	45.264223958610785
3.720037200372121	47.39419634690719
3.7300373003731218	7.210433818351548
3.740037400374122	52.508943223726895
3.7500375003751225	53.504001212074435
3.7600376003761227	44.558295562357245
3.770037700377123	37.76884041488279
3.7800378003781234	44.464708936609945
3.7900379003791236	45.430646197737865
3.8000380003801237	28.405107739542014
3.8100381003811243	40.78676481842817
3.8200382003821245	-11.544108165102214
3.830038300383125	49.37610305743779
3.8400384003841253	19.13298249640911
3.8500385003851254	49.4879669202377
3.860038600386126	39.50262698347896
3.870038700387126	31.54460639257966
3.8800388003881268	20.03088584542914
3.890038900389127	41.15569378330811
3.900039000390127	29.212634482892845
3.9100391003911277	30.734526628468505
3.920039200392128	30.999121981817254
3.930039300393128	32.08541193187684
3.9400394003941286	26.99869387946059
3.9500395003951287	17.425651953645175
3.9600396003961293	21.79934338338665
3.9700397003971295	-1.0017684369974407
3.9800398003981297	9.019722969128889
3.9900399003991303	10.837204512983783
4.000040000400131	10.167027037560905
4.010040100401131	14.925241329543274
4.020040200402131	-22.636783656956567
4.030040300403131	2.883928205937741
4.0400404004041315	21.652543944656408
4.0500405004051325	15.789250931265226
4.060040600406133	4.678153201105293
4.070040700407133	6.4212106589256885
4.080040800408133	6.636337352101306
4.090040900409133	-0.6173449567202755
4.100041000410133	3.9483684152138983
4.110041100411134	11.422123296662114
4.1200412004121345	20.70978648777062
4.130041300413135	-7.039427776116484
4.140041400414135	6.606755694617895
4.150041500415135	12.5086998035409
4.160041600416136	14.136348312337764
4.170041700417136	9.838848394935095
4.180041800418136	27.13291031300161
4.1900419004191365	-8.41956213601799
4.200042000420137	26.598063567715627
4.210042100421138	17.56067984959042
4.220042200422138	-32.93948210150993
4.230042300423138	32.08782818038242
4.240042400424138	22.429562000742354
4.250042500425138	13.754938209463486
4.260042600426139	15.983408235457754
4.2700427004271395	5.502696279140984
4.28004280042814	11.868617745122792
4.29004290042914	1.4717139017084984
4.30004300043014	8.290305923634971
4.31004310043114	26.219668450436945
4.320043200432141	21.07140073428515
4.330043300433141	11.51422450738493
4.3400434004341415	29.493886852950236
4.350043500435142	22.941248611980882
4.360043600436142	29.397218321091483
4.370043700437143	22.25360550351654
4.380043800438143	23.472299233072278
4.390043900439143	33.797833578493275
4.400044000440143	24.44175377944707
4.4100441004411435	22.32709890951881
4.4200442004421445	22.87956589073838
4.430044300443145	30.532355058976595
4.440044400444145	27.05290829445035
4.450044500445145	20.60571677279097
4.460044600446145	21.8556795250367
4.470044700447146	26.350190791241914
4.480044800448146	6.180546390273837
4.4900449004491465	-3.3180802833779643
4.500045000450147	11.34217079708322
4.510045100451147	26.253338268847784
4.520045200452148	8.692861569941979
4.530045300453148	2.3830511515281088
4.540045400454148	18.754730997625554
4.550045500455148	-2.8907025862066082
4.5600456004561485	26.19336151332479
4.570045700457149	-11.885443239437013
4.58004580045815	14.278365062589538
4.59004590045915	24.166695401579673
4.60004600046015	2.1842748200497484
4.61004610046115	5.5050923807146175
4.62004620046215	2.7884982866742307
4.630046300463151	16.647972146291437
4.6400464004641515	14.58877997634819
4.650046500465152	10.780164236166707
4.660046600466152	7.104402435273904
4.670046700467152	8.02166640643913
4.680046800468153	7.559887270527828
4.690046900469153	7.143961442603634
4.700047000470153	13.11645539616624
4.7100471004711535	12.12078837431929
4.720047200472154	15.550259292933967
4.730047300473155	7.900049483387524
4.740047400474155	9.949995782756357
4.750047500475155	8.131118354060469
4.760047600476155	17.715568018085236
4.770047700477155	21.373340640936476
4.7800478004781555	15.707741633705261
4.7900479004791565	19.527760232541056
4.800048000480157	21.590504706111624
4.810048100481157	11.598553031483986
4.820048200482157	15.424694787384713
4.830048300483157	-5.743154866839115
4.840048400484158	28.10439645072473
4.850048500485158	17.358916068365907
4.8600486004861585	-2.835531520920131
4.870048700487159	31.558571152196443
4.880048800488159	13.12490982243488
4.89004890048916	10.94370897326137
4.90004900049016	13.70248906315901
4.91004910049116	21.198089875951254
4.92004920049216	11.691726318865385
4.9300493004931605	4.758419633402447
4.9400494004941615	34.85428145735967
4.950049500495162	30.605608895741952
4.960049600496162	1.5306989448436972
4.970049700497162	19.846167569777624
4.980049800498162	3.6459397603945725
4.990049900499163	31.29545299455822
5.000050000500163	16.489886899163498
5.0100501005011635	24.894393310399156
5.020050200502164	33.132925060370965
5.030050300503164	29.51663550382009
5.040050400504164	29.64004309793243
5.050050500505165	10.344971770716837
5.060050600506165	5.148841699099592
5.070050700507165	15.211151234097446
5.0800508005081655	24.104947839231194
5.090050900509166	27.885212866063995
5.100051000510167	25.062048933068677
5.110051100511167	32.038944095604435
5.120051200512167	3.159525067878089
5.130051300513167	22.00089059183348
5.140051400514167	20.894222189483827
5.150051500515168	-9.965997235013807
5.1600516005161685	-2.0718596464483725
5.170051700517169	9.472323376358702
5.180051800518169	21.637961101802038
5.190051900519169	2.481573056383552
5.20005200052017	8.935931118936319
5.21005210052117	-7.4085214665121315
5.22005220052217	14.33265308569412
5.2300523005231705	10.034739562497188
5.240052400524171	8.264191933354569
5.250052500525171	9.701021306813994
5.260052600526172	7.582709754857888
5.270052700527172	7.516283831134026
5.280052800528172	5.595921434889615
5.290052900529172	-7.616977768899846
5.3000530005301725	5.786493993495903
5.3100531005311735	-2.3159581848509423
5.320053200532174	13.501513954238654
5.330053300533174	15.083658228393508
5.340053400534174	9.892094385041846
5.350053500535174	17.89184808093672
5.360053600536175	-0.19392343681748048
5.370053700537175	10.96124714790604
5.3800538005381755	8.473179077298134
5.390053900539176	16.862106390430675
5.400054000540176	23.897805934726414
5.410054100541177	17.902580418568775
5.420054200542177	22.245199503041082
5.430054300543177	13.51983430779387
5.440054400544177	14.110440232081924
5.4500545005451775	17.07089238070701
5.4600546005461785	33.66374239237662
5.470054700547179	11.45725501735803
5.480054800548179	18.283017163832458
5.490054900549179	6.527255532718581
5.500055000550179	22.99304917481096
5.510055100551179	7.402831554094597
5.52005520055218	25.032371945296156
5.5300553005531805	12.8251027290542
5.540055400554181	3.1575892981375433
5.550055500555181	3.224713836140637
5.560055600556181	15.627140772987776
5.570055700557182	6.711974334886549
5.580055800558182	17.198686761909872
5.590055900559182	28.781786011513905
5.6000560005601825	12.811825261856898
5.610056100561183	31.48382226101637
5.620056200562184	17.63644995891086
5.630056300563184	19.762084615768398
5.640056400564184	32.87527376792544
5.650056500565184	-5.28524878418788
5.660056600566184	28.472790379851592
5.670056700567185	15.435418017735442
5.6800568005681855	23.603148424876814
5.690056900569186	15.14879800557614
5.700057000570186	5.720594687394131
5.710057100571186	15.35164638700847
5.720057200572186	27.264869340523514
5.730057300573187	13.770262841268172
5.740057400574187	13.31728594696795
5.7500575005751875	18.710371343857727
5.760057600576188	13.0798261487688
5.770057700577188	-0.6325987770264558
5.780057800578189	0.6208283226514077
5.790057900579189	12.450787156720521
5.800058000580189	17.727345341517786
5.810058100581189	-0.1308069058695647
5.8200582005821895	-10.06235522964003
5.8300583005831905	5.631025612833766
5.840058400584191	10.067004035780867
5.850058500585191	7.7129060954961055
5.860058600586191	7.179434910327567
5.870058700587191	8.473886391621832
5.880058800588192	11.061759883196371
5.890058900589192	11.48070913355573
5.9000590005901925	7.7943696253888755
5.910059100591193	-3.38249347302183
5.920059200592193	20.789466540264552
5.930059300593194	-0.9041376904836933
5.940059400594194	-2.949464257168423
5.950059500595194	20.332856710526084
5.960059600596194	29.25641058721432
5.9700597005971945	-0.5866169737954618
5.980059800598195	9.522579383002524
5.990059900599196	23.707344082216743
6.000060000600196	6.724971335688385
6.010060100601196	25.01304114431937
6.020060200602196	17.006188604334586
6.030060300603196	27.873815997486577
6.040060400604197	4.707464364575784
6.0500605006051975	26.714711648431727
6.060060600606198	22.836752818732165
6.070060700607198	34.15711641661567
6.080060800608198	-2.2670247479065724
6.090060900609199	-18.06381094238831
6.100061000610199	14.756398097816458
6.110061100611199	27.29076363874305
6.1200612006121995	17.678039590685227
6.1300613006132	13.083895409555582
6.140061400614201	29.99393453309832
6.150061500615201	9.299429964561462
6.160061600616201	35.352555991589504
6.170061700617201	17.193605986104597
6.180061800618201	15.626074635247724
6.1900619006192015	31.777418630413226
6.2000620006202025	20.660141508680116
6.210062100621203	12.89221201202737
6.220062200622203	32.859112856111544
6.230062300623203	3.8805857933513876
6.240062400624203	4.958179140254249
6.250062500625204	21.23204411674216
6.260062600626204	9.976014814596665
6.2700627006272045	18.222570074036636
6.280062800628205	25.26043325578674
6.290062900629205	30.999756422655572
6.300063000630206	3.294492014881781
6.310063100631206	-0.16719095101961728
6.320063200632206	10.527670897935971
6.330063300633206	20.611326161360708
6.3400634006342065	21.638394308776277
6.3500635006352075	23.00690304467128
6.360063600636208	11.354821532478441
6.370063700637208	15.877968333524109
6.380063800638208	-2.3417946136948977
6.390063900639208	-5.5659704989547425
6.400064000640208	10.117224115341296
6.410064100641209	7.484947374439509
6.4200642006422095	0.46229335549192535
6.43006430064321	7.004909552383854
6.44006440064421	5.642822484436236
6.45006450064521	5.835055622127973
6.460064600646211	3.8709519066379334
6.470064700647211	4.17697066212932
6.480064800648211	10.470082741224935
6.4900649006492115	4.037904370464802
6.500065000650212	-6.3690507049467
6.510065100651213	17.7939765417689
6.520065200652213	2.951786265986151
6.530065300653213	13.894315790471655
6.540065400654213	16.886623212656342
6.550065500655213	16.966539320712215
6.560065600656214	12.412153236500355
6.5700657006572145	-1.6115000716228922
6.580065800658215	-5.2281707126932835
6.590065900659215	8.61426227358456
6.600066000660215	24.30026670190763
6.610066100661216	21.723467561551974
6.620066200662216	11.09236501155897
6.630066300663216	4.621744312824127
6.6400664006642165	18.52152115059191
6.650066500665217	-20.412062193012602
6.660066600666217	20.592308361568552
6.670066700667218	8.468258722952637
6.680066800668218	30.08059967249641
6.690066900669218	16.960802548062496
6.700067000670218	18.213478381783155
6.7100671006712185	-8.681544188763121
6.7200672006722195	19.54848437624128
6.73006730067322	3.28173457714504
6.74006740067422	18.788198749467423
6.75006750067522	-10.96928696531457
6.76006760067622	24.780638743513574
6.770067700677221	29.969006462521296
6.780067800678221	20.836838745432686
6.7900679006792215	33.001134293096186
6.800068000680222	3.287128247052292
6.810068100681222	20.167138607435053
6.820068200682223	2.7462242340820944
6.830068300683223	12.099042804031365
6.840068400684223	21.141137538046625
6.850068500685223	9.28135337296126
6.8600686006862235	2.025938705495056
6.870068700687224	9.298595092166384
6.880068800688225	11.682304862413682
6.890068900689225	-6.690403496195106
6.900069000690225	4.136304111586442
6.910069100691225	30.48309990319157
6.920069200692225	14.278970326226078
6.930069300693226	14.652687738809691
6.9400694006942265	9.056206275751778
6.950069500695227	6.584225548705388
6.960069600696227	1.8911974183662057
6.970069700697227	14.28402635219335
6.980069800698228	4.5216826886047405
6.990069900699228	7.211261050588116
7.000070000700228	7.7873921181517645
7.0100701007012285	8.704870816881325
7.020070200702229	5.970427740012921
7.03007030070323	8.376081917121368
7.04007040070423	7.346574076669488
7.05007050070523	7.763053166661661
7.06007060070623	15.695034228521827
7.07007070070723	4.178004296852528
7.080070800708231	17.780231969486284
7.0900709007092315	-0.056648922105427685
7.100071000710232	-2.9977434606190427
7.110071100711232	-19.48072030620441
7.120071200712232	3.7614941147325176
7.130071300713232	1.9214323808396068
7.140071400714233	1.5408778540603376
7.150071500715233	12.72505606664985
7.1600716007162335	15.759178366894794
7.170071700717234	17.734032306185817
7.180071800718234	11.993368149041487
7.190071900719235	26.813168726354448
7.200072000720235	15.619076817570813
7.210072100721235	29.932908550792185
7.220072200722235	17.85420839588585
7.2300723007232355	28.61161288720377
7.2400724007242365	12.299547322499928
7.250072500725237	20.646804027849193
7.260072600726237	6.6427558100461255
7.270072700727237	25.8133932710968
7.280072800728237	-1.7116120423331744
7.290072900729238	19.732191506056513
7.300073000730238	-12.80767818065957
7.3100731007312385	9.865882493034306
7.320073200732239	33.59737872477822
7.330073300733239	14.442150009841097
7.340073400734239	23.774321260715254
7.35007350073524	29.28326079262201
7.36007360073624	36.93061700921588
7.37007370073724	4.981125180489163
7.3800738007382405	14.938850697341127
7.390073900739241	26.138646277305025
7.400074000740242	31.84207382738434
7.410074100741242	25.561887123389667
7.420074200742242	6.8331653303061115
7.430074300743242	16.246790185491804
7.440074400744242	15.009802170264717
7.450074500745243	8.605516057632434
7.4600746007462435	21.973500140466182
7.470074700747244	6.971201210609511
7.480074800748244	18.643041858096023
7.490074900749244	20.530098282095302
7.500075000750245	20.059844695508662
7.510075100751245	19.622757937982254
7.520075200752245	-6.288627148678264
7.5300753007532455	-7.835650696378251
7.540075400754246	10.441668310793803
7.550075500755247	-3.6658381573047882
7.560075600756247	21.54488639941313
7.570075700757247	0.9167443757829746
7.580075800758247	8.742399152750625
7.590075900759247	12.072445208468642
7.6000760007602475	5.577369669568583
7.6100761007612485	10.299466901469666
7.620076200762249	8.344583365320153
7.630076300763249	7.178228558578686
7.640076400764249	6.851083016466792
7.650076500765249	6.13634339782504
7.66007660076625	12.198565952328751
7.67007670076725	10.857828232949625
7.6800768007682505	-0.961362287364426
7.690076900769251	14.040255240132566
7.700077000770251	-4.606524053972364
7.710077100771252	-3.579526096844672
7.720077200772252	11.291995691634458
7.730077300773252	12.953149877260534
7.740077400774252	15.809765423199826
7.7500775007752525	19.726921404101713
7.7600776007762535	22.155367346636005
7.770077700777254	23.78902783892119
7.780077800778254	-18.30823926092747
7.790077900779254	-4.062890034567064
7.800078000780254	21.772386506348315
7.810078100781254	14.303155061775357
7.820078200782255	18.925278944752797
7.8300783007832555	1.87320032974005
7.840078400784256	3.8340283042116323
7.850078500785256	10.700287427169014
7.860078600786256	-2.8678309634833754
7.870078700787257	4.317428411381864
7.880078800788257	16.407859067883052
7.890078900789257	16.515397936853013
7.9000790007902575	2.044397278311011
7.910079100791258	24.42450772726564
7.920079200792259	23.972362294678234
7.930079300793259	3.1202170882295577
7.940079400794259	12.742712440373522
7.950079500795259	12.47705316632532
7.960079600796259	-23.97033364771121
7.97007970079726	17.536149579144052
7.9800798007982605	31.8055845630116
7.990079900799261	7.185399026952344
8.000080000800262	28.29050847418877
8.010080100801261	15.228318570393853
8.020080200802262	-13.124004497074198
8.030080300803261	4.806241606221723
8.040080400804262	10.306297870825874
8.050080500805263	27.53320508724024
8.060080600806263	20.345064446982857
8.070080700807264	24.273559587059268
8.080080800808263	16.88604838783124
8.090080900809264	5.51124766525293
8.100081000810265	10.055025485630578
8.110081100811264	3.5299529833765515
8.120081200812265	3.434369804496872
8.130081300813265	13.766956547738285
8.140081400814266	3.575710190513322
8.150081500815265	15.578047854942215
8.160081600816266	9.423596818021577
8.170081700817267	15.886228073217596
8.180081800818266	-0.9755518896294166
8.190081900819267	6.025783548389966
8.200082000820267	11.24481831760894
8.210082100821268	4.017880686267504
8.220082200822269	6.05350724752963
8.230082300823268	2.71331441453102
8.240082400824269	10.075523157739465
8.250082500825268	-0.6803468127861014
8.26008260082627	2.0429806669203483
8.27008270082727	13.037790083514752
8.28008280082827	-0.5209595441403865
8.29008290082927	10.200784232512058
8.30008300083027	6.713903272259378
8.310083100831271	3.338872826076056
8.320083200832272	10.775996995371727
8.330083300833271	30.179517864367476
8.340083400834272	17.639324863230346
8.350083500835272	23.899565487706365
8.360083600836273	-10.974554772613088
8.370083700837274	15.458329748494723
8.380083800838273	19.82256387744572
8.390083900839274	19.874892999977625
8.400084000840273	20.971873464915934
8.410084100841274	22.29612510346562
8.420084200842275	31.618680555848897
8.430084300843275	14.333238428276028
8.440084400844276	28.156663084566134
8.450084500845275	33.32335338828801
8.460084600846276	31.707584224527157
8.470084700847277	-0.682870020543633
8.480084800848276	21.617207620635867
8.490084900849277	-2.9083728015841177
8.500085000850277	22.752358213253906
8.510085100851278	1.179222712347056
8.520085200852279	24.973120914183063
8.530085300853278	16.647355185161356
8.540085400854279	23.9444664640475
8.550085500855278	9.15946825258276
8.56008560085628	28.321586309106287
8.57008570085728	17.55524827853591
8.58008580085828	1.8771484295132943
8.59008590085928	7.099121888389761
8.60008600086028	3.082322245961219
8.610086100861281	-9.931133205273959
8.62008620086228	-4.065610787760724
8.630086300863281	25.30523626998786
8.640086400864282	24.218190657256383
8.650086500865282	14.618852583672483
8.660086600866283	26.10345364468714
8.670086700867282	28.41006882027503
8.680086800868283	6.662150653827211
8.690086900869284	8.122180170570326
8.700087000870283	-13.869966073130673
8.710087100871284	13.327857122235873
8.720087200872284	13.67886069347083
8.730087300873285	-13.980633191776235
8.740087400874286	13.233753641686787
8.750087500875285	-10.943380324561131
8.760087600876286	6.7162322086631505
8.770087700877285	9.30348222634445
8.780087800878286	4.972303277731427
8.790087900879287	11.234070058756027
8.800088000880287	8.227429513898183
8.810088100881288	7.547995480880699
8.820088200882287	6.028882063797752
8.830088300883288	9.957250581376272
8.840088400884289	6.955338257766814
8.850088500885288	2.623306048413797
8.86008860088629	9.710476457125282
8.870088700887289	-2.824397238314552
8.88008880088829	-8.234368768246139
8.89008890088929	5.083641695427229
8.90008900089029	14.326019912650025
8.910089100891291	-23.177892005958046
8.92008920089229	6.129040686097324
8.930089300893291	12.27571400336643
8.940089400894292	22.280774099878283
8.950089500895292	23.143211125468095
8.960089600896293	17.865044367138182
8.970089700897292	3.6109658169885863
8.980089800898293	-38.63993663076909
8.990089900899294	-0.5465712545334596
9.000090000900293	16.579956228770648
9.010090100901294	24.310963629989274
9.020090200902294	9.78277712519852
9.030090300903295	6.275729049484738
9.040090400904296	5.39830907716537
9.050090500905295	12.253183790076028
9.060090600906296	7.383025561582017
9.070090700907295	22.5198522193051
9.080090800908296	-5.114551181235677
9.090090900909296	28.716045266925313
9.100091000910297	10.882655731808713
9.110091100911298	15.578180819756447
9.120091200912297	18.256659125676226
9.130091300913298	20.092788520114922
9.140091400914297	23.0783198810146
9.150091500915298	32.89287313540709
9.1600916009163	11.688743680493497
9.170091700917299	-0.709818891903126
9.1800918009183	30.50935883695489
9.190091900919299	3.750018466267757
9.2000920009203	8.446068266483593
9.210092100921301	19.363199061433132
9.2200922009223	5.5353549510043285
9.230092300923301	6.98281811513049
9.2400924009243	24.80336762810516
9.250092500925302	24.228648523198036
9.260092600926303	12.474932938260721
9.270092700927302	16.193113833589575
9.280092800928303	8.752388985145897
9.290092900929302	3.498448278495619
9.300093000930303	11.38294368176441
9.310093100931304	6.803291495916726
9.320093200932304	-12.356232815542462
9.330093300933305	-4.523231938137625
9.340093400934304	11.258090119361114
9.350093500935305	14.934045216223938
9.360093600936306	0.6704586972250174
9.370093700937305	9.064618590214184
9.380093800938306	2.8522997113569684
9.390093900939306	4.782287517750346
9.400094000940307	5.525954062757227
9.410094100941308	5.929905820325181
9.420094200942307	5.539316466274536
9.430094300943308	5.7418301219844
9.440094400944307	9.705215898529742
9.450094500945308	2.550984204609154
9.46009460094631	16.73390109851565
9.470094700947309	4.383484520746111
9.48009480094831	11.626542144536936
9.490094900949309	-7.243709926691877
9.50009500095031	17.066037056046977
9.510095100951311	22.784713472860613
9.52009520095231	-26.020820406314282
9.530095300953311	11.287937250893735
9.54009540095431	22.35993496827421
9.550095500955312	26.33798932196726
9.560095600956311	14.642208378530759
9.570095700957312	16.034924274786075
9.580095800958313	6.178525206776547
9.590095900959312	6.001416191976544
9.600096000960313	-1.3790293615933606
9.610096100961313	26.636753723487
9.620096200962314	28.07857784230719
9.630096300963315	23.410630656949383
9.640096400964314	27.7130789380137
9.650096500965315	26.20785472536465
9.660096600966314	18.41973068415545
9.670096700967315	-1.0089887970909632
9.680096800968316	24.37405767140189
9.690096900969316	29.608500723642994
9.700097000970317	31.658020577387315
9.710097100971316	34.19797609419752
9.720097200972317	3.099403087372781
9.730097300973318	-12.437509012425062
9.740097400974317	10.054765398834503
9.750097500975318	28.806332395835536
9.760097600976318	12.164076591819834
9.770097700977319	-0.32277342273456583
9.78009780097832	13.86539031423401
9.790097900979319	-6.798358420851995
9.80009800098032	0.37394037437177996
9.81009810098132	24.216073878471562
9.82009820098232	17.78143789274913
9.830098300983321	23.602389562912908
9.84009840098432	26.844291881463686
9.850098500985322	-10.5028939014457
9.860098600986321	22.973938842987813
9.870098700987322	14.426302964475079
9.880098800988323	-2.311653343559349
9.890098900989322	9.136023487878354
9.900099000990323	10.503181841631495
9.910099100991323	7.946323866890748
9.920099200992324	1.6731349546297025
9.930099300993325	15.813095384919714
9.940099400994324	9.086734345498726
9.950099500995325	9.099459514953343
9.960099600996324	13.175374155265668
9.970099700997325	9.274865677776617
9.980099800998326	7.4114960350193915
9.990099900999326	8.132096121300918
10.000100001000327	8.887695945625197
10.010100101001326	2.031373234635489
10.020100201002327	11.70783804368093
10.030100301003326	14.661973423067394
10.040100401004327	10.131909765281751
10.050100501005328	15.865746729225648
10.060100601006328	15.43023176135474
10.070100701007329	16.705191654854506
10.080100801008328	-2.585058977984952
10.090100901009329	-0.6217353184496069
10.10010100101033	2.0643563594761174
10.11010110101133	16.53053645137118
10.12010120101233	16.535841877475292
10.13010130101333	10.756072145172318
10.14010140101433	27.76083725596048
10.150101501015332	-4.495324464862209
10.160101601016331	-23.11561084284722
10.170101701017332	9.757226322180314
10.180101801018331	24.777449971858463
10.190101901019332	19.754553191569848
10.200102001020333	10.20892629418192
10.210102101021333	1.755947233291665
10.220102201022334	21.124040311807462
10.230102301023333	19.751316467579347
10.240102401024334	28.495419527368817
10.250102501025335	4.935657986647966
10.260102601026334	24.87961919880367
10.270102701027335	18.15545024768711
10.280102801028335	19.063147770635407
10.290102901029336	14.054353865539559
10.300103001030337	6.784478235986706
10.310103101031336	6.940440976843291
10.320103201032337	17.60406538596144
10.330103301033336	18.810065417041894
10.340103401034337	18.04251238398697
10.350103501035338	21.859151644273943
10.360103601036338	16.706613252043503
10.370103701037339	19.193638456570692
10.380103801038338	3.1330288087208795
10.390103901039339	-6.904724941061284
10.40010400104034	-0.07162953130314559
10.41010410104134	-6.749813156343322
10.42010420104234	23.226216815869346
10.43010430104334	0.8645602067034757
10.44010440104434	22.742738561890043
10.450104501045342	-1.5698836024788694
10.460104601046341	9.149426471326967
10.470104701047342	5.91896875126045
10.480104801048341	9.070384912370638
10.490104901049342	19.78683541673909
10.500105001050342	11.690697918604112
10.510105101051343	17.997908608586346
10.520105201052344	-0.019489288957188454
10.530105301053343	8.423226595923792
10.540105401054344	9.429877054117684
10.550105501055343	14.719604687391193
10.560105601056344	5.418900755127668
10.570105701057345	9.350362016466807
10.580105801058345	6.351375910606927
10.590105901059346	8.366985253988975
10.600106001060345	9.774977594044705
10.610106101061346	3.543569369860748
10.620106201062347	10.17048119453192
10.630106301063346	5.120301254881191
10.640106401064347	8.479234130241046
10.650106501065347	-6.371052693104497
10.660106601066348	12.563191505516393
10.670106701067349	-43.08440464163944
10.680106801068348	-10.815778621672804
10.690106901069349	11.720887718029878
10.700107001070348	19.117251384013677
10.71010710107135	18.930604473416683
10.72010720107235	-30.3712675632993
10.73010730107335	17.068625241321776
10.74010740107435	14.15202657232877
10.75010750107535	17.364714854087257
10.760107601076351	21.721643791248088
10.770107701077352	18.939335636754855
10.780107801078351	6.886199948655785
10.790107901079352	17.85749582400249
10.800108001080352	21.513634965153905
10.810108101081353	17.041321254819774
10.820108201082354	30.595894777264043
10.830108301083353	31.216435204688143
10.840108401084354	29.262148388733873
10.850108501085353	19.122797812525686
10.860108601086354	5.0213787709690925
10.870108701087355	-0.03723611457312475
10.880108801088355	25.688939803514504
10.890108901089356	11.859847292304867
10.900109001090355	23.10101782376072
10.910109101091356	7.786340310996288
10.920109201092357	-2.5533631778015606
10.930109301093356	19.73525806697944
10.940109401094357	28.908758909464368
10.950109501095357	14.802332648200048
10.960109601096358	-6.584175692417043
10.970109701097357	13.25291891197531
10.980109801098358	25.511931148856203
10.990109901099359	5.3739285086844015
11.000110001100358	8.457114325467037
11.01011010110136	23.5851467702709
11.020110201102359	6.791470029970817
11.03011030110336	9.946245658893366
11.04011040110436	-11.773476689405443
11.05011050110536	12.026881900746915
11.060110601106361	-6.451377735025536
11.07011070110736	1.9237119478482496
11.080110801108361	-3.759943225708637
11.090110901109362	17.165239760174085
11.100111001110362	20.91122574926214
11.110111101111363	5.972346182599486
11.120111201112362	13.861419368799709
11.130111301113363	3.690698866322488
11.140111401114364	3.344683202447032
11.150111501115363	5.351813167211238
11.160111601116364	3.8236559350462853
11.170111701117364	5.010407730370255
11.180111801118365	4.9413447844825376
11.190111901119366	0.7719484179567805
11.200112001120365	2.9575657864047833
11.210112101121366	11.403788584035478
11.220112201122365	17.827517575278055
11.230112301123366	11.324303755127522
11.240112401124367	-0.6989415929698467
11.250112501125367	-0.13802722348401503
11.260112601126368	12.574394676563625
11.270112701127367	3.474612532689516
11.280112801128368	9.900033608200307
11.290112901129369	28.384168018686424
11.300113001130368	5.724788971395575
11.31011310113137	25.02828423806981
11.320113201132369	3.329620088736657
11.33011330113337	28.11269753913793
11.34011340113437	27.69376151901145
11.35011350113537	0.49756930178360004
11.360113601136371	24.708559678460375
11.37011370113737	-4.6566643092363025
11.380113801138371	16.878621840184152
11.390113901139372	4.571272819712537
11.400114001140372	18.887395286887372
11.410114101141373	-3.7548844262015066
11.420114201142372	18.876874792231366
11.430114301143373	-25.540823115744992
11.440114401144372	20.585256381069943
11.450114501145373	20.503563522579526
11.460114601146374	23.58202117793503
11.470114701147374	21.553221954638126
11.480114801148375	11.681273556786056
11.490114901149374	7.55221309298363
11.500115001150375	16.29702020057519
11.510115101151376	27.115473684159184
11.520115201152375	19.559356431940266
11.530115301153376	17.840087222143076
11.540115401154376	3.5324153260656455
11.550115501155377	-7.908983485630328
11.560115601156378	14.72451456020339
11.570115701157377	23.41498705044073
11.580115801158378	-12.239573426365876
11.590115901159377	23.456316121039826
11.600116001160378	4.972054731365663
11.61011610116138	-6.96024320682687
11.620116201162379	14.043005583269832
11.63011630116338	7.96341664173253
11.640116401164379	2.4432354416903177
11.65011650116538	16.398294385315893
11.660116601166381	13.760241237389996
11.67011670116738	9.73021459165706
11.680116801168381	17.152425900661896
11.69011690116938	10.472179382511747
11.700117001170382	12.215507056322132
11.710117101171383	10.621501254209825
11.720117201172382	14.722937768750006
11.730117301173383	11.928684719898854
11.740117401174382	3.4277203866836037
11.750117501175383	7.7822567881138
11.760117601176384	7.772592089824365
11.770117701177384	9.868777994354431
11.780117801178385	8.195462277866907
11.790117901179384	9.241458574902053
11.800118001180385	-3.4362609337679078
11.810118101181386	5.813240001127456
11.820118201182385	14.288944419468612
11.830118301183386	0.6060082105346861
11.840118401184386	4.266870037222924
11.850118501185387	15.32502727549743
11.860118601186388	21.703883460972005
11.870118701187387	12.937637491317671
11.880118801188388	-4.891671600307967
11.890118901189387	24.70197151061203
11.900119001190388	-11.184389493894894
11.910119101191388	19.758798096394198
11.920119201192389	10.545325883858157
11.93011930119339	29.530340662995638
11.940119401194389	-7.518524492830261
11.95011950119539	19.531288109274655
11.96011960119639	24.900547083320657
11.97011970119739	17.17413770983726
11.980119801198391	25.432741805687648
11.99011990119939	33.21223357990144
12.000120001200392	14.173300200253948
12.010120101201391	5.867461466899238
12.020120201202392	24.377739395581834
12.030120301203393	14.171166343065456
12.040120401204392	14.727452159243096
12.050120501205393	22.0264545423177
12.060120601206393	27.09840290363627
12.070120701207394	-10.58537158077401
12.080120801208395	12.112082882624927
12.090120901209394	21.73204497457649
12.100121001210395	33.1077460248285
12.110121101211394	-2.299236290334798
12.120121201212395	24.58027674722116
12.130121301213396	30.67927219314461
12.140121401214396	1.6186206554925522
12.150121501215397	16.20136150168075
12.160121601216396	12.799942720248096
12.170121701217397	11.779153924736333
12.180121801218398	28.082738358174026
12.190121901219397	19.668962053688837
12.200122001220398	17.443871530735336
12.210122101221398	10.499809172806213
12.220122201222399	0.13826665960949577
12.2301223012234	-4.24485438880447
12.240122401224399	12.345585325850458
12.2501225012254	15.774203908293297
12.2601226012264	11.64002694119054
12.2701227012274	12.264434213274818
12.280122801228401	13.272295821821933
12.2901229012294	22.86117212759477
12.300123001230402	3.316552673484125
12.310123101231401	6.424555269422757
12.320123201232402	2.3246589654453214
12.330123301233403	4.270157223667736
12.340123401234402	6.779761459509915
12.350123501235403	6.620721501630896
12.360123601236403	6.912235776275365
12.370123701237404	9.91398884224582
12.380123801238403	8.685491809020691
12.390123901239404	-3.4671552046927423
12.400124001240405	15.603156029060763
12.410124101241404	6.192054253071696
12.420124201242405	6.1650348616153625
12.430124301243405	19.783834536210563
12.440124401244406	0.43528861493620435
12.450124501245407	21.600605420883713
12.460124601246406	4.484623046512745
12.470124701247407	12.809428304098462
12.480124801248406	0.9877660120078026
12.490124901249407	-6.043457116327724
12.500125001250408	0.9718929787685398
12.510125101251408	3.653326242274829
12.520125201252409	22.218976745161765
12.530125301253408	-7.339286626240111
12.540125401254409	26.66847262971845
12.55012550125541	4.49575465158684
12.56012560125641	16.745683562431097
12.57012570125741	7.643130421073261
12.58012580125841	13.323855078004936
12.59012590125941	14.601707832199855
12.600126001260412	5.5054645820373675
12.610126101261411	35.65966694837203
12.620126201262412	29.76991567518969
12.630126301263411	17.73686938315711
12.640126401264412	3.665799571451665
12.650126501265413	28.72828475068949
12.660126601266413	22.097738155624057
12.670126701267414	5.198761575519801
12.680126801268413	14.51846889812558
12.690126901269414	20.05340521901273
12.700127001270415	12.9247626280991
12.710127101271414	32.80639974141485
12.720127201272415	1.9424001261913022
12.730127301273415	15.040792382262712
12.740127401274416	35.43730664936661
12.750127501275417	18.074005818414616
12.760127601276416	20.76882827720833
12.770127701277417	18.494440896427356
12.780127801278416	1.6910837495931492
12.790127901279417	-11.709370834193132
12.800128001280417	1.7669042787092755
12.810128101281418	28.266434586023806
12.820128201282419	8.341835346380524
12.830128301283418	4.590226756261344
12.840128401284419	2.777233635428504
12.850128501285418	17.893682827441484
12.86012860128642	0.17798383289437947
12.87012870128742	18.83272031752437
12.88012880128842	0.9312058803165083
12.89012890128942	9.171169191358366
12.90012900129042	10.094149035588439
12.910129101291421	4.281592103990258
12.920129201292422	1.0331640743026973
12.930129301293421	7.591801969683104
12.940129401294422	6.943761578527224
12.950129501295422	8.450263116047127
12.960129601296423	8.995299570549449
12.970129701297424	6.513366492725061
12.980129801298423	5.779046970167055
12.990129901299424	11.540584424299917
13.000130001300423	4.018912900702443
13.010130101301424	22.08103387365663
13.020130201302425	-12.789967428789495
13.030130301303425	11.020764575016095
13.040130401304426	8.19680905184586
13.050130501305425	13.115944819859928
13.060130601306426	21.07379310977132
13.070130701307427	14.270415661307881
13.080130801308426	10.042748080949375
13.090130901309427	7.327518480573728
13.100131001310427	20.834968692696975
13.110131101311428	-25.12378283404976
13.120131201312429	12.608246082775574
13.130131301313428	32.80743200045471
13.140131401314429	7.4637620956614175
13.150131501315428	15.518384509528465
13.16013160131643	11.701971729604141
13.17013170131743	25.148297305703696
13.18013180131843	-12.186636964243842
13.19013190131943	21.70020382100613
13.20013200132043	-26.2159552104549
13.210132101321431	28.803166191680667
13.220132201322432	32.876968974793144
13.230132301323431	14.627495792741101
13.240132401324432	20.416921067030902
13.250132501325432	2.9678493211067662
13.260132601326433	26.426055320841307
13.270132701327432	24.23279261757253
13.280132801328433	12.725398390044038
13.290132901329434	11.628697200454432
13.300133001330433	24.39534853802058
13.310133101331434	8.083278760189708
13.320133201332434	27.861157470635064
13.330133301333435	14.595721591844816
13.340133401334436	21.950911752068166
13.350133501335435	21.653368298430138
13.360133601336436	19.172587075901294
13.370133701337435	2.0164405611975864
13.380133801338436	0.3208651115405662
13.390133901339437	15.710113025469026
13.400134001340437	14.623103654252361
13.410134101341438	-5.588313138121773
13.420134201342437	18.98754993868742
13.430134301343438	-0.3300335215359014
13.440134401344439	8.833874075437075
13.450134501345438	14.924219854001405
13.46013460134644	12.774744244108863
13.470134701347439	8.486676522074452
13.48013480134844	-4.530761573472401
13.49013490134944	9.82009147338725
13.50013500135044	7.378138996479926
13.510135101351441	6.61578866878802
13.52013520135244	7.62697824252798
13.530135301353441	6.956593882018605
13.540135401354442	7.953147097690918
13.550135501355442	6.493021687630608
13.560135601356443	11.646334754703751
13.570135701357442	12.823293716276202
13.580135801358443	2.8372183519073637
13.590135901359444	-1.1705749723548347
13.600136001360443	-0.07236750454109657
13.610136101361444	6.754718542940012
13.620136201362444	-5.2783951628405354
13.630136301363445	15.052752250072064
13.640136401364446	4.458858943368171
13.650136501365445	12.680937604968259
13.660136601366446	7.726452599489481
13.670136701367445	-12.672558390607595
13.680136801368446	15.699725627722758
13.690136901369447	9.716673462406257
13.700137001370447	22.74324819999817
13.710137101371448	-11.676428691243872
13.720137201372447	25.141744978106463
13.730137301373448	16.311861740761763
13.740137401374447	18.62159846083835
13.750137501375448	25.90246302845821
13.76013760137645	-2.5891240334802887
13.770137701377449	13.368897815120263
13.78013780137845	25.186954157267298
13.790137901379449	25.615817109552676
13.80013800138045	10.722277054599473
13.810138101381451	22.385197418410602
13.82013820138245	23.265854966919157
13.830138301383451	12.293791844658761
13.84013840138445	-8.637004890300409
13.850138501385452	10.57264512081246
13.860138601386453	16.437573780325796
13.870138701387452	22.557113484976714
13.880138801388453	9.553146398758399
13.890138901389452	22.801106491821916
13.900139001390453	15.00994232316401
13.910139101391454	14.622046243055072
13.920139201392454	30.80043345910834
13.930139301393455	1.737395601290809
13.940139401394454	25.893466635668105
13.950139501395455	15.868193853857939
13.960139601396456	11.416972120156466
13.970139701397455	11.962189234003102
13.980139801398456	15.30954084370393
13.990139901399456	10.043749319367036
14.000140001400457	26.456980334487834
14.010140101401458	-6.999209695147159
14.020140201402457	21.026842494707758
14.030140301403458	11.202020751701133
14.040140401404457	17.639184863343697
14.050140501405458	3.3780879900840732
14.06014060140646	13.151877406679374
14.070140701407459	9.03829643832662
14.08014080140846	13.196228352983505
14.090140901409459	7.33908175538445
14.10014100141046	5.46881774414088
14.110141101411461	6.773566026394786
14.12014120141246	7.33185397416312
14.130141301413461	8.121821887087687
14.14014140141446	8.147089923640381
14.150141501415462	6.903512924909227
14.160141601416463	10.886555720153181
14.170141701417462	-12.554160308814819
14.180141801418463	5.699323409854613
14.190141901419462	0.10628800531629998
14.200142001420463	21.408843086522946
14.210142101421463	18.427197288036748
14.220142201422464	26.212074773160456
14.230142301423465	12.07908358184165
14.240142401424464	26.8058750731001
14.250142501425465	25.272231131077266
14.260142601426464	-12.872040388331357
14.270142701427465	11.49987043844176
14.280142801428466	4.93860939299936
14.290142901429466	13.209204274482294
14.300143001430467	-19.010013248204736
14.310143101431466	5.373495200352657
14.320143201432467	20.96291441230357
14.330143301433468	23.440147776690825
14.340143401434467	22.897569192574082
14.350143501435468	16.191678796894642
14.360143601436468	25.310224071289692
14.370143701437469	3.359659539500127
14.38014380143847	-8.320894556109945
14.390143901439469	30.913709445848117
14.40014400144047	26.81418532883889
14.41014410144147	10.014580144328045
14.42014420144247	-0.12596995205896586
14.430144301443471	0.8151111514741727
14.44014440144447	7.239903645827247
14.450144501445472	35.05561667733963
14.460144601446471	4.12787474479622
14.470144701447472	17.514779161069672
14.480144801448473	14.180752942560986
14.490144901449472	10.302265851401378
14.500145001450473	22.113004709485903
14.510145101451473	-2.9602260042766626
14.520145201452474	24.75494061146867
14.530145301453475	-6.8748549760842605
14.540145401454474	24.476467951736492
14.550145501455475	9.377577592205567
14.560145601456474	17.546340613230115
14.570145701457475	20.59361007632921
14.580145801458476	4.744367914925965
14.590145901459476	18.93930580290501
14.600146001460477	0.2870946861625285
14.610146101461476	10.622886291538835
14.620146201462477	15.129424400942922
14.630146301463478	17.88115325111113
14.640146401464477	-39.696333353769056
14.650146501465478	4.586273708775843
14.660146601466478	10.238420399559972
14.670146701467479	9.73664901311004
14.680146801468478	6.0020372345841615
14.690146901469479	6.6294055634524085
14.70014700147048	6.1564405831078135
14.71014710147148	6.643038993675033
14.72014720147248	2.5289165657717043
14.73014730147348	5.306071338917969
14.74014740147448	8.320082448259262
14.750147501475482	-6.624196593380583
14.760147601476481	10.409778885265785
14.770147701477482	-0.7915526267521048
14.780147801478481	9.991263311301326
14.790147901479482	19.06617512423057
14.800148001480483	12.50610304728546
14.810148101481483	-11.02558928963525
14.820148201482484	-2.060703617050259
14.830148301483483	2.328501091874619
14.840148401484484	15.821263356419308
14.850148501485485	2.6253466604379714
14.860148601486484	9.27255948852903
14.870148701487485	8.664772086549279
14.880148801488485	23.67171665044749
14.890148901489486	11.476862517608634
14.900149001490487	22.99141807070577
14.910149101491486	15.44000680713619
14.920149201492487	2.3827340607069916
14.930149301493486	-0.6836340604092592
14.940149401494487	20.624682752638275
14.950149501495488	29.035138195654376
14.960149601496488	12.340564543398331
14.970149701497489	29.91417373033781
14.980149801498488	5.310715408506946
14.990149901499489	32.052540009010684
