0.0	nan
0.010000100001000326	10.164542785849621
0.020000200002000652	4.12983057689991
0.03000030000300098	-6.807842814266101
0.040000400004001305	-15.003587248483392
0.05000050000500163	-10.159609179313488
0.06000060000600196	-8.211643708833003
0.07000070000700229	-7.268850588751086
0.08000080000800261	-1.6063975863070041
0.09000090000900293	3.1185687740332937
0.10000100001000325	-2.9265516832784386
0.11000110001100359	-1.5982085282294096
0.12000120001200391	-0.2877644829829086
0.13000130001300425	2.1377820351353507
0.14000140001400457	0.8421564076392943
0.1500015000150049	0.1096876609928109
0.16000160001600522	1.67794761231117
0.17000170001700554	2.404802235912624
0.18000180001800586	2.137717851545003
0.1900019000190062	2.8118651320416452
0.2000020000200065	-0.9428576833403025
0.21000210002100686	4.352621597016898
0.22000220002200718	2.6127835703602313
0.2300023000230075	2.2931543710339115
0.24000240002400783	6.255350228640054
0.2500025000250082	2.4608617416898246
0.2600026000260085	4.251371240989358
0.2700027000270088	4.073068870902776
0.28000280002800915	3.820148108757203
0.29000290002900947	4.476607293936045
0.3000030000300098	2.6405293834696026
0.3100031000310101	5.071867696810777
0.32000320003201044	5.009005373996843
0.33000330003301076	3.961336853786978
0.3400034000340111	5.031182871538149
0.3500035000350114	4.743533570930681
0.36000360003601173	5.2722814052715865
0.37000370003701205	5.510778105072468
0.3800038000380124	6.1670282769463665
0.3900039000390127	7.080607622130947
0.400004000040013	6.1732678504176
0.4100041000410134	6.6451894075628735
0.4200042000420137	7.324520424097567
0.43000430004301404	7.609019811180367
0.44000440004401437	5.877735471885429
0.4500045000450147	7.5791803131963205
0.460004600046015	7.704440177292606
0.47000470004701533	7.877105962500218
0.48000480004801566	6.626894279730711
0.490004900049016	7.337997383056968
0.5000050000500164	8.62329017837502
0.5100051000510166	8.156603675425586
0.520005200052017	7.783086609567358
0.5300053000530173	8.74779712273731
0.5400054000540176	8.940950993815575
0.5500055000550179	9.078711144767661
0.5600056000560183	8.966198995616129
0.5700057000570186	10.223197517532965
0.5800058000580189	10.696171196901576
0.5900059000590192	10.005162692334569
0.6000060000600196	11.264779369902149
0.6100061000610199	11.72030384475493
0.6200062000620202	12.244806495412663
0.6300063000630205	13.082771214302898
0.6400064000640209	14.07018310824068
0.6500065000650213	14.818099765860875
0.6600066000660215	14.852167742260802
0.6700067000670219	15.089965480341528
0.6800068000680222	16.26624227643107
0.6900069000690225	16.420650484158188
0.7000070000700228	16.5812877632551
0.7100071000710232	17.18865971849095
0.7200072000720235	18.106083073350785
0.7300073000730238	17.83874222778663
0.7400074000740241	17.60540775691489
0.7500075000750245	18.308307557652174
0.7600076000760247	19.734165393259143
0.7700077000770251	19.477763296747757
0.7800078000780254	20.826943534782014
0.7900079000790258	20.672609458031225
0.800008000080026	22.13155654958502
0.8100081000810264	22.09175097629528
0.8200082000820268	22.76887168186228
0.8300083000830271	23.274200413115686
0.8400084000840274	23.62235288947275
0.8500085000850277	24.053561702271967
0.8600086000860281	24.923851608325727
0.8700087000870284	25.727447552255782
0.8800088000880287	25.745110961768432
0.890008900089029	27.416352664395486
0.9000090000900294	27.37702587131522
0.9100091000910296	28.3866330928229
0.92000920009203	28.88584409289875
0.9300093000930303	30.035464453176942
0.9400094000940307	30.4337524077182
0.9500095000950309	30.98364125735279
0.9600096000960313	30.8579319064447
0.9700097000970317	32.31940833481103
0.980009800098032	33.197605135793935
0.9900099000990323	32.899676283547024
1.0000100001000327	34.54003881692583
1.0100101001010329	36.074852088509175
1.0200102001020332	42.815609897421254
1.0300103001030336	37.4482266031222
1.040010400104034	38.2448559966416
1.0500105001050342	39.249523208753374
1.0600106001060345	38.77060238329562
1.070010700107035	39.85564560227584
1.0800108001080353	40.920632079329124
1.0900109001090355	42.355758270462914
1.1000110001100358	32.07191569690987
1.1100111001110362	42.58585688481883
1.1200112001120366	46.62928343261948
1.130011300113037	45.44143014110842
1.1400114001140371	45.19085878350567
1.1500115001150375	47.09777068374501
1.1600116001160379	46.2290322178175
1.1700117001170383	48.58550325396011
1.1800118001180384	48.247071750419956
1.1900119001190388	48.470635806534915
1.2000120001200392	49.47405086867259
1.2100121001210395	46.56210036606627
1.2200122001220397	51.522578535913325
1.23001230012304	50.01706460696943
1.2400124001240405	52.143660847720106
1.2500125001250408	53.79397536645242
1.260012600126041	55.01225187299812
1.2700127001270414	56.79116205151451
1.2800128001280418	58.337900968863195
1.2900129001290421	60.29309761240871
1.3000130001300425	60.18072341780306
1.3100131001310427	63.76098741803414
1.320013200132043	64.52065209043033
1.3300133001330434	63.23585234936643
1.3400134001340438	65.90242429620153
1.350013500135044	67.19799035539621
1.3600136001360443	66.48803408292737
1.3700137001370447	67.46476855096246
1.380013800138045	67.39135810517864
1.3900139001390452	68.55725993882605
1.4000140001400456	76.69461934752222
1.410014100141046	62.897686598251276
1.4200142001420464	76.33905733640668
1.4300143001430465	78.87102586059274
1.440014400144047	77.89178321555207
1.4500145001450473	77.9069980620051
1.4600146001460477	78.46931944869429
1.470014700147048	80.85789487159843
1.4800148001480482	82.90467955096373
1.4900149001490486	87.38514966419736
1.500015000150049	88.55317380650501
1.5100151001510493	87.80091476622692
1.5200152001520495	88.72686023196677
1.5300153001530499	88.07429185026221
1.5400154001540503	90.30749733909174
1.5500155001550506	98.84429687926999
1.5600156001560508	97.78590856240459
1.5700157001570512	100.8663106688143
1.5800158001580515	98.80919751082213
1.590015900159052	109.22159885332003
1.600016000160052	113.7939911902279
1.6100161001610525	105.54918601159598
1.6200162001620528	108.80180934060087
1.6300163001630532	134.57418883613605
1.6400164001640536	119.68228241516289
1.6500165001650537	98.15865889968711
1.6600166001660541	57.029943954966775
1.6700167001670545	42.84932032868959
1.6800168001680549	92.85962010264183
1.690016900169055	111.39251618077294
1.7000170001700554	115.02108953257586
1.7100171001710558	121.59437886065547
1.7200172001720562	87.15278974062538
1.7300173001730563	131.04058310377843
1.7400174001740567	114.07414386395048
1.750017500175057	119.00056265147707
1.7600176001760575	127.64937683886365
1.7700177001770578	107.73151733710738
1.780017800178058	104.0693097740548
1.7900179001790584	108.84952467241062
1.8000180001800588	118.9391560301704
1.8100181001810591	100.17888311441973
1.8200182001820593	104.27693054128399
1.8300183001830597	103.72182756263665
1.84001840018406	101.25075731832217
1.8500185001850604	109.78276946272854
1.8600186001860606	111.17815228988528
1.870018700187061	106.22210199957455
1.8800188001880613	105.42785719942599
1.8900189001890617	111.48906521856347
1.9000190001900619	94.61405143767153
1.9100191001910622	98.21398831725142
1.9200192001920626	93.15358567204571
1.930019300193063	103.60246376755742
1.9400194001940634	116.32306453917587
1.9500195001950635	110.03456716032413
1.960019600196064	100.91415795716895
1.9700197001970643	105.55051425636184
1.9800198001980647	98.1887317580929
1.9900199001990648	102.2718264477862
2.0000200002000654	101.6771566017624
2.0100201002010656	104.56592969765563
2.0200202002020657	83.53978535200275
2.0300203002030663	109.80747221100246
2.0400204002040665	103.39699324970285
2.0500205002050667	103.83403255368155
2.0600206002060673	99.45969196993306
2.0700207002070674	93.22754989398207
2.080020800208068	107.06222801745928
2.090020900209068	79.4358412134044
2.1000210002100683	98.76157763520897
2.110021100211069	92.31487645661431
2.120021200212069	82.8324725655364
2.1300213002130697	97.8257642646451
2.14002140021407	96.35448989046776
2.15002150021507	133.32981110343908
2.1600216002160706	116.77987777409783
2.1700217002170707	115.51264654820577
2.180021800218071	86.10825437125042
2.1900219002190715	98.48553027342501
2.2000220002200717	58.78274324189549
2.2100221002210723	83.99688279597407
2.2200222002220724	70.1818600401209
2.2300223002230726	82.7896681099667
2.240022400224073	88.33539776771235
2.2500225002250733	77.73634606136282
2.260022600226074	96.92309847167687
2.270022700227074	47.852318842264694
2.2800228002280742	53.041291932982304
2.290022900229075	68.79059302412466
2.300023000230075	75.54871685134448
2.310023100231075	70.57130095246985
2.3200232002320758	87.82246544675203
2.330023300233076	96.45653756565672
2.3400234002340765	110.50683222631231
2.3500235002350767	62.008192295744934
2.360023600236077	79.87459734127216
2.3700237002370774	72.2778043108624
2.3800238002380776	104.57095914617656
2.3900239002390777	65.58558735511807
2.4000240002400783	58.78638341791793
2.4100241002410785	89.47977950153081
2.420024200242079	98.69510854147468
2.4300243002430792	59.034073688580406
2.4400244002440794	58.40006637098121
2.45002450024508	71.03148777554313
2.46002460024608	78.52510433102776
2.4700247002470808	72.45229398835214
2.480024800248081	75.6210698950993
2.490024900249081	79.72182887334628
2.5000250002500817	79.20936356313987
2.510025100251082	70.18114612105735
2.520025200252082	88.2475872809412
2.5300253002530826	75.3765062999519
2.5400254002540827	117.12060861363918
2.5500255002550833	76.40249786749119
2.5600256002560835	83.79149041879667
2.5700257002570837	100.59682676872949
2.5800258002580843	90.86368343427185
2.5900259002590844	108.05454246354402
2.600026000260085	82.65488901283166
2.610026100261085	104.04904720174706
2.6200262002620853	70.42058863112518
2.630026300263086	51.62976986271525
2.640026400264086	55.74968773913246
2.6500265002650862	64.33367606745541
2.660026600266087	82.40795119929389
2.670026700267087	86.90358096989515
2.6800268002680876	90.4345317767348
2.6900269002690878	78.1569487983064
2.700027000270088	96.8429226261738
2.7100271002710885	88.86212838115519
2.7200272002720887	97.23615098400106
2.7300273002730893	87.16532929011167
2.7400274002740894	85.16791562353909
2.7500275002750896	93.08945953191616
2.76002760027609	89.93400588392876
2.7700277002770903	50.72436080635436
2.7800278002780905	51.52256219254659
2.790027900279091	52.46919999169156
2.8000280002800912	61.72229790339324
2.810028100281092	66.89959362003626
2.820028200282092	75.30529812948714
2.830028300283092	74.27576254660747
2.8400284002840928	38.57736190750778
2.850028500285093	59.204044953103455
2.860028600286093	64.87415362621343
2.8700287002870937	56.95119210012118
2.880028800288094	50.19289845488233
2.8900289002890944	55.586035316969046
2.9000290002900946	47.827597207653206
2.9100291002910947	36.48661981797084
2.9200292002920953	56.203843735107874
2.9300293002930955	58.64487574492678
2.940029400294096	69.14023463191076
2.9500295002950963	77.90726162739155
2.9600296002960964	55.01852761102419
2.970029700297097	72.588758043619
2.980029800298097	69.59955363548649
2.9900299002990973	54.395757122682475
3.000030000300098	37.695004215446886
3.010030100301098	74.8092686933697
3.0200302003020987	59.8054917930599
3.030030300303099	71.50504401660967
3.040030400304099	59.12674268957863
3.0500305003050996	66.37103302700729
3.0600306003060997	50.19759784251304
3.0700307003071003	61.68232752365608
3.0800308003081005	61.24510672133206
3.0900309003091007	24.295577088544604
3.1000310003101013	34.31883283135402
3.1100311003111014	42.82379749445341
3.1200312003121016	61.361717608492526
3.130031300313102	39.08210419297618
3.1400314003141023	67.21990814729162
3.150031500315103	53.90153176510784
3.160031600316103	54.84516708340746
3.1700317003171032	42.10369668598275
3.180031800318104	66.487776607711
3.190031900319104	33.04830286200121
3.200032000320104	70.6888910756132
3.2100321003211048	66.18079045527433
3.220032200322105	60.85241310812803
3.2300323003231055	70.98605648355745
3.2400324003241057	100.42726569071134
3.250032500325106	75.38131199151209
3.2600326003261064	53.228517328204674
3.2700327003271066	67.12542967161593
3.280032800328107	49.87918611064884
3.2900329003291073	52.157325882405075
3.3000330003301075	75.5188866562207
3.310033100331108	81.44482064655334
3.3200332003321082	66.61554430590512
3.3300333003331084	87.01755708759114
3.340033400334109	46.28748324645396
3.350033500335109	89.48061019316847
3.3600336003361098	76.96655658198286
3.37003370033711	70.0728912000226
3.38003380033811	61.34857672598357
3.3900339003391107	61.049342929829216
3.400034000340111	82.39600955928881
3.4100341003411114	54.84638212047783
3.4200342003421116	54.78805970902425
3.4300343003431117	52.03349317177324
3.4400344003441123	58.374733960484804
3.4500345003451125	51.33229999622745
3.4600346003461127	42.23921700984659
3.4700347003471133	40.71835245099017
3.4800348003481134	45.8780237511993
3.490034900349114	40.22277617512102
3.500035000350114	48.293497880011394
3.5100351003511143	53.419375578850534
3.520035200352115	52.95295896058479
3.530035300353115	51.55565312717975
3.5400354003541157	27.40116375820108
3.550035500355116	65.98991566154572
3.560035600356116	70.88141922562029
3.5700357003571166	61.763387376960864
3.5800358003581167	54.129367534857806
3.590035900359117	61.379652117787394
3.6000360003601175	55.44895851806072
3.6100361003611177	58.44026818082491
3.6200362003621183	59.00157639298266
3.6300363003631184	58.517351467917436
3.6400364003641186	60.94747837111267
3.650036500365119	53.99414863291755
3.6600366003661193	49.46799632902173
3.6700367003671195	30.536999303050397
3.68003680036812	51.54212559696086
3.6900369003691202	61.73646588063368
3.700037000370121	64.27927583962149
3.710037100371121	69.65820122943612
3.720037200372121	77.83723060705591
3.7300373003731218	36.375299093471206
3.740037400374122	81.59104625392021
3.7500375003751225	82.21352353256813
3.7600376003761227	73.79172323966955
3.770037700377123	65.20161705897783
3.7800378003781234	74.33487551624371
3.7900379003791236	74.73989607105658
3.8000380003801237	56.69038098673402
3.8100381003811243	70.42881946860973
3.8200382003821245	18.939116665711758
3.830038300383125	81.0000555102388
3.8400384003841253	42.234958094236646
3.8500385003851254	81.53587394086608
3.860038600386126	70.26059683752166
3.870038700387126	65.2786644525348
3.8800388003881268	41.8111873694647
3.890038900389127	75.33740966176296
3.900039000390127	59.164517435507186
3.9100391003911277	58.466028507349854
3.920039200392128	60.10585717133489
3.930039300393128	56.445645544297875
3.9400394003941286	64.63771973431517
3.9500395003951287	47.479497352804174
3.9600396003961293	47.32437457619363
3.9700397003971295	34.2742650622917
3.9800398003981297	38.63916592129652
3.9900399003991303	44.80175480910697
4.000040000400131	47.63111558175948
4.010040100401131	52.083402674162656
4.020040200402131	11.92067464741024
4.030040300403131	36.11211183810502
4.0400404004041315	58.589968053652264
4.0500405004051325	51.98496880814708
4.060040600406133	39.43175184080265
4.070040700407133	43.42409778398856
4.080040800408133	44.04954496862781
4.090040900409133	36.80071017218809
4.100041000410133	40.963396801264956
4.110041100411134	46.12696235532143
4.1200412004121345	63.14079269680105
4.130041300413135	31.656242669681983
4.140041400414135	42.78390627368599
4.150041500415135	49.74277963630802
4.160041600416136	47.970959190377066
4.170041700417136	63.03175082211346
4.180041800418136	60.93623531552109
4.1900419004191365	29.511154000856987
4.200042000420137	69.0999945813873
4.210042100421138	72.5799424115031
4.220042200422138	7.058975909944935
4.230042300423138	72.67249322856469
4.240042400424138	63.41838291882551
4.250042500425138	74.75309582166172
4.260042600426139	42.862261760580004
4.2700427004271395	56.41701126035279
4.28004280042814	52.578404755391084
4.29004290042914	36.842578766137855
4.30004300043014	38.16593883299435
4.31004310043114	62.47874607500268
4.320043200432141	58.54832321663201
4.330043300433141	55.42116545423937
4.3400434004341415	66.12233690078084
4.350043500435142	105.31783586959675
4.360043600436142	81.99704811370863
4.370043700437143	68.59492015220694
4.380043800438143	58.55276560532104
4.390043900439143	122.95652900710479
4.400044000440143	55.12039436064421
4.4100441004411435	55.22374311673713
4.4200442004421445	60.862457386201605
4.430044300443145	60.90109695438572
4.440044400444145	56.97903976016678
4.450044500445145	70.68482067778575
4.460044600446145	69.86461521465618
4.470044700447146	69.90537489057499
4.480044800448146	56.51299001031321
4.4900449004491465	46.21297655790096
4.500045000450147	36.66512388210252
4.510045100451147	86.0272135496611
4.520045200452148	41.3003345106821
4.530045300453148	36.8964268944249
4.540045400454148	57.157257727177786
4.550045500455148	48.747313469989884
4.5600456004561485	61.72682388127004
4.570045700457149	23.397234892585292
4.58004580045815	59.239885273700885
4.59004590045915	61.792671652376825
4.60004600046015	34.87490128756687
4.61004610046115	44.930350654665766
4.62004620046215	39.14515695411794
4.630046300463151	51.37966768749681
4.6400464004641515	50.51039305340831
4.650046500465152	46.2934582504115
4.660046600466152	41.67233897977097
4.670046700467152	42.08147893533552
4.680046800468153	41.16947330211783
4.690046900469153	40.035344454421434
4.700047000470153	46.120821421095464
4.7100471004711535	44.98264760637714
4.720047200472154	47.94693190345059
4.730047300473155	39.77198546602097
4.740047400474155	41.48296962934061
4.750047500475155	39.49760922955673
4.760047600476155	49.125199291773505
4.770047700477155	52.358574198253685
4.7800478004781555	45.87550648291663
4.7900479004791565	49.88588789894355
4.800048000480157	53.1877143892119
4.810048100481157	40.54255363753972
4.820048200482157	44.635929626533134
4.830048300483157	23.863445012321513
4.840048400484158	59.754594798312404
4.850048500485158	48.598768693167735
4.8600486004861585	22.9488704792701
4.870048700487159	67.06510701813133
4.880048800488159	43.972334170490434
4.89004890048916	41.160996607829176
4.90004900049016	37.78884057491458
4.91004910049116	54.3359379533325
4.92004920049216	39.325317690574614
4.9300493004931605	31.62920084909507
4.9400494004941615	53.79791043851972
4.950049500495162	55.83430598383501
4.960049600496162	30.294442670276663
4.970049700497162	52.77821982658392
4.980049800498162	27.914032629207693
4.990049900499163	61.04914922591479
5.000050000500163	51.01585426633089
5.0100501005011635	54.05566457934511
5.020050200502164	64.26723863034341
5.030050300503164	63.547585009257254
5.040050400504164	50.69245579814866
5.050050500505165	35.67416484074298
5.060050600506165	42.45518046105637
5.070050700507165	29.57298266145712
5.0800508005081655	51.637488519411704
5.090050900509166	54.85617541406362
5.100051000510167	54.358003776582756
5.110051100511167	51.25852241284006
5.120051200512167	43.92416807359933
5.130051300513167	56.017654538187124
5.140051400514167	51.88117929836205
5.150051500515168	17.019794124586618
5.1600516005161685	29.850073143292402
5.170051700517169	40.723444515766154
5.180051800518169	61.42337485849481
5.190051900519169	29.029292851074228
5.20005200052017	45.98662011326899
5.21005210052117	24.61016527246819
5.22005220052217	48.816789785126325
5.2300523005231705	43.40775578385316
5.240052400524171	41.77169582735325
5.250052500525171	45.14310083215081
5.260052600526172	42.04765247048642
5.270052700527172	43.05604179530963
5.280052800528172	39.413927531617965
5.290052900529172	29.71680240251513
5.3000530005301725	41.701489127294074
5.3100531005311735	34.95191977982181
5.320053200532174	51.3457345334505
5.330053300533174	49.840518159749756
5.340053400534174	48.220731765581796
5.350053500535174	56.56807820857667
5.360053600536175	34.55882785839061
5.370053700537175	45.73585600766388
5.3800538005381755	45.276009210769445
5.390053900539176	63.501895452340634
5.400054000540176	60.48071187726945
5.410054100541177	53.99872909941807
5.420054200542177	61.25609314880524
5.430054300543177	81.51182273850488
5.440054400544177	62.570417378849505
5.4500545005451775	50.19384284379888
5.4600546005461785	68.77926617319945
5.470054700547179	49.14289750440768
5.480054800548179	56.31494745289952
5.490054900549179	38.38943982923144
5.500055000550179	56.58737950601657
5.510055100551179	51.181255332051734
5.52005520055218	63.0377414281282
5.5300553005531805	63.10711703662021
5.540055400554181	45.69316225137451
5.550055500555181	50.700295017968955
5.560055600556181	54.25433201506799
5.570055700557182	47.70374579379579
5.580055800558182	59.70502569036226
5.590055900559182	67.26409232201839
5.6000560005601825	59.05185173339093
5.610056100561183	72.72345414354514
5.620056200562184	56.88465202348302
5.630056300563184	58.89242947802725
5.640056400564184	72.18918620932261
5.650056500565184	32.67466902254174
5.660056600566184	69.21622843754994
5.670056700567185	55.356342592869616
5.6800568005681855	64.04340306302169
5.690056900569186	54.20988295872843
5.700057000570186	44.76439314563305
5.710057100571186	53.77886574595437
5.720057200572186	65.33051429003183
5.730057300573187	51.61670671126598
5.740057400574187	50.39311232003813
5.7500575005751875	55.363293654659955
5.760057600576188	48.811185414729756
5.770057700577188	35.6954601291913
5.780057800578189	36.798597782882425
5.790057900579189	48.18788444972023
5.800058000580189	53.1268752303231
5.810058100581189	35.101267035159125
5.8200582005821895	24.14263409878507
5.8300583005831905	39.96308403354612
5.840058400584191	43.817437600496454
5.850058500585191	41.07270289503078
5.860058600586191	40.17379231209894
5.870058700587191	41.40214685422193
5.880058800588192	43.44900733153804
5.890058900589192	43.22181478931857
5.9000590005901925	39.492912362553504
5.910059100591193	29.12885508754164
5.920059200592193	52.25142214411943
5.930059300593194	29.194780564346992
5.940059400594194	27.417998565952043
5.950059500595194	51.33247879743204
5.960059600596194	60.51232231667382
5.9700597005971945	29.268644008748424
5.980059800598195	39.016173353030794
5.990059900599196	56.857618541875524
6.000060000600196	33.51118396477599
6.010060100601196	56.43965228337879
6.020060200602196	48.843239848028034
6.030060300603196	58.80269022168112
6.040060400604197	40.29285645028526
6.0500605006051975	60.715606280605265
6.060060600606198	51.60270679029781
6.070060700607198	65.55005266666876
6.080060800608198	23.015092406241198
6.090060900609199	3.2515971147252714
6.100061000610199	43.341198004445
6.110061100611199	55.7729790849449
6.1200612006121995	46.51993600155174
6.1300613006132	31.509816836632442
6.140061400614201	54.871801114578666
6.150061500615201	47.22358180344599
6.160061600616201	63.61066589985345
6.170061700617201	34.95828709407776
6.180061800618201	45.752657182339625
6.1900619006192015	64.3702620408427
6.2000620006202025	66.07943264390049
6.210062100621203	37.52012389498314
6.220062200622203	53.81002274950638
6.230062300623203	45.9732544402387
6.240062400624203	29.694876468827605
6.250062500625204	42.69754436626655
6.260062600626204	41.04198042005062
6.2700627006272045	56.68970110752599
6.280062800628205	52.17036225761623
6.290062900629205	58.475454801880694
6.300063000630206	30.720886813398717
6.310063100631206	33.473623372537055
6.320063200632206	36.43432010046653
6.330063300633206	52.14425610670149
6.3400634006342065	51.78715844398786
6.3500635006352075	53.325205570663876
6.360063600636208	41.15000683311943
6.370063700637208	49.05965608563374
6.380063800638208	32.199566723342784
6.390063900639208	32.564305962346786
6.400064000640208	40.00970106713663
6.410064100641209	39.229495930359015
6.4200642006422095	33.27092111992222
6.43006430064321	40.39449347214342
6.44006440064421	38.608117154890245
6.45006450064521	39.642184155321644
6.460064600646211	38.04743057192132
6.470064700647211	37.889455700335354
6.480064800648211	45.64663349197134
6.4900649006492115	39.634451770489726
6.500065000650212	28.40930596469752
6.510065100651213	52.668928773196505
6.520065200652213	39.09045564498457
6.530065300653213	48.151280016696376
6.540065400654213	50.29954663046291
6.550065500655213	53.91610957087202
6.560065600656214	52.17727926683274
6.5700657006572145	35.53465338974207
6.580065800658215	32.86999081733506
6.590065900659215	47.085770173833545
6.600066000660215	62.687166768029186
6.610066100661216	62.21305568197056
6.620066200662216	48.451892441347745
6.630066300663216	41.92370567012563
6.6400664006642165	55.477281187513995
6.650066500665217	18.22281309548521
6.660066600666217	58.45220548501009
6.670066700667218	48.475605714098165
6.680066800668218	69.79830627241857
6.690066900669218	56.648924424267
6.700067000670218	59.09391543923208
6.7100671006712185	30.840926900095408
6.7200672006722195	59.41072030899197
6.73006730067322	43.17081004763042
6.74006740067422	58.6118074805995
6.75006750067522	28.798715528801115
6.76006760067622	64.97912674801564
6.770067700677221	68.20351760316753
6.780067800678221	60.62518473677967
6.7900679006792215	69.84833696421707
6.800068000680222	39.794211549991296
6.810068100681222	58.46055974661265
6.820068200682223	44.67424834723125
6.830068300683223	49.27554306168339
6.840068400684223	56.59923124723446
6.850068500685223	46.8025218867674
6.8600686006862235	42.82409370405509
6.870068700687224	46.01818079159044
6.880068800688225	50.62685174071849
6.890068900689225	29.476027896318502
6.900069000690225	43.21517933193074
6.910069100691225	72.06330599791075
6.920069200692225	49.93429815984061
6.930069300693226	48.14566461865036
6.9400694006942265	44.011711817775094
6.950069500695227	41.829939954675545
6.960069600696227	40.24043655810072
6.970069700697227	50.06484302900363
6.980069800698228	40.543864578772826
6.990069900699228	39.42753510100307
7.000070000700228	42.18663471989648
7.0100701007012285	41.72567226971887
7.020070200702229	38.57320100395809
7.03007030070323	41.02873430678489
7.04007040070423	39.86109124510841
7.05007050070523	39.94591420241158
7.06007060070623	47.715579524927335
7.07007070070723	37.03514141864626
7.080070800708231	49.51388520678574
7.0900709007092315	30.77204207340058
7.100071000710232	27.3416478362283
7.110071100711232	12.671047948542915
7.120071200712232	33.138908227629635
7.130071300713232	34.34947980226649
7.140071400714233	35.290645102390314
7.150071500715233	41.19713615272624
7.1600716007162335	42.975307257576844
7.170071700717234	46.05860872923634
7.180071800718234	45.245648042111654
7.190071900719235	59.455065818205156
7.200072000720235	46.006722858799385
7.210072100721235	55.627758437832135
7.220072200722235	44.044951552702315
7.2300723007232355	56.71930203344154
7.2400724007242365	41.81120685649882
7.250072500725237	51.28770963049902
7.260072600726237	32.07547493404925
7.270072700727237	51.87166634528423
7.280072800728237	27.452698464275493
7.290072900729238	54.54130808335319
7.300073000730238	16.549486091485495
7.3100731007312385	38.20593687298223
7.320073200732239	59.81605468209343
7.330073300733239	39.37911946985626
7.340073400734239	49.18824012204183
7.35007350073524	57.94671385020563
7.36007360073624	67.8373697248323
7.37007370073724	32.27409345384049
7.3800738007382405	44.997810150516656
7.390073900739241	55.6532530439475
7.400074000740242	61.418976835692604
7.410074100741242	53.72779966445983
7.420074200742242	34.899034343556224
7.430074300743242	47.776393839003596
7.440074400744242	46.33344817842317
7.450074500745243	35.13538432947546
7.4600746007462435	53.659274369574845
7.470074700747244	35.817543653613086
7.480074800748244	46.25039426806812
7.490074900749244	48.79194724485355
7.500075000750245	49.23657441473591
7.510075100751245	47.42957400427969
7.520075200752245	25.228703799130567
7.5300753007532455	22.096054493486125
7.540075400754246	42.255830259024535
7.550075500755247	28.5950889716851
7.560075600756247	53.49600437823846
7.570075700757247	32.40529197675993
7.580075800758247	40.403779223127145
7.590075900759247	44.84128784154863
7.6000760007602475	38.15433540459791
7.6100761007612485	42.76161422709284
7.620076200762249	41.10922910297638
7.630076300763249	40.28272682404993
7.640076400764249	40.19288693482151
7.650076500765249	39.75218930811636
7.66007660076625	46.00745536889581
7.67007670076725	44.99599531857373
7.6800768007682505	33.42988935924197
7.690076900769251	48.76988490889253
7.700077000770251	30.365187016813316
7.710077100771252	31.766141330508734
7.720077200772252	46.573102312760355
7.730077300773252	48.63310449580171
7.740077400774252	52.350686356027644
7.7500775007752525	56.522457487852144
7.7600776007762535	58.68663575866464
7.770077700777254	59.56141311576451
7.780077800778254	18.44574027321761
7.790077900779254	33.877458601265296
7.800078000780254	62.73418505212972
7.810078100781254	52.65867236793097
7.820078200782255	56.719994121474166
7.8300783007832555	37.28945944513017
7.840078400784256	37.41282086365681
7.850078500785256	44.296161951376256
7.860078600786256	33.77295020233789
7.870078700787257	40.82377414219724
7.880078800788257	53.80378144552926
7.890078900789257	51.64519811716484
7.9000790007902575	38.04688785730556
7.910079100791258	68.32411505161136
7.920079200792259	62.771830564453516
7.930079300793259	45.15261712440152
7.940079400794259	49.26364941359348
7.950079500795259	51.98554988610258
7.960079600796259	19.9290493454592
7.97007970079726	63.029056114113395
7.9800798007982605	66.68174403842293
7.990079900799261	50.79736764073461
8.000080000800262	67.30508368861793
8.010080100801261	52.42393387573241
8.020080200802262	20.13937699661714
8.030080300803261	44.08441400200134
8.040080400804262	41.450247871553636
8.050080500805263	65.12830832835346
8.060080600806263	55.56083961460072
8.070080700807264	62.011744909963525
8.080080800808263	53.11689386519072
8.090080900809264	40.253989271338995
8.100081000810265	42.531009230375886
8.110081100811264	37.39383164196404
8.120081200812265	34.69236759841783
8.130081300813265	47.97536861570596
8.140081400814266	38.72822468185278
8.150081500815265	50.732575807242895
8.160081600816266	42.35961266842498
8.170081700817267	48.93395327568769
8.180081800818266	33.091439108104495
8.190081900819267	39.56927889137391
8.200082000820267	44.833560963236614
8.210082100821268	36.56818998069648
8.220082200822269	38.626034170036704
8.230082300823268	35.171484223500315
8.240082400824269	41.9995217872877
8.250082500825268	30.612237929353242
8.26008260082627	33.74792655392895
8.27008270082727	44.61520438201714
8.28008280082827	29.86431127546244
8.29008290082927	39.86674020602711
8.30008300083027	37.99705181663408
8.310083100831271	32.94293572059878
8.320083200832272	40.67075553663596
8.330083300833271	58.8940733485066
8.340083400834272	51.35165055436359
8.350083500835272	51.22077372717462
8.360083600836273	16.637965056753462
8.370083700837274	41.20071692034265
8.380083800838273	48.543551520795845
8.390083900839274	50.264398342475396
8.400084000840273	50.864195721975555
8.410084100841274	53.35771327656112
8.420084200842275	63.330163034105645
8.430084300843275	46.9150895101059
8.440084400844276	57.236451201051906
8.450084500845275	64.88948083877976
8.460084600846276	63.8402531580941
8.470084700847277	29.781230024096764
8.480084800848276	47.216637825243495
8.490084900849277	27.560221554652006
8.500085000850277	50.523687900946044
8.510085100851278	28.36298531612545
8.520085200852279	52.41332312910209
8.530085300853278	44.146583787159265
8.540085400854279	52.66771846466024
8.550085500855278	37.924473326294844
8.56008560085628	55.621541680264386
8.57008570085728	47.794362795373836
8.58008580085828	33.634859317495255
8.59008590085928	35.51191868013239
8.60008600086028	32.519310471677656
8.610086100861281	19.987765923162232
8.62008620086228	25.848759935682025
8.630086300863281	54.370155837778576
8.640086400864282	53.38290206877907
8.650086500865282	44.41065000173052
8.660086600866283	55.90740276920898
8.670086700867282	58.215984268577905
8.680086800868283	36.908194300303236
8.690086900869284	38.43183251357359
8.700087000870283	16.552551456314646
8.710087100871284	43.82822561456181
8.720087200872284	44.56191716274598
8.730087300873285	17.23783214008167
8.740087400874286	44.301143416416636
8.750087500875285	20.338505173889345
8.760087600876286	38.143515545868695
8.770087700877285	41.079049770304174
8.780087800878286	36.92923261415748
8.790087900879287	43.288591155464346
8.800088000880287	40.52193894216121
8.810088100881288	40.13958434673088
8.820088200882287	38.87112157945451
8.830088300883288	42.95986360849525
8.840088400884289	40.0309076221405
8.850088500885288	35.663907966803244
8.86008860088629	44.21086939422506
8.870088700887289	30.983881234711227
8.88008880088829	24.73491097695789
8.89008890088929	39.57995043366534
8.90008900089029	48.559452546019386
8.910089100891291	10.988346848923324
8.92008920089229	40.137654954358055
8.930089300893291	44.13371524760595
8.940089400894292	58.827849340524615
8.950089500895292	62.68571049508867
8.960089600896293	51.08535077115776
8.970089700897292	38.64937343049745
8.980089800898293	-1.4960932187506322
8.990089900899294	39.85866937716372
9.000090000900293	53.63854317039075
9.010090100901294	59.92249546165251
9.020090200902294	43.98490884169319
9.030090300903295	41.00090102982796
9.040090400904296	45.370367275108904
9.050090500905295	46.72835945921191
9.060090600906296	47.2351546871617
9.070090700907295	60.601768457464054
9.080090800908296	29.8829559557703
9.090090900909296	61.914821060174425
9.100091000910297	52.797086143440204
9.110091100911298	49.75166568617133
9.120091200912297	60.51264715649518
9.130091300913298	68.66614031293756
9.140091400914297	64.87622034623296
9.150091500915298	74.77873342511745
9.1600916009163	43.860297167060466
9.170091700917299	36.53235184636256
9.1800918009183	61.8138859620396
9.190091900919299	36.99760603897529
9.2000920009203	42.35391392682538
9.210092100921301	57.425879194887195
9.2200922009223	38.910181721277205
9.230092300923301	39.66822119674445
9.2400924009243	62.77983261066379
9.250092500925302	60.38567060828
9.260092600926303	45.817331330044375
9.270092700927302	51.18240128127764
9.280092800928303	40.9010586812685
9.290092900929302	41.641612558957895
9.300093000930303	46.80931188071455
9.310093100931304	39.16078464788334
9.320093200932304	19.876907424208284
9.330093300933305	28.638012890646113
9.340093400934304	45.67316264795186
9.350093500935305	48.25207198844441
9.360093600936306	33.598617042172
9.370093700937305	42.12776693217763
9.380093800938306	35.78100197935697
9.390093900939306	37.34403761816426
9.400094000940307	37.86113751172477
9.410094100941308	37.977631267386144
9.420094200942307	37.51221352251045
9.430094300943308	37.94444669824199
9.440094400944307	41.35223366683522
9.450094500945308	33.591617356804406
9.46009460094631	48.68172540741338
9.470094700947309	35.01181641730432
9.48009480094831	42.45349908804942
9.490094900949309	23.146913198498677
9.50009500095031	47.87738214098037
9.510095100951311	53.42948451941433
9.52009520095231	4.215342669997866
9.530095300953311	40.896523057699696
9.54009540095431	52.87490176037672
9.550095500955312	56.22876885138264
9.560095600956311	43.851843753193755
9.570095700957312	45.36695941248652
9.580095800958313	35.22904407474669
9.590095900959312	35.671828284447244
9.600096000960313	27.872881047329276
9.610096100961313	55.90638899000453
9.620096200962314	57.42002955511852
9.630096300963315	52.3011664328397
9.640096400964314	56.69416425663424
9.650096500965315	55.29463741700006
9.660096600966314	47.44853401295437
9.670096700967315	27.664950613788246
9.680096800968316	53.4021773814855
9.690096900969316	58.16756875826449
9.700097000970317	60.825254221608105
9.710097100971316	63.391378129032475
9.720097200972317	31.460370413921357
9.730097300973318	16.606515157888296
9.740097400974317	39.138041196817525
9.750097500975318	58.16005503499714
9.760097600976318	41.94750467613708
9.770097700977319	28.22574780299063
9.78009780097832	42.421238384705404
9.790097900979319	21.363475147499614
9.80009800098032	30.078425268114472
9.81009810098132	51.440141491286525
9.82009820098232	47.19349114024947
9.830098300983321	51.62026546027816
9.84009840098432	56.76398146443142
9.850098500985322	19.622438712518417
9.860098600986321	50.70118334621025
9.870098700987322	46.11569568925512
9.880098800988323	28.86823319312475
9.890098900989322	41.024475774856036
9.900099000990323	41.277698229531
9.910099100991323	39.2548295021304
9.920099200992324	32.45659987182029
9.930099300993325	49.91880865166396
9.940099400994324	39.58521083666074
9.950099500995325	40.933856990914244
9.960099600996324	45.25149457885693
9.970099700997325	41.25629887668158
9.980099800998326	39.72207327894319
9.990099900999326	40.57976928468086
10.000100001000327	41.393033450758885
10.010100101001326	35.63608908581699
10.020100201002327	44.220647065988516
10.030100301003326	48.13320231054075
10.040100401004327	43.07680752899778
10.050100501005328	49.67489938823635
10.060100601006328	49.5400848924512
10.070100701007329	51.52029272016665
10.080100801008328	31.738489644144817
10.090100901009329	30.462673678998964
10.10010100101033	36.74431846584833
10.11010110101133	52.93206010194971
10.12010120101233	53.517486279117975
10.13010130101333	46.496378205262864
10.14010140101433	64.74279887816405
10.150101501015332	33.06168302489507
10.160101601016331	15.82113318887962
10.170101701017332	47.810382959392356
10.180101801018331	54.85610107261384
10.190101901019332	59.49251947720796
10.200102001020333	46.65128974661374
10.210102101021333	41.52912744131219
10.220102201022334	52.889675473454936
10.230102301023333	53.40758548496832
10.240102401024334	63.8406362090357
10.250102501025335	40.487080676228295
10.260102601026334	62.03017499369935
10.270102701027335	52.15085474031458
10.280102801028335	57.646162744319774
10.290102901029336	53.39942804030131
10.300103001030337	42.68530116406655
10.310103101031336	47.335445594630514
10.320103201032337	56.4581294303252
10.330103301033336	60.49474300334834
10.340103401034337	50.461465204464965
10.350103501035338	50.80931018802189
10.360103601036338	44.54445189490758
10.370103701037339	58.785914595808016
10.380103801038338	38.60888594949339
10.390103901039339	26.329181574008206
10.40010400104034	35.97501684142052
10.41010410104134	27.273453992870536
10.42010420104234	62.30109601381737
10.43010430104334	36.84007969844426
10.44010440104434	56.889168289848
10.450104501045342	33.03887195087308
10.460104601046341	44.79109019087593
10.470104701047342	41.78795820818544
10.480104801048341	44.347038058008515
10.490104901049342	53.548801515230615
10.500105001050342	45.40116155639242
10.510105101051343	51.64985884479334
10.520105201052344	33.181941861792765
10.530105301053343	41.32109695463586
10.540105401054344	42.26915685567899
10.550105501055343	47.44593258073311
10.560105601056344	37.94564340099936
10.570105701057345	41.65826571191266
10.580105801058345	38.48856889030059
10.590105901059346	40.29544559653317
10.600106001060345	41.549719331528976
10.610106101061346	35.17332659134858
10.620106201062347	41.504187341813854
10.630106301063346	36.328309955472854
10.640106401064347	39.504232064698066
10.650106501065347	24.423481255413105
10.660106601066348	43.1875430860905
10.670106701067349	-12.542921795057344
10.680106801068348	19.76153699312953
10.690106901069349	42.52687368069919
10.700107001070348	49.34720402167489
10.71010710107135	48.70804315410606
10.72010720107235	0.2656805263832847
10.73010730107335	46.5137159343153
10.74010740107435	44.29427472096255
10.75010750107535	46.97763367179238
10.760107601076351	48.16040859439604
10.770107701077352	48.32830164606822
10.780107801078351	36.24988064745907
10.790107901079352	45.66266110149244
10.800108001080352	52.40433146061548
10.810108101081353	45.741935012366824
10.820108201082354	58.60511688311113
10.830108301083353	63.761572558112725
10.840108401084354	58.800243062292
10.850108501085353	49.35251603235871
10.860108601086354	35.97163054059943
10.870108701087355	31.11879601102113
10.880108801088355	54.65246128810817
10.890108901089356	38.888703779104965
10.900109001090355	54.10194126014738
10.910109101091356	36.97304364216224
10.920109201092357	26.581076389834884
10.930109301093356	48.00967387718988
10.940109401094357	56.1636417572042
10.950109501095357	43.69366033570411
10.960109601096358	26.686494404053384
10.970109701097357	38.60822288235269
10.980109801098358	54.105624346174366
10.990109901099359	33.47660895187068
11.000110001100358	37.18752924320594
11.01011010110136	54.350257431432645
11.020110201102359	34.706093403047156
11.03011030110336	41.394490885055795
11.04011040110436	17.992853416107867
11.05011050110536	42.5915600899965
11.060110601106361	20.905009754798506
11.07011070110736	33.85296498699643
11.080110801108361	26.08667004359098
11.090110901109362	49.338987626526816
11.100111001110362	52.42967232581554
11.110111101111363	37.00562117248654
11.120111201112362	46.22975145041316
11.130111301113363	36.51146657653981
11.140111401114364	34.998127497307735
11.150111501115363	36.945067032042225
11.160111601116364	36.20977856481778
11.170111701117364	37.36367075621506
11.180111801118365	37.368749481181375
11.190111901119366	34.16111994469282
11.200112001120365	37.29250800828726
11.210112101121366	43.1423141373825
11.220112201122365	51.37931542746399
11.230112301123366	45.44209348184589
11.240112401124367	34.611298628238636
11.250112501125367	33.97315347888522
11.260112601126368	44.100438106054675
11.270112701127367	37.579156081280956
11.280112801128368	42.48579533588748
11.290112901129369	63.919591899287056
11.300113001130368	40.34937121483217
11.31011310113137	58.20423794956552
11.320113201132369	38.84026692566504
11.33011330113337	62.917470682022376
11.34011340113437	67.49364637383422
11.35011350113537	36.11057953609446
11.360113601136371	56.36745185598753
11.37011370113737	31.242518129234067
11.380113801138371	51.160816733018486
11.390113901139372	42.54316925714144
11.400114001140372	52.45040568710144
11.410114101141373	31.13676271789328
11.420114201142372	55.27249643190239
11.430114301143373	11.403596995333874
11.440114401144372	55.61899328375687
11.450114501145373	57.88875649621285
11.460114601146374	60.66186201609808
11.470114701147374	57.72252918489568
11.480114801148375	50.00421399500438
11.490114901149374	43.419247771082645
11.500115001150375	54.20452678061554
11.510115101151376	64.09681815383692
11.520115201152375	56.001234205121136
11.530115301153376	53.89509576810476
11.540115401154376	39.43224704604955
11.550115501155377	26.876071816071963
11.560115601156378	49.67962045703359
11.570115701157377	59.16837871319869
11.580115801158378	22.99292176428193
11.590115901159377	58.58991535903321
11.600116001160378	40.21194906956133
11.61011610116138	27.778127792051954
11.620116201162379	49.16064311846968
11.63011630116338	43.0325794350856
11.640116401164379	36.70873381380631
11.65011650116538	50.81974041496952
11.660116601166381	48.529760048675016
11.67011670116738	44.04056883341039
11.680116801168381	50.9154314464699
11.69011690116938	44.476247957027134
11.700117001170382	45.28618253587114
11.710117101171383	43.54000973936539
11.720117201172382	47.63236662402901
11.730117301173383	44.61223620662143
11.740117401174382	36.016499214862144
11.750117501175383	40.13451011537498
11.760117601176384	39.96504039909531
11.770117701177384	41.8899678495018
11.780117801178385	40.473920299286604
11.790117901179384	41.27292122677325
11.800118001180385	28.137980404053742
11.810118101181386	36.21727684074626
11.820118201182385	45.474965272212685
11.830118301183386	31.421366219412654
11.840118401184386	34.83822541069762
11.850118501185387	44.976558355486375
11.860118601186388	51.19656057027698
11.870118701187387	42.534814081258894
11.880118801188388	25.718638593495633
11.890118901189387	56.623502241516746
11.900119001190388	20.04956642183975
11.910119101191388	52.65827784411639
11.920119201192389	39.09259183990947
11.93011930119339	56.94273368008431
11.940119401194389	20.276999831938035
11.95011950119539	49.513522708084636
11.96011960119639	54.38443223743333
11.97011970119739	44.36089165584153
11.980119801198391	54.33784658524331
11.99011990119939	62.30962851562809
12.000120001200392	42.22496399096485
12.010120101201391	30.86220861235102
12.020120201202392	56.15891461535284
12.030120301203393	46.04625994148097
12.040120401204392	43.180896571045125
12.050120501205393	50.612002748929406
12.060120601206393	57.96953960327477
12.070120701207394	19.80556912297272
12.080120801208395	42.84214170362675
12.090120901209394	45.67776140254088
12.100121001210395	61.45734782727141
12.110121101211394	27.320827175118307
12.120121201212395	49.68961216279126
12.130121301213396	57.63621574298737
12.140121401214396	28.110342108493683
12.150121501215397	47.02050658356655
12.160121601216396	44.806781928732015
12.170121701217397	44.29342359088829
12.180121801218398	63.56048761940253
12.190121901219397	48.60783647643132
12.200122001220398	47.51174694724252
12.210122101221398	42.20544434284998
12.220122201222399	31.083841563305487
12.2301223012234	25.810917546472965
12.240122401224399	41.78870940548076
12.2501225012254	47.57845319780904
12.2601226012264	43.749632239748735
12.2701227012274	41.7005620801467
12.280122801228401	43.30833393921053
12.2901229012294	54.45777777146105
12.300123001230402	34.67570124413936
12.310123101231401	38.01588729092346
12.320123201232402	33.55551202190107
12.330123301233403	36.30542142579522
12.340123401234402	38.73635401431036
12.350123501235403	38.828761828275404
12.360123601236403	39.3021925298914
12.370123701237404	42.53846154175066
12.380123801238403	42.13352549272707
12.390123901239404	30.044827772979648
12.400124001240405	48.813790226353476
12.410124101241404	39.13966751758846
12.420124201242405	39.32690236570225
12.430124301243405	53.731283431945876
12.440124401244406	33.6252436509529
12.450124501245407	55.9880653253613
12.460124601246406	38.958956721133
12.470124701247407	47.75036570935448
12.480124801248406	35.583820508189135
12.490124901249407	28.534021814263706
12.500125001250408	35.40847259566148
12.510125101251408	38.54327695057146
12.520125201252409	56.9762898528241
12.530125301253408	28.474132636188045
12.540125401254409	63.24496133077845
12.55012550125541	40.017420291880406
12.56012560125641	52.41843059967111
12.57012570125741	43.42094963283285
12.58012580125841	48.613755526476055
12.59012590125941	50.80568527139114
12.600126001260412	41.85826175625977
12.610126101261411	72.63965637400553
12.620126201262412	65.04718969131336
12.630126301263411	53.66046835334749
12.640126401264412	39.023206871178694
12.650126501265413	64.6666863097842
12.660126601266413	57.553947322155345
12.670126701267414	40.0078897629863
12.680126801268413	48.8236397905473
12.690126901269414	57.70140429669896
12.700127001270415	47.39385361844873
12.710127101271414	69.30407045711509
12.720127201272415	36.65605419051841
12.730127301273415	50.188561448760694
12.740127401274416	72.4785718385872
12.750127501275417	52.25278556261599
12.760127601276416	56.38957898351178
12.770127701277417	53.57373386558672
12.780127801278416	39.34694511693977
12.790127901279417	21.421731677242583
12.800128001280417	36.862236683052345
12.810128101281418	61.38379375857491
12.820128201282419	41.36494100071416
12.830128301283418	37.87802289297199
12.840128401284419	35.7263653716181
12.850128501285418	51.55264483969838
12.86012860128642	34.55369858017585
12.87012870128742	52.57544960831982
12.88012880128842	33.93882952243482
12.89012890128942	42.885949760770416
12.90012900129042	43.13116574689652
12.910129101291421	37.703666980980145
12.920129201292422	33.453313685366865
12.930129301293421	39.82824834401725
12.940129401294422	39.08551807388607
12.950129501295422	40.499475538894075
12.960129601296423	40.85131865105357
12.970129701297424	38.42503252357357
12.980129801298423	38.05186360576856
12.990129901299424	42.78549404922537
13.000130001300423	35.539603070006365
13.010130101301424	52.82625418020869
13.020130201302425	16.792425287552017
13.030130301303425	43.066018001875044
13.040130401304426	39.46215069566772
13.050130501305425	42.53168249522254
13.060130601306426	49.55919012711219
13.070130701307427	43.430374628443815
13.080130801308426	41.27509928296634
13.090130901309427	39.20920440643666
13.100131001310427	52.92199597734928
13.110131101311428	5.283251464303237
13.120131201312429	41.045090868193874
13.130131301313428	60.33099029382823
13.140131401314429	33.714854850525256
13.150131501315428	48.19532243874806
13.16013160131643	39.975719790223565
13.17013170131743	50.58305264965421
13.18013180131843	13.322747439016062
13.19013190131943	50.59037126757753
13.20013200132043	3.2668698934583076
13.210132101321431	60.48572185072367
13.220132201322432	62.06138689551829
13.230132301323431	43.82163797108105
13.240132401324432	50.3801128917061
13.250132501325432	30.647031091116375
13.260132601326433	57.14578491461412
13.270132701327432	54.49891556080109
13.280132801328433	40.10403836118247
13.290132901329434	42.69361944368204
13.300133001330433	57.61609874505769
13.310133101331434	36.95973271839387
13.320133201332434	54.55321257023622
13.330133301333435	43.37219824750357
13.340133401334436	50.69135643979678
13.350133501335435	54.57739721395253
13.360133601336436	49.69867424810126
13.370133701337435	30.252680161519624
13.380133801338436	29.922270543885176
13.390133901339437	46.53645172936248
13.400134001340437	43.492450589175
13.410134101341438	25.238696440746935
13.420134201342437	49.376244149502355
13.430134301343438	30.266511996680812
13.440134401344439	39.77162564612286
13.450134501345438	45.961139319917464
13.46013460134644	43.80998587512119
13.470134701347439	39.800149180784636
13.48013480134844	26.748538738906895
13.49013490134944	41.38093642727272
13.50013500135044	39.18457852678688
13.510135101351441	38.5917413461418
13.52013520135244	39.73042930151054
13.530135301353441	39.23473926097393
13.540135401354442	40.40949162888159
13.550135501355442	39.1052944982756
13.560135601356443	44.51740264220416
13.570135701357442	45.80201964146209
13.580135801358443	35.94505194235786
13.590135901359444	31.9650403436813
13.600136001360443	33.56780277220343
13.610136101361444	40.4145004031714
13.620136201362444	27.98826858462387
13.630136301363445	48.71417951248969
13.640136401364446	38.81829418704058
13.650136501365445	45.65858077792519
13.660136601366446	41.835279769723876
13.670136701367445	21.856172309505173
13.680136801368446	52.28815933061362
13.690136901369447	44.6731187480572
13.700137001370447	57.24083582283176
13.710137101371448	23.549097287184154
13.720137201372447	59.921357911967235
13.730137301373448	50.17233139971209
13.740137401374447	54.37007413575486
13.750137501375448	57.61153903390111
13.76013760137645	31.18420987636628
13.770137701377449	50.495717012119734
13.78013780137845	60.07620999999647
13.790137901379449	65.03011765635242
13.80013800138045	44.33817011768344
13.810138101381451	57.1991720387064
13.82013820138245	59.309568429760176
13.830138301383451	48.15356229884624
13.84013840138445	27.319626951921283
13.850138501385452	49.29917496513172
13.860138601386453	53.36830821544643
13.870138701387452	60.45301936669501
13.880138801388453	44.22114513166898
13.890138901389452	60.47260839067256
13.900139001390453	49.645660172896235
13.910139101391454	51.955199601476934
13.920139201392454	66.59222230754821
13.930139301393455	42.713766825374954
13.940139401394454	61.25847285873639
13.950139501395455	50.11981843990797
13.960139601396456	47.345594903153405
13.970139701397455	47.16023753858107
13.980139801398456	49.672550180319796
13.990139901399456	42.51512093007152
14.000140001400457	58.66464474383599
14.010140101401458	23.57699399418556
14.020140201402457	51.90183171641676
14.030140301403458	43.911341939377834
14.040140401404457	51.90342051733166
14.050140501405458	36.365114189724
14.06014060140646	47.918417686946576
14.070140701407459	42.30157334876778
14.08014080140846	45.994304985095205
14.090140901409459	39.94680404348068
14.10014100141046	37.53233778621502
14.110141101411461	38.95794473347082
14.12014120141246	39.25008380558791
14.130141301413461	39.90877172211616
14.14014140141446	39.835079687456854
14.150141501415462	38.76243756787876
14.160141601416463	41.929969158782725
14.170141701417462	18.383624842092267
14.180141801418463	36.1607561864224
14.190141901419462	31.494886739619176
14.200142001420463	54.132640325995794
14.210142101421463	49.94507916277851
14.220142201422464	58.59309460472306
14.230142301423465	43.25492929312804
14.240142401424464	55.62397697167418
14.250142501425465	54.97147021536774
14.260142601426464	17.04094643368656
14.270142701427465	39.830674251351546
14.280142801428466	35.265640849456055
14.290142901429466	42.985559535900975
14.300143001430467	7.242616037926512
14.310143101431466	33.885836231385696
14.320143201432467	48.443506117153724
14.330143301433468	53.811436257477354
14.340143401434467	50.04779631506519
14.350143501435468	47.143438252629664
14.360143601436468	54.71834966130894
14.370143701437469	34.829179519967795
14.38014380143847	22.73926538327505
14.390143901439469	59.1587042086238
14.40014400144047	56.07969229120496
14.41014410144147	38.56878146064099
14.42014420144247	29.056895139758208
14.430144301443471	29.52112009659912
14.44014440144447	36.30577314867226
14.450144501445472	64.22059370523844
14.460144601446471	33.81169895969097
14.470144701447472	46.72463317610465
14.480144801448473	43.96613979329326
14.490144901449472	39.76978059753986
14.500145001450473	51.188885328048286
14.510145101451473	26.415510055653645
14.520145201452474	54.62498614728267
14.530145301453475	22.91870464225693
14.540145401454474	54.432431481525995
14.550145501455475	38.95623747013129
14.560145601456474	47.47090871386062
14.570145701457475	50.76583455752124
14.580145801458476	34.89064812533191
14.590145901459476	49.17550523939722
14.600146001460477	30.969739333499042
14.610146101461476	41.25019952038035
14.620146201462477	46.71734091496428
14.630146301463478	48.8643562656062
14.640146401464477	-8.562634210760756
14.650146501465478	35.99840475183842
14.660146601466478	41.825420332239325
14.670146701467479	40.97465957156903
14.680146801468478	37.7137338834706
14.690146901469479	38.424328867436245
14.70014700147048	38.19441395381204
14.71014710147148	38.90318851245851
14.72014720147248	35.0933965747101
14.73014730147348	37.90260336166781
14.74014740147448	41.562412497916
14.750147501475482	26.40449078170002
14.760147601476481	43.6345890918044
14.770147701477482	32.05380565404692
14.780147801478481	42.96434380750131
14.790147901479482	51.942035771720064
14.800148001480483	46.980946824021586
14.810148101481483	23.242434701946806
14.820148201482484	32.99377705846672
14.830148301483483	39.06662106383874
14.840148401484484	50.299631499971994
14.850148501485485	37.32733635672877
14.860148601486484	44.32262364010911
14.870148701487485	40.82661002703356
14.880148801488485	59.539757913064186
14.890148901489486	43.77744460060771
14.900149001490487	59.913322596912565
14.910149101491486	52.40586929575029
14.920149201492487	37.156959868116466
14.930149301493486	35.9961476901109
14.940149401494487	51.34741880651533
14.950149501495488	61.68936964173121
14.960149601496488	49.73590164329871
14.970149701497489	62.49022932827251
14.980149801498488	42.274586594974984
14.990149901499489	72.15452031490712
