0.0	nan
0.010000100001000326	-3.839040694662235
0.020000200002000652	5.882431529812445
0.03000030000300098	1.1759265785565405
0.040000400004001305	-6.618006088887112
0.05000050000500163	7.314455126501672
0.06000060000600196	-0.4157063156463523
0.07000070000700229	3.1926413985887625
0.08000080000800261	5.817880587309454
0.09000090000900293	17.267566257204795
0.10000100001000325	3.5432312940389483
0.11000110001100359	6.01058027134421
0.12000120001200391	6.907291841930103
0.13000130001300425	5.77983127341214
0.14000140001400457	8.213416771553765
0.1500015000150049	3.472907405159119
0.16000160001600522	5.02976141851412
0.17000170001700554	6.404964769710948
0.18000180001800586	5.316401984691764
0.1900019000190062	6.71973759656139
0.2000020000200065	4.5060519932678655
0.21000210002100686	6.023419635899407
0.22000220002200718	6.7731632948708
0.2300023000230075	5.830965876951212
0.24000240002400783	6.461204915101663
0.2500025000250082	3.2267561703863006
0.2600026000260085	6.119872119960096
0.2700027000270088	5.814579728587384
0.28000280002800915	7.388339659638263
0.29000290002900947	6.623199204633876
0.3000030000300098	7.048762423793894
0.3100031000310101	7.694293796774283
0.32000320003201044	8.036381911828645
0.33000330003301076	8.94114467766714
0.3400034000340111	7.629386575094023
0.3500035000350114	9.519208947693356
0.36000360003601173	10.04630737511157
0.37000370003701205	10.87067722114596
0.3800038000380124	11.740726344728806
0.3900039000390127	11.989562600795917
0.400004000040013	13.73346607651016
0.4100041000410134	13.552986263198363
0.4200042000420137	14.975422830648625
0.43000430004301404	15.806368792374563
0.44000440004401437	16.92078910609712
0.4500045000450147	17.06312228616297
0.460004600046015	19.102949277604584
0.47000470004701533	19.449898618637516
0.48000480004801566	21.383209209639293
0.490004900049016	21.110687243171423
0.5000050000500164	22.023158259762692
0.5100051000510166	21.887576568798313
0.520005200052017	22.601945603597542
0.5300053000530173	22.51972926022363
0.5400054000540176	23.202445146423113
0.5500055000550179	23.122847845780953
0.5600056000560183	22.237979485592003
0.5700057000570186	23.888502329721955
0.5800058000580189	23.86559272568869
0.5900059000590192	24.482680810628555
0.6000060000600196	24.687702276431565
0.6100061000610199	25.022353131537585
0.6200062000620202	25.31003245891449
0.6300063000630205	25.44599719692108
0.6400064000640209	26.06185258329754
0.6500065000650213	25.794169767214758
0.6600066000660215	26.306824062615714
0.6700067000670219	26.409041972120004
0.6800068000680222	27.12809730653531
0.6900069000690225	27.114899409764543
0.7000070000700228	26.75541526689381
0.7100071000710232	27.983415339997254
0.7200072000720235	27.571765286819904
0.7300073000730238	27.98060715286576
0.7400074000740241	27.33571816402573
0.7500075000750245	27.284525990529975
0.7600076000760247	28.642490372586423
0.7700077000770251	28.890072744389514
0.7800078000780254	29.735551201535486
0.7900079000790258	29.650208222266837
0.800008000080026	30.364591690869815
0.8100081000810264	30.805880106718586
0.8200082000820268	30.869758335321112
0.8300083000830271	31.2143433492854
0.8400084000840274	32.09084265205937
0.8500085000850277	32.675752804744974
0.8600086000860281	33.451308958392254
0.8700087000870284	33.67305605429173
0.8800088000880287	34.27805780867354
0.890008900089029	35.459156164476624
0.9000090000900294	35.02484876341745
0.9100091000910296	35.8679859191408
0.92000920009203	36.16917038584523
0.9300093000930303	36.905791533475906
0.9400094000940307	37.31932018767385
0.9500095000950309	37.54904535383127
0.9600096000960313	38.034765686135785
0.9700097000970317	39.19170953351619
0.980009800098032	39.746015469233754
0.9900099000990323	38.50463815869578
1.0000100001000327	40.55298090713016
1.0100101001010329	42.55859544668805
1.0200102001020332	50.31770754345764
1.0300103001030336	44.17735629984365
1.040010400104034	44.387641687725186
1.0500105001050342	44.40811292271258
1.0600106001060345	43.855150586756466
1.070010700107035	45.233502232788354
1.0800108001080353	45.338057967464984
1.0900109001090355	45.95610046792115
1.1000110001100358	32.38017026892594
1.1100111001110362	45.67858284546232
1.1200112001120366	49.67920945344933
1.130011300113037	48.28502928689908
1.1400114001140371	48.56655408845735
1.1500115001150375	49.76831356428807
1.1600116001160379	45.9457496063278
1.1700117001170383	51.65184403041341
1.1800118001180384	51.24186799213213
1.1900119001190388	52.5784948350751
1.2000120001200392	52.823533461747324
1.2100121001210395	51.67060008551349
1.2200122001220397	55.28015225876951
1.23001230012304	52.49733725270567
1.2400124001240405	56.031039734380975
1.2500125001250408	57.714237863221825
1.260012600126041	58.20994196823962
1.2700127001270414	61.13751371731943
1.2800128001280418	61.35432825995955
1.2900129001290421	63.76738964108673
1.3000130001300425	62.814189117391415
1.3100131001310427	66.2096260091182
1.320013200132043	64.35099493135516
1.3300133001330434	66.06179417979604
1.3400134001340438	66.97785949961171
1.350013500135044	67.63367811776843
1.3600136001360443	67.82157123377938
1.3700137001370447	68.50409904398508
1.380013800138045	68.6783150566641
1.3900139001390452	70.38514941756009
1.4000140001400456	74.17884032624924
1.410014100141046	65.12136436399149
1.4200142001420464	76.04282860378281
1.4300143001430465	76.3403283160994
1.440014400144047	77.41787568727612
1.4500145001450473	79.32092135353727
1.4600146001460477	80.22309281889484
1.470014700147048	79.4687231948109
1.4800148001480482	81.51749205679728
1.4900149001490486	88.97684577446013
1.500015000150049	85.9259776982219
1.5100151001510493	87.65210279293171
1.5200152001520495	86.32454504029853
1.5300153001530499	91.66946273143947
1.5400154001540503	90.5378312871271
1.5500155001550506	88.59344873586406
1.5600156001560508	92.588527500663
1.5700157001570512	108.51230959511655
1.5800158001580515	104.96844798401354
1.590015900159052	92.37989084282434
1.600016000160052	91.89491866373713
1.6100161001610525	108.29253143533971
1.6200162001620528	102.21160217266763
1.6300163001630532	89.75001367720049
1.6400164001640536	84.17885854631005
1.6500165001650537	72.81670633461792
1.6600166001660541	25.635771358159346
1.6700167001670545	11.439230440042756
1.6800168001680549	61.48632275795197
1.690016900169055	80.46279710351637
1.7000170001700554	88.08695261532637
1.7100171001710558	81.5844858519081
1.7200172001720562	46.66476420356721
1.7300173001730563	90.6256647078477
1.7400174001740567	103.73951037643744
1.750017500175057	106.39621429151833
1.7600176001760575	92.9844062979331
1.7700177001770578	94.22494385327984
1.780017800178058	113.61040533596858
1.7900179001790584	111.89085601520563
1.8000180001800588	83.99239256167108
1.8100181001810591	91.09769329905154
1.8200182001820593	115.36466579141883
1.8300183001830597	105.30334845003433
1.84001840018406	89.15253170371142
1.8500185001850604	97.45041619038258
1.8600186001860606	113.66256703684833
1.870018700187061	84.7474760584746
1.8800188001880613	95.73921498207126
1.8900189001890617	94.1862397106582
1.9000190001900619	116.23250435048112
1.9100191001910622	108.24807339814055
1.9200192001920626	105.5770556375629
1.930019300193063	97.55592893299574
1.9400194001940634	95.43498540973705
1.9500195001950635	120.94045874386205
1.960019600196064	99.40275325890303
1.9700197001970643	94.66061645009688
1.9800198001980647	89.1531665676034
1.9900199001990648	110.14224206686806
2.0000200002000654	90.54134668523427
2.0100201002010656	92.07906616321964
2.0200202002020657	86.0311243828056
2.0300203002030663	112.14774792366205
2.0400204002040665	89.89119003324139
2.0500205002050667	79.73014285408252
2.0600206002060673	99.27430645517963
2.0700207002070674	109.93450297805381
2.080020800208068	92.81359597675147
2.090020900209068	79.6692751160151
2.1000210002100683	91.657981395908
2.110021100211069	103.5434865326574
2.120021200212069	97.08654625642272
2.1300213002130697	82.22081448498272
2.14002140021407	85.21039056515903
2.15002150021507	110.97609226204396
2.1600216002160706	72.42812096612882
2.1700217002170707	64.99014031200744
2.180021800218071	78.65114958283338
2.1900219002190715	84.3891128632045
2.2000220002200717	43.70584352940236
2.2100221002210723	69.63297607926253
2.2200222002220724	58.320838819570966
2.2300223002230726	58.911609748732054
2.240022400224073	66.53189951001
2.2500225002250733	55.45199146901834
2.260022600226074	37.35924249856918
2.270022700227074	19.200966047239294
2.2800228002280742	16.546003085633387
2.290022900229075	36.426989274569856
2.300023000230075	41.77330657525652
2.310023100231075	48.61682064851633
2.3200232002320758	56.87640297505352
2.330023300233076	62.74357742873498
2.3400234002340765	62.48161380312376
2.3500235002350767	51.36358505354442
2.360023600236077	64.08127447550048
2.3700237002370774	80.19493986416639
2.3800238002380776	59.670117558181026
2.3900239002390777	46.26215354077836
2.4000240002400783	65.74974221673679
2.4100241002410785	67.73003603165556
2.420024200242079	75.02690009033194
2.4300243002430792	102.87762630383706
2.4400244002440794	58.341492977083064
2.45002450024508	77.77521444732875
2.46002460024608	76.32565133748766
2.4700247002470808	52.022325574985224
2.480024800248081	60.12663528972282
2.490024900249081	107.17606820828047
2.5000250002500817	68.89689336677777
2.510025100251082	64.20405193584541
2.520025200252082	79.4014000441209
2.5300253002530826	75.49416270182373
2.5400254002540827	90.96051808174965
2.5500255002550833	62.34234550590256
2.5600256002560835	71.1339533797583
2.5700257002570837	75.5180617729265
2.5800258002580843	64.50743838864561
2.5900259002590844	72.06565784956182
2.600026000260085	68.5552524354618
2.610026100261085	71.9538845580475
2.6200262002620853	57.621411544398356
2.630026300263086	43.32170381356033
2.640026400264086	30.92784987372636
2.6500265002650862	36.79888158411697
2.660026600266087	52.51122389283585
2.670026700267087	50.19831156102272
2.6800268002680876	60.13525677700958
2.6900269002690878	43.51044709548468
2.700027000270088	56.87175464320145
2.7100271002710885	52.73288231974521
2.7200272002720887	57.655222177651126
2.7300273002730893	48.803833663553974
2.7400274002740894	45.46197340204418
2.7500275002750896	53.81843946762961
2.76002760027609	49.60048385515879
2.7700277002770903	12.645041002731487
2.7800278002780905	12.846979853047904
2.790027900279091	7.407009980789983
2.8000280002800912	21.144791644855847
2.810028100281092	30.335527375962997
2.820028200282092	33.13788529669993
2.830028300283092	21.585763013630633
2.8400284002840928	-0.467995684720305
2.850028500285093	19.82960351518438
2.860028600286093	18.423531914543307
2.8700287002870937	10.102434759561719
2.880028800288094	5.114254216245317
2.8900289002890944	7.816952101185757
2.9000290002900946	6.581247280295976
2.9100291002910947	-12.263827828067598
2.9200292002920953	-1.7800065042927744
2.9300293002930955	19.365272338254798
2.940029400294096	27.990486880581738
2.9500295002950963	17.533027261113453
2.9600296002960964	-1.8606544935181795
2.970029700297097	27.580832270688312
2.980029800298097	27.020235102464177
2.9900299002990973	21.82131053262728
3.000030000300098	18.987788623937615
3.010030100301098	32.00003514228045
3.0200302003020987	29.220897256071943
3.030030300303099	24.780846028830002
3.040030400304099	26.654284559642637
3.0500305003050996	25.688988071286094
3.0600306003060997	17.228168585666907
3.0700307003071003	28.010897065347592
3.0800308003081005	23.828693993959497
3.0900309003091007	2.75852875268721
3.1000310003101013	17.851204409886222
3.1100311003111014	24.7426375600152
3.1200312003121016	39.93119422752789
3.130031300313102	10.98304095925742
3.1400314003141023	28.488842046216647
3.150031500315103	17.57143365826177
3.160031600316103	24.58364364054974
3.1700317003171032	23.43190119357593
3.180031800318104	44.41482090668701
3.190031900319104	16.05533421249306
3.200032000320104	39.629088540933466
3.2100321003211048	44.12139166549203
3.220032200322105	27.21096866814231
3.2300323003231055	28.215995092300542
3.2400324003241057	31.69417329233188
3.250032500325106	41.05722913669155
3.2600326003261064	30.50617206590274
3.2700327003271066	36.998692469191624
3.280032800328107	28.42871537740196
3.2900329003291073	32.18237475909827
3.3000330003301075	26.84003319662875
3.310033100331108	29.234523187608893
3.3200332003321082	36.35672705091392
3.3300333003331084	20.783011452508724
3.340033400334109	15.51957336943221
3.350033500335109	36.11109395466741
3.3600336003361098	36.70940798827099
3.37003370033711	26.985751025276983
3.38003380033811	20.782339683971625
3.3900339003391107	26.92516293298254
3.400034000340111	36.025536773648916
3.4100341003411114	20.439369383305284
3.4200342003421116	-5.495189651613552
3.4300343003431117	20.54551486581808
3.4400344003441123	22.37098249729075
3.4500345003451125	15.498379628689307
3.4600346003461127	8.310100172164706
3.4700347003471133	4.462972470967804
3.4800348003481134	10.99587070606431
3.490034900349114	5.680682961335235
3.500035000350114	12.03922175991933
3.5100351003511143	22.882972093950922
3.520035200352115	23.820730006888557
3.530035300353115	16.151284300893117
3.5400354003541157	-5.364342855214164
3.550035500355116	36.05916814579699
3.560035600356116	31.879515933276195
3.5700357003571166	31.33499405140587
3.5800358003581167	24.053937083219726
3.590035900359117	34.6290968355107
3.6000360003601175	23.911568296801097
3.6100361003611177	25.046838427119912
3.6200362003621183	34.52040293442051
3.6300363003631184	25.225329663590767
3.6400364003641186	35.53313507763394
3.650036500365119	17.455934024064916
3.6600366003661193	27.042651179469885
3.6700367003671195	-0.3793511669886282
3.68003680036812	22.973484374867123
3.6900369003691202	29.999356318704837
3.700037000370121	35.49742066512602
3.710037100371121	45.58166497623398
3.720037200372121	47.602434480708325
3.7300373003731218	7.580335476449169
3.740037400374122	52.647873073771116
3.7500375003751225	53.74307869983687
3.7600376003761227	44.64650922613314
3.770037700377123	38.05977508656644
3.7800378003781234	44.51293892254106
3.7900379003791236	45.86426065456561
3.8000380003801237	28.305362032628768
3.8100381003811243	41.695431310720394
3.8200382003821245	-11.509039179290545
3.830038300383125	50.233314789925274
3.8400384003841253	19.125724326757314
3.8500385003851254	48.213088378604155
3.860038600386126	40.42933344435363
3.870038700387126	31.54430840344102
3.8800388003881268	19.04266805290198
3.890038900389127	42.62663996232105
3.900039000390127	27.9753259767321
3.9100391003911277	31.391939937903157
3.920039200392128	31.172152107344086
3.930039300393128	32.019884277433306
3.9400394003941286	31.851275131883405
3.9500395003951287	17.38984854189427
3.9600396003961293	24.28519221071691
3.9700397003971295	0.22623491474293708
3.9800398003981297	9.640680953508685
3.9900399003991303	11.273196173027834
4.000040000400131	12.064428432124203
4.010040100401131	16.99181357134946
4.020040200402131	-22.036564188026816
4.030040300403131	3.859847500775581
4.0400404004041315	23.25876381738354
4.0500405004051325	16.84460211405119
4.060040600406133	6.244039008282567
4.070040700407133	7.68297770864443
4.080040800408133	7.923787520231709
4.090040900409133	0.8648549081873987
4.100041000410133	4.960791965133924
4.110041100411134	13.975319772051794
4.1200412004121345	22.654964237506757
4.130041300413135	-5.909660013226823
4.140041400414135	8.379013805621657
4.150041500415135	13.257543612073887
4.160041600416136	15.960353881148992
4.170041700417136	13.95310297568582
4.180041800418136	27.256291771202722
4.1900419004191365	-6.583606070858783
4.200042000420137	24.967417216661506
4.210042100421138	19.648764600978932
4.220042200422138	-29.713449625484706
4.230042300423138	33.81151887671728
4.240042400424138	26.11625557403724
4.250042500425138	17.096068671377672
4.260042600426139	19.056970969475614
4.2700427004271395	6.197602722227319
4.28004280042814	13.827629719867794
4.29004290042914	1.4412152703132857
4.30004300043014	14.058438600490105
4.31004310043114	28.00358783639712
4.320043200432141	18.974733820828018
4.330043300433141	16.381663702154427
4.3400434004341415	30.22532323626181
4.350043500435142	26.555794258884557
4.360043600436142	29.041073732641973
4.370043700437143	26.916743656247945
4.380043800438143	26.14335794658895
4.390043900439143	32.62312040274367
4.400044000440143	24.145395455674
4.4100441004411435	25.408120440109492
4.4200442004421445	26.72097112207786
4.430044300443145	29.23594993294752
4.440044400444145	27.955611752150876
4.450044500445145	25.147153794183154
4.460044600446145	21.444312464124884
4.470044700447146	26.736732571168396
4.480044800448146	7.849294343394925
4.4900449004491465	3.5068507119375374
4.500045000450147	13.550688623981037
4.510045100451147	28.159625718618695
4.520045200452148	11.490746991942403
4.530045300453148	3.3443246497708543
4.540045400454148	20.652324513075026
4.550045500455148	-0.8976975754231928
4.5600456004561485	28.53176606069013
4.570045700457149	-10.117163993886631
4.58004580045815	16.16187724180053
4.59004590045915	24.94016939325856
4.60004600046015	3.381733882008612
4.61004610046115	6.792620854128126
4.62004620046215	4.605311933573763
4.630046300463151	18.72820034893924
4.6400464004641515	16.378131542800144
4.650046500465152	12.402307579465605
4.660046600466152	8.746309164788878
4.670046700467152	9.634717280294598
4.680046800468153	9.137009750642791
4.690046900469153	8.725476854673731
4.700047000470153	14.598271403726928
4.7100471004711535	13.694767630746583
4.720047200472154	17.118235532183046
4.730047300473155	9.36680446130479
4.740047400474155	11.400129571294425
4.750047500475155	9.575095004503124
4.760047600476155	19.112478660419427
4.770047700477155	22.86068107781151
4.7800478004781555	17.111735866194593
4.7900479004791565	20.916269488775555
4.800048000480157	23.032742154861293
4.810048100481157	13.40996178253694
4.820048200482157	16.429586718163712
4.830048300483157	-3.857436153979815
4.840048400484158	30.140265167959015
4.850048500485158	18.23433249599379
4.8600486004861585	-2.8854226325184027
4.870048700487159	33.00405061413032
4.880048800488159	14.57723417381583
4.89004890048916	13.237105233254999
4.90004900049016	15.096003676920834
4.91004910049116	22.501793461843132
4.92004920049216	11.064718408555342
4.9300493004931605	6.436057851596746
4.9400494004941615	35.54561262407514
4.950049500495162	32.39508067195191
4.960049600496162	4.094595708720269
4.970049700497162	21.058094720503828
4.980049800498162	-0.05739580965629188
4.990049900499163	33.3808112199747
5.000050000500163	19.268258541256493
5.0100501005011635	29.175097878371957
5.020050200502164	32.72576098107395
5.030050300503164	30.26075775667708
5.040050400504164	28.753858291624226
5.050050500505165	12.420073051465534
5.060050600506165	7.8202318655699194
5.070050700507165	16.334779062400532
5.0800508005081655	27.11137063146357
5.090050900509166	29.300649097163646
5.100051000510167	23.929439071914782
5.110051100511167	29.237473208644587
5.120051200512167	4.436355441963206
5.130051300513167	26.779145558109768
5.140051400514167	22.859930133747586
5.150051500515168	-7.852961635151735
5.1600516005161685	-0.4903719685243032
5.170051700517169	11.612093181205156
5.180051800518169	24.166070183616803
5.190051900519169	4.154661930561302
5.20005200052017	11.414116587356324
5.21005210052117	-4.821526983327942
5.22005220052217	15.845171585578194
5.2300523005231705	11.82358200319128
5.240052400524171	10.096419210987873
5.250052500525171	11.658475226956922
5.260052600526172	9.447580549434756
5.270052700527172	9.402692614003868
5.280052800528172	7.6593107159531915
5.290052900529172	-5.756873838580296
5.3000530005301725	7.126429701382368
5.3100531005311735	0.2774292603530665
5.320053200532174	15.920359604450116
5.330053300533174	19.322062607009077
5.340053400534174	11.285468508717193
5.350053500535174	20.12308944206501
5.360053600536175	1.7774146969542208
5.370053700537175	12.334173724734374
5.3800538005381755	10.70612901425933
5.390053900539176	19.35097237121715
5.400054000540176	27.327066019411763
5.410054100541177	19.304301518023383
5.420054200542177	24.533703083822058
5.430054300543177	18.113146510384
5.440054400544177	14.806953549144211
5.4500545005451775	17.856429274186286
5.4600546005461785	36.14958227742778
5.470054700547179	17.686645879577707
5.480054800548179	19.521137050869864
5.490054900549179	9.811381047960435
5.500055000550179	24.614612666067405
5.510055100551179	11.12077452261124
5.52005520055218	25.07289160209328
5.5300553005531805	12.784752772651288
5.540055400554181	4.980632554554433
5.550055500555181	6.547396989518596
5.560055600556181	15.878319493562447
5.570055700557182	9.946430560809565
5.580055800558182	18.763335076709318
5.590055900559182	31.421692411309877
5.6000560005601825	13.024985593774446
5.610056100561183	33.91338613974073
5.620056200562184	20.71792101085223
5.630056300563184	22.16402896237747
5.640056400564184	34.17691335937995
5.650056500565184	-3.1976020552498268
5.660056600566184	31.43798108723245
5.670056700567185	17.76306247322339
5.6800568005681855	25.93923722555079
5.690056900569186	17.614423452696133
5.700057000570186	8.160556595200308
5.710057100571186	17.82308261863273
5.720057200572186	29.579150046101148
5.730057300573187	16.07298655585379
5.740057400574187	15.539597837969438
5.7500575005751875	20.855295174853094
5.760057600576188	15.300055116271695
5.770057700577188	1.4924512901206597
5.780057800578189	2.567823818486062
5.790057900579189	14.844089271329386
5.800058000580189	19.795145895050574
5.810058100581189	1.8964499214937416
5.8200582005821895	-8.075177107758563
5.8300583005831905	7.812094702981451
5.840058400584191	12.199508801162267
5.850058500585191	9.748536900403934
5.860058600586191	9.18840498243278
5.870058700587191	10.414325120039368
5.880058800588192	13.120749679641492
5.890058900589192	13.482399400875888
5.9000590005901925	10.117482086549082
5.910059100591193	-1.9884435359583001
5.920059200592193	22.720386282871047
5.930059300593194	1.1078106504545733
5.940059400594194	-1.3524296229482773
5.950059500595194	21.48348929941598
5.960059600596194	31.052114644627032
5.9700597005971945	1.750694923072476
5.980059800598195	11.556797415238504
5.990059900599196	26.537043999712683
6.000060000600196	9.257402983120116
6.010060100601196	25.528615538652794
6.020060200602196	17.170883017914914
6.030060300603196	28.857734360437043
6.040060400604197	4.720053260141536
6.0500605006051975	27.370328824201824
6.060060600606198	26.971848949328525
6.070060700607198	37.21842665254848
6.080060800608198	2.7750022423669978
6.090060900609199	-16.736385946677213
6.100061000610199	14.779709601878501
6.110061100611199	28.85811081235934
6.1200612006121995	20.19273376729108
6.1300613006132	13.388271049822087
6.140061400614201	36.200817931246455
6.150061500615201	10.083748090857092
6.160061600616201	34.80145227943364
6.170061700617201	18.20355304287683
6.180061800618201	21.036082514158824
6.1900619006192015	33.2230414651065
6.2000620006202025	25.686506635635027
6.210062100621203	15.581134531937597
6.220062200622203	36.333941501256945
6.230062300623203	5.020861599381462
6.240062400624203	7.369305869612024
6.250062500625204	21.93858506943763
6.260062600626204	10.993317104891537
6.2700627006272045	17.307872087868382
6.280062800628205	26.50982071337201
6.290062900629205	31.383436868246946
6.300063000630206	5.6743002955590205
6.310063100631206	0.3247637873257059
6.320063200632206	12.884850953799097
6.330063300633206	21.736526851337764
6.3400634006342065	24.219623067444754
6.3500635006352075	24.00071648599979
6.360063600636208	13.17393607952211
6.370063700637208	17.729923250409485
6.380063800638208	-0.13476491521048944
6.390063900639208	-3.539569631418597
6.400064000640208	11.640552679603642
6.410064100641209	9.19796177356495
6.4200642006422095	2.627944341399626
6.43006430064321	9.143512999751934
6.44006440064421	7.82214717103899
6.45006450064521	7.965575476784562
6.460064600646211	6.026388379047063
6.470064700647211	6.12784961992945
6.480064800648211	12.5809477755072
6.4900649006492115	6.136375655508617
6.500065000650212	-4.025328680179602
6.510065100651213	19.774910971060173
6.520065200652213	5.10162398691876
6.530065300653213	16.28731819503073
6.540065400654213	19.294584625861148
6.550065500655213	19.940324105052188
6.560065600656214	14.1726982672307
6.5700657006572145	0.6135768430757688
6.580065800658215	-1.8546094096979777
6.590065900659215	11.067311363845436
6.600066000660215	26.84276880000171
6.610066100661216	25.060532860414696
6.620066200662216	14.075836435627975
6.630066300663216	6.501314016973804
6.6400664006642165	20.41399155573017
6.650066500665217	-17.43509335608682
6.660066600666217	22.943856955833645
6.670066700667218	11.23649568579971
6.680066800668218	32.611313693068254
6.690066900669218	19.658092811448928
6.700067000670218	20.521058089892627
6.7100671006712185	-6.267066429195693
6.7200672006722195	22.054144827939773
6.73006730067322	5.721053601322934
6.74006740067422	21.35462744085095
6.75006750067522	-8.156823011688783
6.76006760067622	27.53116529477584
6.770067700677221	32.79426006473631
6.780067800678221	23.79013443314969
6.7900679006792215	35.63983860904922
6.800068000680222	5.526175608887582
6.810068100681222	22.550224767183888
6.820068200682223	4.985518797396578
6.830068300683223	14.480659693178575
6.840068400684223	22.969636821235277
6.850068500685223	11.573649702010028
6.8600686006862235	5.500898472912111
6.870068700687224	11.270147955460379
6.880068800688225	13.377800330205329
6.890068900689225	-4.19942344184452
6.900069000690225	7.717575788442341
6.910069100691225	33.11460862095586
6.920069200692225	14.918843472407321
6.930069300693226	17.377011339243644
6.9400694006942265	11.817094221244336
6.950069500695227	9.38718581515006
6.960069600696227	3.8435023679835343
6.970069700697227	16.670169802223903
6.980069800698228	7.595017651796681
6.990069900699228	9.369571582915293
7.000070000700228	10.15213471429211
7.0100701007012285	10.803723175430793
7.020070200702229	8.251477868206743
7.03007030070323	10.648269260323817
7.04007040070423	9.62407106344489
7.05007050070523	9.949849822439186
7.06007060070623	18.04433774183224
7.07007070070723	6.481049653006355
7.080070800708231	19.672238925966173
7.0900709007092315	1.8440605530514245
7.100071000710232	-1.2315737877759234
7.110071100711232	-16.348107687991273
7.120071200712232	6.940269602347594
7.130071300713232	6.0401336023980114
7.140071400714233	4.653054129146892
7.150071500715233	13.580018923724758
7.1600716007162335	16.667935731103068
7.170071700717234	18.34535984404602
7.180071800718234	16.229249022413484
7.190071900719235	29.129655320435965
7.200072000720235	18.264109458581245
7.210072100721235	30.281538366476195
7.220072200722235	17.74067044440041
7.2300723007232355	28.572937261270468
7.2400724007242365	13.471854759903056
7.250072500725237	20.445735919433304
7.260072600726237	9.555428294130307
7.270072700727237	28.632084359037698
7.280072800728237	1.5276572245677016
7.290072900729238	21.84241432160585
7.300073000730238	-7.9737253774887495
7.3100731007312385	11.650273871317665
7.320073200732239	33.66190820916709
7.330073300733239	15.861332111271444
7.340073400734239	25.486689179084408
7.35007350073524	30.028135600751618
7.36007360073624	40.59611136986605
7.37007370073724	9.894878657303646
7.3800738007382405	16.15347315274815
7.390073900739241	28.436641619745483
7.400074000740242	35.18362789355481
7.410074100741242	26.799567307003386
7.420074200742242	8.286491510363476
7.430074300743242	17.70541303120693
7.440074400744242	18.583949996290546
7.450074500745243	10.144099699961245
7.4600746007462435	24.2206012105022
7.470074700747244	8.115480586560714
7.480074800748244	19.988594418998478
7.490074900749244	22.767982734811195
7.500075000750245	22.383442589626448
7.510075100751245	21.173786183822877
7.520075200752245	-4.424556707396664
7.5300753007532455	-5.545023542753277
7.540075400754246	12.934668502875565
7.550075500755247	-1.5718633348882185
7.560075600756247	23.71306662469393
7.570075700757247	3.3596609247296723
7.580075800758247	11.188900302136203
7.590075900759247	14.445704173263493
7.6000760007602475	7.863377196445997
7.6100761007612485	12.54384048025059
7.620076200762249	10.601240370431098
7.630076300763249	9.465184680876373
7.640076400764249	9.168937554020179
7.650076500765249	8.450860136447599
7.66007660076625	14.544938917891983
7.67007670076725	13.172072715263537
7.6800768007682505	1.4051338684336014
7.690076900769251	16.41471058061673
7.700077000770251	-2.244554603264098
7.710077100771252	-1.1816230666697145
7.720077200772252	13.750595438525707
7.730077300773252	15.552445336590395
7.740077400774252	18.18297140663301
7.7500775007752525	22.21383783623899
7.7600776007762535	24.412214835551467
7.770077700777254	26.2955695150578
7.780077800778254	-16.103338661993654
7.790077900779254	-1.7004494802223138
7.800078000780254	24.115191938961843
7.810078100781254	16.297923469891284
7.820078200782255	20.976135361368524
7.8300783007832555	4.054629901448225
7.840078400784256	6.704785212037018
7.850078500785256	13.69532033654798
7.860078600786256	-0.5461270243800589
7.870078700787257	7.421008520584518
7.880078800788257	18.657737369161058
7.890078900789257	18.513409147678743
7.9000790007902575	4.808922436680492
7.910079100791258	27.53684875167591
7.920079200792259	26.998181379544782
7.930079300793259	6.252171067576555
7.940079400794259	18.329934733521416
7.950079500795259	15.22883340292594
7.960079600796259	-22.541478586547704
7.97007970079726	21.064009729928916
7.9800798007982605	33.73707848544259
7.990079900799261	8.756449303833557
8.000080000800262	32.234205501753166
8.010080100801261	19.79540093835233
8.020080200802262	-10.951507880398488
8.030080300803261	9.384258475747037
8.040080400804262	10.96303985509653
8.050080500805263	31.719742570533477
8.060080600806263	23.005431087315404
8.070080700807264	27.169505060834894
8.080080800808263	19.079959449548305
8.090080900809264	8.84912171283493
8.100081000810265	11.636669019164449
8.110081100811264	3.6677187115730625
8.120081200812265	5.7081877003185255
8.130081300813265	16.100573930481247
8.140081400814266	5.1460101592433105
8.150081500815265	17.9735584153563
8.160081600816266	11.930489111925299
8.170081700817267	18.066458484965068
8.180081800818266	1.4741536590253426
8.190081900819267	8.424706179678154
8.200082000820267	13.459865513320329
8.210082100821268	6.467241352158135
8.220082200822269	8.445109258252847
8.230082300823268	5.172024154085478
8.240082400824269	12.199372088449545
8.250082500825268	1.7269798932600011
8.26008260082627	4.275228800902243
8.27008270082727	15.174238793008756
8.28008280082827	1.774834748586136
8.29008290082927	12.378177613689669
8.30008300083027	8.986871955869
8.310083100831271	5.182533785160073
8.320083200832272	12.286554686725383
8.330083300833271	32.34740718095863
8.340083400834272	19.34116230856313
8.350083500835272	24.880034735955967
8.360083600836273	-9.348268029349228
8.370083700837274	18.19808650036667
8.380083800838273	23.87081401336213
8.390083900839274	22.06764063858937
8.400084000840273	22.020690436402294
8.410084100841274	23.792440586582853
8.420084200842275	33.535168054640046
8.430084300843275	16.15699539770301
8.440084400844276	30.851907501199598
8.450084500845275	36.36101766146348
8.460084600846276	32.89978042894299
8.470084700847277	1.6898614189816108
8.480084800848276	22.61580279935801
8.490084900849277	0.198633308886073
8.500085000850277	24.8853770298044
8.510085100851278	3.5934925217883404
8.520085200852279	27.728894895395353
8.530085300853278	19.007323559399744
8.540085400854279	26.429490298460834
8.550085500855278	12.169482412220399
8.56008560085628	29.868236745678207
8.57008570085728	19.647505267111487
8.58008580085828	4.463801979659955
8.59008590085928	9.754648537104545
8.60008600086028	5.516094672250874
8.610086100861281	-7.399948131138928
8.62008620086228	-2.052300814648543
8.630086300863281	27.384934996456973
8.640086400864282	26.371102012190544
8.650086500865282	16.929764012660787
8.660086600866283	28.386412184552288
8.670086700867282	30.592015722752482
8.680086800868283	8.9111389620806
8.690086900869284	10.356254570242658
8.700087000870283	-11.448969104011157
8.710087100871284	15.690805966844723
8.720087200872284	16.156899165155988
8.730087300873285	-11.634909622765713
8.740087400874286	15.626072102159803
8.750087500875285	-8.712783454519371
8.760087600876286	9.16640124830071
8.770087700877285	11.885195566460107
8.780087800878286	7.423536358203673
8.790087900879287	13.60560692397642
8.800088000880287	10.58827086410017
8.810088100881288	9.974508049519871
8.820088200882287	8.459961706572342
8.830088300883288	12.323023653024343
8.840088400884289	9.491085727336154
8.850088500885288	5.193148518697696
8.86008860088629	12.478309836864945
8.870088700887289	0.26519530629030635
8.88008880088829	-5.2014291956112
8.89008890088929	7.064104885871075
8.90008900089029	16.184576462378836
8.910089100891291	-20.89702204314821
8.92008920089229	8.21004043736399
8.930089300893291	13.980406404088162
8.940089400894292	24.105377011029486
8.950089500895292	26.97813258365401
8.960089600896293	19.481965543459463
8.970089700897292	5.163680318513697
8.980089800898293	-36.1542322640912
8.990089900899294	1.536651150263599
9.000090000900293	19.869724813250222
9.010090100901294	26.138331836189863
9.020090200902294	14.376987992350044
9.030090300903295	9.62733376082336
9.040090400904296	7.396518583894711
9.050090500905295	14.676332707435186
9.060090600906296	9.789461583181788
9.070090700907295	24.279503836543363
9.080090800908296	-1.4179811383143726
9.090090900909296	32.341895479065485
9.100091000910297	13.348860273860794
9.110091100911298	17.59345971772909
9.120091200912297	23.31581446378503
9.130091300913298	24.583785796310618
9.140091400914297	25.093497060734613
9.150091500915298	34.056139849633894
9.1600916009163	13.996908240706448
9.170091700917299	0.7461471244676601
9.1800918009183	33.954392602417286
9.190091900919299	7.709376725855299
9.2000920009203	10.31652249539848
9.210092100921301	21.57861234390758
9.2200922009223	8.836974013906199
9.230092300923301	10.542475824835153
9.2400924009243	27.949771695142164
9.250092500925302	25.54432747996991
9.260092600926303	14.132674215630042
9.270092700927302	18.201858474041206
9.280092800928303	11.645562377502815
9.290092900929302	6.701984243458901
9.300093000930303	13.596436425189163
9.310093100931304	9.388594885648292
9.320093200932304	-10.147354336743904
9.330093300933305	-2.050729399967236
9.340093400934304	13.799284633544891
9.350093500935305	17.680559804092063
9.360093600936306	2.8199430363733065
9.370093700937305	11.434031898423635
9.380093800938306	5.337779297954961
9.390093900939306	7.205409705649662
9.400094000940307	7.953287058619984
9.410094100941308	8.360199256861337
9.420094200942307	7.865652307580541
9.430094300943308	8.03969266037899
9.440094400944307	12.146199146978924
9.450094500945308	5.0747811984545415
9.46009460094631	19.237977800688427
9.470094700947309	6.427749175856162
9.48009480094831	14.079996056116222
9.490094900949309	-4.96756201192122
9.50009500095031	18.934046187440796
9.510095100951311	25.256254664196547
9.52009520095231	-23.394136585993323
9.530095300953311	13.508396499972378
9.54009540095431	24.699496155065717
9.550095500955312	28.252788933117518
9.560095600956311	16.844021369098574
9.570095700957312	18.01405709687741
9.580095800958313	8.252884287132188
9.590095900959312	8.067060779492024
9.600096000960313	1.2266497405196635
9.610096100961313	29.014987099769574
9.620096200962314	30.45874571557652
9.630096300963315	25.64181888654114
9.640096400964314	29.93350792909496
9.650096500965315	28.482546875958327
9.660096600966314	20.66208366375331
9.670096700967315	1.3195869141171577
9.680096800968316	26.270545189679755
9.690096900969316	32.15434107397623
9.700097000970317	33.78822539714177
9.710097100971316	36.29361105538949
9.720097200972317	5.352950378637378
9.730097300973318	-10.460470306211441
9.740097400974317	12.996364579475628
9.750097500975318	31.145954530726577
9.760097600976318	14.478631167100906
9.770097700977319	2.1907253762791803
9.78009780097832	16.489284445287375
9.790097900979319	-4.487931181539778
9.80009800098032	3.2094560764320916
9.81009810098132	25.83926433986399
9.82009820098232	20.316663461472448
9.830098300983321	25.2646835363609
9.84009840098432	28.536099875560904
9.850098500985322	-8.466595484443936
9.860098600986321	25.527039155810357
9.870098700987322	17.24789090268769
9.880098800988323	-0.133621291604763
9.890098900989322	11.49460012969618
9.900099000990323	12.485298503253675
9.910099100991323	10.04417953033094
9.920099200992324	4.9241538711525825
9.930099300993325	18.264776338877297
9.940099400994324	11.578338001245365
9.950099500995325	11.561856826005355
9.960099600996324	15.510320137721953
9.970099700997325	11.889349766396903
9.980099800998326	10.010297491265797
9.990099900999326	10.670635908754086
10.000100001000327	11.449112970733362
10.010100101001326	4.522177302843799
10.020100201002327	14.463432385188646
10.030100301003326	17.3515918098084
10.040100401004327	12.769476190685957
10.050100501005328	18.613059030332696
10.060100601006328	18.055074987885625
10.070100701007329	19.555383857332675
10.080100801008328	-0.23537501771978098
10.090100901009329	1.9547246981963875
10.10010100101033	4.231519158396543
10.11010110101133	18.335714811285396
10.12010120101233	18.81426741096616
10.13010130101333	13.926135513680672
10.14010140101433	30.441003922116206
10.150101501015332	-1.1629168335067719
10.160101601016331	-20.053975396557977
10.170101701017332	13.299399873156526
10.180101801018331	27.462325447609352
10.190101901019332	22.454827140256253
10.200102001020333	15.343014172643313
10.210102101021333	3.2350738814180295
10.220102201022334	24.457985668372295
10.230102301023333	20.852174200290044
10.240102401024334	30.707321240645488
10.250102501025335	7.023840120263558
10.260102601026334	26.784648371169784
10.270102701027335	19.503053417869776
10.280102801028335	20.44483225489819
10.290102901029336	19.825310858324304
10.300103001030337	9.32408152202886
10.310103101031336	9.36808498578093
10.320103201032337	20.588092552571677
10.330103301033336	20.594867420640945
10.340103401034337	21.64860925356986
10.350103501035338	24.313943972595474
10.360103601036338	19.60903307393121
10.370103701037339	21.245578178551227
10.380103801038338	5.605302455944131
10.390103901039339	-3.7857000164644434
10.40010400104034	3.4239285753570345
10.41010410104134	-4.454936518101627
10.42010420104234	26.416876029907577
10.43010430104334	3.854542942089609
10.44010440104434	25.422297657792498
10.450104501045342	0.9682527674694992
10.460104601046341	12.188784563506331
10.470104701047342	8.395101780830778
10.480104801048341	11.155251676495393
10.490104901049342	22.56919842168853
10.500105001050342	14.195948497273587
10.510105101051343	20.361980665409646
10.520105201052344	2.5273199629880256
10.530105301053343	10.766991802371832
10.540105401054344	11.922188018012935
10.550105501055343	17.135290104703973
10.560105601056344	7.928848941228222
10.570105701057345	11.811448577473966
10.580105801058345	8.794847766284851
10.590105901059346	10.802427378806826
10.600106001060345	12.193033603583745
10.610106101061346	5.936323301673491
10.620106201062347	12.559820736437592
10.630106301063346	7.496065374417726
10.640106401064347	10.853069700718873
10.650106501065347	-4.003529927196022
10.660106601066348	14.940737327375857
10.670106701067349	-40.633597606347266
10.680106801068348	-8.429359243760402
10.690106901069349	14.127526596992066
10.700107001070348	21.33843317616833
10.71010710107135	21.23052638946207
10.72010720107235	-27.953736935931808
10.73010730107335	18.565252087297043
10.74010740107435	16.373834445186336
10.75010750107535	19.307306612795216
10.760107601076351	23.541507186482292
10.770107701077352	21.43270544700597
10.780107801078351	8.941621353599619
10.790107901079352	19.685709205891666
10.800108001080352	23.861392559966376
10.810108101081353	19.576618455514403
10.820108201082354	33.04501393684542
10.830108301083353	33.55063704584569
10.840108401084354	31.670281730740076
10.850108501085353	22.223451613280904
10.860108601086354	7.1728602951511915
10.870108701087355	1.8757697562529794
10.880108801088355	29.137141289114517
10.890108901089356	14.99757120636313
10.900109001090355	25.761749772052468
10.910109101091356	12.523919072398616
10.920109201092357	-0.4088783219080112
10.930109301093356	20.771598576284884
10.940109401094357	31.59741792895435
10.950109501095357	18.347324759207343
10.960109601096358	-3.503561082723976
10.970109701097357	14.675253224920544
10.980109801098358	27.718115781901965
10.990109901099359	6.035258235975749
11.000110001100358	10.097323397469964
11.01011010110136	26.184146165045703
11.020110201102359	9.820993049320245
11.03011030110336	12.355118405018647
11.04011040110436	-9.231144365371629
11.05011050110536	14.132494492930032
11.060110601106361	-4.195662498520284
11.07011070110736	3.6788421106857965
11.080110801108361	-1.7006550550906778
11.090110901109362	19.335915803761647
11.100111001110362	23.544965309924105
11.110111101111363	9.02191722787295
11.120111201112362	16.7847258872918
11.130111301113363	5.940187416828571
11.140111401114364	5.642101251834073
11.150111501115363	7.820449291398147
11.160111601116364	6.325144760704906
11.170111701117364	7.576856707889714
11.180111801118365	7.379648821571766
11.190111901119366	3.322984742669139
11.200112001120365	5.752481283984659
11.210112101121366	13.673092000353755
11.220112201122365	20.439623212977512
11.230112301123366	13.817462854742123
11.240112401124367	1.7552803108233224
11.250112501125367	3.077916451620926
11.260112601126368	15.168090256415512
11.270112701127367	6.6570957474779755
11.280112801128368	14.217388128887777
11.290112901129369	31.39735267041388
11.300113001130368	7.710418113980365
11.31011310113137	27.49765707984162
11.320113201132369	4.937089980304433
11.33011330113337	30.369218884612774
11.34011340113437	29.813830633286933
11.35011350113537	2.1417009857643117
11.360113601136371	28.061448835394263
11.37011370113737	-1.5019528362120114
11.380113801138371	18.023330077045074
11.390113901139372	8.11539160037268
11.400114001140372	22.382760775675347
11.410114101141373	-1.1443634744523252
11.420114201142372	21.760560197073836
11.430114301143373	-23.122429752610916
11.440114401144372	23.073741965305743
11.450114501145373	23.169259614074896
11.460114601146374	26.617682497452012
11.470114701147374	24.764395473131575
11.480114801148375	14.21299645414633
11.490114901149374	10.500924673444072
11.500115001150375	19.188933356243588
11.510115101151376	29.96552125340413
11.520115201152375	22.459495968790062
11.530115301153376	20.77249641307813
11.540115401154376	6.00966904505286
11.550115501155377	-5.190947321515356
11.560115601156378	17.381613151744745
11.570115701157377	26.13346610049996
11.580115801158378	-9.614443348963977
11.590115901159377	26.180575386068796
11.600116001160378	7.655203545057272
11.61011610116138	-4.359072284546858
11.620116201162379	16.569217117435834
11.63011630116338	10.65296159353861
11.640116401164379	4.969199983182926
11.65011650116538	19.082058204512396
11.660116601166381	16.297077509428064
11.67011670116738	12.25176622767081
11.680116801168381	19.630602341951427
11.69011690116938	12.805967069166215
11.700117001170382	14.799820257598022
11.710117101171383	13.190810294493215
11.720117201172382	17.331476575955563
11.730117301173383	14.428156160748031
11.740117401174382	5.954302161763068
11.750117501175383	10.351992549854499
11.760117601176384	10.272577460461378
11.770117701177384	12.329245491154492
11.780117801178385	10.700527151671933
11.790117901179384	11.712085244434569
11.800118001180385	-1.1147601375168132
11.810118101181386	8.139466802078438
11.820118201182385	16.529418316265136
11.830118301183386	3.239535795343177
11.840118401184386	6.667712848618086
11.850118501185387	17.98756342895272
11.860118601186388	24.399811307041805
11.870118701187387	14.46025483319233
11.880118801188388	-2.2255535689264674
11.890118901189387	27.68057289292021
11.900119001190388	-8.892238389305751
11.910119101191388	21.666520807309603
11.920119201192389	13.391342254595646
11.93011930119339	31.659480885513663
11.940119401194389	-6.833381724211738
11.95011950119539	22.238643374572536
11.96011960119639	29.655554989745283
11.97011970119739	18.736724236585736
11.980119801198391	27.72236196991566
11.99011990119939	35.245540629975835
12.000120001200392	17.223370092778506
12.010120101201391	6.448450323717521
12.020120201202392	27.246608210031575
12.030120301203393	16.699924682793366
12.040120401204392	16.160596918474997
12.050120501205393	24.218945785236528
12.060120601206393	32.329451237782436
12.070120701207394	-8.423880478610753
12.080120801208395	14.702305141714833
12.090120901209394	23.00231337943933
12.100121001210395	36.005164419709736
12.110121101211394	2.5696888462514305
12.120121201212395	26.139946922138865
12.130121301213396	33.26827914160847
12.140121401214396	4.071574042083856
12.150121501215397	18.976345950812775
12.160121601216396	15.541555902211377
12.170121701217397	13.820015203227003
12.180121801218398	30.078146899537206
12.190121901219397	21.40598222969401
12.200122001220398	19.81782764938276
12.210122101221398	12.751472561209791
12.220122201222399	1.6519201571658095
12.2301223012234	-2.074224033880346
12.240122401224399	15.309882189074413
12.2501225012254	18.812257127705376
12.2601226012264	13.835138412035692
12.2701227012274	14.485985546846091
12.280122801228401	15.844729801048741
12.2901229012294	25.16187376938554
12.300123001230402	5.8886799236305665
12.310123101231401	8.672245666342077
12.320123201232402	4.859601806394636
12.330123301233403	6.69621499267497
12.340123401234402	9.292897689993366
12.350123501235403	9.178314366781922
12.360123601236403	9.439453430586763
12.370123701237404	12.39012903290658
12.380123801238403	11.392734800817168
12.390123901239404	-0.8075782460817605
12.400124001240405	18.07359518587603
12.410124101241404	8.829609106512352
12.420124201242405	8.474609461083537
12.430124301243405	22.467147518163628
12.440124401244406	3.3303063463287645
12.450124501245407	24.033186933007386
12.460124601246406	6.9564533104237425
12.470124701247407	15.377115250694022
12.480124801248406	3.8207717651097233
12.490124901249407	-3.780079587058283
12.500125001250408	3.8795621808506353
12.510125101251408	6.468075800477101
12.520125201252409	24.805615301966817
12.530125301253408	-4.400982846602552
12.540125401254409	29.529612422935102
12.55012550125541	7.239035863133315
12.56012560125641	19.486345113388083
12.57012570125741	10.472580854630127
12.58012580125841	16.023205356670932
12.59012590125941	17.501064633337446
12.600126001260412	8.455143545317718
12.610126101261411	38.6629676978716
12.620126201262412	32.81245463774842
12.630126301263411	20.27097187838042
12.640126401264412	6.45151476376504
12.650126501265413	30.856881664319058
12.660126601266413	25.37477383856212
12.670126701267414	7.65546678548491
12.680126801268413	17.214597792626222
12.690126901269414	23.19741078390302
12.700127001270415	15.721591817132602
12.710127101271414	35.98671430306307
12.720127201272415	4.443765857707255
12.730127301273415	17.771777370812796
12.740127401274416	37.47650269981392
12.750127501275417	20.633439108190792
12.760127601276416	24.117766209253062
12.770127701277417	21.11418762986059
12.780127801278416	4.132986177637816
12.790127901279417	-9.52922159933204
12.800128001280417	4.376819382500704
12.810128101281418	31.09421240069265
12.820128201282419	10.80566327946566
12.830128301283418	7.078821671913434
12.840128401284419	4.915181329512891
12.850128501285418	20.45217015528163
12.86012860128642	2.795229898951683
12.87012870128742	21.416141014688705
12.88012880128842	4.076416545171907
12.89012890128942	11.7846059850509
12.90012900129042	12.877139339821976
12.910129101291421	6.775728386861659
12.920129201292422	3.7067582636269463
12.930129301293421	10.173191181983698
12.940129401294422	9.51107038838998
12.950129501295422	11.088094026319002
12.960129601296423	11.7643305003054
12.970129701297424	9.167159700739381
12.980129801298423	8.104083308570509
12.990129901299424	14.436600429386171
13.000130001300423	6.2670390980581345
13.010130101301424	23.982539222490832
13.020130201302425	-10.53104907971009
13.030130301303425	13.35991865816889
13.040130401304426	10.44415838125797
13.050130501305425	15.114266524749725
13.060130601306426	24.239714985837427
13.070130701307427	16.45730082587735
13.080130801308426	12.727912943422874
13.090130901309427	9.676488383800761
13.100131001310427	22.683279240283856
13.110131101311428	-22.560517169882257
13.120131201312429	13.679001504703884
13.130131301313428	35.67817351410986
13.140131401314429	10.40544465188551
13.150131501315428	17.611044247820733
13.16013160131643	14.741083862811008
13.17013170131743	27.982507862323338
13.18013180131843	-10.650809865596443
13.19013190131943	23.96636039360568
13.20013200132043	-22.04150668139256
13.210132101321431	31.09527657213318
13.220132201322432	34.88798065407412
13.230132301323431	18.374485117316397
13.240132401324432	23.209443653425588
13.250132501325432	4.543189439990942
13.260132601326433	29.017203621243098
13.270132701327432	26.703310062312298
13.280132801328433	14.779160156145524
13.290132901329434	14.773868752715574
13.300133001330433	26.75602831399177
13.310133101331434	9.861014294338744
13.320133201332434	30.343417326906117
13.330133301333435	16.54804684049508
13.340133401334436	24.680238278217644
13.350133501335435	24.73083013876162
13.360133601336436	20.842413044921212
13.370133701337435	4.408236388593844
13.380133801338436	2.3926572885890445
13.390133901339437	17.946811957213388
13.400134001340437	16.93080657921297
13.410134101341438	-3.1442249806287292
13.420134201342437	21.68826940369449
13.430134301343438	1.9317583255624318
13.440134401344439	11.216464711949566
13.450134501345438	17.410418116662573
13.46013460134644	15.178156839969953
13.470134701347439	11.042578953273502
13.48013480134844	-2.078983972657063
13.49013490134944	12.34398701421007
13.50013500135044	9.921823742951343
13.510135101351441	9.148444018355667
13.52013520135244	10.176559811611174
13.530135301353441	9.51749267263632
13.540135401354442	10.512453502220904
13.550135501355442	9.073209614269874
13.560135601356443	14.264611797172002
13.570135701357442	15.479167646722567
13.580135801358443	5.433503819543509
13.590135901359444	1.4392146704911
13.600136001360443	2.6033465484546863
13.610136101361444	9.538506062826661
13.620136201362444	-2.6667981841149953
13.630136301363445	17.61317592428407
13.640136401364446	7.072514456954105
13.650136501365445	15.399887067799217
13.660136601366446	10.44616903300211
13.670136701367445	-9.654339660890585
13.680136801368446	18.141683007169437
13.690136901369447	12.706959920811915
13.700137001370447	25.244625401112582
13.710137101371448	-8.799195915203676
13.720137201372447	27.69306970364076
13.730137301373448	18.539568588319217
13.740137401374447	20.790431553173132
13.750137501375448	28.091081352357843
13.76013760137645	0.20963092484577503
13.770137701377449	16.483102756415953
13.78013780137845	28.637162753095897
13.790137901379449	29.133178187597377
13.80013800138045	14.211509657892138
13.810138101381451	24.494151602108698
13.82013820138245	26.510864789597527
13.830138301383451	15.183357715291889
13.84013840138445	-5.363054422438995
13.850138501385452	14.22107863075084
13.860138601386453	19.708588853333435
13.870138701387452	25.363475059269735
13.880138801388453	12.065381115719582
13.890138901389452	24.761381711789447
13.900139001390453	15.776748837563071
13.910139101391454	17.72142013779566
13.920139201392454	34.076494173116174
13.930139301393455	4.775920625080852
13.940139401394454	27.791373762035338
13.950139501395455	18.466013474474348
13.960139601396456	14.305862056702582
13.970139701397455	13.934995744295168
13.980139801398456	18.24823744314632
13.990139901399456	11.507456176360767
14.000140001400457	28.958116305813416
14.010140101401458	-4.721254523929605
14.020140201402457	23.335986166779374
14.030140301403458	14.325124457130688
14.040140401404457	20.00530323905228
14.050140501405458	5.965290914428486
14.06014060140646	16.435847865694832
14.070140701407459	12.012990083493335
14.08014080140846	15.812379590906598
14.090140901409459	9.941419711152438
14.10014100141046	8.124675321178938
14.110141101411461	9.370833910885898
14.12014120141246	9.900858690691013
14.130141301413461	10.783462739503888
14.14014140141446	10.782650244881918
14.150141501415462	9.383896980868544
14.160141601416463	13.228734688950553
14.170141701417462	-9.812229292870056
14.180141801418463	7.912208431999735
14.190141901419462	2.3523392018916676
14.200142001420463	24.115022104447974
14.210142101421463	20.750736684481353
14.220142201422464	29.24585691668608
14.230142301423465	14.344016892053274
14.240142401424464	28.937481148205713
14.250142501425465	27.146672271247773
14.260142601426464	-10.300308012659848
14.270142701427465	13.444982025432028
14.280142801428466	7.607696340950708
14.290142901429466	16.165308197939755
14.300143001430467	-16.41822768067687
14.310143101431466	7.509267820110262
14.320143201432467	23.504324761783188
14.330143301433468	27.186723830642322
14.340143401434467	25.088882925751292
14.350143501435468	18.64734561097273
14.360143601436468	27.457285283919447
14.370143701437469	5.217918048860968
14.38014380143847	-5.897486297458529
14.390143901439469	33.94718867592675
14.40014400144047	29.870380898545346
14.41014410144147	12.703699148621201
14.42014420144247	2.263480786367156
14.430144301443471	2.9865453717573835
14.44014440144447	9.389800020019967
14.450144501445472	38.01236232787011
14.460144601446471	6.526214426762764
14.470144701447472	19.69819194056539
14.480144801448473	16.54935652729352
14.490144901449472	12.537365243871413
14.500145001450473	24.409653500313116
14.510145101451473	-0.5536458411705324
14.520145201452474	27.231493653631347
14.530145301453475	-4.370691680210655
14.540145401454474	26.874180283538337
14.550145501455475	11.71344919836578
14.560145601456474	19.929680077532296
14.570145701457475	22.943355843627923
14.580145801458476	7.139488658818501
14.590145901459476	21.306924214573367
14.600146001460477	2.7023620992535706
14.610146101461476	13.122910234958615
14.620146201462477	17.764360031035135
14.630146301463478	20.369630438135456
14.640146401464477	-37.36243918110943
14.650146501465478	7.14634035932069
14.660146601466478	12.633685780707925
14.670146701467479	12.00019367365083
14.680146801468478	8.617306376658357
14.690146901469479	9.2134779657341
14.70014700147048	8.72289646556622
14.71014710147148	9.22044330046009
14.72014720147248	5.111014755376394
14.73014730147348	7.768573511396194
14.74014740147448	10.967380553213722
14.750147501475482	-3.98218017167198
14.760147601476481	12.995919451507069
14.770147701477482	1.8748584314147194
14.780147801478481	12.73720459989548
14.790147901479482	21.394394895682655
14.800148001480483	15.217998205380466
14.810148101481483	-9.305675936782588
14.820148201482484	0.2717937287497927
14.830148301483483	4.221395288623701
14.840148401484484	18.5182714197711
14.850148501485485	5.581799115896293
14.860148601486484	12.435582221359313
14.870148701487485	11.469298491518378
14.880148801488485	26.539123789552573
14.890148901489486	15.355963116655865
14.900149001490487	25.870465859310308
14.910149101491486	19.657426308678147
14.920149201492487	5.289590103261284
14.930149301493486	1.2415490725359193
14.940149401494487	23.199936661511934
14.950149501495488	30.77088157775486
14.960149601496488	15.623837087084508
14.970149701497489	33.200826598846696
14.980149801498488	7.490058645403774
14.990149901499489	35.168994566584885
