0.0	nan
0.010000100001000326	-4.312799413524734
0.020000200002000652	5.2028451557241295
0.03000030000300098	-5.512562159068306
0.040000400004001305	-12.184436534019099
0.05000050000500163	-5.871481807860676
0.06000060000600196	-0.21148644347855047
0.07000070000700229	-8.226017490863107
0.08000080000800261	2.276571501324447
0.09000090000900293	0.8186556604304801
0.10000100001000325	-2.2658778523265632
0.11000110001100359	4.882988865656107
0.12000120001200391	0.810477707112161
0.13000130001300425	4.014856840899865
0.14000140001400457	2.793506810473674
0.1500015000150049	2.7350104986716732
0.16000160001600522	5.859910857657119
0.17000170001700554	4.30186713921018
0.18000180001800586	6.16622249860717
0.1900019000190062	5.002153913086828
0.2000020000200065	2.332831273212369
0.21000210002100686	8.856570343393852
0.22000220002200718	5.156472238663465
0.2300023000230075	7.232826994561738
0.24000240002400783	9.398770214172542
0.2500025000250082	7.552118744205089
0.2600026000260085	9.7380271453613
0.2700027000270088	9.335725341655357
0.28000280002800915	10.029772785119244
0.29000290002900947	12.018765754565782
0.3000030000300098	10.508790687999904
0.3100031000310101	12.196626043788672
0.32000320003201044	12.485647146556502
0.33000330003301076	13.445852535477684
0.3400034000340111	12.442515816907601
0.3500035000350114	14.811387023670145
0.36000360003601173	14.728739887728297
0.37000370003701205	16.543197131487926
0.3800038000380124	16.468286565418502
0.3900039000390127	17.741542276425786
0.400004000040013	18.982890015458356
0.4100041000410134	18.78600490175725
0.4200042000420137	19.461035761108086
0.43000430004301404	20.00273491476346
0.44000440004401437	20.398625841633937
0.4500045000450147	19.964121267779696
0.460004600046015	22.445300701699413
0.47000470004701533	21.57250013323063
0.48000480004801566	23.33221640861351
0.490004900049016	22.57212582756867
0.5000050000500164	24.012129621926665
0.5100051000510166	24.573334154415903
0.520005200052017	24.605312698261645
0.5300053000530173	24.166951500467675
0.5400054000540176	25.39358697564283
0.5500055000550179	24.307675342732722
0.5600056000560183	24.809443697588467
0.5700057000570186	24.879615606508565
0.5800058000580189	24.89574265603845
0.5900059000590192	26.577655792527686
0.6000060000600196	26.011792388654413
0.6100061000610199	27.131931038676186
0.6200062000620202	26.371213307731164
0.6300063000630205	26.97820784971924
0.6400064000640209	27.129481290550704
0.6500065000650213	26.250068205306064
0.6600066000660215	27.182180057838554
0.6700067000670219	26.612545072877765
0.6800068000680222	27.4336670339
0.6900069000690225	26.998997659549442
0.7000070000700228	27.47941614644431
0.7100071000710232	28.214957524122717
0.7200072000720235	28.183980572746687
0.7300073000730238	28.54307616367043
0.7400074000740241	28.27943110200562
0.7500075000750245	28.879440319885408
0.7600076000760247	29.433023553750363
0.7700077000770251	29.44515751867857
0.7800078000780254	30.11205701080985
0.7900079000790258	30.30940662708798
0.800008000080026	30.66805768346202
0.8100081000810264	31.30090563011811
0.8200082000820268	31.68266990170965
0.8300083000830271	31.503733018338696
0.8400084000840274	32.356178031589124
0.8500085000850277	32.743471135454236
0.8600086000860281	33.52445981671002
0.8700087000870284	33.54258255076931
0.8800088000880287	34.048518227767936
0.890008900089029	35.27114043646568
0.9000090000900294	35.750924034576514
0.9100091000910296	35.725597491373804
0.92000920009203	36.28279698805622
0.9300093000930303	36.98454722244019
0.9400094000940307	37.549188131320726
0.9500095000950309	38.12094135027328
0.9600096000960313	38.26579962812897
0.9700097000970317	39.34775638549634
0.980009800098032	40.367560440158506
0.9900099000990323	39.45313263975616
1.0000100001000327	41.268592614619415
1.0100101001010329	42.74302299275872
1.0200102001020332	46.58658848663136
1.0300103001030336	44.40864835347399
1.040010400104034	44.45050339487628
1.0500105001050342	45.271266874064125
1.0600106001060345	45.11908393048039
1.070010700107035	46.17790758546405
1.0800108001080353	47.118772302118906
1.0900109001090355	47.714990575188715
1.1000110001100358	39.50232572216796
1.1100111001110362	49.35476307421829
1.1200112001120366	50.39051557836373
1.130011300113037	51.73703236883128
1.1400114001140371	51.76378070057018
1.1500115001150375	52.59756855240808
1.1600116001160379	52.45319636229031
1.1700117001170383	55.137528894342275
1.1800118001180384	54.31231515456316
1.1900119001190388	54.299334983163334
1.2000120001200392	54.91443591249762
1.2100121001210395	54.043024413654166
1.2200122001220397	57.661088158834374
1.23001230012304	56.671508604612164
1.2400124001240405	58.60365059847925
1.2500125001250408	60.13422899033701
1.260012600126041	60.457362789452404
1.2700127001270414	62.76956672082522
1.2800128001280418	63.72929818109709
1.2900129001290421	66.03554251652764
1.3000130001300425	65.52907064204561
1.3100131001310427	66.68777286014283
1.320013200132043	70.8257403136532
1.3300133001330434	68.89798779719578
1.3400134001340438	70.62957958783615
1.350013500135044	71.47070808060037
1.3600136001360443	70.97021501491461
1.3700137001370447	71.79647395026252
1.380013800138045	72.49582636579645
1.3900139001390452	73.14633141886515
1.4000140001400456	78.69160850950287
1.410014100141046	69.25342313029506
1.4200142001420464	78.8360008779122
1.4300143001430465	78.22527898956403
1.440014400144047	79.63291410617191
1.4500145001450473	80.07960968951818
1.4600146001460477	83.18934573708442
1.470014700147048	82.79857058286505
1.4800148001480482	85.78887066141624
1.4900149001490486	92.66703899837114
1.500015000150049	89.92295942281204
1.5100151001510493	90.18690172180179
1.5200152001520495	92.36481429150277
1.5300153001530499	94.22693965589814
1.5400154001540503	92.88591123719802
1.5500155001550506	97.46431831200027
1.5600156001560508	99.05021936711519
1.5700157001570512	111.14914072955078
1.5800158001580515	100.10750441407657
1.590015900159052	101.25711716597968
1.600016000160052	107.92447755079164
1.6100161001610525	142.98254652320324
1.6200162001620528	106.80806036407512
1.6300163001630532	96.30931863190693
1.6400164001640536	97.28526886663245
1.6500165001650537	82.69561449197244
1.6600166001660541	35.053263004888215
1.6700167001670545	21.055328436946446
1.6800168001680549	70.96559550423719
1.690016900169055	89.96980283207314
1.7000170001700554	96.93242572680732
1.7100171001710558	91.26477759283668
1.7200172001720562	54.890594149126635
1.7300173001730563	100.08837778721103
1.7400174001740567	119.07070512781954
1.750017500175057	112.23595304116691
1.7600176001760575	98.18130202383864
1.7700177001770578	107.93295963151137
1.780017800178058	131.95078355961604
1.7900179001790584	104.60079842370584
1.8000180001800588	93.41210330839353
1.8100181001810591	114.00115544326789
1.8200182001820593	129.51323704995173
1.8300183001830597	103.46979468599675
1.84001840018406	105.21499405421758
1.8500185001850604	116.22856361557368
1.8600186001860606	122.17098765365697
1.870018700187061	95.26881593571248
1.8800188001880613	102.6306155072358
1.8900189001890617	98.55548576940552
1.9000190001900619	118.16992096472273
1.9100191001910622	130.11917811753995
1.9200192001920626	96.40876634386464
1.930019300193063	100.15525687190352
1.9400194001940634	122.2062575279551
1.9500195001950635	130.58728624781455
1.960019600196064	110.36478889239623
1.9700197001970643	119.92175303779445
1.9800198001980647	108.20424806009612
1.9900199001990648	110.44412742386156
2.0000200002000654	98.9426366895249
2.0100201002010656	111.73309692674691
2.0200202002020657	95.69655620229895
2.0300203002030663	111.81390199443328
2.0400204002040665	120.39842004821396
2.0500205002050667	87.8809896169955
2.0600206002060673	94.71518136782598
2.0700207002070674	91.66670061051245
2.080020800208068	94.59304441858754
2.090020900209068	82.41334315488163
2.1000210002100683	124.48126131528846
2.110021100211069	95.06574099409264
2.120021200212069	93.33372652903087
2.1300213002130697	90.06534385234315
2.14002140021407	114.28414150498661
2.15002150021507	91.4607925101748
2.1600216002160706	84.29731407010671
2.1700217002170707	73.84588063037494
2.180021800218071	94.44498319363089
2.1900219002190715	76.31946024757482
2.2000220002200717	60.049165035099875
2.2100221002210723	73.06996467919417
2.2200222002220724	79.10177902274947
2.2300223002230726	68.5847665695496
2.240022400224073	75.07522519768396
2.2500225002250733	63.23084484238668
2.260022600226074	49.48684388514431
2.270022700227074	27.677189912144772
2.2800228002280742	27.05961361783021
2.290022900229075	45.46441363389241
2.300023000230075	48.8326519988232
2.310023100231075	62.61087966231614
2.3200232002320758	72.61059489609728
2.330023300233076	65.47464270187766
2.3400234002340765	72.75082288822446
2.3500235002350767	68.94998095181359
2.360023600236077	76.28153404788794
2.3700237002370774	78.22010197980184
2.3800238002380776	66.73774454661935
2.3900239002390777	57.95130614670773
2.4000240002400783	80.53970610168633
2.4100241002410785	72.82963743798263
2.420024200242079	81.0231869541989
2.4300243002430792	80.49854211905675
2.4400244002440794	66.92520840955044
2.45002450024508	87.07206049710014
2.46002460024608	95.51314053672337
2.4700247002470808	58.8407275415607
2.480024800248081	72.80599081145996
2.490024900249081	95.83963794491487
2.5000250002500817	73.09046713644766
2.510025100251082	81.64156378516923
2.520025200252082	77.2914196704586
2.5300253002530826	106.42535775997499
2.5400254002540827	91.24121859058063
2.5500255002550833	72.04220716487768
2.5600256002560835	80.46865689011572
2.5700257002570837	91.48012621725034
2.5800258002580843	70.41948531579958
2.5900259002590844	79.70461792412847
2.600026000260085	72.91675019578076
2.610026100261085	96.26607629155114
2.6200262002620853	63.666532817871555
2.630026300263086	38.21664974240591
2.640026400264086	44.97265594897583
2.6500265002650862	38.54483853308936
2.660026600266087	70.07916245555043
2.670026700267087	60.41481389213557
2.6800268002680876	69.42800786362406
2.6900269002690878	54.20548178174964
2.700027000270088	67.6310819159457
2.7100271002710885	61.63345752485273
2.7200272002720887	65.76388866146819
2.7300273002730893	58.22717980341642
2.7400274002740894	54.10513150199814
2.7500275002750896	62.52013077078221
2.76002760027609	58.134034273306696
2.7700277002770903	20.772642058711355
2.7800278002780905	19.617259359771992
2.790027900279091	16.723590183438056
2.8000280002800912	28.693785786061852
2.810028100281092	38.39534210563686
2.820028200282092	40.171517443861994
2.830028300283092	29.531176171796464
2.8400284002840928	7.30428411318637
2.850028500285093	27.490883144977214
2.860028600286093	25.99899247521984
2.8700287002870937	17.68404321360504
2.880028800288094	12.472850094458106
2.8900289002890944	15.041907368324765
2.9000290002900946	14.014357560231531
2.9100291002910947	-4.6885172729586735
2.9200292002920953	4.769122335512752
2.9300293002930955	24.532200024723824
2.940029400294096	34.6991173269718
2.9500295002950963	21.567239662722763
2.9600296002960964	5.439409617679023
2.970029700297097	35.40337617780339
2.980029800298097	27.474282524737195
2.9900299002990973	30.88293696483047
3.000030000300098	28.375333035881773
3.010030100301098	34.40818874361695
3.0200302003020987	35.78079812933641
3.030030300303099	30.838396235163696
3.040030400304099	39.89895560141959
3.0500305003050996	31.716422240692573
3.0600306003060997	18.121303852637165
3.0700307003071003	38.879806939196264
3.0800308003081005	20.468074414101785
3.0900309003091007	20.494799429027953
3.1000310003101013	27.60216224258536
3.1100311003111014	35.405523736874436
3.1200312003121016	50.82747455768411
3.130031300313102	23.06602695527809
3.1400314003141023	37.774349446021105
3.150031500315103	14.287616929751625
3.160031600316103	32.303658955930395
3.1700317003171032	34.573261735910535
3.180031800318104	43.71850250605141
3.190031900319104	16.061947253049965
3.200032000320104	48.19636456382574
3.2100321003211048	44.420025265901494
3.220032200322105	34.29943428552564
3.2300323003231055	30.633053904398853
3.2400324003241057	40.89339094049042
3.250032500325106	43.05232504261004
3.2600326003261064	37.93872966092712
3.2700327003271066	37.80355017040913
3.280032800328107	38.28397978670096
3.2900329003291073	39.02267132126797
3.3000330003301075	31.243453079092678
3.310033100331108	29.913393341713004
3.3200332003321082	44.09910410450083
3.3300333003331084	28.950643795947595
3.340033400334109	20.85025936372771
3.350033500335109	43.9153332445593
3.3600336003361098	47.18591679763942
3.37003370033711	29.020393421677365
3.38003380033811	27.253887879737
3.3900339003391107	30.472172105230783
3.400034000340111	43.76083161851242
3.4100341003411114	23.584732022199145
3.4200342003421116	-0.8729082144265313
3.4300343003431117	28.278870100959445
3.4400344003441123	29.613011815450854
3.4500345003451125	24.461616610688175
3.4600346003461127	13.953448987532244
3.4700347003471133	11.410374494291894
3.4800348003481134	17.973473523180083
3.490034900349114	12.334170575633827
3.500035000350114	19.872874902769794
3.5100351003511143	28.880894462400786
3.520035200352115	31.78301447622917
3.530035300353115	22.551476813187946
3.5400354003541157	-0.05267656150112522
3.550035500355116	46.946543916657085
3.560035600356116	35.636042814976896
3.5700357003571166	37.29312045373375
3.5800358003581167	33.27244265294311
3.590035900359117	42.544503183049066
3.6000360003601175	35.11365826905878
3.6100361003611177	30.955388605151118
3.6200362003621183	40.12453346929412
3.6300363003631184	33.83384535165232
3.6400364003641186	41.11184258926126
3.650036500365119	26.826305746962454
3.6600366003661193	33.671531161478015
3.6700367003671195	8.308163567033063
3.68003680036812	30.46993278307786
3.6900369003691202	39.00758266023352
3.700037000370121	43.02325002855583
3.710037100371121	53.51348831080415
3.720037200372121	54.4670415423945
3.7300373003731218	15.381488227133357
3.740037400374122	60.28475369875122
3.7500375003751225	61.466227997696095
3.7600376003761227	52.3001230992848
3.770037700377123	45.77859178281126
3.7800378003781234	53.1790977641287
3.7900379003791236	53.21585539412497
3.8000380003801237	35.4123249964274
3.8100381003811243	47.02027023306378
3.8200382003821245	-4.098740013926203
3.830038300383125	55.77910040036407
3.8400384003841253	27.531301941542047
3.8500385003851254	58.013826538310596
3.860038600386126	45.56841253095257
3.870038700387126	39.024022121466416
3.8800388003881268	27.749583701159285
3.890038900389127	48.464975165916776
3.900039000390127	38.31703838242256
3.9100391003911277	35.03371830160603
3.920039200392128	36.04929627675032
3.930039300393128	37.784276535673165
3.9400394003941286	36.73781520034838
3.9500395003951287	26.352521327541567
3.9600396003961293	29.431791714245406
3.9700397003971295	4.211143314601293
3.9800398003981297	19.192189386244305
3.9900399003991303	18.724379598756563
4.000040000400131	19.191675444252567
4.010040100401131	22.572832643196907
4.020040200402131	-13.70305462409972
4.030040300403131	12.365009117728718
4.0400404004041315	30.87522551966732
4.0500405004051325	22.01446522696545
4.060040600406133	13.014535170895082
4.070040700407133	13.848226375322056
4.080040800408133	14.125994137694565
4.090040900409133	7.079806557208317
4.100041000410133	11.59266794881425
4.110041100411134	18.916596057822428
4.1200412004121345	28.136996692481194
4.130041300413135	0.019966377262849607
4.140041400414135	16.181408392592303
4.150041500415135	21.377780360753444
4.160041600416136	19.05020120916608
4.170041700417136	17.027366917033362
4.180041800418136	37.823958269582945
4.1900419004191365	3.004695711364673
4.200042000420137	30.895274748531694
4.210042100421138	26.2289381243819
4.220042200422138	-20.676588993675114
4.230042300423138	40.91300457928879
4.240042400424138	30.18148817420968
4.250042500425138	19.042424447403832
4.260042600426139	25.021416930720147
4.2700427004271395	9.524294088847945
4.28004280042814	16.140271908459358
4.29004290042914	6.810145046923572
4.30004300043014	25.58676590219558
4.31004310043114	30.216695845217366
4.320043200432141	21.521153683576518
4.330043300433141	22.028603026355817
4.3400434004341415	33.92982009497178
4.350043500435142	30.920226986353995
4.360043600436142	35.16756753478585
4.370043700437143	30.318788370025327
4.380043800438143	31.59577492050469
4.390043900439143	35.97954092224493
4.400044000440143	29.4780041831303
4.4100441004411435	25.888436819687865
4.4200442004421445	28.375965386718367
4.430044300443145	38.679395294359686
4.440044400444145	32.95276462653519
4.450044500445145	28.758124876536876
4.460044600446145	33.33518356035468
4.470044700447146	37.492351252422765
4.480044800448146	15.223305531452196
4.4900449004491465	5.448606575017946
4.500045000450147	18.526653421125566
4.510045100451147	34.07381744787849
4.520045200452148	16.93114611421179
4.530045300453148	7.326597766108791
4.540045400454148	26.887309633823946
4.550045500455148	4.131300501350542
4.5600456004561485	33.43139263739087
4.570045700457149	-3.1845942183689413
4.58004580045815	22.38095357113439
4.59004590045915	29.949409362450634
4.60004600046015	9.519118302996457
4.61004610046115	13.691665054973887
4.62004620046215	10.410239596386928
4.630046300463151	23.889702597969777
4.6400464004641515	22.187040249487463
4.650046500465152	18.1977476632289
4.660046600466152	14.720838473587108
4.670046700467152	15.613877959955822
4.680046800468153	15.111245887101514
4.690046900469153	14.850576303484615
4.700047000470153	20.729812981753653
4.7100471004711535	19.75298453106923
4.720047200472154	23.248256291019825
4.730047300473155	15.455422935906839
4.740047400474155	17.607809959997166
4.750047500475155	15.817972816102879
4.760047600476155	25.398035249388222
4.770047700477155	29.183693223043893
4.7800478004781555	23.481558750618774
4.7900479004791565	27.177581588623696
4.800048000480157	29.774503534478182
4.810048100481157	19.396320854794762
4.820048200482157	21.791112364500304
4.830048300483157	1.6702610003234233
4.840048400484158	36.459402692315216
4.850048500485158	23.25237128501057
4.8600486004861585	3.7188446200942673
4.870048700487159	40.200079201683636
4.880048800488159	21.375466512686803
4.89004890048916	17.961657267147782
4.90004900049016	17.894451668503308
4.91004910049116	32.114740134205306
4.92004920049216	17.193041251504265
4.9300493004931605	14.04696411059385
4.9400494004941615	42.567061014941466
4.950049500495162	39.70546839188557
4.960049600496162	11.353561040180484
4.970049700497162	31.042119371210497
4.980049800498162	5.290678810901567
4.990049900499163	41.776912724692295
5.000050000500163	27.846385829639313
5.0100501005011635	35.606781045968134
5.020050200502164	41.33904571790372
5.030050300503164	40.284924966359654
5.040050400504164	43.03977099624637
5.050050500505165	17.824570824481757
5.060050600506165	13.992538531618234
5.070050700507165	18.97672663368494
5.0800508005081655	28.30280789669255
5.090050900509166	35.261329427410125
5.100051000510167	28.52233335281361
5.110051100511167	36.45883963923907
5.120051200512167	6.232942983164929
5.130051300513167	29.423405715192338
5.140051400514167	24.86274452257071
5.150051500515168	-4.490082125395518
5.1600516005161685	4.962503141393508
5.170051700517169	17.308109659757665
5.180051800518169	32.38959137792971
5.190051900519169	11.610962137381511
5.20005200052017	17.693959029866047
5.21005210052117	1.7475028594306496
5.22005220052217	21.521007911963984
5.2300523005231705	18.44256173428461
5.240052400524171	14.911348688276428
5.250052500525171	17.675821582628327
5.260052600526172	15.192373107050626
5.270052700527172	15.07573073238273
5.280052800528172	13.166906504525372
5.290052900529172	-0.29397707040386695
5.3000530005301725	12.34161203771376
5.3100531005311735	5.880679680107614
5.320053200532174	20.991724742126426
5.330053300533174	23.513522655807844
5.340053400534174	16.22120736055781
5.350053500535174	23.961503114848906
5.360053600536175	9.02910237356994
5.370053700537175	22.14397654937842
5.3800538005381755	15.635644634445258
5.390053900539176	27.372196177538132
5.400054000540176	28.52181504242524
5.410054100541177	25.410698491777662
5.420054200542177	28.284121642042493
5.430054300543177	20.877077167346176
5.440054400544177	20.867631128870876
5.4500545005451775	23.90058769421184
5.4600546005461785	39.87742042221748
5.470054700547179	21.747648091806408
5.480054800548179	26.255360038804614
5.490054900549179	15.033682336214145
5.500055000550179	30.118098213395083
5.510055100551179	18.270861083302723
5.52005520055218	30.726479019880976
5.5300553005531805	21.12343604185722
5.540055400554181	10.386764081430508
5.550055500555181	11.891444129103999
5.560055600556181	21.040407380401994
5.570055700557182	16.055556216333315
5.580055800558182	22.132293490153984
5.590055900559182	37.05921442194072
5.6000560005601825	18.354090020127682
5.610056100561183	38.63244759868369
5.620056200562184	24.231207625704577
5.630056300563184	27.37691754446398
5.640056400564184	39.661263498574435
5.650056500565184	1.3630210736229496
5.660056600566184	36.05383807041799
5.670056700567185	22.969364955650708
5.6800568005681855	30.81013755935942
5.690056900569186	22.984227348573594
5.700057000570186	13.207869482205913
5.710057100571186	23.23826563313344
5.720057200572186	34.582165685944545
5.730057300573187	21.244582131639167
5.740057400574187	20.769881615411546
5.7500575005751875	25.921017322228295
5.760057600576188	20.572916443291614
5.770057700577188	6.7587688299299415
5.780057800578189	8.068436684417469
5.790057900579189	19.831131903682746
5.800058000580189	25.002044542235573
5.810058100581189	7.396870631752659
5.8200582005821895	-2.4822861679448898
5.8300583005831905	13.24918456545857
5.840058400584191	17.798719163765135
5.850058500585191	15.152068351682836
5.860058600586191	14.70617644694072
5.870058700587191	15.910663739362008
5.880058800588192	18.498423709490464
5.890058900589192	19.103961645063446
5.9000590005901925	15.174983254142028
5.910059100591193	4.077694800410468
5.920059200592193	27.585144917367508
5.930059300593194	7.637262521294147
5.940059400594194	5.8845450291997885
5.950059500595194	27.78755530451076
5.960059600596194	34.200600630912625
5.9700597005971945	9.604401481763965
5.980059800598195	19.314143396285647
5.990059900599196	31.644097024504646
6.000060000600196	14.74063864252781
6.010060100601196	32.77055028532101
6.020060200602196	24.637455555930902
6.030060300603196	36.740957713671094
6.040060400604197	9.08312959986421
6.0500605006051975	31.60322316963688
6.060060600606198	28.309550979759187
6.070060700607198	43.30783784411019
6.080060800608198	0.851442893055833
6.090060900609199	-9.889653940244873
6.100061000610199	18.682438381046875
6.110061100611199	37.430027768254206
6.1200612006121995	19.26423088558878
6.1300613006132	24.24449302038484
6.140061400614201	42.873002040148506
6.150061500615201	15.430710710078923
6.160061600616201	43.76657276726167
6.170061700617201	27.28523960231028
6.180061800618201	28.466453666405123
6.1900619006192015	42.03402639005767
6.2000620006202025	32.75543887938305
6.210062100621203	23.51532563529798
6.220062200622203	45.44703961932114
6.230062300623203	13.966047730876058
6.240062400624203	13.814682068283574
6.250062500625204	27.760215899054984
6.260062600626204	17.316228303086383
6.2700627006272045	24.236876337361757
6.280062800628205	29.194657933844443
6.290062900629205	35.38136384921609
6.300063000630206	7.748603638640941
6.310063100631206	6.8940311903855
6.320063200632206	15.542271361310851
6.330063300633206	29.059553665269636
6.3400634006342065	29.32946607358366
6.3500635006352075	31.736844098900338
6.360063600636208	18.693518909226874
6.370063700637208	23.241413434382217
6.380063800638208	4.17637320750931
6.390063900639208	1.4350388707838255
6.400064000640208	18.074374058645198
6.410064100641209	14.726912505774536
6.4200642006422095	7.950228199644171
6.43006430064321	14.398042168724638
6.44006440064421	13.1805128741059
6.45006450064521	13.345598233912247
6.460064600646211	11.37246171925071
6.470064700647211	11.241812972676069
6.480064800648211	17.842490035357184
6.4900649006492115	11.642786686145364
6.500065000650212	0.9559325150514422
6.510065100651213	25.072103698991068
6.520065200652213	10.271315249747238
6.530065300653213	22.097037801566607
6.540065400654213	24.698328484746025
6.550065500655213	24.376078664112615
6.560065600656214	20.152321411137443
6.5700657006572145	6.192660811253934
6.580065800658215	2.172890354468001
6.590065900659215	13.850360929828078
6.600066000660215	32.07516709885401
6.610066100661216	29.703975309809948
6.620066200662216	17.791001594330794
6.630066300663216	11.897180219595231
6.6400664006642165	25.916320504261147
6.650066500665217	-13.696740285193616
6.660066600666217	28.548165501365652
6.670066700667218	16.49481350217595
6.680066800668218	37.99030252158752
6.690066900669218	24.792523994517037
6.700067000670218	25.59022637808042
6.7100671006712185	-1.2047943653703712
6.7200672006722195	27.047996796429953
6.73006730067322	10.67008326149666
6.74006740067422	26.280673145522396
6.75006750067522	-3.212269762498217
6.76006760067622	32.6409233546708
6.770067700677221	38.23418043092053
6.780067800678221	28.04764992941735
6.7900679006792215	41.30949774927932
6.800068000680222	10.99424769710681
6.810068100681222	27.95690023040761
6.820068200682223	9.873105425996107
6.830068300683223	18.28235680384654
6.840068400684223	27.671563473671224
6.850068500685223	16.610607716367753
6.8600686006862235	8.760647180805297
6.870068700687224	16.74277997922648
6.880068800688225	18.802697869007783
6.890068900689225	1.0316858702842575
6.900069000690225	13.403740951749631
6.910069100691225	39.438930154242094
6.920069200692225	21.44223783944026
6.930069300693226	20.77719905744639
6.9400694006942265	17.11172159248381
6.950069500695227	13.854360790118205
6.960069600696227	9.265336518681082
6.970069700697227	22.08522448006817
6.980069800698228	11.97180524925685
6.990069900699228	14.950075055076239
7.000070000700228	14.596825910886057
7.0100701007012285	16.2818111564139
7.020070200702229	13.857717075088582
7.03007030070323	15.9082854761591
7.04007040070423	14.928259646029204
7.05007050070523	15.408014866100327
7.06007060070623	23.477597436612193
7.07007070070723	11.892196277892381
7.080070800708231	24.13501797505081
7.0900709007092315	7.5416387163603575
7.100071000710232	3.9740057024754862
7.110071100711232	-10.848857648657901
7.120071200712232	12.996085756505328
7.130071300713232	10.020271792165538
7.140071400714233	7.524157120034478
7.150071500715233	21.81115789753585
7.1600716007162335	23.996759165833495
7.170071700717234	24.822079034279913
7.180071800718234	19.293317095993995
7.190071900719235	33.75125892968872
7.200072000720235	22.65980646744596
7.210072100721235	35.56828565677034
7.220072200722235	26.721099448893234
7.2300723007232355	35.90388229000036
7.2400724007242365	17.963645579248286
7.250072500725237	33.455016514635275
7.260072600726237	13.278281691961908
7.270072700727237	31.34106235169656
7.280072800728237	6.875485057413629
7.290072900729238	27.085324384550756
7.300073000730238	-6.227848930559572
7.3100731007312385	14.821779032978691
7.320073200732239	41.907788078536285
7.330073300733239	21.012540149124728
7.340073400734239	31.087031004599837
7.35007350073524	35.60341256430859
7.36007360073624	45.73681151468264
7.37007370073724	16.550819774274956
7.3800738007382405	22.87122687515167
7.390073900739241	32.86402101213237
7.400074000740242	42.92403520826054
7.410074100741242	31.967655615030864
7.420074200742242	12.055995914619068
7.430074300743242	23.371250178182922
7.440074400744242	24.92696725046778
7.450074500745243	15.787322652587262
7.4600746007462435	30.356331668881143
7.470074700747244	14.438172271172773
7.480074800748244	27.57935680903891
7.490074900749244	29.523698831680885
7.500075000750245	27.124008296384556
7.510075100751245	25.89636466574013
7.520075200752245	0.5328876383568456
7.5300753007532455	-0.7722936489513705
7.540075400754246	18.096358532376815
7.550075500755247	4.159723239255816
7.560075600756247	28.89422784671418
7.570075700757247	8.091766284355554
7.580075800758247	16.319652275431455
7.590075900759247	19.67483971242304
7.6000760007602475	13.208308259020033
7.6100761007612485	17.791601906386504
7.620076200762249	15.865084174473315
7.630076300763249	14.676995965002703
7.640076400764249	14.333037402124429
7.650076500765249	13.654410119416351
7.66007660076625	19.638373720449852
7.67007670076725	18.310045120891512
7.6800768007682505	6.51914400442629
7.690076900769251	21.564445469278855
7.700077000770251	2.9026277717000206
7.710077100771252	3.9048591113835545
7.720077200772252	18.696455361291232
7.730077300773252	20.484413007819512
7.740077400774252	23.002363387418924
7.7500775007752525	27.318515637619242
7.7600776007762535	29.632841402515183
7.770077700777254	31.287833029558136
7.780077800778254	-11.312197050969537
7.790077900779254	3.3345788364309676
7.800078000780254	29.374009453513047
7.810078100781254	20.956546997540233
7.820078200782255	26.059185436051962
7.8300783007832555	8.369444804701788
7.840078400784256	12.58204941036923
7.850078500785256	17.327741870082086
7.860078600786256	3.031051658715715
7.870078700787257	12.516401768297277
7.880078800788257	25.68126908312503
7.890078900789257	23.770501060183516
7.9000790007902575	10.259353546995557
7.910079100791258	31.346529425697078
7.920079200792259	32.00125731351911
7.930079300793259	12.322280691158204
7.940079400794259	22.78203780111028
7.950079500795259	20.402131672952912
7.960079600796259	-16.697357135045998
7.97007970079726	22.664318475557494
7.9800798007982605	38.93397971794876
7.990079900799261	12.740798415518821
8.000080000800262	35.908445911029844
8.010080100801261	23.51238868524936
8.020080200802262	-3.15790052918677
8.030080300803261	12.843214868806918
8.040080400804262	19.106417341113772
8.050080500805263	35.408272168949054
8.060080600806263	26.830550997848906
8.070080700807264	30.970251803144837
8.080080800808263	21.47840336471124
8.090080900809264	13.517399340015977
8.100081000810265	15.995359829262107
8.110081100811264	9.510678497946488
8.120081200812265	12.023903176814656
8.130081300813265	20.717113181836286
8.140081400814266	10.546652858988917
8.150081500815265	22.278937990796276
8.160081600816266	17.406870586764164
8.170081700817267	24.13049778953349
8.180081800818266	6.696465200199331
8.190081900819267	13.970797162588623
8.200082000820267	18.8549053861339
8.210082100821268	11.621116997199174
8.220082200822269	13.585322330832055
8.230082300823268	10.389221809857872
8.240082400824269	17.881625220482675
8.250082500825268	7.087088905105459
8.26008260082627	9.511127769509818
8.27008270082727	20.041029080608634
8.28008280082827	7.003648631499281
8.29008290082927	18.314407796009135
8.30008300083027	14.750892718343323
8.310083100831271	10.053971755882456
8.320083200832272	16.94586550087498
8.330083300833271	36.95596453869742
8.340083400834272	26.34872924294276
8.350083500835272	31.733025909087047
8.360083600836273	-3.9224406660177924
8.370083700837274	24.33437522950685
8.380083800838273	28.045365813261224
8.390083900839274	29.60378996851102
8.400084000840273	28.39837389766039
8.410084100841274	28.063471082489798
8.420084200842275	38.74238579806798
8.430084300843275	22.58241064224777
8.440084400844276	37.47532025995476
8.450084500845275	41.30203234919935
8.460084600846276	39.24729528968003
8.470084700847277	7.673139514519306
8.480084800848276	25.648034806391173
8.490084900849277	6.872616690591818
8.500085000850277	30.273343179139307
8.510085100851278	7.919661827722919
8.520085200852279	32.08951776109672
8.530085300853278	22.316563115352125
8.540085400854279	32.02013913218387
8.550085500855278	17.344816667295973
8.56008560085628	35.895890586821196
8.57008570085728	25.356218583425694
8.58008580085828	9.889158839930936
8.59008590085928	15.094652072004001
8.60008600086028	10.826374468762767
8.610086100861281	-2.257997188528857
8.62008620086228	3.549205482981332
8.630086300863281	32.971625759518936
8.640086400864282	31.776812402103417
8.650086500865282	22.32394717478899
8.660086600866283	33.53353793924684
8.670086700867282	35.98882920020378
8.680086800868283	14.327253169208547
8.690086900869284	15.604325922761117
8.700087000870283	-6.1850178682365815
8.710087100871284	21.020361323842096
8.720087200872284	21.383276000601306
8.730087300873285	-6.450196825134817
8.740087400874286	20.563027701297706
8.750087500875285	-3.525270303934313
8.760087600876286	14.216680361360934
8.770087700877285	17.137283034786428
8.780087800878286	12.448653097485062
8.790087900879287	18.746134015921218
8.800088000880287	15.682869590854116
8.810088100881288	15.049781114244862
8.820088200882287	13.533840886234017
8.830088300883288	17.34709982039919
8.840088400884289	14.606931004566407
8.850088500885288	10.525007825934052
8.86008860088629	17.20481173623028
8.870088700887289	4.5785936859099055
8.88008880088829	-0.8106100782742647
8.89008890088929	12.80714514449647
8.90008900089029	21.005374860626358
8.910089100891291	-14.845981964603821
8.92008920089229	13.67180707917879
8.930089300893291	17.971920968986446
8.940089400894292	27.874553648894462
8.950089500895292	29.626284882785303
8.960089600896293	26.580485220756863
8.970089700897292	8.438524813701699
8.980089800898293	-31.040317449020485
8.990089900899294	6.625450526573554
9.000090000900293	27.587593466455516
9.010090100901294	32.19290629221046
9.020090200902294	18.046904344638264
9.030090300903295	18.403352873920824
9.040090400904296	12.631140637547634
9.050090500905295	19.70366811655951
9.060090600906296	13.664129747821685
9.070090700907295	29.786418509422088
9.080090800908296	0.14815757339571453
9.090090900909296	37.78278933930522
9.100091000910297	18.67746387165297
9.110091100911298	24.092715230765865
9.120091200912297	24.325229450267102
9.130091300913298	29.214601598095438
9.140091400914297	29.878130927051327
9.150091500915298	40.933317208926844
9.1600916009163	14.927622729639666
9.170091700917299	12.137281835852503
9.1800918009183	36.02893644616507
9.190091900919299	9.555563997795126
9.2000920009203	15.256435068119035
9.210092100921301	27.9713975126322
9.2200922009223	12.5203345674417
9.230092300923301	12.807369856048833
9.2400924009243	33.72549637018379
9.250092500925302	29.929221176903983
9.260092600926303	19.76811695949038
9.270092700927302	24.212715370092393
9.280092800928303	17.62272735953939
9.290092900929302	10.95776615880168
9.300093000930303	18.594744817886287
9.310093100931304	13.968193417141839
9.320093200932304	-5.127632759170139
9.330093300933305	3.0393670210868216
9.340093400934304	18.724155075464957
9.350093500935305	22.788355550667866
9.360093600936306	8.305951953836686
9.370093700937305	16.511035588437775
9.380093800938306	10.497052838462295
9.390093900939306	12.382033222212414
9.400094000940307	13.068277041057819
9.410094100941308	13.568212154912871
9.420094200942307	12.954847244801687
9.430094300943308	13.681282948918618
9.440094400944307	17.00918423608752
9.450094500945308	9.98787811917251
9.46009460094631	23.873430905566384
9.470094700947309	12.292146618715506
9.48009480094831	19.065824392272425
9.490094900949309	0.6788254891003438
9.50009500095031	24.600689895656043
9.510095100951311	30.543127815022455
9.52009520095231	-17.4703436872046
9.530095300953311	18.553689842454897
9.54009540095431	30.185216668957874
9.550095500955312	33.12740282707419
9.560095600956311	21.936357036189925
9.570095700957312	22.882891350246936
9.580095800958313	14.20581867365646
9.590095900959312	13.470312843603208
9.600096000960313	6.212782214741101
9.610096100961313	34.25738678456918
9.620096200962314	35.537320977755975
9.630096300963315	31.17106138344646
9.640096400964314	35.35873382903301
9.650096500965315	33.855246917570454
9.660096600966314	25.970720053575555
9.670096700967315	6.412866489438817
9.680096800968316	31.941348835466673
9.690096900969316	37.591350256808404
9.700097000970317	39.19931923406101
9.710097100971316	41.577691781557824
9.720097200972317	10.360540292893946
9.730097300973318	-4.558123050831025
9.740097400974317	18.0643391759365
9.750097500975318	35.58779981948447
9.760097600976318	19.241590083074932
9.770097700977319	8.059765806176339
9.78009780097832	22.12161251197673
9.790097900979319	0.3267255825315504
9.80009800098032	8.25366059142387
9.81009810098132	30.761033055180256
9.82009820098232	25.401770332553458
9.830098300983321	31.18968199206513
9.84009840098432	34.57882828131269
9.850098500985322	-3.0041135409020523
9.860098600986321	30.97155318112274
9.870098700987322	22.140399204443643
9.880098800988323	5.3560666380383415
9.890098900989322	16.787464994342304
9.900099000990323	17.989325568196517
9.910099100991323	14.965824060465753
9.920099200992324	9.702019353310577
9.930099300993325	23.697683760823786
9.940099400994324	16.534175925686036
9.950099500995325	16.8353486997994
9.960099600996324	20.88305848701927
9.970099700997325	16.759678815468202
9.980099800998326	15.01508453634127
9.990099900999326	15.652598018742683
10.000100001000327	16.41848639951611
10.010100101001326	9.815956656846998
10.020100201002327	19.798395022132585
10.030100301003326	22.00590952004632
10.040100401004327	17.596677668113617
10.050100501005328	22.533665281881685
10.060100601006328	23.110958840976206
10.070100701007329	24.78604261176692
10.080100801008328	5.8994667748729865
10.090100901009329	6.410390579432272
10.10010100101033	8.947386782446655
10.11010110101133	24.49004183741207
10.12010120101233	23.10152399127212
10.13010130101333	15.797027061952909
10.14010140101433	35.52681592251594
10.150101501015332	3.20836617993835
10.160101601016331	-14.456538405130992
10.170101701017332	17.337919722894284
10.180101801018331	31.447350143474857
10.190101901019332	27.17653537952622
10.200102001020333	16.98879404185316
10.210102101021333	9.617399533009047
10.220102201022334	28.996137990892784
10.230102301023333	25.85334506774797
10.240102401024334	36.53828659885165
10.250102501025335	10.983745858668488
10.260102601026334	33.58371126045856
10.270102701027335	27.40461738694128
10.280102801028335	25.712654577802606
10.290102901029336	22.33045829216004
10.300103001030337	15.264960299767965
10.310103101031336	16.103687668426186
10.320103201032337	24.477576192468142
10.330103301033336	26.141715661814096
10.340103401034337	27.474859446939337
10.350103501035338	28.47004728261067
10.360103601036338	24.60412805341462
10.370103701037339	24.22985403201986
10.380103801038338	10.680658009811028
10.390103901039339	-0.9991326076203977
10.40010400104034	7.710864283880724
10.41010410104134	-0.03718293454304724
10.42010420104234	29.653947223152137
10.43010430104334	8.690623340409012
10.44010440104434	29.783191761242364
10.450104501045342	6.295796456750633
10.460104601046341	17.02317014749115
10.470104701047342	14.424556630008405
10.480104801048341	16.331140525783468
10.490104901049342	27.005797548038597
10.500105001050342	19.160819541816167
10.510105101051343	25.295497587558252
10.520105201052344	7.473331504205748
10.530105301053343	16.024214987433048
10.540105401054344	16.970070661096372
10.550105501055343	22.183642897653044
10.560105601056344	12.93865492489178
10.570105701057345	16.854705948557463
10.580105801058345	13.868940944185956
10.590105901059346	15.87602790221719
10.600106001060345	17.284255431477686
10.610106101061346	11.075320080490519
10.620106201062347	17.67279567173268
10.630106301063346	12.613227223843406
10.640106401064347	16.013076918112112
10.650106501065347	1.1478724678639298
10.660106601066348	20.116899866432448
10.670106701067349	-35.294444914626744
10.680106801068348	-3.4262030576011115
10.690106901069349	19.02333232887058
10.700107001070348	26.39034279768277
10.71010710107135	26.817353357628203
10.72010720107235	-22.428889491515946
10.73010730107335	24.527981458939387
10.74010740107435	22.234271194847576
10.75010750107535	24.355409456374804
10.760107601076351	29.45205941626836
10.770107701077352	26.93601247981344
10.780107801078351	12.949414252548445
10.790107901079352	23.84471108455261
10.800108001080352	29.410230220322738
10.810108101081353	24.830200582410296
10.820108201082354	38.09398213641731
10.830108301083353	37.81944951893307
10.840108401084354	37.252750153124566
10.850108501085353	26.542736405696942
10.860108601086354	13.439578420486267
10.870108701087355	8.008244355809339
10.880108801088355	33.58298006952068
10.890108901089356	19.073489651681427
10.900109001090355	32.55024512289201
10.910109101091356	17.840100399143015
10.920109201092357	3.0891309898095414
10.930109301093356	27.139942173346572
10.940109401094357	34.36103701262278
10.950109501095357	22.80235721497062
10.960109601096358	1.3478386495159302
10.970109701097357	23.09666567942481
10.980109801098358	34.55155006464255
10.990109901099359	13.80124976719356
11.000110001100358	14.623476923384844
11.01011010110136	30.70389651164919
11.020110201102359	15.446426343976984
11.03011030110336	17.007226728989306
11.04011040110436	-2.0483845704164128
11.05011050110536	17.573819390720143
11.060110601106361	2.0961880717095465
11.07011070110736	9.340785885654599
11.080110801108361	3.0949937821591256
11.090110901109362	24.326775423762726
11.100111001110362	28.249237771779633
11.110111101111363	13.78239970472709
11.120111201112362	21.424582382454197
11.130111301113363	11.33252306821824
11.140111401114364	10.540405975774506
11.150111501115363	12.882698228887403
11.160111601116364	11.25727612045911
11.170111701117364	12.522406201469915
11.180111801118365	12.486142494006398
11.190111901119366	8.363438068308065
11.200112001120365	10.465355361947147
11.210112101121366	18.84218264099742
11.220112201122365	25.41545437965601
11.230112301123366	17.96300461308439
11.240112401124367	7.315545671979456
11.250112501125367	7.284613148209792
11.260112601126368	19.89721291811772
11.270112701127367	10.954456878174325
11.280112801128368	17.40804478777056
11.290112901129369	36.20278618563992
11.300113001130368	12.355408368994475
11.31011310113137	33.03110770273832
11.320113201132369	9.930398070075563
11.33011330113337	34.32552711482473
11.34011340113437	35.85222323764747
11.35011350113537	7.126639979985375
11.360113601136371	34.31824637065102
11.37011370113737	2.522005837043256
11.380113801138371	24.57618594804629
11.390113901139372	12.780068820930438
11.400114001140372	26.526726706032
11.410114101141373	3.7652815906597352
11.420114201142372	25.08185270477889
11.430114301143373	-18.62249469582593
11.440114401144372	28.668974538851025
11.450114501145373	27.196189105532216
11.460114601146374	30.252160359114225
11.470114701147374	28.470369719177892
11.480114801148375	19.78347110532764
11.490114901149374	15.07922625675822
11.500115001150375	23.49045758940597
11.510115101151376	35.207354489309346
11.520115201152375	27.164900735071907
11.530115301153376	25.339938616684808
11.540115401154376	10.522211656714905
11.550115501155377	-0.22311817595613279
11.560115601156378	22.23489634980508
11.570115701157377	30.934910204417353
11.580115801158378	-4.8133072967120665
11.590115901159377	30.87098254320891
11.600116001160378	12.405133557707625
11.61011610116138	0.5569098004675578
11.620116201162379	21.560221024020176
11.63011630116338	15.495526271353288
11.640116401164379	10.006891392384846
11.65011650116538	23.64552656307174
11.660116601166381	21.26769227778019
11.67011670116738	17.02334980066761
11.680116801168381	24.72150548284222
11.69011690116938	18.00176808065484
11.700117001170382	19.681115370602885
11.710117101171383	18.21164791805829
11.720117201172382	22.2670956464797
11.730117301173383	19.55373837421916
11.740117401174382	10.848268103709822
11.750117501175383	15.330723542691736
11.760117601176384	15.281939986054315
11.770117701177384	17.385039111278246
11.780117801178385	15.677785352752402
11.790117901179384	16.60860048910189
11.800118001180385	3.9159681092616263
11.810118101181386	13.583833261910154
11.820118201182385	21.38108077851327
11.830118301183386	7.899875938172786
11.840118401184386	11.78854081809717
11.850118501185387	22.744395762626105
11.860118601186388	28.901494337065856
11.870118701187387	20.43025811544929
11.880118801188388	4.082046916094875
11.890118901189387	32.17251730067855
11.900119001190388	-2.3065054931807403
11.910119101191388	28.305898319929607
11.920119201192389	19.903909702916824
11.93011930119339	37.4305973834114
11.940119401194389	-1.006985223937387
11.95011950119539	25.421983476390533
11.96011960119639	34.70115230049257
11.97011970119739	24.228245542668088
11.980119801198391	32.164027756910535
11.99011990119939	41.603019797369555
12.000120001200392	21.89193839507909
12.010120101201391	12.793758487986143
12.020120201202392	29.576738650976328
12.030120301203393	20.970892691908166
12.040120401204392	22.879169497923566
12.050120501205393	29.513880414309142
12.060120601206393	36.133672638426496
12.070120701207394	-2.791415823579091
12.080120801208395	17.78793146817181
12.090120901209394	31.957311079555414
12.100121001210395	40.78304252431231
12.110121101211394	5.351444664421471
12.120121201212395	31.547098081607473
12.130121301213396	39.64813347472658
12.140121401214396	7.589237495125911
12.150121501215397	23.89174335683861
12.160121601216396	20.389275789139656
12.170121701217397	21.081545965493785
12.180121801218398	35.92304911011442
12.190121901219397	24.847411963181948
12.200122001220398	25.000309320138932
12.210122101221398	17.824269781533058
12.220122201222399	8.186134053787102
12.2301223012234	3.3454710113674997
12.240122401224399	19.692930788954108
12.2501225012254	22.991183902338665
12.2601226012264	19.895192891602957
12.2701227012274	18.70246404529709
12.280122801228401	21.138230094186444
12.2901229012294	30.534464980536917
12.300123001230402	10.98324176564237
12.310123101231401	13.894598112401418
12.320123201232402	9.906022201635869
12.330123301233403	11.799987399811355
12.340123401234402	14.232823027321134
12.350123501235403	14.126728694530357
12.360123601236403	14.482873109360579
12.370123701237404	17.35767416695091
12.380123801238403	16.010611078268912
12.390123901239404	4.365807778441756
12.400124001240405	22.770318423890632
12.410124101241404	13.60095730450214
12.420124201242405	13.481094147467273
12.430124301243405	27.36096062983482
12.440124401244406	7.7495613643522425
12.450124501245407	29.031749502966925
12.460124601246406	12.264031592666731
12.470124701247407	19.82541430940752
12.480124801248406	8.344917061438766
12.490124901249407	1.5814391705176005
12.500125001250408	8.613830843083875
12.510125101251408	10.994129490083367
12.520125201252409	29.751741158173957
12.530125301253408	0.3032575294021331
12.540125401254409	34.190800159615215
12.55012550125541	12.055641745051341
12.56012560125641	24.257639742796552
12.57012570125741	15.19298324662552
12.58012580125841	20.72831640405954
12.59012590125941	22.06367655343786
12.600126001260412	12.879751525954465
12.610126101261411	43.00217096244974
12.620126201262412	37.213094099664666
12.630126301263411	25.513361550555047
12.640126401264412	11.530343916444984
12.650126501265413	36.429745717118
12.660126601266413	29.950039233023308
12.670126701267414	12.575871384735663
12.680126801268413	21.18352477921428
12.690126901269414	28.481946558142194
12.700127001270415	20.642043010817194
12.710127101271414	40.02523233175836
12.720127201272415	9.048591742438392
12.730127301273415	22.152840708933873
12.740127401274416	42.955575161012504
12.750127501275417	24.367778877372757
12.760127601276416	29.454607276499054
12.770127701277417	25.778145988499972
12.780127801278416	8.979235853953796
12.790127901279417	-4.864006781190906
12.800128001280417	9.302844176532304
12.810128101281418	35.96197142832121
12.820128201282419	15.658332305569427
12.830128301283418	12.382445997031933
12.840128401284419	9.987503768226594
12.850128501285418	25.141990843997974
12.86012860128642	7.439703277656283
12.87012870128742	26.051114212948583
12.88012880128842	9.29412963686419
12.89012890128942	17.102014274800098
12.90012900129042	17.71468843809134
12.910129101291421	11.819102905214002
12.920129201292422	8.602855715363754
12.930129301293421	15.055286141260934
12.940129401294422	14.510053342196255
12.950129501295422	15.978639399297371
12.960129601296423	16.778549132180146
12.970129701297424	13.952607169747065
12.980129801298423	13.34288054287559
12.990129901299424	19.116838403801882
13.000130001300423	12.02439118025781
13.010130101301424	29.3325744606864
13.020130201302425	-5.022279488281845
13.030130301303425	18.96642385685858
13.040130401304426	15.716194744798607
13.050130501305425	20.483316507279575
13.060130601306426	27.255183795691966
13.070130701307427	24.214857985091673
13.080130801308426	16.10605129268577
13.090130901309427	13.292273929233554
13.100131001310427	28.86082252062156
13.110131101311428	-16.59512141113823
13.120131201312429	21.0805619867522
13.130131301313428	38.303300217486516
13.140131401314429	14.247673152119342
13.150131501315428	22.39997719376433
13.16013160131643	19.558898337864427
13.17013170131743	33.70123501407838
13.18013180131843	-4.355868239013324
13.19013190131943	29.539547419570766
13.20013200132043	-17.294440055230304
13.210132101321431	35.137521866076916
13.220132201322432	40.98088846606944
13.230132301323431	22.421882035452192
13.240132401324432	25.271565848899524
13.250132501325432	9.546381649962767
13.260132601326433	36.349398224399515
13.270132701327432	34.60908504612151
13.280132801328433	21.70273763556849
13.290132901329434	18.018579573660002
13.300133001330433	32.04611377609856
13.310133101331434	15.895854953174549
13.320133201332434	36.211559026887805
13.330133301333435	21.86351586497196
13.340133401334436	29.03040012907758
13.350133501335435	28.726464260470365
13.360133601336436	26.759534153391627
13.370133701337435	8.646087016017578
13.380133801338436	8.151565984028759
13.390133901339437	22.748829887458534
13.400134001340437	21.66596574120459
13.410134101341438	1.9623332280393064
13.420134201342437	27.005888114187538
13.430134301343438	7.254822903561059
13.440134401344439	16.509890256504573
13.450134501345438	22.63144165042091
13.46013460134644	20.1407248491683
13.470134701347439	16.153672877114214
13.48013480134844	2.9781415209964557
13.49013490134944	17.38167328372123
13.50013500135044	14.9264465196084
13.510135101351441	14.137512579049313
13.52013520135244	15.156956696348011
13.530135301353441	14.476854794133688
13.540135401354442	15.469830808409473
13.550135501355442	13.99621741633707
13.560135601356443	19.167349023894797
13.570135701357442	20.36351942758085
13.580135801358443	10.354717264112358
13.590135901359444	6.292385293483472
13.600136001360443	7.53660974891325
13.610136101361444	14.29076733990677
13.620136201362444	2.268098638781632
13.630136301363445	22.549715901178125
13.640136401364446	11.61557263786832
13.650136501365445	19.56203341001999
13.660136601366446	15.172517854915382
13.670136701367445	-5.133678152189792
13.680136801368446	23.907364754936538
13.690136901369447	17.752571115991067
13.700137001370447	30.05697999576693
13.710137101371448	-4.6069145210514915
13.720137201372447	33.19445642677174
13.730137301373448	23.77421725850931
13.740137401374447	25.541812236734156
13.750137501375448	32.439636797664015
13.76013760137645	4.9005889178778315
13.770137701377449	20.332697615658574
13.78013780137845	33.14351529908318
13.790137901379449	33.527457487981245
13.80013800138045	19.176057560961166
13.810138101381451	29.532204590461408
13.82013820138245	30.781002065599406
13.830138301383451	20.82615734527392
13.84013840138445	-2.9662566962919685
13.850138501385452	18.537693511652535
13.860138601386453	23.21592473974005
13.870138701387452	30.71807610219587
13.880138801388453	18.452820642570263
13.890138901389452	28.83271921451372
13.900139001390453	21.16324523883101
13.910139101391454	22.42359424228164
13.920139201392454	38.806665259797064
13.930139301393455	8.91499106878035
13.940139401394454	32.2585966559154
13.950139501395455	23.445863245178327
13.960139601396456	18.947797306051452
13.970139701397455	20.68401771136249
13.980139801398456	22.651220963821093
13.990139901399456	16.715320163419282
14.000140001400457	33.808010785332534
14.010140101401458	0.4909509934351797
14.020140201402457	27.63747490518054
14.030140301403458	18.687448718021702
14.040140401404457	25.513795510990416
14.050140501405458	11.224850280732435
14.06014060140646	20.52055102899225
14.070140701407459	16.682359180703546
14.08014080140846	20.502776190868264
14.090140901409459	15.170859180792188
14.10014100141046	13.090980836046201
14.110141101411461	14.231486501345664
14.12014120141246	14.836174311435649
14.130141301413461	15.565712426513103
14.14014140141446	15.423799077945228
14.150141501415462	14.606051554253748
14.160141601416463	18.085149361730064
14.170141701417462	-4.710712066249531
14.180141801418463	14.123910070632657
14.190141901419462	7.775557021964492
14.200142001420463	29.481336742944126
14.210142101421463	26.95936572981946
14.220142201422464	33.58691568122872
14.230142301423465	19.25447110857075
14.240142401424464	34.4125045357921
14.250142501425465	32.574358302146386
14.260142601426464	-5.555524451930482
14.270142701427465	19.133733032587095
14.280142801428466	11.612281271511161
14.290142901429466	20.369427242860528
14.300143001430467	-10.25599789060116
14.310143101431466	13.169984054111383
14.320143201432467	29.656162284098734
14.330143301433468	31.307905626811138
14.340143401434467	30.4185510477654
14.350143501435468	23.264790893987158
14.360143601436468	31.99414230891637
14.370143701437469	9.840804800592473
14.38014380143847	-1.0445015487897453
14.390143901439469	37.533216062860774
14.40014400144047	35.406690884139024
14.41014410144147	17.848578047453156
14.42014420144247	8.27937781379087
14.430144301443471	8.117375608456362
14.44014440144447	14.939441042886399
14.450144501445472	42.77494600931892
14.460144601446471	11.728482910672211
14.470144701447472	25.099566609780528
14.480144801448473	21.63822271603507
14.490144901449472	18.0099240764938
14.500145001450473	29.55199084051743
14.510145101451473	4.645982172882413
14.520145201452474	32.466167109287255
14.530145301453475	0.8434366716797196
14.540145401454474	32.13691499735596
14.550145501455475	16.876453754594117
14.560145601456474	25.20169265423689
14.570145701457475	28.032521298399235
14.580145801458476	12.185781665352543
14.590145901459476	26.29105223518041
14.600146001460477	7.658769285662258
14.610146101461476	18.160485581808043
14.620146201462477	22.73852028696212
14.630146301463478	25.189987297403782
14.640146401464477	-32.62839505972265
14.650146501465478	12.399090574787811
14.660146601466478	17.664480193668194
14.670146701467479	17.241970452359165
14.680146801468478	13.57413589842167
14.690146901469479	14.276666068374178
14.70014700147048	13.690718383655897
14.71014710147148	14.191749725542405
14.72014720147248	9.95662313058741
14.73014730147348	12.753394001390252
14.74014740147448	15.907774044785379
14.750147501475482	1.0651924314949837
14.760147601476481	17.964088415918543
14.770147701477482	7.06205224817
14.780147801478481	17.148654178091228
14.790147901479482	26.00852487455696
14.800148001480483	19.83364372917278
14.810148101481483	-4.092709438878924
14.820148201482484	5.077361796748015
14.830148301483483	9.93581107286374
14.840148401484484	23.169111418612903
14.850148501485485	11.45663598465093
14.860148601486484	17.678957104873223
14.870148701487485	14.277515939245877
14.880148801488485	31.956399964463547
14.890148901489486	19.34893186351652
14.900149001490487	30.95707389205734
14.910149101491486	20.624516656085945
14.920149201492487	9.837519253304112
14.930149301493486	7.285879015481128
14.940149401494487	28.744320967923468
14.950149501495488	36.16654392723328
14.960149601496488	21.272032512519583
14.970149701497489	35.50312910393075
14.980149801498488	12.449209546515265
14.990149901499489	40.78660841791984
