0.0	nan
0.010000100001000326	-2.1041478999205157
0.020000200002000652	5.808278368857901
0.03000030000300098	-5.616765737172013
0.040000400004001305	-13.13521079759406
0.05000050000500163	-7.2448152283921425
0.06000060000600196	-1.9325538814052934
0.07000070000700229	-8.495471351828995
0.08000080000800261	1.6219570923203983
0.09000090000900293	0.7747618153555764
0.10000100001000325	-2.653050755350271
0.11000110001100359	3.326399924755485
0.12000120001200391	0.4530730076346389
0.13000130001300425	4.032841881665614
0.14000140001400457	3.483130425788059
0.1500015000150049	3.6601715774476062
0.16000160001600522	7.020396580490676
0.17000170001700554	6.634904007465994
0.18000180001800586	6.867742448847459
0.1900019000190062	9.106521248795088
0.2000020000200065	4.52671854525062
0.21000210002100686	13.009314936822518
0.22000220002200718	9.026849257570273
0.2300023000230075	11.114909627955518
0.24000240002400783	14.611069422256564
0.2500025000250082	12.638010472890954
0.2600026000260085	14.792607078541257
0.2700027000270088	16.898233402860743
0.28000280002800915	16.593259591206337
0.29000290002900947	16.17994184958521
0.3000030000300098	19.20145710762256
0.3100031000310101	18.49389737869657
0.32000320003201044	21.880074155729186
0.33000330003301076	19.599631169761018
0.3400034000340111	20.405098937012482
0.3500035000350114	21.91001184472963
0.36000360003601173	21.673447017457267
0.37000370003701205	22.769246929310693
0.3800038000380124	23.092853853067982
0.3900039000390127	23.312294547936023
0.400004000040013	24.63090590691735
0.4100041000410134	23.956203821643932
0.4200042000420137	24.483612566085448
0.43000430004301404	25.28374628315375
0.44000440004401437	24.241669678801344
0.4500045000450147	24.16836947415374
0.460004600046015	24.477643006866174
0.47000470004701533	23.992676435458062
0.48000480004801566	24.623391252433418
0.490004900049016	22.49639745257692
0.5000050000500164	24.770148460905034
0.5100051000510166	24.533211008298935
0.520005200052017	25.423606559996056
0.5300053000530173	24.293703956103137
0.5400054000540176	25.664266393788953
0.5500055000550179	25.01077700528043
0.5600056000560183	25.97700926277681
0.5700057000570186	25.63009397840247
0.5800058000580189	26.1456891155742
0.5900059000590192	27.178358297136505
0.6000060000600196	27.302043518215864
0.6100061000610199	28.78534318477457
0.6200062000620202	28.824484127305883
0.6300063000630205	30.517630035700364
0.6400064000640209	30.312361001906652
0.6500065000650213	30.477083971299503
0.6600066000660215	31.56675262714866
0.6700067000670219	31.69682430954899
0.6800068000680222	31.86028503275202
0.6900069000690225	31.14772562350509
0.7000070000700228	32.270514084192044
0.7100071000710232	32.30357322399645
0.7200072000720235	32.68129648975223
0.7300073000730238	33.49989371141645
0.7400074000740241	33.49033089816941
0.7500075000750245	34.18583030367891
0.7600076000760247	34.62577422924664
0.7700077000770251	35.71010767231263
0.7800078000780254	34.85426194388935
0.7900079000790258	35.99135343806569
0.800008000080026	36.510011570534196
0.8100081000810264	37.252783322749856
0.8200082000820268	37.3956256139116
0.8300083000830271	38.729600827085896
0.8400084000840274	39.2513779328072
0.8500085000850277	39.66794798982184
0.8600086000860281	40.11886019599019
0.8700087000870284	41.03778900859828
0.8800088000880287	42.35251384828341
0.890008900089029	41.56538058796209
0.9000090000900294	43.08508187251522
0.9100091000910296	43.241364488924155
0.92000920009203	44.018785843870795
0.9300093000930303	44.41149784452585
0.9400094000940307	45.25203312674388
0.9500095000950309	45.88947647674644
0.9600096000960313	46.25484408437539
0.9700097000970317	46.53729286381992
0.980009800098032	46.31651493691117
0.9900099000990323	46.9303015733594
1.0000100001000327	48.49728775056144
1.0100101001010329	48.88289606120773
1.0200102001020332	37.06267972170375
1.0300103001030336	50.23700171863917
1.040010400104034	50.0386961049993
1.0500105001050342	51.7036873870413
1.0600106001060345	53.19635081663065
1.070010700107035	52.68127402993842
1.0800108001080353	52.28936758944032
1.0900109001090355	54.84583928706519
1.1000110001100358	48.462119247537295
1.1100111001110362	55.14240337729666
1.1200112001120366	56.68361710984407
1.130011300113037	55.31834186627115
1.1400114001140371	58.46158277160237
1.1500115001150375	58.685325273881276
1.1600116001160379	59.22664780941779
1.1700117001170383	62.966987216187185
1.1800118001180384	63.67508814372699
1.1900119001190388	63.63948620976175
1.2000120001200392	66.69613880936329
1.2100121001210395	60.38506395356505
1.2200122001220397	67.07475309242405
1.23001230012304	63.927512653063445
1.2400124001240405	69.82503367750421
1.2500125001250408	67.22014552909279
1.260012600126041	70.3490058778546
1.2700127001270414	70.3577449354479
1.2800128001280418	72.08151385805624
1.2900129001290421	70.85292735209711
1.3000130001300425	73.47013530326792
1.3100131001310427	73.4348826565111
1.320013200132043	69.75950474222653
1.3300133001330434	75.39341417071083
1.3400134001340438	76.72367612070705
1.350013500135044	77.2081103982643
1.3600136001360443	78.2153582970863
1.3700137001370447	77.9954837858788
1.380013800138045	80.98954466927954
1.3900139001390452	83.21315133449816
1.4000140001400456	81.9733671412236
1.410014100141046	72.49705769588361
1.4200142001420464	82.44438870647666
1.4300143001430465	86.03074258459935
1.440014400144047	83.72807007296034
1.4500145001450473	83.848428212691
1.4600146001460477	89.49882658418389
1.470014700147048	92.48915392130966
1.4800148001480482	91.27381135339884
1.4900149001490486	88.83693251365425
1.500015000150049	92.9954281717954
1.5100151001510493	98.97087875352324
1.5200152001520495	96.73258704626821
1.5300153001530499	91.93101251978631
1.5400154001540503	98.42664212612466
1.5500155001550506	103.22010711105881
1.5600156001560508	101.37977034823187
1.5700157001570512	100.12598064593521
1.5800158001580515	102.64251079274668
1.590015900159052	165.29154425611574
1.600016000160052	102.05426075202682
1.6100161001610525	97.38014491355581
1.6200162001620528	99.24245582698126
1.6300163001630532	100.25966140613602
1.6400164001640536	89.65768728624268
1.6500165001650537	73.29684421911655
1.6600166001660541	28.167582236611985
1.6700167001670545	13.925185474345165
1.6800168001680549	63.865055020131884
1.690016900169055	82.71015970824374
1.7000170001700554	88.60104364897194
1.7100171001710558	86.41861337494548
1.7200172001720562	49.74339286112154
1.7300173001730563	97.29226572793125
1.7400174001740567	97.91246534647922
1.750017500175057	99.77580097032612
1.7600176001760575	111.17046115957206
1.7700177001770578	104.72638153545877
1.780017800178058	97.28060893918182
1.7900179001790584	100.03808192541788
1.8000180001800588	117.75533481500274
1.8100181001810591	109.69217292537176
1.8200182001820593	100.77457747088114
1.8300183001830597	99.62728040355016
1.84001840018406	107.6539484004642
1.8500185001850604	113.22797248727333
1.8600186001860606	97.55125838761992
1.870018700187061	81.49204072920826
1.8800188001880613	109.50419698453017
1.8900189001890617	136.40157713674262
1.9000190001900619	105.17355185415165
1.9100191001910622	95.0864952175744
1.9200192001920626	87.56793788886465
1.930019300193063	125.56820156512833
1.9400194001940634	93.6198560798574
1.9500195001950635	106.88501273422932
1.960019600196064	99.52176412679117
1.9700197001970643	114.41848187020676
1.9800198001980647	116.93575473895781
1.9900199001990648	91.31141884073715
2.0000200002000654	92.46460665135768
2.0100201002010656	118.61524773268094
2.0200202002020657	96.04329125311217
2.0300203002030663	95.6312742879589
2.0400204002040665	109.44499771984593
2.0500205002050667	93.53764487868256
2.0600206002060673	132.36277758206592
2.0700207002070674	87.42351605804339
2.080020800208068	76.34551656081045
2.090020900209068	114.72144970344955
2.1000210002100683	88.62090146951576
2.110021100211069	92.65053196894245
2.120021200212069	92.8402215122259
2.1300213002130697	92.47965054217698
2.14002140021407	89.28476487882828
2.15002150021507	82.45640422025429
2.1600216002160706	83.27436774218704
2.1700217002170707	59.966553300822525
2.180021800218071	74.66455706261476
2.1900219002190715	73.02760519517061
2.2000220002200717	56.39166252073275
2.2100221002210723	70.02000206225094
2.2200222002220724	52.49896362644175
2.2300223002230726	57.689054593373505
2.240022400224073	58.72503887470948
2.2500225002250733	56.10277293070639
2.260022600226074	33.6524563412785
2.270022700227074	15.305229605889526
2.2800228002280742	13.468453952898976
2.290022900229075	32.294595394075834
2.300023000230075	38.932764793754444
2.310023100231075	47.64379696474377
2.3200232002320758	51.95605141687685
2.330023300233076	60.35508635214469
2.3400234002340765	59.45563272314961
2.3500235002350767	54.04402333898488
2.360023600236077	62.26907713380405
2.3700237002370774	52.99862704246055
2.3800238002380776	72.52858891478729
2.3900239002390777	53.67504668404151
2.4000240002400783	42.17056055022592
2.4100241002410785	62.36044339450297
2.420024200242079	74.4014725236721
2.4300243002430792	69.06737174497073
2.4400244002440794	60.57136403254645
2.45002450024508	68.40031360876847
2.46002460024608	78.26166516187557
2.4700247002470808	44.20207611078386
2.480024800248081	68.14045291226708
2.490024900249081	72.74946197673742
2.5000250002500817	81.01650530216698
2.510025100251082	70.02570785365715
2.520025200252082	74.60383566167678
2.5300253002530826	67.28690171544613
2.5400254002540827	68.88339707190381
2.5500255002550833	72.1569425317611
2.5600256002560835	70.12543202519855
2.5700257002570837	69.72089438326637
2.5800258002580843	64.70021935461274
2.5900259002590844	72.00207337946304
2.600026000260085	69.56306728003554
2.610026100261085	59.73093167671682
2.6200262002620853	60.104560801576845
2.630026300263086	24.57843407219317
2.640026400264086	26.74328412308471
2.6500265002650862	37.6567687618363
2.660026600266087	42.19082927666608
2.670026700267087	52.37475710374321
2.6800268002680876	57.800308005883565
2.6900269002690878	40.214739792912745
2.700027000270088	53.64398761629607
2.7100271002710885	51.518402746016555
2.7200272002720887	54.612826748291845
2.7300273002730893	46.18675711792284
2.7400274002740894	43.097169807487454
2.7500275002750896	51.24711119638078
2.76002760027609	47.02656227080294
2.7700277002770903	10.947458219660485
2.7800278002780905	10.83298471533643
2.790027900279091	4.703099848940851
2.8000280002800912	19.02378963798945
2.810028100281092	30.34288483496909
2.820028200282092	30.976391619314523
2.830028300283092	17.91126472253778
2.8400284002840928	-2.3192970621974265
2.850028500285093	18.278671895428616
2.860028600286093	17.10133577631883
2.8700287002870937	8.258374945055792
2.880028800288094	3.4200094827593803
2.8900289002890944	6.003826839215338
2.9000290002900946	4.881871383350681
2.9100291002910947	-12.488117784558604
2.9200292002920953	-3.573097721875848
2.9300293002930955	16.228658094441624
2.940029400294096	26.131836242829586
2.9500295002950963	17.00801146915905
2.9600296002960964	-3.4695368212494055
2.970029700297097	25.0537284854419
2.980029800298097	23.559098635598026
2.9900299002990973	18.903237944905644
3.000030000300098	20.838488262506782
3.010030100301098	30.150127859884094
3.0200302003020987	25.035304080603275
3.030030300303099	28.16556132207061
3.040030400304099	25.333648676160898
3.0500305003050996	23.522509961303037
3.0600306003060997	16.207477483368653
3.0700307003071003	29.71233202529158
3.0800308003081005	20.116894605236734
3.0900309003091007	6.837234135564245
3.1000310003101013	21.20987269706922
3.1100311003111014	24.12275909787781
3.1200312003121016	39.92635377748275
3.130031300313102	0.9328492750250496
3.1400314003141023	29.017008582122997
3.150031500315103	14.600447253980215
3.160031600316103	16.515086330158198
3.1700317003171032	26.191494917646942
3.180031800318104	49.05268312491364
3.190031900319104	11.643474982245376
3.200032000320104	36.55295580759424
3.2100321003211048	41.81496676092752
3.220032200322105	24.973754297773798
3.2300323003231055	31.710393857092342
3.2400324003241057	23.43293069848797
3.250032500325106	43.03203975485515
3.2600326003261064	23.008384923079813
3.2700327003271066	34.48400484120595
3.280032800328107	28.221463824302223
3.2900329003291073	24.721180790897847
3.3000330003301075	24.5842138397644
3.310033100331108	23.48282874427842
3.3200332003321082	33.41468081110516
3.3300333003331084	20.062084575359385
3.340033400334109	16.0199540208586
3.350033500335109	32.34087998646301
3.3600336003361098	36.85549738496533
3.37003370033711	28.05477497977087
3.38003380033811	19.840622504604365
3.3900339003391107	22.548507435791354
3.400034000340111	32.51925656912064
3.4100341003411114	17.598663152264468
3.4200342003421116	-8.526580252830026
3.4300343003431117	14.936171964645121
3.4400344003441123	20.917623629178575
3.4500345003451125	13.710187807688994
3.4600346003461127	4.344948995148006
3.4700347003471133	0.9979421207321358
3.4800348003481134	7.654870822898337
3.490034900349114	2.2610190932363423
3.500035000350114	8.626793514331622
3.5100351003511143	19.202306148705812
3.520035200352115	19.54069433791699
3.530035300353115	12.686397521496
3.5400354003541157	-9.225131803409111
3.550035500355116	31.869292132952765
3.560035600356116	28.196911412080894
3.5700357003571166	26.58768326747682
3.5800358003581167	21.966391900214358
3.590035900359117	29.60795806658663
3.6000360003601175	21.682018704933498
3.6100361003611177	22.16647240502847
3.6200362003621183	29.66475876985261
3.6300363003631184	20.588786105200167
3.6400364003641186	31.064903586625196
3.650036500365119	14.286181862572583
3.6600366003661193	20.64845003962755
3.6700367003671195	-4.191673979900455
3.68003680036812	21.408558893863884
3.6900369003691202	26.755538692508214
3.700037000370121	30.505448513315052
3.710037100371121	41.450381185440385
3.720037200372121	43.744335255458516
3.7300373003731218	3.4931481278445418
3.740037400374122	48.244005603181066
3.7500375003751225	49.81998824271028
3.7600376003761227	40.653057350040136
3.770037700377123	34.06687890047899
3.7800378003781234	41.09517774198324
3.7900379003791236	41.66384976737159
3.8000380003801237	24.401405786787887
3.8100381003811243	36.39590303654721
3.8200382003821245	-15.366045610618006
3.830038300383125	46.58406120855001
3.8400384003841253	14.937681475489738
3.8500385003851254	46.84215280435313
3.860038600386126	35.49347466407468
3.870038700387126	28.023486450262954
3.8800388003881268	16.398930060730173
3.890038900389127	37.58795943539828
3.900039000390127	27.41863829089948
3.9100391003911277	27.477044083107735
3.920039200392128	25.642456837459218
3.930039300393128	27.699412032218934
3.9400394003941286	25.366259503398837
3.9500395003951287	15.545397698046877
3.9600396003961293	21.02151505241737
3.9700397003971295	-2.2101936633407955
3.9800398003981297	6.745375428649917
3.9900399003991303	8.007328930312568
4.000040000400131	8.963278807028754
4.010040100401131	13.517360329894702
4.020040200402131	-24.773857131380165
4.030040300403131	1.40135202816423
4.0400404004041315	20.419603577160565
4.0500405004051325	13.979839009823404
4.060040600406133	2.999461717628567
4.070040700407133	4.97047384242608
4.080040800408133	5.150468384920843
4.090040900409133	-1.584264046356299
4.100041000410133	2.8283955307149267
4.110041100411134	9.96596334171323
4.1200412004121345	19.124482518940386
4.130041300413135	-8.633052562885995
4.140041400414135	6.240610062324009
4.150041500415135	11.201956955092507
4.160041600416136	13.741686340730753
4.170041700417136	9.592712734942648
4.180041800418136	25.014045506856892
4.1900419004191365	-6.977862183541065
4.200042000420137	27.159747157149287
4.210042100421138	18.405673568123706
4.220042200422138	-33.3359572860779
4.230042300423138	30.760773044973252
4.240042400424138	22.16002088561796
4.250042500425138	15.177320750778497
4.260042600426139	19.65316764382183
4.2700427004271395	1.0821107480776802
4.28004280042814	12.609240650319014
4.29004290042914	-0.24142747343018855
4.30004300043014	9.252006048519913
4.31004310043114	21.122996868638122
4.320043200432141	20.814795780034437
4.330043300433141	19.656249603380218
4.3400434004341415	28.539457665662873
4.350043500435142	18.69803409575189
4.360043600436142	27.83199661327451
4.370043700437143	21.3096962841686
4.380043800438143	26.81864816677122
4.390043900439143	32.09839458981768
4.400044000440143	25.29848111167535
4.4100441004411435	18.726982873747037
4.4200442004421445	24.086742240343202
4.430044300443145	27.945191783893144
4.440044400444145	22.96865021700153
4.450044500445145	19.118855615145108
4.460044600446145	23.93129016807523
4.470044700447146	24.057498977547375
4.480044800448146	6.575968976483418
4.4900449004491465	-3.833742218257904
4.500045000450147	10.598541608848198
4.510045100451147	23.288741728244208
4.520045200452148	10.160841339967613
4.530045300453148	2.112549731368207
4.540045400454148	17.0113934778802
4.550045500455148	-4.272046758826942
4.5600456004561485	24.167460337088077
4.570045700457149	-13.940686052757787
4.58004580045815	13.657147207869942
4.59004590045915	21.784194678688674
4.60004600046015	1.1705531209777846
4.61004610046115	3.849448809991997
4.62004620046215	1.5538996658497828
4.630046300463151	15.191890827790424
4.6400464004641515	12.880146039285588
4.650046500465152	8.728806018869193
4.660046600466152	5.185554352771447
4.670046700467152	6.009699163895566
4.680046800468153	5.4556845097121265
4.690046900469153	5.082224776448383
4.700047000470153	10.913731418580708
4.7100471004711535	9.809171864329455
4.720047200472154	13.138291621867513
4.730047300473155	5.586226909501896
4.740047400474155	7.47558567930069
4.750047500475155	5.591854347470519
4.760047600476155	15.182123275284807
4.770047700477155	18.70485422349138
4.7800478004781555	13.179781851995497
4.7900479004791565	16.821525176149926
4.800048000480157	18.790952057143667
4.810048100481157	8.33736751207795
4.820048200482157	12.265833824289633
4.830048300483157	-7.912086214174009
4.840048400484158	25.159833418481924
4.850048500485158	13.863725474847884
4.8600486004861585	-7.1577949601445985
4.870048700487159	27.900359193318288
4.880048800488159	12.450713377147027
4.89004890048916	7.49972655839724
4.90004900049016	12.127964924859974
4.91004910049116	22.03128048582443
4.92004920049216	5.218059026974641
4.9300493004931605	1.2406076828183275
4.9400494004941615	32.14650904797245
4.950049500495162	28.899749410399274
4.960049600496162	-2.0546478215109145
4.970049700497162	15.315788812183657
4.980049800498162	-1.5269124184680005
4.990049900499163	31.033548296157438
5.000050000500163	17.15141116264153
5.0100501005011635	23.494335987075253
5.020050200502164	29.966658286978806
5.030050300503164	26.20773206112148
5.040050400504164	27.835647662858435
5.050050500505165	10.715184921294831
5.060050600506165	4.122892445608486
5.070050700507165	7.4827565047443425
5.0800508005081655	21.85812066001564
5.090050900509166	24.44725222492559
5.100051000510167	21.358853836950388
5.110051100511167	26.10390636088773
5.120051200512167	1.4831236013909253
5.130051300513167	20.165678491864384
5.140051400514167	19.59769477976491
5.150051500515168	-12.23811970770504
5.1600516005161685	-6.466041519977762
5.170051700517169	7.866541933193178
5.180051800518169	20.210880215054402
5.190051900519169	0.7839873908456427
5.20005200052017	7.574700576763702
5.21005210052117	-9.043269347879571
5.22005220052217	12.773436485795237
5.2300523005231705	8.855215076592845
5.240052400524171	6.787662579172011
5.250052500525171	8.394971511803583
5.260052600526172	6.178814664071832
5.270052700527172	6.244745881728019
5.280052800528172	4.2084303033874395
5.290052900529172	-8.837046819596006
5.3000530005301725	5.065295947267571
5.3100531005311735	-3.7006341374324676
5.320053200532174	12.142164674245546
5.330053300533174	14.197535040977153
5.340053400534174	8.767865850030121
5.350053500535174	17.481170045159068
5.360053600536175	0.09947494008558252
5.370053700537175	8.9911474714338
5.3800538005381755	8.686526402904423
5.390053900539176	15.563427152172686
5.400054000540176	22.844737567617912
5.410054100541177	17.65405755869329
5.420054200542177	20.743167416845775
5.430054300543177	13.405613637382396
5.440054400544177	13.873742991873357
5.4500545005451775	17.984972345967364
5.4600546005461785	32.38572977945196
5.470054700547179	11.354221182481094
5.480054800548179	16.45811043152578
5.490054900549179	6.571724979670563
5.500055000550179	21.76567053488441
5.510055100551179	9.50686377324822
5.52005520055218	22.865795515135794
5.5300553005531805	11.40525167895418
5.540055400554181	3.625044556718023
5.550055500555181	3.340727651522467
5.560055600556181	15.028109725930497
5.570055700557182	6.08586449592449
5.580055800558182	17.501519470340085
5.590055900559182	28.08184784681613
5.6000560005601825	11.331639618818958
5.610056100561183	29.98033042165596
5.620056200562184	16.545880104612735
5.630056300563184	19.025669206822183
5.640056400564184	32.25360610120514
5.650056500565184	-5.786969743250142
5.660056600566184	28.455448635398625
5.670056700567185	14.964339731448662
5.6800568005681855	22.601664110518993
5.690056900569186	14.360016316342794
5.700057000570186	5.1381500125824315
5.710057100571186	14.383561028103445
5.720057200572186	26.338640972867626
5.730057300573187	12.786133055066964
5.740057400574187	12.26166139861389
5.7500575005751875	17.625290634812345
5.760057600576188	11.893682021364587
5.770057700577188	-1.8940140349967405
5.780057800578189	-0.7412618332246846
5.790057900579189	11.373641680102331
5.800058000580189	16.341757564392303
5.810058100581189	-1.8311076945736955
5.8200582005821895	-11.575237798286691
5.8300583005831905	4.1603687268937435
5.840058400584191	8.483965074544916
5.850058500585191	6.0359820065279095
5.860058600586191	5.428215455299385
5.870058700587191	6.631727546817569
5.880058800588192	9.165289457569981
5.890058900589192	9.488464003003184
5.9000590005901925	6.154473865357383
5.910059100591193	-5.355204977798329
5.920059200592193	18.61421574668541
5.930059300593194	-3.6982771131893704
5.940059400594194	-4.826552296389512
5.950059500595194	17.87510036608958
5.960059600596194	26.267634920416757
5.9700597005971945	-2.6589627144714636
5.980059800598195	9.293612021660653
5.990059900599196	22.35036057601525
6.000060000600196	3.408697303259017
6.010060100601196	21.523874624331217
6.020060200602196	13.729247159270834
6.030060300603196	28.022676364138487
6.040060400604197	1.5666589979948091
6.0500605006051975	19.17368659027358
6.060060600606198	24.204325217620205
6.070060700607198	34.93707408215748
6.080060800608198	-4.162233602536704
6.090060900609199	-23.48104177036841
6.100061000610199	12.345861051524299
6.110061100611199	22.78640633204127
6.1200612006121995	15.301680992756788
6.1300613006132	9.301324758195355
6.140061400614201	30.727762336257197
6.150061500615201	9.637994118833088
6.160061600616201	31.318102505834418
6.170061700617201	13.633944323952472
6.180061800618201	12.064101252765802
6.1900619006192015	27.91650618319366
6.2000620006202025	22.561232203688633
6.210062100621203	8.705173844703834
6.220062200622203	29.6190451228924
6.230062300623203	5.188400603132122
6.240062400624203	4.5795233415110586
6.250062500625204	16.686619716145962
6.260062600626204	8.529226282842831
6.2700627006272045	13.234210627330604
6.280062800628205	22.90661991890946
6.290062900629205	26.382162576353945
6.300063000630206	0.5236354099398771
6.310063100631206	-1.5773843103470748
6.320063200632206	8.550537812020222
6.330063300633206	18.142039099559316
6.3400634006342065	20.48517223522978
6.3500635006352075	20.431262277702473
6.360063600636208	10.267318670961842
6.370063700637208	14.29471189916194
6.380063800638208	-3.9831424751036026
6.390063900639208	-7.22783765203467
6.400064000640208	9.070382125499389
6.410064100641209	5.677994183682304
6.4200642006422095	-1.4628507897674203
6.43006430064321	5.487778236874416
6.44006440064421	4.4146039454691985
6.45006450064521	4.548186402292549
6.460064600646211	2.7305690074708715
6.470064700647211	2.8790226096995246
6.480064800648211	9.524384006377627
6.4900649006492115	2.517246967762867
6.500065000650212	-7.179091242971016
6.510065100651213	16.36788147140471
6.520065200652213	1.2744520700313533
6.530065300653213	13.58810440324824
6.540065400654213	16.511234255177094
6.550065500655213	16.697177310376013
6.560065600656214	10.686704717665748
6.5700657006572145	-2.274789020355443
6.580065800658215	-5.5677933713134475
6.590065900659215	7.9111797381481805
6.600066000660215	23.336802673695267
6.610066100661216	20.876246769688233
6.620066200662216	10.992479483446045
6.630066300663216	4.0628744138847335
6.6400664006642165	17.651863534324928
6.650066500665217	-21.191938667387394
6.660066600666217	19.817930260827335
6.670066700667218	8.373722223660733
6.680066800668218	29.652034523842502
6.690066900669218	16.567470258199993
6.700067000670218	17.76108341623748
6.7100671006712185	-9.206462571448494
6.7200672006722195	19.064554657744264
6.73006730067322	2.636687105147644
6.74006740067422	18.53637128000123
6.75006750067522	-11.295154605515304
6.76006760067622	24.41230710813715
6.770067700677221	29.25668656569524
6.780067800678221	20.42923567853402
6.7900679006792215	32.856420220312806
6.800068000680222	2.357196910356168
6.810068100681222	20.476232578191976
6.820068200682223	1.6416419896902819
6.830068300683223	11.05830537916568
6.840068400684223	19.915731515680587
6.850068500685223	7.482692669850377
6.8600686006862235	1.718586477108611
6.870068700687224	8.174441350557624
6.880068800688225	10.310408302999486
6.890068900689225	-7.471275390962837
6.900069000690225	4.420987662214486
6.910069100691225	29.88090523890062
6.920069200692225	13.079220654148415
6.930069300693226	13.892465348297305
6.9400694006942265	8.241939086733568
6.950069500695227	5.067457046140566
6.960069600696227	0.615193420551186
6.970069700697227	12.92274104835765
6.980069800698228	3.077949693703067
6.990069900699228	5.881929354381782
7.000070000700228	6.53985269621492
7.0100701007012285	7.000052490218106
7.020070200702229	4.588363056744144
7.03007030070323	6.896066081799482
7.04007040070423	5.802926333617433
7.05007050070523	6.062252765577671
7.06007060070623	13.884094747272497
7.07007070070723	2.335582114069536
7.080070800708231	15.755268065266
7.0900709007092315	-1.796193013555602
7.100071000710232	-5.384775218296137
7.110071100711232	-20.989720692844468
7.120071200712232	2.198339798755416
7.130071300713232	1.3641919643743332
7.140071400714233	-0.4445524074178716
7.150071500715233	10.208476456258285
7.1600716007162335	15.112722421409245
7.170071700717234	13.636967920488141
7.180071800718234	9.98708349786151
7.190071900719235	27.050607964565963
7.200072000720235	13.865568981548922
7.210072100721235	25.482494517474947
7.220072200722235	14.55907018033031
7.2300723007232355	24.10537933391802
7.2400724007242365	9.192264632296641
7.250072500725237	17.22803919836013
7.260072600726237	4.573473587583695
7.270072700727237	22.34644490469153
7.280072800728237	0.7787295609440779
7.290072900729238	17.173936442908516
7.300073000730238	-14.854700389940747
7.3100731007312385	7.944861312782221
7.320073200732239	32.79182481993065
7.330073300733239	12.460906279287435
7.340073400734239	20.779752336199017
7.35007350073524	25.042337672867244
7.36007360073624	34.91208907007728
7.37007370073724	2.2046107513506774
7.3800738007382405	13.29662688927972
7.390073900739241	23.521110482715407
7.400074000740242	29.144298624843596
7.410074100741242	22.878068880102767
7.420074200742242	5.112299198127536
7.430074300743242	14.75866700218493
7.440074400744242	16.031181967903642
7.450074500745243	6.620040096822955
7.4600746007462435	19.843543278739084
7.470074700747244	3.555638789815455
7.480074800748244	17.2907975821828
7.490074900749244	18.17321854239854
7.500075000750245	18.02538558862384
7.510075100751245	16.441260547752307
7.520075200752245	-8.31462342401428
7.5300753007532455	-9.404521128983228
7.540075400754246	8.87203177555391
7.550075500755247	-5.322735809998177
7.560075600756247	19.80889392528222
7.570075700757247	-0.8326918272052797
7.580075800758247	7.458393166660508
7.590075900759247	10.487239011341657
7.6000760007602475	4.034697075761295
7.6100761007612485	8.854908248672068
7.620076200762249	6.97473351633971
7.630076300763249	5.858646122336853
7.640076400764249	5.576351410574262
7.650076500765249	4.896835718645815
7.66007660076625	10.964797054393859
7.67007670076725	9.684854543801247
7.6800768007682505	-2.052608235951943
7.690076900769251	12.987813571556076
7.700077000770251	-5.612429597206764
7.710077100771252	-4.541745285616797
7.720077200772252	10.46684590372236
7.730077300773252	11.98329357040064
7.740077400774252	15.106756578597446
7.7500775007752525	18.783305943808404
7.7600776007762535	21.158503139489607
7.770077700777254	22.852891783104546
7.780077800778254	-19.20933914131736
7.790077900779254	-4.927197509024855
7.800078000780254	20.96620373902535
7.810078100781254	13.91516201121596
7.820078200782255	18.295229337846315
7.8300783007832555	0.2521471275368311
7.840078400784256	3.54000107624579
7.850078500785256	9.534724633373068
7.860078600786256	-4.3902180124130465
7.870078700787257	3.6768140291374953
7.880078800788257	16.77207115622425
7.890078900789257	15.452510023160421
7.9000790007902575	1.670150349367598
7.910079100791258	24.493376500445827
7.920079200792259	23.71561715338186
7.930079300793259	2.564420685840083
7.940079400794259	14.373011991052827
7.950079500795259	11.044947877762377
7.960079600796259	-24.40494108835608
7.97007970079726	18.02295306399748
7.9800798007982605	31.008857991125698
7.990079900799261	6.8717613681339484
8.000080000800262	28.021867278471774
8.010080100801261	14.756492759460805
8.020080200802262	-14.965680981221977
8.030080300803261	5.422252867848355
8.040080400804262	8.257349292698684
8.050080500805263	26.535121536964443
8.060080600806263	19.705687485345404
8.070080700807264	22.56923331061921
8.080080800808263	15.75276466894557
8.090080900809264	4.680778368963293
8.100081000810265	8.197811479495192
8.110081100811264	1.3809208416923209
8.120081200812265	1.918498053421251
8.130081300813265	13.228078483989691
8.140081400814266	3.008987812639262
8.150081500815265	14.721126251026899
8.160081600816266	7.88623554666765
8.170081700817267	14.695984281714239
8.180081800818266	-2.0278117061487335
8.190081900819267	4.972219028614069
8.200082000820267	9.677031453464634
8.210082100821268	2.5624375026932276
8.220082200822269	4.584219661566605
8.230082300823268	1.1939700645251703
8.240082400824269	8.443392570568271
8.250082500825268	-2.2217230059810977
8.26008260082627	0.32286988962493707
8.27008270082727	10.96639695585162
8.28008280082827	-2.505156276109154
8.29008290082927	8.537231767598612
8.30008300083027	4.878731123851543
8.310083100831271	1.6425027331589481
8.320083200832272	9.295305967095148
8.330083300833271	28.330565638135155
8.340083400834272	16.179957634137203
8.350083500835272	21.301142081164546
8.360083600836273	-13.600252737821473
8.370083700837274	13.881614800468899
8.380083800838273	18.16717859805478
8.390083900839274	17.640633479683817
8.400084000840273	18.445872056175872
8.410084100841274	21.045157471113786
8.420084200842275	28.58496591547336
8.430084300843275	11.329803560310317
8.440084400844276	27.235331946336093
8.450084500845275	31.899970851311334
8.460084600846276	29.649528332748442
8.470084700847277	-2.306132497060141
8.480084800848276	18.180652742497383
8.490084900849277	-5.0143897290440345
8.500085000850277	20.081583582166935
8.510085100851278	-1.0135141980144633
8.520085200852279	23.67048653993962
8.530085300853278	14.081901890848105
8.540085400854279	22.185789529299274
8.550085500855278	6.4589928614414625
8.56008560085628	26.096598770761716
8.57008570085728	15.416126251388032
8.58008580085828	-0.2656523650616429
8.59008590085928	4.978013159233092
8.60008600086028	1.2233062091848692
8.610086100861281	-11.967602269353344
8.62008620086228	-6.168399460070523
8.630086300863281	23.2906214950445
8.640086400864282	22.122912235242822
8.650086500865282	12.67907123629017
8.660086600866283	24.22517897896941
8.670086700867282	26.51499320188548
8.680086800868283	4.87679260422826
8.690086900869284	6.248003783572747
8.700087000870283	-15.659011458190959
8.710087100871284	11.696522886405324
8.720087200872284	12.144526707707428
8.730087300873285	-15.62974764571046
8.740087400874286	11.473553778099244
8.750087500875285	-12.730792205820155
8.760087600876286	5.2032022906693465
8.770087700877285	7.989420657990689
8.780087800878286	3.544197742147074
8.790087900879287	9.80679045716432
8.800088000880287	6.899537588313819
8.810088100881288	6.238291129888729
8.820088200882287	4.766602880006483
8.830088300883288	8.773810045171118
8.840088400884289	5.717180770813472
8.850088500885288	1.28230093472943
8.86008860088629	9.067218635998104
8.870088700887289	-3.7519440935888837
8.88008880088829	-8.901641123517717
8.89008890088929	4.115235417725496
8.90008900089029	12.89532888064131
8.910089100891291	-24.240960654922088
8.92008920089229	5.881539020223319
8.930089300893291	10.701306385958459
8.940089400894292	21.560078292821164
8.950089500895292	23.02107445132533
8.960089600896293	15.792324823149345
8.970089700897292	2.096947811500745
8.980089800898293	-39.08107863735096
8.990089900899294	-1.83453332298779
9.000090000900293	15.80342528350864
9.010090100901294	23.689163478076317
9.020090200902294	9.717222079060553
9.030090300903295	7.201173000989471
9.040090400904296	4.833885848289717
9.050090500905295	11.976851983078697
9.060090600906296	5.528349328210091
9.070090700907295	21.549720361718087
9.080090800908296	-5.986930208613373
9.090090900909296	27.68544244682304
9.100091000910297	10.344217546854965
9.110091100911298	13.589523533287306
9.120091200912297	18.163483696863313
9.130091300913298	19.9693298349094
9.140091400914297	22.503888525613547
9.150091500915298	33.119028499771076
9.1600916009163	9.295688850468455
9.170091700917299	-0.20375825862465266
9.1800918009183	29.24702871796248
9.190091900919299	1.5810857326570187
9.2000920009203	7.397454995375004
9.210092100921301	18.39799487357228
9.2200922009223	5.809144988681327
9.230092300923301	7.6848014236802715
9.2400924009243	24.189108385459217
9.250092500925302	22.189634466246893
9.260092600926303	11.526332774635641
9.270092700927302	16.197862162052676
9.280092800928303	9.085552297698198
9.290092900929302	2.995679897809842
9.300093000930303	9.547329307498744
9.310093100931304	5.952047002684863
9.320093200932304	-13.191450587600668
9.330093300933305	-6.419381406094173
9.340093400934304	9.957350911301113
9.350093500935305	14.081494325257191
9.360093600936306	-0.31458638294801
9.370093700937305	7.8807450110435155
9.380093800938306	1.385952043050699
9.390093900939306	3.4000957095241024
9.400094000940307	4.128772660033808
9.410094100941308	4.595542150170295
9.420094200942307	3.9707202389607734
9.430094300943308	4.254276064446674
9.440094400944307	8.016604294446845
9.450094500945308	0.7378263228957388
9.46009460094631	14.929791908412854
9.470094700947309	2.841052159935529
9.48009480094831	9.808496180518832
9.490094900949309	-8.81015409422478
9.50009500095031	15.260942104151491
9.510095100951311	21.172333303904097
9.52009520095231	-27.953385661531033
9.530095300953311	9.506824525131545
9.54009540095431	20.66861127570693
9.550095500955312	24.15908301594499
9.560095600956311	12.492295420012306
9.570095700957312	14.227697380428737
9.580095800958313	3.828231467341703
9.590095900959312	3.513368820287634
9.600096000960313	-3.302623761304389
9.610096100961313	24.59372784373283
9.620096200962314	26.06861504180171
9.630096300963315	21.390428531357276
9.640096400964314	25.624321634532198
9.650096500965315	24.108811669411875
9.660096600966314	16.416416250758754
9.670096700967315	-3.1281321499159525
9.680096800968316	22.33293475206286
9.690096900969316	27.464544759938807
9.700097000970317	29.429711033207422
9.710097100971316	31.901119639348657
9.720097200972317	0.7870804411655055
9.730097300973318	-14.595177797266661
9.740097400974317	8.406744772720208
9.750097500975318	26.22833267830162
9.760097600976318	9.605203936756388
9.770097700977319	-1.9588608170739976
9.78009780097832	11.908961178779233
9.790097900979319	-9.090040055031073
9.80009800098032	-2.277514731603443
9.81009810098132	21.67743933724812
9.82009820098232	16.04667452503934
9.830098300983321	21.78359682373022
9.84009840098432	23.95402288557267
9.850098500985322	-11.999171115433809
9.860098600986321	22.28875112600623
9.870098700987322	12.980007692819541
9.880098800988323	-3.679744817182102
9.890098900989322	7.055878022002261
9.900099000990323	9.326593972080094
9.910099100991323	6.0566994344583875
9.920099200992324	0.6941802478973337
9.930099300993325	14.660922378816236
9.940099400994324	7.659832148527608
9.950099500995325	7.234152614907535
9.960099600996324	11.71677803735881
9.970099700997325	7.8651052098989895
9.980099800998326	6.039889061047063
9.990099900999326	6.7989337374905325
10.000100001000327	7.606637385553658
10.010100101001326	0.7172021712116035
10.020100201002327	10.50623454644512
10.030100301003326	13.781403567848926
10.040100401004327	9.08276648950641
10.050100501005328	14.743802211573012
10.060100601006328	14.502908521710065
10.070100701007329	15.454361068415098
10.080100801008328	-4.51405764514988
10.090100901009329	-2.005774232391733
10.10010100101033	0.8337033287554902
10.11010110101133	15.84578940201091
10.12010120101233	15.033544087518269
10.13010130101333	11.144190272640119
10.14010140101433	28.38883150350843
10.150101501015332	-6.086706148061899
10.160101601016331	-25.22512654766547
10.170101701017332	9.932059673059959
10.180101801018331	24.703636372604294
10.190101901019332	21.354072364068976
10.200102001020333	10.434144950101269
10.210102101021333	3.732146980458231
10.220102201022334	19.714450035503493
10.230102301023333	17.187190801616023
10.240102401024334	28.688524621454633
10.250102501025335	5.503081366438965
10.260102601026334	24.18585319907879
10.270102701027335	18.123435897105413
10.280102801028335	16.194542588199553
10.290102901029336	12.767312648210664
10.300103001030337	6.478206976849399
10.310103101031336	6.375088537358241
10.320103201032337	16.615230738229705
10.330103301033336	17.94233343136518
10.340103401034337	17.619060777818355
10.350103501035338	20.277921667454297
10.360103601036338	15.016290673547378
10.370103701037339	17.155440800713365
10.380103801038338	2.9487254553007483
10.390103901039339	-8.581897024121043
10.40010400104034	-0.19264066408831843
10.41010410104134	-7.183319362600151
10.42010420104234	22.07685920242574
10.43010430104334	-0.035159308766714206
10.44010440104434	21.862714773234092
10.450104501045342	-2.497680004793647
10.460104601046341	8.1010700147114
10.470104701047342	4.992866350917908
10.480104801048341	8.106995176228539
10.490104901049342	18.627469076004466
10.500105001050342	10.374472879862083
10.510105101051343	16.717768555414473
10.520105201052344	-1.095803171444294
10.530105301053343	7.323705731793776
10.540105401054344	8.250746178445553
10.550105501055343	13.455423838725226
10.560105601056344	4.169634272022657
10.570105701057345	7.999147945531223
10.580105801058345	4.969177848538695
10.590105901059346	6.949747063838165
10.600106001060345	8.31777946393144
10.610106101061346	2.0719221652731266
10.620106201062347	8.635367493595316
10.630106301063346	3.5571022942856536
10.640106401064347	6.903193068713677
10.650106501065347	-7.977079820945278
10.660106601066348	10.930882271875213
10.670106701067349	-44.70043034104361
10.680106801068348	-12.522265771995109
10.690106901069349	10.033923448407759
10.700107001070348	17.351898459065264
10.71010710107135	16.952978930044846
10.72010720107235	-32.013475454794474
10.73010730107335	14.700561468924882
10.74010740107435	12.236930690006128
10.75010750107535	15.808574528452072
10.760107601076351	18.689489418649053
10.770107701077352	16.96712412407261
10.780107801078351	4.215306883479186
10.790107901079352	14.813948087893596
10.800108001080352	19.80777197370478
10.810108101081353	15.091921666689665
10.820108201082354	29.584301624004503
10.830108301083353	31.515262979892384
10.840108401084354	28.237845823783317
10.850108501085353	17.516610874783062
10.860108601086354	3.6345011357315107
10.870108701087355	-2.230200029214755
10.880108801088355	24.34028416535965
10.890108901089356	9.758964115345904
10.900109001090355	21.947213457880377
10.910109101091356	7.000112174967005
10.920109201092357	-6.202561435917041
10.930109301093356	16.53331787533039
10.940109401094357	27.13747155967405
10.950109501095357	11.91767602318947
10.960109601096358	-9.426805276704213
10.970109701097357	10.895010169872112
10.980109801098358	22.836449581991083
10.990109901099359	2.7886684488758995
11.000110001100358	6.510579358984846
11.01011010110136	20.906650225804107
11.020110201102359	4.166347770189923
11.03011030110336	9.917884131430442
11.04011040110436	-12.091313068899062
11.05011050110536	9.351404085009175
11.060110601106361	-8.04254380235161
11.07011070110736	0.37237801683312705
11.080110801108361	-5.245201714346955
11.090110901109362	16.170433489498606
11.100111001110362	19.614278432341145
11.110111101111363	4.382207721531838
11.120111201112362	12.528132124856514
11.130111301113363	2.3931366772668214
11.140111401114364	2.080811815816522
11.150111501115363	4.027891875348787
11.160111601116364	2.407239987522353
11.170111701117364	3.725337001453164
11.180111801118365	3.6726427582123926
11.190111901119366	-0.3556918990363988
11.200112001120365	1.65977154746831
11.210112101121366	10.412676507295672
11.220112201122365	17.158018579931166
11.230112301123366	10.498657647801164
11.240112401124367	-1.9134928557900852
11.250112501125367	-1.5905643228103052
11.260112601126368	11.334125746339014
11.270112701127367	2.479861726073042
11.280112801128368	8.298873237372499
11.290112901129369	26.59375138816579
11.300113001130368	5.606419355606955
11.31011310113137	25.103169807996093
11.320113201132369	2.8687460196256747
11.33011330113337	26.662948241072396
11.34011340113437	27.11635120779636
11.35011350113537	-0.8875699308662567
11.360113601136371	23.392325488897228
11.37011370113737	-5.050440604919258
11.380113801138371	15.299328992747867
11.390113901139372	5.396254976527959
11.400114001140372	18.282320622359855
11.410114101141373	-4.7022054724156535
11.420114201142372	17.835846474482047
11.430114301143373	-26.27684059291606
11.440114401144372	20.235500391258576
11.450114501145373	20.16991411967452
11.460114601146374	22.58669582230233
11.470114701147374	20.970015334971485
11.480114801148375	11.370772707735835
11.490114901149374	6.724456869690965
11.500115001150375	16.025120648384537
11.510115101151376	26.266771851510853
11.520115201152375	18.94060778938281
11.530115301153376	17.42369454476656
11.540115401154376	2.618856406919654
11.550115501155377	-8.90047011672674
11.560115601156378	13.838437544517417
11.570115701157377	22.481752784172723
11.580115801158378	-13.07410384487693
11.590115901159377	22.6265121953992
11.600116001160378	4.021203367290375
11.61011610116138	-7.938919359100419
11.620116201162379	13.044806151948078
11.63011630116338	7.001387093140745
11.640116401164379	1.3121840665971818
11.65011650116538	15.276193427430409
11.660116601166381	12.78212999518585
11.67011670116738	8.850152549397517
11.680116801168381	15.814854873969614
11.69011690116938	9.45769039112976
11.700117001170382	11.016373743656848
11.710117101171383	9.534581114620577
11.720117201172382	13.664841876163448
11.730117301173383	10.723037132715676
11.740117401174382	2.16436980391363
11.750117501175383	6.463036829539115
11.760117601176384	6.392471733934826
11.770117701177384	8.46097101980463
11.780117801178385	6.747076941669654
11.790117901179384	7.705594708488513
11.800118001180385	-4.783497232386949
11.810118101181386	4.2553516366209685
11.820118201182385	12.523103609566736
11.830118301183386	-0.674933674525841
11.840118401184386	2.574913847370676
11.850118501185387	13.550130204061691
11.860118601186388	20.194805358986837
11.870118701187387	12.235541889263189
11.880118801188388	-5.649959047673735
11.890118901189387	22.606730485139284
11.900119001190388	-13.30578861563737
11.910119101191388	17.94716473387267
11.920119201192389	8.398689502607159
11.93011930119339	27.273306904073223
11.940119401194389	-11.109836625729768
11.95011950119539	17.896558604781827
11.96011960119639	22.838762515145483
11.97011970119739	14.399244381317837
11.980119801198391	23.793371566388142
11.99011990119939	30.81180610814043
12.000120001200392	11.068799791712575
12.010120101201391	2.9592947852642353
12.020120201202392	22.975542387133768
12.030120301203393	13.620496308458314
12.040120401204392	12.724775709737106
12.050120501205393	20.22034970220052
12.060120601206393	25.301644290638393
12.070120701207394	-12.330869593182065
12.080120801208395	11.65236184478068
12.090120901209394	18.103325334721216
12.100121001210395	32.42424096451154
12.110121101211394	-3.09881096247357
12.120121201212395	21.836177391989203
12.130121301213396	29.10725710264022
12.140121401214396	-0.260913197603299
12.150121501215397	14.492206634960707
12.160121601216396	11.538027195595808
12.170121701217397	8.933783931632325
12.180121801218398	26.605322776066973
12.190121901219397	16.571930008636954
12.200122001220398	14.491057154281481
12.210122101221398	9.34188322841735
12.220122201222399	-0.7673277473018909
12.2301223012234	-5.925436426946002
12.240122401224399	11.572809444333311
12.2501225012254	15.225288538916637
12.2601226012264	9.441760528116616
12.2701227012274	10.115124004286542
12.280122801228401	11.698013565166297
12.2901229012294	21.34585130377791
12.300123001230402	1.8296548879041559
12.310123101231401	5.155802447720621
12.320123201232402	1.0821710895500665
12.330123301233403	2.8719563800242045
12.340123401234402	5.392609848890689
12.350123501235403	5.326366381344392
12.360123601236403	5.6984442819366645
12.370123701237404	8.67120733630315
12.380123801238403	7.641472128599226
12.390123901239404	-4.6434561275786175
12.400124001240405	14.713479133481242
12.410124101241404	4.999548831920307
12.420124201242405	5.096325979105613
12.430124301243405	18.86336556569891
12.440124401244406	-0.5462518112765411
12.450124501245407	20.050062353202854
12.460124601246406	3.162545289276802
12.470124701247407	11.60805278378395
12.480124801248406	-0.18863059669308105
12.490124901249407	-6.7863052689113195
12.500125001250408	0.1990739866722635
12.510125101251408	2.7212422213887573
12.520125201252409	21.583874658701994
12.530125301253408	-8.07157617832238
12.540125401254409	25.917984987293366
12.55012550125541	3.778551657378928
12.56012560125641	15.957094709909954
12.57012570125741	6.978774807639984
12.58012580125841	12.544920845881105
12.59012590125941	13.909856574538116
12.600126001260412	4.935492809528846
12.610126101261411	35.045153772468986
12.620126201262412	29.009373109075938
12.630126301263411	17.021456225200147
12.640126401264412	3.166393183341097
12.650126501265413	27.756099976071138
12.660126601266413	21.637741944806372
12.670126701267414	4.646460305253817
12.680126801268413	13.889560671645743
12.690126901269414	19.07169355998953
12.700127001270415	12.886671475514778
12.710127101271414	32.18894808946092
12.720127201272415	0.9223806811609413
12.730127301273415	15.204355701331425
12.740127401274416	34.50510019806975
12.750127501275417	16.867054932897688
12.760127601276416	20.156583497016523
12.770127701277417	17.30911718347578
12.780127801278416	0.17781911238166992
12.790127901279417	-12.0461440853212
12.800128001280417	0.5089613322392524
12.810128101281418	27.58333948052611
12.820128201282419	7.173584920443966
12.830128301283418	2.8018698302893243
12.840128401284419	1.7479905478838789
12.850128501285418	16.786823441613777
12.86012860128642	-1.2659621348220467
12.87012870128742	17.59307686810065
12.88012880128842	-0.006486405518458892
12.89012890128942	7.949961358555937
12.90012900129042	9.171340499233846
12.910129101291421	3.014384148921802
12.920129201292422	-0.10782707131288051
12.930129301293421	6.274528505436388
12.940129401294422	5.629116623825244
12.950129501295422	7.143185774358167
12.960129601296423	7.7024719940840285
12.970129701297424	5.23391005056437
12.980129801298423	4.143762257382151
12.990129901299424	10.237586966847386
13.000130001300423	2.6391554626987648
13.010130101301424	20.16835892964324
13.020130201302425	-14.612808012180201
13.030130301303425	9.343969076340294
13.040130401304426	5.624860529783103
13.050130501305425	11.090776677418921
13.060130601306426	18.85252261087529
13.070130701307427	13.284482095910512
13.080130801308426	7.789420541535545
13.090130901309427	6.673827846717927
13.100131001310427	19.186449298232798
13.110131101311428	-27.307531954170177
13.120131201312429	10.918273796303271
13.130131301313428	31.255204848617286
13.140131401314429	4.659567676271885
13.150131501315428	13.725544219855367
13.16013160131643	9.540300215608696
13.17013170131743	22.977481389281603
13.18013180131843	-13.592453828264928
13.19013190131943	19.700542233215828
13.20013200132043	-26.75026098299492
13.210132101321431	26.687590349772368
13.220132201322432	29.70209554006463
13.230132301323431	13.744115551829744
13.240132401324432	19.334405278965523
13.250132501325432	0.5073272111530052
13.260132601326433	25.923985584801127
13.270132701327432	22.756961571853807
13.280132801328433	11.363434851942602
13.290132901329434	9.155103726566802
13.300133001330433	22.185471513388347
13.310133101331434	5.758428689509734
13.320133201332434	25.905218652155323
13.330133301333435	12.032517325912188
13.340133401334436	19.99922884357605
13.350133501335435	20.48917597564465
13.360133601336436	17.17399586503837
13.370133701337435	-0.6743735745354956
13.380133801338436	-1.7697381681207827
13.390133901339437	13.345718384176248
13.400134001340437	12.74820760841639
13.410134101341438	-7.330969730606288
13.420134201342437	17.88272779675843
13.430134301343438	-1.8187316247029177
13.440134401344439	7.351332335963055
13.450134501345438	13.639206424733647
13.46013460134644	11.371860019862353
13.470134701347439	7.077240659648236
13.48013480134844	-6.030867856322098
13.49013490134944	8.4362032727271
13.50013500135044	6.028940460192929
13.510135101351441	5.255581537612925
13.52013520135244	6.316624243924897
13.530135301353441	5.682470427257827
13.540135401354442	6.706347232343692
13.550135501355442	5.281641978403023
13.560135601356443	10.467779574342016
13.570135701357442	11.670779519877593
13.580135801358443	1.775715016818244
13.590135901359444	-2.2616709466624045
13.600136001360443	-1.144570370268309
13.610136101361444	5.883013076778324
13.620136201362444	-6.3840562273910475
13.630136301363445	13.958699991594395
13.640136401364446	3.263367411739734
13.650136501365445	11.743580078880068
13.660136601366446	6.92645933540743
13.670136701367445	-13.27360489140354
13.680136801368446	15.13506421966734
13.690136901369447	9.305414649685929
13.700137001370447	22.529733809292242
13.710137101371448	-12.372233683602465
13.720137201372447	23.7106846211378
13.730137301373448	15.000880560345559
13.740137401374447	17.412672473157315
13.750137501375448	24.954603801361976
13.76013760137645	-2.3895799031405516
13.770137701377449	12.44966349536749
13.78013780137845	23.584395634973145
13.790137901379449	24.253841418152557
13.80013800138045	9.039767077241716
13.810138101381451	21.139917910621204
13.82013820138245	21.863854478380023
13.830138301383451	10.916574142814055
13.84013840138445	-8.745803814621533
13.850138501385452	11.249363976654227
13.860138601386453	16.310958340499745
13.870138701387452	21.09688422304478
13.880138801388453	8.622060113763807
13.890138901389452	22.234668710356015
13.900139001390453	13.992540137795793
13.910139101391454	15.470360035930565
13.920139201392454	30.170882454781196
13.930139301393455	1.4567328146595109
13.940139401394454	25.081364171342695
13.950139501395455	14.994796969148634
13.960139601396456	9.983209574108265
13.970139701397455	11.789631589091854
13.980139801398456	14.817188867103546
13.990139901399456	8.900454021668239
14.000140001400457	25.339849265407047
14.010140101401458	-8.469094996094588
14.020140201402457	20.46402134266689
14.030140301403458	9.997709700221263
14.040140401404457	16.439112908744992
14.050140501405458	2.405816503001617
14.06014060140646	11.998791799272094
14.070140701407459	7.668746384193191
14.08014080140846	11.978740036822119
14.090140901409459	6.070221974163396
14.10014100141046	4.167574255798341
14.110141101411461	5.501130983277646
14.12014120141246	5.959026098809625
14.130141301413461	6.808231550856848
14.14014140141446	6.795505489000596
14.150141501415462	5.581254339054099
14.160141601416463	9.306673326893515
14.170141701417462	-14.20502823054268
14.180141801418463	4.339440665605348
14.190141901419462	-1.3327799040897967
14.200142001420463	19.71717838599967
14.210142101421463	17.35093770631131
14.220142201422464	24.627597005937446
14.230142301423465	10.081228177846983
14.240142401424464	25.34676734074071
14.250142501425465	24.09939740642319
14.260142601426464	-14.841727230944512
14.270142701427465	9.608885643260603
14.280142801428466	2.9410358606049067
14.290142901429466	10.926619710167644
14.300143001430467	-21.094240286595035
14.310143101431466	2.479527472430183
14.320143201432467	18.772715251404822
14.330143301433468	22.589491260126437
14.340143401434467	20.587407550922727
14.350143501435468	13.889936356334804
14.360143601436468	22.8607150412436
14.370143701437469	1.2037620793831436
14.38014380143847	-10.280170294331791
14.390143901439469	29.7430571177309
14.40014400144047	25.12660307150724
14.41014410144147	8.709242625380545
14.42014420144247	-2.0750448638855383
14.430144301443471	-1.1418554484045642
14.44014440144447	5.047342928902225
14.450144501445472	33.39138531312946
14.460144601446471	2.2581755823641503
14.470144701447472	15.512832784784399
14.480144801448473	12.506253783646255
14.490144901449472	8.391774691489172
14.500145001450473	20.084081656388125
14.510145101451473	-4.85010894375786
14.520145201452474	22.98705615141456
14.530145301453475	-8.700869490771337
14.540145401454474	22.681196492278463
14.550145501455475	7.489404768276491
14.560145601456474	15.664297450285801
14.570145701457475	18.89265449594223
14.580145801458476	3.1011996550111918
14.590145901459476	17.17957286445976
14.600146001460477	-1.0390414080209711
14.610146101461476	8.878046263002965
14.620146201462477	13.768122868618976
14.630146301463478	16.451677691317926
14.640146401464477	-41.38651524963919
14.650146501465478	3.050963912483826
14.660146601466478	8.728985777743153
14.670146701467479	8.246058679969511
14.680146801468478	4.6973684713033705
14.690146901469479	5.325948454190948
14.70014700147048	4.840370766636347
14.71014710147148	5.364086417786259
14.72014720147248	1.221860371095322
14.73014730147348	4.088619209390204
14.74014740147448	7.184186588986121
14.750147501475482	-7.393916406361322
14.760147601476481	9.470761445522399
14.770147701477482	-1.648621346338574
14.780147801478481	8.530138546786393
14.790147901479482	18.057793252374665
14.800148001480483	11.772861848687278
14.810148101481483	-12.950531725370459
14.820148201482484	-3.338720720546784
14.830148301483483	1.0669461453153768
14.840148401484484	13.969459206659922
14.850148501485485	2.7875456737250888
14.860148601486484	10.172919270503272
14.870148701487485	6.64078869461049
14.880148801488485	23.516671663674583
14.890148901489486	11.367594976898506
14.900149001490487	23.448210571852723
14.910149101491486	14.249209674136901
14.920149201492487	1.9456031648380059
14.930149301493486	-1.275116973068634
14.940149401494487	19.723870127081632
14.950149501495488	25.936408070960766
14.960149601496488	11.798575973572452
14.970149701497489	29.557731537952996
14.980149801498488	5.042078400822543
14.990149901499489	31.434349485500604
