0.0	nan
0.010000100001000326	-33.76141948773647
0.020000200002000652	-0.15844763698680064
0.03000030000300098	-6.755536713368338
0.040000400004001305	-5.387355381799307
0.05000050000500163	-0.027092054265738685
0.06000060000600196	-6.439235416208391
0.07000070000700229	-5.088255511540019
0.08000080000800261	-0.25976865417812606
0.09000090000900293	10.730928623297226
0.10000100001000325	-1.672989304701809
0.11000110001100359	-3.037848950358892
0.12000120001200391	2.4377665215342414
0.13000130001300425	3.7292291788794065
0.14000140001400457	1.7431396710163798
0.1500015000150049	3.138680542097061
0.16000160001600522	5.867201338297831
0.17000170001700554	4.385430394160362
0.18000180001800586	3.9979933207137095
0.1900019000190062	5.244381295351279
0.2000020000200065	2.3188392734061325
0.21000210002100686	5.048785470542662
0.22000220002200718	1.71508912158357
0.2300023000230075	1.767870141008174
0.24000240002400783	2.5231280800177545
0.2500025000250082	-0.06729487669561293
0.2600026000260085	3.23974102088613
0.2700027000270088	0.5954862771763483
0.28000280002800915	2.0169873243165037
0.29000290002900947	1.5055094670134375
0.3000030000300098	1.6704987327749787
0.3100031000310101	2.8786472582389258
0.32000320003201044	3.608147603921677
0.33000330003301076	4.663521613960528
0.3400034000340111	5.2541100707678785
0.3500035000350114	4.900925600083944
0.36000360003601173	6.46725535174094
0.37000370003701205	6.465370421443805
0.3800038000380124	7.658937641821538
0.3900039000390127	6.912050089860107
0.400004000040013	7.4575368144246275
0.4100041000410134	8.026744958405471
0.4200042000420137	8.107021852807229
0.43000430004301404	9.350286187729122
0.44000440004401437	8.416910024899646
0.4500045000450147	10.098946804840194
0.460004600046015	9.925304996487654
0.47000470004701533	9.965857403494793
0.48000480004801566	9.848576973605876
0.490004900049016	10.097069632406347
0.5000050000500164	10.786061893496372
0.5100051000510166	10.871200921739828
0.520005200052017	11.453889154685319
0.5300053000530173	11.711151331790672
0.5400054000540176	12.03592193327492
0.5500055000550179	12.488836404228495
0.5600056000560183	12.97954302565823
0.5700057000570186	13.430860836308055
0.5800058000580189	13.759216659005768
0.5900059000590192	12.92274046299267
0.6000060000600196	14.223014232124942
0.6100061000610199	14.26551149322268
0.6200062000620202	15.087633969351346
0.6300063000630205	14.978856094045732
0.6400064000640209	15.904689170882458
0.6500065000650213	16.272302682467142
0.6600066000660215	16.107337500148372
0.6700067000670219	17.073227611801357
0.6800068000680222	17.60919228087552
0.6900069000690225	18.52439941850486
0.7000070000700228	18.461626665940972
0.7100071000710232	19.24378142980798
0.7200072000720235	20.031604767238175
0.7300073000730238	20.40908177092728
0.7400074000740241	20.193946437329224
0.7500075000750245	20.442366031873682
0.7600076000760247	21.195861565510665
0.7700077000770251	21.633121713416216
0.7800078000780254	22.101704188806284
0.7900079000790258	23.069617905946547
0.800008000080026	24.311452581954164
0.8100081000810264	24.83789972328589
0.8200082000820268	25.17503762588494
0.8300083000830271	24.713105370634313
0.8400084000840274	26.386720104651527
0.8500085000850277	26.699011742294385
0.8600086000860281	28.120973162203605
0.8700087000870284	27.92309752888528
0.8800088000880287	28.980641974770553
0.890008900089029	29.441168223207626
0.9000090000900294	30.001960748080478
0.9100091000910296	30.534407371237968
0.92000920009203	30.943848629528215
0.9300093000930303	31.818399601261532
0.9400094000940307	32.47665741821862
0.9500095000950309	33.41303563588615
0.9600096000960313	33.61636495879365
0.9700097000970317	34.526298909222064
0.980009800098032	35.27708039272739
0.9900099000990323	34.22418403205578
1.0000100001000327	36.33292194830202
1.0100101001010329	36.054692815494406
1.0200102001020332	36.00277244838276
1.0300103001030336	38.18737579906644
1.040010400104034	38.40087815733704
1.0500105001050342	39.734017810711116
1.0600106001060345	39.9856877985517
1.070010700107035	41.069028162350286
1.0800108001080353	41.915908237815366
1.0900109001090355	42.99330298411435
1.1000110001100358	36.65025889544727
1.1100111001110362	44.57176681585847
1.1200112001120366	41.68166208640562
1.130011300113037	46.18464376677664
1.1400114001140371	47.170985936513325
1.1500115001150375	45.346288526809516
1.1600116001160379	45.56717241166427
1.1700117001170383	50.459603015116976
1.1800118001180384	51.157189224572996
1.1900119001190388	49.54351648230948
1.2000120001200392	52.00942209454147
1.2100121001210395	49.52760343665223
1.2200122001220397	53.18640255875311
1.23001230012304	50.33483071071249
1.2400124001240405	51.9870468070206
1.2500125001250408	53.17664858513743
1.260012600126041	54.19734548118415
1.2700127001270414	54.66005534697955
1.2800128001280418	55.99404305748793
1.2900129001290421	57.3195408172518
1.3000130001300425	57.17628572670592
1.3100131001310427	57.09458541575078
1.320013200132043	62.3001109049981
1.3300133001330434	61.251979504327196
1.3400134001340438	61.54724872546326
1.350013500135044	62.81144669517017
1.3600136001360443	66.63826921215565
1.3700137001370447	62.70679346453152
1.380013800138045	69.37934704686306
1.3900139001390452	66.62249837821558
1.4000140001400456	69.82553741307542
1.410014100141046	60.40427966667067
1.4200142001420464	73.54858844513798
1.4300143001430465	74.7352121178774
1.440014400144047	76.68554091546939
1.4500145001450473	74.15597152129831
1.4600146001460477	79.32658404690893
1.470014700147048	78.47283465139684
1.4800148001480482	80.30035728428344
1.4900149001490486	84.50189069802992
1.500015000150049	82.76825598018192
1.5100151001510493	88.53396659205461
1.5200152001520495	82.5985910008426
1.5300153001530499	86.16321846808243
1.5400154001540503	86.68477152895268
1.5500155001550506	93.1332920787969
1.5600156001560508	92.74778483567476
1.5700157001570512	96.11030831618214
1.5800158001580515	103.20229939590939
1.590015900159052	97.54070119762424
1.600016000160052	96.67810152111167
1.6100161001610525	100.71470784048871
1.6200162001620528	172.81061876946498
1.6300163001630532	102.28541175976031
1.6400164001640536	93.73679493924504
1.6500165001650537	88.41390485998745
1.6600166001660541	41.388100442632485
1.6700167001670545	27.225335266633756
1.6800168001680549	77.48414629667452
1.690016900169055	96.6828277713696
1.7000170001700554	106.19499446645008
1.7100171001710558	95.47678923767717
1.7200172001720562	59.53205003032511
1.7300173001730563	107.03490271254594
1.7400174001740567	154.3286158589216
1.750017500175057	117.70733721291981
1.7600176001760575	93.10788054383173
1.7700177001770578	95.8787814170559
1.780017800178058	101.18738926321564
1.7900179001790584	98.55001691252838
1.8000180001800588	110.41469156791307
1.8100181001810591	113.31279278575916
1.8200182001820593	112.45883501270794
1.8300183001830597	94.83973939371974
1.84001840018406	107.62447234660371
1.8500185001850604	104.72088867212906
1.8600186001860606	88.20944156666829
1.870018700187061	81.23735496803596
1.8800188001880613	102.95546825107954
1.8900189001890617	108.22455480454734
1.9000190001900619	121.27448578785588
1.9100191001910622	104.96946559334005
1.9200192001920626	68.52539631757351
1.930019300193063	112.98033048844881
1.9400194001940634	96.35101026805866
1.9500195001950635	88.99971628760152
1.960019600196064	87.15405019689895
1.9700197001970643	78.38627764483944
1.9800198001980647	86.7690254724736
1.9900199001990648	74.96408656346877
2.0000200002000654	85.93501909557148
2.0100201002010656	96.42610019130194
2.0200202002020657	82.18107789681568
2.0300203002030663	85.25678020171934
2.0400204002040665	70.37343359614616
2.0500205002050667	87.81076084352237
2.0600206002060673	85.62906856860381
2.0700207002070674	83.8628461063613
2.080020800208068	101.44391312162385
2.090020900209068	68.76253657940913
2.1000210002100683	127.892148348099
2.110021100211069	91.38944944167609
2.120021200212069	66.26993659106624
2.1300213002130697	131.60524702907685
2.14002140021407	68.16724372395521
2.15002150021507	81.66279087346179
2.1600216002160706	75.49774223024006
2.1700217002170707	60.916122029994405
2.180021800218071	96.07646019713118
2.1900219002190715	100.01289325382835
2.2000220002200717	49.72493856281166
2.2100221002210723	59.343460009015956
2.2200222002220724	63.370145353376266
2.2300223002230726	63.666021924654906
2.240022400224073	60.23511736457238
2.2500225002250733	89.0266174855744
2.260022600226074	46.12018878314305
2.270022700227074	43.92609714746055
2.2800228002280742	42.70596115343382
2.290022900229075	62.53117015534591
2.300023000230075	64.2006921156122
2.310023100231075	61.78158546130698
2.3200232002320758	61.445047295732046
2.330023300233076	70.95698879844942
2.3400234002340765	100.28310165192298
2.3500235002350767	56.536849380823185
2.360023600236077	65.90741048018965
2.3700237002370774	71.54606843710005
2.3800238002380776	53.26141537132578
2.3900239002390777	58.31479682578599
2.4000240002400783	55.62167641200633
2.4100241002410785	50.32395674751165
2.420024200242079	73.89296779103104
2.4300243002430792	50.92327835227072
2.4400244002440794	60.96929155081899
2.45002450024508	48.34711290268435
2.46002460024608	47.632321351584444
2.4700247002470808	43.74597756190518
2.480024800248081	55.25770393110226
2.490024900249081	65.48315074310007
2.5000250002500817	70.80021805386804
2.510025100251082	62.133702602554266
2.520025200252082	81.30502038906964
2.5300253002530826	58.931402519645644
2.5400254002540827	68.16806810420934
2.5500255002550833	81.0316430264906
2.5600256002560835	62.90898208826993
2.5700257002570837	75.57801746997407
2.5800258002580843	63.40142086105063
2.5900259002590844	89.77411110198939
2.600026000260085	82.9507614293703
2.610026100261085	65.12791496637628
2.6200262002620853	73.19908941333694
2.630026300263086	54.671263536460955
2.640026400264086	46.62398470774139
2.6500265002650862	63.342559876677534
2.660026600266087	56.571720215629455
2.670026700267087	63.865285501874524
2.6800268002680876	84.76765245477829
2.6900269002690878	46.84503404897773
2.700027000270088	68.28205480771031
2.7100271002710885	66.54933608534586
2.7200272002720887	81.03874483627715
2.7300273002730893	64.8522306517233
2.7400274002740894	64.59848078632832
2.7500275002750896	71.10956562475401
2.76002760027609	71.52932035027544
2.7700277002770903	30.207742870733014
2.7800278002780905	30.535558236634234
2.790027900279091	21.03841604465235
2.8000280002800912	40.306889235910084
2.810028100281092	53.983494690207046
2.820028200282092	55.73026906536726
2.830028300283092	36.77283573658942
2.8400284002840928	16.64995960285782
2.850028500285093	44.61550768389969
2.860028600286093	36.11380883294418
2.8700287002870937	29.320337714428664
2.880028800288094	27.25787650189274
2.8900289002890944	29.391539059545277
2.9000290002900946	30.17847988275993
2.9100291002910947	7.500151475331997
2.9200292002920953	63.12659920622308
2.9300293002930955	26.734030908819463
2.940029400294096	45.56409924984855
2.9500295002950963	38.05249783136926
2.9600296002960964	3.2944439124742524
2.970029700297097	32.95298859023651
2.980029800298097	68.69703632764171
2.9900299002990973	37.31954957931807
3.000030000300098	27.49434729109858
3.010030100301098	33.20073058314857
3.0200302003020987	31.38198611871659
3.030030300303099	30.742590857074376
3.040030400304099	30.735066773302446
3.0500305003050996	21.423227213691284
3.0600306003060997	29.9887875877522
3.0700307003071003	45.361633975738805
3.0800308003081005	34.91822030680715
3.0900309003091007	0.6563336476643304
3.1000310003101013	18.83661325991942
3.1100311003111014	45.86313430086778
3.1200312003121016	35.036285061120374
3.130031300313102	-4.298551617329236
3.1400314003141023	24.094683125674297
3.150031500315103	38.390985149338185
3.160031600316103	15.032771555018922
3.1700317003171032	26.763624561533998
3.180031800318104	58.39284054812491
3.190031900319104	20.883537140516548
3.200032000320104	33.534172167261794
3.2100321003211048	48.927384085973756
3.220032200322105	20.614588889981942
3.2300323003231055	20.572573705699064
3.2400324003241057	13.938511264224756
3.250032500325106	24.45269448510122
3.2600326003261064	10.658721487280742
3.2700327003271066	33.48947462414934
3.280032800328107	28.93761471109708
3.2900329003291073	44.90695022759938
3.3000330003301075	26.150004824435424
3.310033100331108	35.85123101591039
3.3200332003321082	54.265209523108226
3.3300333003331084	34.724529761988215
3.340033400334109	20.903905551261946
3.350033500335109	58.824709012918
3.3600336003361098	28.257561891425958
3.37003370033711	26.914296779271698
3.38003380033811	33.079074635628345
3.3900339003391107	62.26475191497113
3.400034000340111	77.03037995153012
3.4100341003411114	44.917362302050364
3.4200342003421116	31.53419900556785
3.4300343003431117	43.31490588823038
3.4400344003441123	51.24754614859683
3.4500345003451125	40.74647800056766
3.4600346003461127	36.91267939205495
3.4700347003471133	38.90590276003836
3.4800348003481134	42.09544676058398
3.490034900349114	35.673042800977036
3.500035000350114	43.91310438467359
3.5100351003511143	52.98229300528935
3.520035200352115	46.48345945405553
3.530035300353115	35.85076929722134
3.5400354003541157	10.448264282308703
3.550035500355116	52.938832437098824
3.560035600356116	61.133621173630225
3.5700357003571166	57.66067455484958
3.5800358003581167	64.24855800379642
3.590035900359117	64.47706568909953
3.6000360003601175	37.866626805523545
3.6100361003611177	52.20815494116786
3.6200362003621183	51.457923704747756
3.6300363003631184	25.779328077211336
3.6400364003641186	67.97318531601734
3.650036500365119	35.449717206651485
3.6600366003661193	31.081740948900237
3.6700367003671195	21.81778681642996
3.68003680036812	97.09661028554285
3.6900369003691202	49.53344131473924
3.700037000370121	56.6176336448155
3.710037100371121	73.33383984424474
3.720037200372121	72.86827579973787
3.7300373003731218	32.41382488864814
3.740037400374122	79.21143931769905
3.7500375003751225	77.95014896666109
3.7600376003761227	67.04951208343209
3.770037700377123	67.28217540624853
3.7800378003781234	65.29398884636635
3.7900379003791236	68.75676003455797
3.8000380003801237	47.36894171561527
3.8100381003811243	77.09696315123315
3.8200382003821245	17.566017819348005
3.830038300383125	70.365589181073
3.8400384003841253	37.07611706037704
3.8500385003851254	65.96187176998978
3.860038600386126	57.71949357810626
3.870038700387126	50.687911255591615
3.8800388003881268	62.89797285854384
3.890038900389127	57.27460867927806
3.900039000390127	54.20006957087575
3.9100391003911277	49.61112187353128
3.920039200392128	62.56010076576947
3.930039300393128	45.60596943650109
3.9400394003941286	52.08145968599081
3.9500395003951287	38.704998256229004
3.9600396003961293	73.95909999228589
3.9700397003971295	4.397322062316995
3.9800398003981297	20.98767577035209
3.9900399003991303	47.09298514992681
4.000040000400131	19.51559716381667
4.010040100401131	27.491091172876924
4.020040200402131	3.0356934326183636
4.030040300403131	25.552134983486205
4.0400404004041315	53.82602887523373
4.0500405004051325	39.9633795211609
4.060040600406133	27.273854271050478
4.070040700407133	33.44360334313719
4.080040800408133	35.29327322305251
4.090040900409133	29.935195499453126
4.100041000410133	32.45575140486141
4.110041100411134	41.80290285989933
4.1200412004121345	45.630512263343356
4.130041300413135	8.690779633482615
4.140041400414135	18.877168612967914
4.150041500415135	25.375470445360296
4.160041600416136	26.40223461982493
4.170041700417136	38.54748430455115
4.180041800418136	32.52258731376536
4.1900419004191365	17.600462313541495
4.200042000420137	49.45666987201399
4.210042100421138	47.00504559975581
4.220042200422138	-22.193266425670462
4.230042300423138	36.38084011123806
4.240042400424138	32.47901969223203
4.250042500425138	41.17116402481985
4.260042600426139	45.664883307976936
4.2700427004271395	6.921021774098127
4.28004280042814	25.754220575229798
4.29004290042914	-6.816726020060805
4.30004300043014	28.16354340311839
4.31004310043114	32.923508483385305
4.320043200432141	32.37406483117805
4.330043300433141	56.44843385240414
4.3400434004341415	44.50441773527491
4.350043500435142	24.837699980035936
4.360043600436142	35.93333763140095
4.370043700437143	36.783290363193224
4.380043800438143	25.12935806873259
4.390043900439143	40.31090597105017
4.400044000440143	25.14134072959706
4.4100441004411435	25.121083073266615
4.4200442004421445	12.991404087100552
4.430044300443145	41.97479106091125
4.440044400444145	29.636064768358448
4.450044500445145	33.88546671306436
4.460044600446145	77.8334400495854
4.470044700447146	33.11095441537933
4.480044800448146	21.370734350215493
4.4900449004491465	38.70343143918045
4.500045000450147	15.78921744893966
4.510045100451147	57.98991781473959
4.520045200452148	24.384571061109554
4.530045300453148	36.299101979266176
4.540045400454148	46.96614412342752
4.550045500455148	33.4271742818525
4.5600456004561485	49.777873045345444
4.570045700457149	34.61050677650406
4.58004580045815	35.79333301311072
4.59004590045915	52.854131122051626
4.60004600046015	39.45961700994768
4.61004610046115	40.38190838089724
4.62004620046215	24.932855240583766
4.630046300463151	50.75220013619462
4.6400464004641515	58.58635039030686
4.650046500465152	45.958218308374455
4.660046600466152	43.4002498994833
4.670046700467152	43.00961146368871
4.680046800468153	42.61957651621681
4.690046900469153	41.24586417588991
4.700047000470153	46.7888000775689
4.7100471004711535	45.60919260788066
4.720047200472154	51.741532023221346
4.730047300473155	40.73875112756125
4.740047400474155	42.22783106695829
4.750047500475155	40.26121625079917
4.760047600476155	48.45820858815375
4.770047700477155	52.65319632611175
4.7800478004781555	51.08328045639925
4.7900479004791565	46.346680133526995
4.800048000480157	57.419946476555786
4.810048100481157	47.233440985348025
4.820048200482157	61.41950527088024
4.830048300483157	24.6313688609135
4.840048400484158	53.71516278671561
4.850048500485158	49.016764387266825
4.8600486004861585	7.686754099243473
4.870048700487159	49.290076554729865
4.880048800488159	35.979128602314624
4.89004890048916	37.88097863480916
4.90004900049016	19.560408786858066
4.91004910049116	48.23266706998241
4.92004920049216	15.423787003354919
4.9300493004931605	31.725654148158903
4.9400494004941615	43.86447275717065
4.950049500495162	65.54872440576337
4.960049600496162	28.405307662701777
4.970049700497162	28.338600094110088
4.980049800498162	12.216447337959867
4.990049900499163	31.0084443071402
5.000050000500163	19.755316673656505
5.0100501005011635	45.793394545775946
5.020050200502164	41.508085083440555
5.030050300503164	34.59495977284393
5.040050400504164	55.50162055912076
5.050050500505165	43.623317080867444
5.060050600506165	23.75664738066739
5.070050700507165	27.937509089664882
5.0800508005081655	55.11278649643584
5.090050900509166	44.15233133776733
5.100051000510167	28.915564679049176
5.110051100511167	44.89004194670487
5.120051200512167	38.24609255491944
5.130051300513167	33.675711174187335
5.140051400514167	20.772374714187464
5.150051500515168	12.521091074400402
5.1600516005161685	38.900788811836414
5.170051700517169	31.46345387861578
5.180051800518169	46.37533419397868
5.190051900519169	49.731705287071634
5.20005200052017	42.72133208443171
5.21005210052117	19.7137167345823
5.22005220052217	40.928090641491345
5.2300523005231705	33.21493370843307
5.240052400524171	34.34971248952738
5.250052500525171	41.43391638571977
5.260052600526172	39.900852551322586
5.270052700527172	40.0029915697041
5.280052800528172	46.753373017705954
5.290052900529172	18.627249398009155
5.3000530005301725	34.2854892330002
5.3100531005311735	27.35809278830157
5.320053200532174	44.75584931968
5.330053300533174	46.193463107947544
5.340053400534174	33.38138969090285
5.350053500535174	67.752829021398
5.360053600536175	21.037958736752586
5.370053700537175	44.24426862646451
5.3800538005381755	49.58704835677665
5.390053900539176	32.1984933048887
5.400054000540176	32.00396855640694
5.410054100541177	38.847452848375056
5.420054200542177	34.348024038697865
5.430054300543177	20.620429279788194
5.440054400544177	31.4224277078265
5.4500545005451775	31.09684591742198
5.4600546005461785	67.04072882378095
5.470054700547179	26.522589632304413
5.480054800548179	55.970070609787555
5.490054900549179	31.633274846488277
5.500055000550179	46.474673078517355
5.510055100551179	22.82284402781971
5.52005520055218	53.88577352333387
5.5300553005531805	24.903986081772725
5.540055400554181	21.44885175623485
5.550055500555181	17.532162880340827
5.560055600556181	46.04913722000186
5.570055700557182	25.591398958375716
5.580055800558182	47.059658588302646
5.590055900559182	45.3610844819221
5.6000560005601825	53.19960974932489
5.610056100561183	79.68204539919137
5.620056200562184	64.75570577933101
5.630056300563184	59.102756489867346
5.640056400564184	69.06810506652738
5.650056500565184	30.044517100478316
5.660056600566184	74.99973117524799
5.670056700567185	59.21973350033541
5.6800568005681855	57.746056587310754
5.690056900569186	53.088868762074874
5.700057000570186	52.01768482800068
5.710057100571186	59.98933591111033
5.720057200572186	67.25991561943458
5.730057300573187	54.303948674124285
5.740057400574187	53.40361041289283
5.7500575005751875	59.72925750175141
5.760057600576188	54.31714194812395
5.770057700577188	40.30849227667705
5.780057800578189	37.7140666972542
5.790057900579189	51.70673374043437
5.800058000580189	54.92186646470698
5.810058100581189	40.278303302688926
5.8200582005821895	29.267540846248693
5.8300583005831905	40.85430141410358
5.840058400584191	47.891702101642316
5.850058500585191	45.86245498878469
5.860058600586191	44.21621773025665
5.870058700587191	44.31572168850769
5.880058800588192	44.68867953300602
5.890058900589192	42.70774566891432
5.9000590005901925	52.05687567361049
5.910059100591193	38.4522544708552
5.920059200592193	44.829416533370015
5.930059300593194	28.913081476689598
5.940059400594194	62.18645615917214
5.950059500595194	61.85499630138747
5.960059600596194	52.76577179258509
5.9700597005971945	16.913689879962668
5.980059800598195	30.566943787651677
5.990059900599196	35.32315857441004
6.000060000600196	42.54519734821509
6.010060100601196	85.80110295950882
6.020060200602196	31.763867367695298
6.030060300603196	46.70743700707164
6.040060400604197	23.751540321914064
6.0500605006051975	41.397774654204206
6.060060600606198	37.61331199440472
6.070060700607198	49.91369480569245
6.080060800608198	7.83007700203139
6.090060900609199	-11.103366403756402
6.100061000610199	12.917976896559171
6.110061100611199	42.84252751064339
6.1200612006121995	26.8546137243699
6.1300613006132	36.20835855640116
6.140061400614201	52.93163326601033
6.150061500615201	16.137380825712505
6.160061600616201	50.380680562925455
6.170061700617201	41.003231602797804
6.180061800618201	44.538707809943006
6.1900619006192015	55.27791016675232
6.2000620006202025	46.266262102814046
6.210062100621203	15.820402826369818
6.220062200622203	67.17492848003788
6.230062300623203	26.764117933576685
6.240062400624203	17.726743879583598
6.250062500625204	60.63703218262344
6.260062600626204	17.756926446976674
6.2700627006272045	37.39293587640779
6.280062800628205	27.98368389791963
6.290062900629205	52.35567100848638
6.300063000630206	19.604342047533702
6.310063100631206	11.053950378184695
6.320063200632206	65.50861671596782
6.330063300633206	37.18800619160677
6.3400634006342065	50.74825779815332
6.3500635006352075	37.92947852246808
6.360063600636208	30.916449187430263
6.370063700637208	42.35673181168707
6.380063800638208	18.80020020164715
6.390063900639208	18.47696053767694
6.400064000640208	50.19509867784298
6.410064100641209	47.67387883871805
6.4200642006422095	30.97905877223304
6.43006430064321	37.329125306576636
6.44006440064421	41.277503583669166
6.45006450064521	39.787311027137264
6.460064600646211	38.92342875813105
6.470064700647211	37.83116921893421
6.480064800648211	46.16822911269206
6.4900649006492115	37.556105237540315
6.500065000650212	33.90970479365501
6.510065100651213	59.74706059060079
6.520065200652213	26.8474138643036
6.530065300653213	38.444781195393
6.540065400654213	62.0174166021068
6.550065500655213	36.47787684179553
6.560065600656214	37.265152692321514
6.5700657006572145	28.0862632289659
6.580065800658215	37.37404894445297
6.590065900659215	62.254330842777115
6.600066000660215	59.88358508315224
6.610066100661216	51.06392799144889
6.620066200662216	53.0220149038159
6.630066300663216	51.34833600991893
6.6400664006642165	55.051509532243955
6.650066500665217	15.679038462140575
6.660066600666217	62.945202329139164
6.670066700667218	47.00348187485822
6.680066800668218	61.631261144134626
6.690066900669218	63.88753683771013
6.700067000670218	58.076317180403834
6.7100671006712185	33.59686231646068
6.7200672006722195	60.31629371839075
6.73006730067322	45.36488562300545
6.74006740067422	65.50070238339639
6.75006750067522	28.226224172456632
6.76006760067622	94.95373285721104
6.770067700677221	65.82627253487604
6.780067800678221	59.96282111980255
6.7900679006792215	88.70029044439909
6.800068000680222	51.355469531143534
6.810068100681222	45.47739928675703
6.820068200682223	32.59671265417755
6.830068300683223	40.17784313338024
6.840068400684223	50.02778792616718
6.850068500685223	48.3804576032954
6.8600686006862235	51.80178031479546
6.870068700687224	36.97569715162656
6.880068800688225	59.89269930769569
6.890068900689225	22.617268317507605
6.900069000690225	48.160541156910604
6.910069100691225	76.33667746988435
6.920069200692225	38.082352210003656
6.930069300693226	31.41411939065792
6.9400694006942265	68.41017476410663
6.950069500695227	60.11335778823864
6.960069600696227	41.562528835220135
6.970069700697227	40.29655595285797
6.980069800698228	38.0615955141719
6.990069900699228	53.422772299777925
7.000070000700228	45.94864520671344
7.0100701007012285	36.7910959164022
7.020070200702229	41.09466391133264
7.03007030070323	45.748487904306884
7.04007040070423	45.43683410246338
7.05007050070523	42.02392289438315
7.06007060070623	50.15901367708287
7.07007070070723	35.17469523501094
7.080070800708231	77.6335924902869
7.0900709007092315	26.69507740116998
7.100071000710232	14.602133631069954
7.110071100711232	15.466309157687721
7.120071200712232	19.560939491937376
7.130071300713232	22.37651314903868
7.140071400714233	31.073279784104873
7.150071500715233	42.587538264858715
7.1600716007162335	30.96942192941126
7.170071700717234	43.58810745031042
7.180071800718234	51.62137420846264
7.190071900719235	33.50054945399879
7.200072000720235	36.27560436105351
7.210072100721235	86.1024083645219
7.220072200722235	45.458642485491566
7.2300723007232355	65.69878845343808
7.2400724007242365	49.66769261539173
7.250072500725237	40.05364076332215
7.260072600726237	47.92199478974164
7.270072700727237	39.015116869311875
7.280072800728237	12.19263181644826
7.290072900729238	41.43865764996663
7.300073000730238	-3.1406373089762423
7.3100731007312385	49.36282051176804
7.320073200732239	46.51787798557068
7.330073300733239	48.42763143233456
7.340073400734239	36.16555280050117
7.35007350073524	60.44132510551769
7.36007360073624	61.03872712225827
7.37007370073724	21.056265736363322
7.3800738007382405	40.15148298162341
7.390073900739241	42.70131013172873
7.400074000740242	36.095440502901695
7.410074100741242	38.90253154774555
7.420074200742242	45.39273553704011
7.430074300743242	38.87818259044435
7.440074400744242	57.34581191023159
7.450074500745243	41.74349859330685
7.4600746007462435	34.24150411518298
7.470074700747244	69.17755193965193
7.480074800748244	41.00812266453339
7.490074900749244	38.566274147854614
7.500075000750245	64.11392481033276
7.510075100751245	39.5927481925667
7.520075200752245	14.344062575625816
7.5300753007532455	30.739733857178262
7.540075400754246	45.15832699492258
7.550075500755247	38.501378579042616
7.560075600756247	62.93480172473991
7.570075700757247	35.66419896381796
7.580075800758247	43.681113750870864
7.590075900759247	44.09456990562244
7.6000760007602475	36.95146784744088
7.6100761007612485	43.74533981170598
7.620076200762249	43.526893703914446
7.630076300763249	42.00556843989467
7.640076400764249	41.736388711201606
7.650076500765249	40.6908588550867
7.66007660076625	46.566998206182724
7.67007670076725	46.83453598366646
7.6800768007682505	35.35625171878687
7.690076900769251	50.51806505624546
7.700077000770251	31.403924337391995
7.710077100771252	32.980213251342526
7.720077200772252	46.76437065278401
7.730077300773252	52.78891746958857
7.740077400774252	53.3583045288997
7.7500775007752525	51.63846287392373
7.7600776007762535	65.1996871130719
7.770077700777254	70.35282373509972
7.780077800778254	13.117117549345467
7.790077900779254	21.438692104149705
7.800078000780254	75.4360570466987
7.810078100781254	48.84088113777901
7.820078200782255	64.15315353082718
7.8300783007832555	31.454844168930777
7.840078400784256	40.34799316452593
7.850078500785256	43.152984791335975
7.860078600786256	50.5856683362997
7.870078700787257	63.35385395485491
7.880078800788257	54.64276220383355
7.890078900789257	32.110965486726585
7.9000790007902575	33.61236756844535
7.910079100791258	50.69418909943244
7.920079200792259	64.28909991504966
7.930079300793259	30.635170878427626
7.940079400794259	48.445153754687645
7.950079500795259	37.20121734386807
7.960079600796259	11.135959665772575
7.97007970079726	50.07214042544064
7.9800798007982605	57.023602923784715
7.990079900799261	24.09877711388257
8.000080000800262	53.26708773067989
8.010080100801261	33.56146276385482
8.020080200802262	12.57390014318654
8.030080300803261	26.445120017112494
8.040080400804262	23.483022876694818
8.050080500805263	49.46869368913131
8.060080600806263	70.40395778419338
8.070080700807264	59.2186967218842
8.080080800808263	47.13526210317665
8.090080900809264	68.00627636547065
8.100081000810265	38.8636059187064
8.110081100811264	28.59967299451891
8.120081200812265	43.37815166933965
8.130081300813265	49.97959623433201
8.140081400814266	44.10370762730122
8.150081500815265	43.46764496261289
8.160081600816266	39.33393702763601
8.170081700817267	46.05198559032688
8.180081800818266	42.213364610194155
8.190081900819267	53.585405654446575
8.200082000820267	45.354586440290554
8.210082100821268	43.860235522932754
8.220082200822269	44.372707522680294
8.230082300823268	42.13914785981695
8.240082400824269	46.007776544636265
8.250082500825268	38.72272707587324
8.26008260082627	50.4208894657719
8.27008270082727	37.633511231284004
8.28008280082827	33.530101080737
8.29008290082927	45.06460366003921
8.30008300083027	53.71615875246617
8.310083100831271	23.314229131037827
8.320083200832272	57.68592562630793
8.330083300833271	55.37203002423792
8.340083400834272	60.46610397287687
8.350083500835272	57.490659044030956
8.360083600836273	11.397898493741947
8.370083700837274	29.592428312272563
8.380083800838273	57.410753070261926
8.390083900839274	33.423592500348384
8.400084000840273	46.691321177908314
8.410084100841274	36.78844651699835
8.420084200842275	69.64298496005021
8.430084300843275	31.566649925759094
8.440084400844276	75.83024302741882
8.450084500845275	56.3174314748138
8.460084600846276	57.86099494837276
8.470084700847277	36.22728413187128
8.480084800848276	62.9007834793873
8.490084900849277	40.78120832039936
8.500085000850277	43.57333289840676
8.510085100851278	40.870097820027205
8.520085200852279	66.34077577247132
8.530085300853278	31.738463422524433
8.540085400854279	46.612231896622156
8.550085500855278	34.73691728849914
8.56008560085628	90.83531497871412
8.57008570085728	44.588796218226584
8.58008580085828	35.392765025054594
8.59008590085928	42.60910217852271
8.60008600086028	37.66038906205378
8.610086100861281	30.044855662170153
8.62008620086228	39.37998109851508
8.630086300863281	55.10325608621975
8.640086400864282	57.05408595200436
8.650086500865282	46.88290551681195
8.660086600866283	58.91925348625114
8.670086700867282	61.275094852400755
8.680086800868283	39.72649661486788
8.690086900869284	39.76713784201546
8.700087000870283	20.362520541544942
8.710087100871284	48.50292171613889
8.720087200872284	48.97572052587711
8.730087300873285	17.207059783376245
8.740087400874286	48.59200291420676
8.750087500875285	21.87430800098499
8.760087600876286	47.44811267137356
8.770087700877285	49.25658383219248
8.780087800878286	40.97831752462594
8.790087900879287	45.655402854937044
8.800088000880287	42.17306502302986
8.810088100881288	42.735660540779854
8.820088200882287	43.09665089921396
8.830088300883288	46.375468591710245
8.840088400884289	43.455764088588765
8.850088500885288	40.20880916649384
8.86008860088629	41.979822000676286
8.870088700887289	35.181018273624304
8.88008880088829	35.68110344329738
8.89008890088929	58.34480704372972
8.90008900089029	44.81193339325584
8.910089100891291	9.300096561001528
8.92008920089229	28.970893676391405
8.930089300893291	39.772993808225934
8.940089400894292	55.82564911875971
8.950089500895292	44.106385593009065
8.960089600896293	40.42711114583188
8.970089700897292	36.38494638532782
8.980089800898293	-8.058188883936138
8.990089900899294	33.84124969564128
9.000090000900293	40.62791320655492
9.010090100901294	44.82515992910181
9.020090200902294	57.16962854771021
9.030090300903295	67.63255949461953
9.040090400904296	38.15682822594012
9.050090500905295	28.705158709107376
9.060090600906296	19.274009239935918
9.070090700907295	36.843984363145154
9.080090800908296	9.294268823281485
9.090090900909296	53.58725227874304
9.100091000910297	53.46807530264773
9.110091100911298	32.30607607957952
9.120091200912297	38.74007570771497
9.130091300913298	42.959380513161214
9.140091400914297	64.50964208019333
9.150091500915298	49.99816338802898
9.1600916009163	28.997417341969392
9.170091700917299	11.497452816047094
9.1800918009183	54.836453575796654
9.190091900919299	30.496911682057934
9.2000920009203	39.0305414221342
9.210092100921301	44.34133126360517
9.2200922009223	41.184298592618966
9.230092300923301	38.4857005186833
9.2400924009243	49.47480404410804
9.250092500925302	69.81017639140947
9.260092600926303	42.07033878287623
9.270092700927302	48.31636396275292
9.280092800928303	44.21149230366203
9.290092900929302	35.21663165169583
9.300093000930303	50.62872563170862
9.310093100931304	35.704572840855384
9.320093200932304	21.563496193015514
9.330093300933305	28.70717350089475
9.340093400934304	59.469495067764285
9.350093500935305	48.59386038712942
9.360093600936306	27.200998957224133
9.370093700937305	46.34656214097212
9.380093800938306	40.35967396392158
9.390093900939306	42.27190080029007
9.400094000940307	42.79240476286278
9.410094100941308	44.80594200125516
9.420094200942307	45.52068667812933
9.430094300943308	36.755754148663286
9.440094400944307	52.96584867539899
9.450094500945308	42.8029766829768
9.46009460094631	52.66431990354964
9.470094700947309	33.42261225572538
9.48009480094831	42.2671431220027
9.490094900949309	24.584490984740974
9.50009500095031	52.44390060833874
9.510095100951311	48.69628418210728
9.52009520095231	-5.224935870333878
9.530095300953311	46.93779653579355
9.54009540095431	58.43817623417232
9.550095500955312	58.15330345159603
9.560095600956311	46.598077987149544
9.570095700957312	56.669487944685144
9.580095800958313	36.841264924846875
9.590095900959312	39.110304714047274
9.600096000960313	27.36613023984063
9.610096100961313	59.687785118653665
9.620096200962314	63.33233467718268
9.630096300963315	59.18503950505814
9.640096400964314	61.855008157505104
9.650096500965315	60.40883862557049
9.660096600966314	51.24644607044525
9.670096700967315	30.293462396755057
9.680096800968316	59.3871927422183
9.690096900969316	58.257885632828
9.700097000970317	58.0086123842181
9.710097100971316	72.05826247539673
9.720097200972317	28.662796920950615
9.730097300973318	14.609694900322015
9.740097400974317	43.47898941178326
9.750097500975318	61.219182967945756
9.760097600976318	52.66994798286171
9.770097700977319	32.9881994225761
9.78009780097832	47.230575952048504
9.790097900979319	20.96457064467922
9.80009800098032	26.01752957261205
9.81009810098132	50.7795227029859
9.82009820098232	67.64381773470149
9.830098300983321	54.651210266285545
9.84009840098432	65.1966735375531
9.850098500985322	8.599287444060021
9.860098600986321	59.050775152882274
9.870098700987322	53.487821445811505
9.880098800988323	57.2274834185172
9.890098900989322	74.20591455500977
9.900099000990323	34.505942247760025
9.910099100991323	39.256940622528404
9.920099200992324	45.23844583659199
9.930099300993325	57.08880569127946
9.940099400994324	39.35762270824324
9.950099500995325	43.16516084322572
9.960099600996324	46.852520550376816
9.970099700997325	42.35922230117114
9.980099800998326	41.493269977964644
9.990099900999326	45.24037584974003
10.000100001000327	46.24810915637009
10.010100101001326	42.241721783112425
10.020100201002327	50.31469511238684
10.030100301003326	44.41413975912773
10.040100401004327	45.24507933520361
10.050100501005328	56.02215192539218
10.060100601006328	62.605440989441554
10.070100701007329	52.19530408149175
10.080100801008328	24.876750531526213
10.090100901009329	26.151281570865123
10.10010100101033	27.03373036774041
10.11010110101133	50.772234568701144
10.12010120101233	39.891344899984524
10.13010130101333	66.29693871923062
10.14010140101433	70.86888974182226
10.150101501015332	13.635788012522385
10.160101601016331	11.537090401383118
10.170101701017332	38.298971785331545
10.180101801018331	47.132319864180424
10.190101901019332	41.50396075085902
10.200102001020333	41.62786168748203
10.210102101021333	37.236897939724294
10.220102201022334	48.61291603078977
10.230102301023333	58.80513480541818
10.240102401024334	54.116082687079334
10.250102501025335	20.54165339308822
10.260102601026334	89.8360602469627
10.270102701027335	29.400475747343208
10.280102801028335	28.062761762120296
10.290102901029336	44.79884146692355
10.300103001030337	37.325660000634514
10.310103101031336	65.56874083789175
10.320103201032337	48.764308744403465
10.330103301033336	35.928505867249726
10.340103401034337	37.77125177199768
10.350103501035338	52.570732775579856
10.360103601036338	37.16241418079539
10.370103701037339	76.25189528786115
10.380103801038338	29.66707904776154
10.390103901039339	30.217593045194317
10.40010400104034	57.83124132413987
10.41010410104134	48.7403289850518
10.42010420104234	66.3618896589803
10.43010430104334	49.71639173286568
10.44010440104434	49.122892155069096
10.450104501045342	24.461726679738234
10.460104601046341	51.14231466835076
10.470104701047342	42.28308040324886
10.480104801048341	48.94613034294125
10.490104901049342	62.89398819191734
10.500105001050342	53.36616043011092
10.510105101051343	55.74097318176358
10.520105201052344	39.100213934306815
10.530105301053343	47.3569164210258
10.540105401054344	48.88838615003414
10.550105501055343	52.95656287959416
10.560105601056344	43.6393214184487
10.570105701057345	46.48013516214392
10.580105801058345	43.78304597965816
10.590105901059346	45.35047467675536
10.600106001060345	46.87749463582194
10.610106101061346	40.58581803829805
10.620106201062347	46.776979447099585
10.630106301063346	41.415351447799985
10.640106401064347	44.889811159106124
10.650106501065347	29.962713585021802
10.660106601066348	47.957602279468986
10.670106701067349	-7.743045824391885
10.680106801068348	26.811561234302825
10.690106901069349	50.93650237518733
10.700107001070348	59.29806042196604
10.71010710107135	49.145799638846164
10.72010720107235	2.2048962481229064
10.73010730107335	42.87465387016057
10.74010740107435	40.729779245995296
10.75010750107535	48.088093301676395
10.760107601076351	50.50104435127269
10.770107701077352	47.28523479492283
10.780107801078351	61.38724985750405
10.790107901079352	38.554081175031875
10.800108001080352	50.732533743687775
10.810108101081353	101.76713620771864
10.820108201082354	69.00427204638227
10.830108301083353	57.029275588611135
10.840108401084354	61.62444853576474
10.850108501085353	47.79812441602722
10.860108601086354	54.62125772134992
10.870108701087355	56.84200738543293
10.880108801088355	47.26327109105433
10.890108901089356	36.69565748303022
10.900109001090355	53.87052801649589
10.910109101091356	30.40035122071817
10.920109201092357	19.12305872962472
10.930109301093356	40.308297054883134
10.940109401094357	58.81411282768791
10.950109501095357	38.75128344987259
10.960109601096358	42.92232350929497
10.970109701097357	71.70744785866174
10.980109801098358	45.67189464196978
10.990109901099359	26.168034353033082
11.000110001100358	38.27056526995112
11.01011010110136	32.93051048996615
11.020110201102359	30.38653984059601
11.03011030110336	55.86590597757381
11.04011040110436	9.238423491241763
11.05011050110536	30.057421293650687
11.060110601106361	22.195966043823272
11.07011070110736	24.22800770164186
11.080110801108361	32.88382436971707
11.090110901109362	49.706912618400665
11.100111001110362	48.27277424177771
11.110111101111363	42.62214231623426
11.120111201112362	50.61814994330358
11.130111301113363	49.8026185255734
11.140111401114364	45.194541957546484
11.150111501115363	43.63777634993055
11.160111601116364	40.31257748561692
11.170111701117364	42.38318943868551
11.180111801118365	45.46081948149256
11.190111901119366	37.970756266115735
11.200112001120365	34.26141620331298
11.210112101121366	46.72763889441512
11.220112201122365	56.12551728543271
11.230112301123366	36.93609933902588
11.240112401124367	43.211496435478466
11.250112501125367	36.83742897389058
11.260112601126368	47.71796024441334
11.270112701127367	88.56749770330804
11.280112801128368	66.01477676508435
11.290112901129369	66.0795615449811
11.300113001130368	43.80009443009873
11.31011310113137	55.52211353952961
11.320113201132369	19.967958099672348
11.33011330113337	45.625861709002336
11.34011340113437	69.5992839761666
11.35011350113537	46.34429846239674
11.360113601136371	49.59838868167539
11.37011370113737	30.398482267317483
11.380113801138371	71.28760238514887
11.390113901139372	29.83609301494091
11.400114001140372	62.669489145485244
11.410114101141373	25.319091334023447
11.420114201142372	48.44179718482053
11.430114301143373	-0.7247654411733481
11.440114401144372	67.28652426023078
11.450114501145373	51.82485497494605
11.460114601146374	66.47556493577912
11.470114701147374	64.46707681611382
11.480114801148375	56.858675923950635
11.490114901149374	39.30649714607615
11.500115001150375	50.29240798696869
11.510115101151376	55.86110277994826
11.520115201152375	52.19170051367249
11.530115301153376	66.3192675540823
11.540115401154376	36.90536826062983
11.550115501155377	36.98347280090277
11.560115601156378	61.4624278994557
11.570115701157377	70.05810507907337
11.580115801158378	27.994223776869358
11.590115901159377	63.31073177341174
11.600116001160378	44.76592695877909
11.61011610116138	32.484162301380564
11.620116201162379	56.087638146740204
11.63011630116338	45.50910842818613
11.640116401164379	40.08199375234874
11.65011650116538	52.44007756323555
11.660116601166381	52.66315049226868
11.67011670116738	45.900606205619724
11.680116801168381	58.36792902451166
11.69011690116938	52.75336766309705
11.700117001170382	46.04932726361783
11.710117101171383	52.87621101328291
11.720117201172382	53.63116184331612
11.730117301173383	51.2416494132972
11.740117401174382	40.45962128102329
11.750117501175383	44.820564855720534
11.760117601176384	44.844384115278956
11.770117701177384	44.99060076747914
11.780117801178385	44.84163663952738
11.790117901179384	46.865358479129135
11.800118001180385	32.0665468408879
11.810118101181386	40.599616156189526
11.820118201182385	43.735924755509544
11.830118301183386	39.62362580480151
11.840118401184386	36.278850582884786
11.850118501185387	60.649051571236924
11.860118601186388	53.61655787910753
11.870118701187387	41.21011850424571
11.880118801188388	26.251981216183186
11.890118901189387	60.7859437495494
11.900119001190388	8.489060293661534
11.910119101191388	71.87046971596853
11.920119201192389	48.64453759664527
11.93011930119339	61.51398750379495
11.940119401194389	14.924186179385458
11.95011950119539	51.71926197570869
11.96011960119639	95.9286033638029
11.97011970119739	50.859364166486024
11.980119801198391	56.86955181814021
11.99011990119939	45.672347858561025
12.000120001200392	44.129888331400906
12.010120101201391	26.925031950391336
12.020120201202392	62.097302523675985
12.030120301203393	48.76615917811553
12.040120401204392	58.451716403229824
12.050120501205393	50.37507523523946
12.060120601206393	54.91945719744809
12.070120701207394	19.782683482096097
12.080120801208395	28.097255952681262
12.090120901209394	55.9018281934996
12.100121001210395	69.38902688340693
12.110121101211394	24.605580876657022
12.120121201212395	55.36802444519924
12.130121301213396	51.17322392825382
12.140121401214396	21.159450725842063
12.150121501215397	51.567476833271776
12.160121601216396	22.554690808456137
12.170121701217397	47.29426982958115
12.180121801218398	53.34259553506364
12.190121901219397	40.156242514584015
12.200122001220398	36.1639489765387
12.210122101221398	36.88406908982053
12.220122201222399	28.64073416560513
12.2301223012234	18.379364130508847
12.240122401224399	75.02564937233483
12.2501225012254	48.87597669105756
12.2601226012264	45.469794499114215
12.2701227012274	45.58885986098185
12.280122801228401	49.964958159263006
12.2901229012294	63.15688646707017
12.300123001230402	38.99429762829134
12.310123101231401	38.86230864526126
12.320123201232402	41.07184405915457
12.330123301233403	42.31978143438431
12.340123401234402	46.29647330674552
12.350123501235403	44.917826644681725
12.360123601236403	46.61328857608863
12.370123701237404	46.12871324122357
12.380123801238403	47.134225092053875
12.390123901239404	35.46428745246663
12.400124001240405	52.168380349440866
12.410124101241404	51.0600977944501
12.420124201242405	48.62495895040137
12.430124301243405	54.89763117766612
12.440124401244406	42.12839929110044
12.450124501245407	60.599863871279716
12.460124601246406	37.11872175251537
12.470124701247407	55.415930375958844
12.480124801248406	38.29707900126967
12.490124901249407	24.691380477422186
12.500125001250408	47.86763978193311
12.510125101251408	47.313946638164026
12.520125201252409	55.50366078633704
12.530125301253408	32.66783217447184
12.540125401254409	75.65646927631497
12.55012550125541	45.52530918697109
12.56012560125641	59.03341338280885
12.57012570125741	50.14783543843432
12.58012580125841	55.05779417987102
12.59012590125941	58.41903703375611
12.600126001260412	48.04949971685602
12.610126101261411	88.46256530447737
12.620126201262412	65.79437439698158
12.630126301263411	52.360240306933456
12.640126401264412	38.63586323129049
12.650126501265413	85.6371308449372
12.660126601266413	67.14423776964375
12.670126701267414	32.82847557422231
12.680126801268413	50.66813062979215
12.690126901269414	53.14558332884852
12.700127001270415	43.04836644740728
12.710127101271414	70.83519870523915
12.720127201272415	35.02316601427192
12.730127301273415	46.57123930517146
12.740127401274416	68.40438847619902
12.750127501275417	66.61377283989785
12.760127601276416	65.05947973409113
12.770127701277417	64.57105088525147
12.780127801278416	36.31659274628237
12.790127901279417	36.47883941964701
12.800128001280417	37.62232193989502
12.810128101281418	61.31813122639047
12.820128201282419	56.116761224093935
12.830128301283418	43.41939144750756
12.840128401284419	34.56282465342561
12.850128501285418	49.825098566509496
12.86012860128642	41.43373239723535
12.87012870128742	51.4828104748647
12.88012880128842	68.48752962316311
12.89012890128942	52.41610589712792
12.90012900129042	48.284208901039285
12.910129101291421	41.20279336185125
12.920129201292422	43.11913391836597
12.930129301293421	44.586910278853374
12.940129401294422	44.15592888498707
12.950129501295422	46.32935092054583
12.960129601296423	44.55129502979824
12.970129701297424	45.84431636907922
12.980129801298423	43.470000714730844
12.990129901299424	57.11340771307059
13.000130001300423	36.8256528063315
13.010130101301424	57.49792403338441
13.020130201302425	48.68667596024965
13.030130301303425	41.48973942859968
13.040130401304426	54.18129935748044
13.050130501305425	28.804948373678855
13.060130601306426	58.35950303133657
13.070130701307427	46.83382181296208
13.080130801308426	35.36262806253919
13.090130901309427	29.298591267884014
13.100131001310427	58.619414343106904
13.110131101311428	4.352170961833909
13.120131201312429	50.06174075435495
13.130131301313428	51.2690819159099
13.140131401314429	41.304786682065455
13.150131501315428	40.237012638122344
13.16013160131643	24.461778755002342
13.17013170131743	50.039450942628555
13.18013180131843	37.034737883216906
13.19013190131943	65.1812147352864
13.20013200132043	-12.883146132225338
13.210132101321431	61.21621407743451
13.220132201322432	64.96286033897401
13.230132301323431	42.16337639264868
13.240132401324432	55.22024358049242
13.250132501325432	34.09510645645755
13.260132601326433	45.923445340497885
13.270132701327432	59.92485350136384
13.280132801328433	85.20548491219141
13.290132901329434	37.43508546005775
13.300133001330433	46.68572369124
13.310133101331434	48.47190274598279
13.320133201332434	52.28038784823051
13.330133301333435	50.90944067714588
13.340133401334436	64.91612634880428
13.350133501335435	73.02609372255218
13.360133601336436	57.788871617984846
13.370133701337435	29.285417244449523
13.380133801338436	29.150803514112308
13.390133901339437	52.92126039694925
13.400134001340437	41.345857901200944
13.410134101341438	43.67505272765332
13.420134201342437	55.44110608982223
13.430134301343438	33.50185152160193
13.440134401344439	46.94215176396677
13.450134501345438	49.258522248021386
13.46013460134644	46.47577677513068
13.470134701347439	44.43201294524461
13.48013480134844	31.423320750393398
13.49013490134944	47.330110432109784
13.50013500135044	44.593054896784004
13.510135101351441	44.62652048584876
13.52013520135244	45.51164100461964
13.530135301353441	45.0517040175282
13.540135401354442	46.29872149401541
13.550135501355442	45.17880525416687
13.560135601356443	50.3634782550501
13.570135701357442	52.28666046759764
13.580135801358443	40.88123087970465
13.590135901359444	35.915137696761775
13.600136001360443	41.155418744470225
13.610136101361444	46.59163234131542
13.620136201362444	36.874764026802275
13.630136301363445	55.82212762184924
13.640136401364446	54.83337090051128
13.650136501365445	52.70727201482026
13.660136601366446	51.67905431066749
13.670136701367445	25.85532123138783
13.680136801368446	50.01042928163471
13.690136901369447	47.05542740552368
13.700137001370447	62.24367704580605
13.710137101371448	27.288595668981415
13.720137201372447	69.95841446905222
13.730137301373448	46.54095056614365
13.740137401374447	42.84660265646936
13.750137501375448	51.45552266128846
13.76013760137645	39.99027836172044
13.770137701377449	44.30112644435552
13.78013780137845	59.13747967551106
13.790137901379449	59.14804976796736
13.80013800138045	42.5973608104689
13.810138101381451	40.81103605418933
13.82013820138245	37.93336299508464
13.830138301383451	88.85163900542
13.84013840138445	17.776576899641018
13.850138501385452	25.08011151609452
13.860138601386453	52.557700921733534
13.870138701387452	46.889846120970205
13.880138801388453	57.56696897815618
13.890138901389452	69.45364327943192
13.900139001390453	37.863985561029125
13.910139101391454	55.696779431868485
13.920139201392454	81.56129719027378
13.930139301393455	42.76971567018637
13.940139401394454	47.772110947661
13.950139501395455	36.954961408158134
13.960139601396456	59.478445564081234
13.970139701397455	58.980915353974396
13.980139801398456	59.42191320820101
13.990139901399456	35.110376786019714
14.000140001400457	73.97461221283952
14.010140101401458	21.643890037915995
14.020140201402457	63.722909297524566
14.030140301403458	42.692502175129775
14.040140401404457	46.38884324577345
14.050140501405458	40.65942723113748
14.06014060140646	50.49331934879773
14.070140701407459	51.62022910948088
14.08014080140846	52.20609918523094
14.090140901409459	48.33582182709809
14.10014100141046	43.10340140149433
14.110141101411461	44.51599736208702
14.12014120141246	45.32286141237656
14.130141301413461	49.07997728317708
14.14014140141446	44.27272403019018
14.150141501415462	36.340367362753156
14.160141601416463	48.3688602106867
14.170141701417462	24.401410713559734
14.180141801418463	45.81896783066491
14.190141901419462	39.57485280085272
14.200142001420463	50.93544459893231
14.210142101421463	49.50800142216572
14.220142201422464	89.92166560531035
14.230142301423465	54.224961436433254
14.240142401424464	46.12216135798712
14.250142501425465	71.64607522453896
14.260142601426464	12.32957932916518
14.270142701427465	49.153030299066245
14.280142801428466	34.271228504883055
14.290142901429466	50.23001376589457
14.300143001430467	11.111536170638606
14.310143101431466	40.81175198558917
14.320143201432467	43.40620267962452
14.330143301433468	46.582100593746404
14.340143401434467	45.394341218508465
14.350143501435468	52.66481072607357
14.360143601436468	106.07170441576004
14.370143701437469	24.06155748879804
14.38014380143847	26.06186307844454
14.390143901439469	91.7459270400602
14.40014400144047	58.27056029452858
14.41014410144147	43.53335872195192
14.42014420144247	35.40905460814784
14.430144301443471	34.2076022321489
14.44014440144447	37.257639543535355
14.450144501445472	65.30490908851075
14.460144601446471	37.03025922888059
14.470144701447472	45.323278234943984
14.480144801448473	48.19540370552768
14.490144901449472	46.23385993239962
14.500145001450473	55.187483152848586
14.510145101451473	31.38450359246281
14.520145201452474	59.14079526684401
14.530145301453475	28.34645054293833
14.540145401454474	62.936804324577565
14.550145501455475	42.60808477869743
14.560145601456474	52.652329829588254
14.570145701457475	56.10965641486313
14.580145801458476	35.03436234526606
14.590145901459476	52.59849801277216
14.600146001460477	33.99523365014249
14.610146101461476	51.632765228828994
14.620146201462477	47.579234743291416
14.630146301463478	57.620358155880396
14.640146401464477	-0.9257265166968432
14.650146501465478	38.86625094576798
14.660146601466478	47.911318222363306
14.670146701467479	45.673648044194294
14.680146801468478	43.10912677199887
14.690146901469479	44.251436731347205
14.70014700147048	44.46071236488153
14.71014710147148	44.847133715910395
14.72014720147248	42.94379621162819
14.73014730147348	41.96441197505132
14.74014740147448	44.08696896063107
14.750147501475482	38.191078551642285
14.760147601476481	46.51443551934086
14.770147701477482	59.053133395520284
14.780147801478481	48.1064770703422
14.790147901479482	67.25228188687798
14.800148001480483	51.34080104316977
14.810148101481483	18.89061251695981
14.820148201482484	33.80769053103396
14.830148301483483	44.717267046751694
14.840148401484484	43.81078567153524
14.850148501485485	23.723334854462045
14.860148601486484	115.07607550199249
14.870148701487485	37.98381203222231
14.880148801488485	53.40108442524098
14.890148901489486	30.30649594559294
14.900149001490487	71.0545379043526
14.910149101491486	42.06561840002213
14.920149201492487	29.391776855394102
14.930149301493486	31.03824346138109
14.940149401494487	28.504567110687198
14.950149501495488	73.36616720534882
14.960149601496488	49.74385444189081
14.970149701497489	58.151476853914794
14.980149801498488	36.8343759505465
14.990149901499489	79.20375535342154
