0.0	nan
0.010000100001000326	-5.818862334912967
0.020000200002000652	7.8645055118339915
0.03000030000300098	-9.5282236137875
0.040000400004001305	-6.895799832978237
0.05000050000500163	3.142397320786381
0.06000060000600196	-3.717578139025312
0.07000070000700229	-1.703043279986488
0.08000080000800261	0.9418525690156273
0.09000090000900293	9.93190429764227
0.10000100001000325	0.25350116722137905
0.11000110001100359	-3.160019911324876
0.12000120001200391	4.935435933767089
0.13000130001300425	4.778584575497351
0.14000140001400457	0.431829529549887
0.1500015000150049	6.405346113643581
0.16000160001600522	6.000252275117661
0.17000170001700554	8.823088333659838
0.18000180001800586	6.81966018772826
0.1900019000190062	10.74567686701957
0.2000020000200065	3.7289032465159218
0.21000210002100686	7.984354292974257
0.22000220002200718	7.7882204511489705
0.2300023000230075	5.702356673850649
0.24000240002400783	7.842516233552182
0.2500025000250082	5.073722274072013
0.2600026000260085	6.4778344603894356
0.2700027000270088	6.344046118979762
0.28000280002800915	5.429708152435398
0.29000290002900947	6.42604771156845
0.3000030000300098	5.995095003193756
0.3100031000310101	6.013667889848868
0.32000320003201044	7.642391931291641
0.33000330003301076	7.044497889013237
0.3400034000340111	8.861524132061895
0.3500035000350114	6.734641366260518
0.36000360003601173	8.73958608771085
0.37000370003701205	8.864966917077812
0.3800038000380124	8.595132761268236
0.3900039000390127	8.685930500742895
0.400004000040013	8.597248198707186
0.4100041000410134	8.319758075057452
0.4200042000420137	8.604111622915106
0.43000430004301404	8.872911567532679
0.44000440004401437	8.718730693588235
0.4500045000450147	9.785042991096686
0.460004600046015	9.761153506284867
0.47000470004701533	9.508060818851645
0.48000480004801566	9.500998969331071
0.490004900049016	9.526479764357218
0.5000050000500164	9.788783761385995
0.5100051000510166	10.311162392933102
0.520005200052017	10.176699674951559
0.5300053000530173	10.938115314055333
0.5400054000540176	10.551089228897514
0.5500055000550179	11.32518858608839
0.5600056000560183	11.28366817226507
0.5700057000570186	11.716838360417558
0.5800058000580189	12.175737936094679
0.5900059000590192	12.82768661161973
0.6000060000600196	12.782455152359244
0.6100061000610199	13.194867836275307
0.6200062000620202	13.676028248728363
0.6300063000630205	13.782638635078838
0.6400064000640209	14.62591554116036
0.6500065000650213	14.99470680619526
0.6600066000660215	15.192395054471605
0.6700067000670219	15.850419647038821
0.6800068000680222	16.388201604694476
0.6900069000690225	16.636099116332296
0.7000070000700228	16.76499947738231
0.7100071000710232	17.36628619991573
0.7200072000720235	17.640656826527263
0.7300073000730238	17.7805519616046
0.7400074000740241	17.72762929636959
0.7500075000750245	18.470165057456917
0.7600076000760247	18.74966758555827
0.7700077000770251	19.71559741560695
0.7800078000780254	18.902806167515838
0.7900079000790258	19.82804279018176
0.800008000080026	20.643300723222723
0.8100081000810264	20.910608636034464
0.8200082000820268	21.38461794460629
0.8300083000830271	21.763472711481622
0.8400084000840274	22.524283044560434
0.8500085000850277	22.546780185485247
0.8600086000860281	23.013348395993567
0.8700087000870284	24.195941794667153
0.8800088000880287	24.951997042156382
0.890008900089029	24.80554787369164
0.9000090000900294	25.506154635701296
0.9100091000910296	26.092603229665443
0.92000920009203	27.070422886492658
0.9300093000930303	26.972611481376994
0.9400094000940307	27.899114783480364
0.9500095000950309	28.46502820034829
0.9600096000960313	28.512425522702305
0.9700097000970317	29.120036229828333
0.980009800098032	29.615296436476825
0.9900099000990323	29.15273793015256
1.0000100001000327	31.145767905801396
1.0100101001010329	31.971190839141464
1.0200102001020332	32.55299729735167
1.0300103001030336	34.133070671432144
1.040010400104034	33.365776800890636
1.0500105001050342	34.48383229131858
1.0600106001060345	35.421320055468975
1.070010700107035	35.71862769331392
1.0800108001080353	35.6186650007657
1.0900109001090355	37.12369734228474
1.1000110001100358	30.11877300502544
1.1100111001110362	38.97156643431965
1.1200112001120366	38.35714147083686
1.130011300113037	38.260429375230736
1.1400114001140371	41.36090201280532
1.1500115001150375	40.5996269374145
1.1600116001160379	40.09243291748426
1.1700117001170383	44.31429751276902
1.1800118001180384	44.05278679878408
1.1900119001190388	45.56720917564224
1.2000120001200392	49.4069991427349
1.2100121001210395	43.50483038394063
1.2200122001220397	49.518997990099535
1.23001230012304	47.1512938780873
1.2400124001240405	51.485449593953156
1.2500125001250408	49.844558551641796
1.260012600126041	50.1301994581285
1.2700127001270414	51.174147868151444
1.2800128001280418	53.4127235585552
1.2900129001290421	52.07988884244755
1.3000130001300425	55.31282478291019
1.3100131001310427	53.03582006690818
1.320013200132043	52.659204481351054
1.3300133001330434	55.77243715099156
1.3400134001340438	58.76324871027474
1.350013500135044	57.99202560653625
1.3600136001360443	59.84453256082913
1.3700137001370447	59.1544539751091
1.380013800138045	62.827707429348266
1.3900139001390452	63.66820170852399
1.4000140001400456	65.20437836668772
1.410014100141046	58.02299579383755
1.4200142001420464	66.75153136753124
1.4300143001430465	65.91066424542316
1.440014400144047	66.12322937113643
1.4500145001450473	68.25698016408398
1.4600146001460477	71.44820132838858
1.470014700147048	72.73202453122646
1.4800148001480482	76.55020223955971
1.4900149001490486	74.09051586130803
1.500015000150049	76.84527535363165
1.5100151001510493	77.98760822119874
1.5200152001520495	78.36084031759316
1.5300153001530499	78.27182592738811
1.5400154001540503	83.70414839512203
1.5500155001550506	79.52665549186558
1.5600156001560508	81.15901510067522
1.5700157001570512	90.27513174695332
1.5800158001580515	88.9797695439708
1.590015900159052	96.01116055789875
1.600016000160052	96.51426288561734
1.6100161001610525	99.9668324206505
1.6200162001620528	102.63424727262935
1.6300163001630532	114.68357473170484
1.6400164001640536	101.49644461002559
1.6500165001650537	93.60006920642579
1.6600166001660541	50.42467608216389
1.6700167001670545	35.04462619988312
1.6800168001680549	84.82377048248027
1.690016900169055	101.99075568538615
1.7000170001700554	107.21467401422905
1.7100171001710558	110.63419808471463
1.7200172001720562	61.35491067123446
1.7300173001730563	111.90317516880728
1.7400174001740567	103.73212556301519
1.750017500175057	108.84368275888782
1.7600176001760575	137.6473699460687
1.7700177001770578	93.5061989597019
1.780017800178058	97.49309833601552
1.7900179001790584	119.46600855206322
1.8000180001800588	119.55578254371478
1.8100181001810591	121.53243965398235
1.8200182001820593	90.01846629633194
1.8300183001830597	101.35469052975367
1.84001840018406	102.77764275707396
1.8500185001850604	90.38574167782762
1.8600186001860606	85.2846497830751
1.870018700187061	84.54820989893413
1.8800188001880613	95.30405648785681
1.8900189001890617	102.8321644739827
1.9000190001900619	89.112773875478
1.9100191001910622	88.79494936716803
1.9200192001920626	88.14048506008814
1.930019300193063	77.1549460562421
1.9400194001940634	89.67589101385613
1.9500195001950635	89.33514126061618
1.960019600196064	76.55953763430952
1.9700197001970643	83.6847888755746
1.9800198001980647	77.24826789454274
1.9900199001990648	77.5823743959084
2.0000200002000654	92.35440437394061
2.0100201002010656	85.68160689949995
2.0200202002020657	68.5525635470087
2.0300203002030663	92.48461370624415
2.0400204002040665	77.04858928372127
2.0500205002050667	69.50602273062827
2.0600206002060673	68.12344730020172
2.0700207002070674	80.26036420297774
2.080020800208068	87.09349670164679
2.090020900209068	93.36781428066881
2.1000210002100683	63.74124338233927
2.110021100211069	94.11927202314025
2.120021200212069	72.85644025498598
2.1300213002130697	76.04957451388634
2.14002140021407	108.72564486881942
2.15002150021507	74.72604753076867
2.1600216002160706	60.76693402175715
2.1700217002170707	69.07936811921061
2.180021800218071	88.38617535610649
2.1900219002190715	57.19439305792921
2.2000220002200717	33.045396816183256
2.2100221002210723	68.99928967655369
2.2200222002220724	47.898190384791455
2.2300223002230726	48.40676959989117
2.240022400224073	84.02660399348206
2.2500225002250733	62.262292314422886
2.260022600226074	37.436302746942864
2.270022700227074	19.226192561679877
2.2800228002280742	18.37684660641037
2.290022900229075	39.346801872930584
2.300023000230075	46.15657967445203
2.310023100231075	47.34319997691867
2.3200232002320758	56.12157170420628
2.330023300233076	78.88381353579028
2.3400234002340765	55.26346940508769
2.3500235002350767	72.5851831028722
2.360023600236077	60.88657161272525
2.3700237002370774	60.8129394933336
2.3800238002380776	62.7083446596048
2.3900239002390777	57.51102555341954
2.4000240002400783	35.37971976243454
2.4100241002410785	53.184152308482936
2.420024200242079	88.1507397020234
2.4300243002430792	90.92749222405233
2.4400244002440794	51.76713227102383
2.45002450024508	63.510741813534494
2.46002460024608	60.730502974259224
2.4700247002470808	39.33113911152
2.480024800248081	55.43542742529302
2.490024900249081	59.76417588074042
2.5000250002500817	65.44996550015658
2.510025100251082	89.88798848034156
2.520025200252082	72.19410446937135
2.5300253002530826	78.08043014306169
2.5400254002540827	57.447716038868634
2.5500255002550833	95.50962580102988
2.5600256002560835	86.6686906165811
2.5700257002570837	70.34987512778991
2.5800258002580843	81.54716804133183
2.5900259002590844	73.51950230664124
2.600026000260085	71.83106419827774
2.610026100261085	73.84982310143432
2.6200262002620853	61.627718524337574
2.630026300263086	27.70402203368366
2.640026400264086	42.56335521347576
2.6500265002650862	27.184624881310835
2.660026600266087	50.37300881510299
2.670026700267087	59.17306915567672
2.6800268002680876	67.12742317867288
2.6900269002690878	49.61752600641024
2.700027000270088	72.22727061968386
2.7100271002710885	72.49749565208326
2.7200272002720887	72.48680035866127
2.7300273002730893	67.3011651180321
2.7400274002740894	65.22523027227894
2.7500275002750896	72.33066285071128
2.76002760027609	71.54537754390786
2.7700277002770903	29.078879437477504
2.7800278002780905	24.08952533552647
2.790027900279091	24.72910471627741
2.8000280002800912	38.88719177134012
2.810028100281092	58.456507954376576
2.820028200282092	48.77201309624248
2.830028300283092	45.581396264484276
2.8400284002840928	21.649523138838216
2.850028500285093	36.39625297926229
2.860028600286093	39.50648340058274
2.8700287002870937	27.128801953584354
2.880028800288094	22.94081721366517
2.8900289002890944	26.1008583823385
2.9000290002900946	22.73419454002528
2.9100291002910947	1.3796812538289547
2.9200292002920953	11.79950193680291
2.9300293002930955	32.309721355383786
2.940029400294096	36.32612767404253
2.9500295002950963	33.0748253999772
2.9600296002960964	2.5902338654503008
2.970029700297097	31.001677458533546
2.980029800298097	27.959558864682055
2.9900299002990973	19.810017561189678
3.000030000300098	32.734344911653
3.010030100301098	66.03260727859708
3.0200302003020987	41.599628682879946
3.030030300303099	23.36076552459311
3.040030400304099	33.13751979689713
3.0500305003050996	15.29808297437689
3.0600306003060997	17.078105750223106
3.0700307003071003	47.337959529423905
3.0800308003081005	27.687349565503332
3.0900309003091007	-1.0296576681627172
3.1000310003101013	8.675356232123292
3.1100311003111014	60.7025438372515
3.1200312003121016	39.07324202843013
3.130031300313102	-8.665071520006814
3.1400314003141023	26.28336471073555
3.150031500315103	4.089969809766957
3.160031600316103	23.249929967334698
3.1700317003171032	16.394940116190867
3.180031800318104	26.133480167910363
3.190031900319104	33.62004970701704
3.200032000320104	67.96169437165922
3.2100321003211048	55.83132026080768
3.220032200322105	21.42267710454785
3.2300323003231055	21.732456591562446
3.2400324003241057	17.725302626424153
3.250032500325106	31.10829222727617
3.2600326003261064	21.17572795428896
3.2700327003271066	52.71646717952323
3.280032800328107	28.48754616417581
3.2900329003291073	21.676834249257972
3.3000330003301075	36.040897731808315
3.310033100331108	35.10452298587521
3.3200332003321082	32.57715247072826
3.3300333003331084	22.539574927654584
3.340033400334109	15.841994656897878
3.350033500335109	72.72294933608144
3.3600336003361098	30.498270652900842
3.37003370033711	23.96175272204428
3.38003380033811	34.725586727509764
3.3900339003391107	58.296407501838715
3.400034000340111	35.499088688351094
3.4100341003411114	20.768700654849617
3.4200342003421116	5.63300302754638
3.4300343003431117	21.725678952785092
3.4400344003441123	22.536527169529265
3.4500345003451125	19.226885201097772
3.4600346003461127	19.032013021775853
3.4700347003471133	11.954968736124252
3.4800348003481134	18.290288569303204
3.490034900349114	12.391197222661193
3.500035000350114	18.355630149380172
3.5100351003511143	28.319867426930518
3.520035200352115	35.08518430220568
3.530035300353115	21.190750835176992
3.5400354003541157	-2.7000742967304507
3.550035500355116	37.74141729091209
3.560035600356116	48.37100064004301
3.5700357003571166	38.9893170703146
3.5800358003581167	36.99569986406219
3.590035900359117	36.19275965604147
3.6000360003601175	34.3942076582346
3.6100361003611177	31.067705294458847
3.6200362003621183	45.79106957878356
3.6300363003631184	36.20528053022985
3.6400364003641186	55.92786684283381
3.650036500365119	34.76087464808713
3.6600366003661193	34.54912949182837
3.6700367003671195	21.161487412165602
3.68003680036812	33.33214149928134
3.6900369003691202	42.64123898740177
3.700037000370121	44.918410875830375
3.710037100371121	54.927637535445704
3.720037200372121	62.71769452448422
3.7300373003731218	22.193181104372282
3.740037400374122	67.10477351915256
3.7500375003751225	66.48110075173207
3.7600376003761227	59.59824334871196
3.770037700377123	52.935786898741
3.7800378003781234	59.478769809412974
3.7900379003791236	62.88218006681484
3.8000380003801237	43.54651708284048
3.8100381003811243	50.16693193978188
3.8200382003821245	13.304711717390658
3.830038300383125	65.0650860665112
3.8400384003841253	22.718574268647394
3.8500385003851254	62.599187573592864
3.860038600386126	53.02578193636012
3.870038700387126	46.78915878614235
3.8800388003881268	29.32549770995187
3.890038900389127	56.34433694090486
3.900039000390127	39.50887463202377
3.9100391003911277	45.3205777020596
3.920039200392128	41.33797420754929
3.930039300393128	58.1670962310286
3.9400394003941286	59.33466014721859
3.9500395003951287	32.8982915711373
3.9600396003961293	49.68998330934036
3.9700397003971295	13.677137669957904
3.9800398003981297	24.20898889773519
3.9900399003991303	38.70967695496025
4.000040000400131	43.66303408649668
4.010040100401131	27.018347417777782
4.020040200402131	-9.992408001819667
4.030040300403131	18.069804127722204
4.0400404004041315	32.979724970983185
4.0500405004051325	37.0394277632902
4.060040600406133	19.295644203208777
4.070040700407133	24.441716951821622
4.080040800408133	23.838907724967356
4.090040900409133	14.75889959479923
4.100041000410133	21.31716165121573
4.110041100411134	29.778850454979047
4.1200412004121345	39.151360238500835
4.130041300413135	-2.095050571876275
4.140041400414135	30.88820159718709
4.150041500415135	56.46708456431403
4.160041600416136	23.053644618414427
4.170041700417136	20.35022421323326
4.180041800418136	34.44810866915891
4.1900419004191365	-4.904877921652538
4.200042000420137	25.780561962193687
4.210042100421138	29.356606262258566
4.220042200422138	-8.833513750390662
4.230042300423138	39.002383825772256
4.240042400424138	41.054602233496155
4.250042500425138	26.17961030190565
4.260042600426139	30.458539759179757
4.2700427004271395	10.795327657239145
4.28004280042814	10.347839439592608
4.29004290042914	3.7843075267543402
4.30004300043014	35.66948964634682
4.31004310043114	36.85888842606897
4.320043200432141	23.874257982112287
4.330043300433141	31.666626087084456
4.3400434004341415	54.83935768412094
4.350043500435142	19.256610476064274
4.360043600436142	28.853261814378207
4.370043700437143	18.039214066060698
4.380043800438143	22.336197302947905
4.390043900439143	37.17671725902908
4.400044000440143	22.620222151250058
4.4100441004411435	23.053261782026933
4.4200442004421445	27.267441731273493
4.430044300443145	30.44753519945604
4.440044400444145	44.484846115088935
4.450044500445145	32.70989203615616
4.460044600446145	31.7960601276723
4.470044700447146	31.43860150713829
4.480044800448146	2.2380309655731105
4.4900449004491465	19.199732812934
4.500045000450147	23.004687306540674
4.510045100451147	20.393688469753485
4.520045200452148	18.332796366444423
4.530045300453148	14.645994851374056
4.540045400454148	25.26724509132781
4.550045500455148	2.644567564508701
4.5600456004561485	57.72181279095219
4.570045700457149	0.3815455158688764
4.58004580045815	22.884496060697117
4.59004590045915	31.655869423838027
4.60004600046015	20.938034233813053
4.61004610046115	13.829760351781129
4.62004620046215	14.488666798338029
4.630046300463151	27.50828246766525
4.6400464004641515	26.2142740738644
4.650046500465152	21.476243514417707
4.660046600466152	18.383288422411635
4.670046700467152	19.553698313153085
4.680046800468153	19.03651170056212
4.690046900469153	18.786547498054716
4.700047000470153	25.164567582874124
4.7100471004711535	23.575571898446317
4.720047200472154	26.954852215152286
4.730047300473155	20.68307063663498
4.740047400474155	22.274011071649806
4.750047500475155	20.597983754716157
4.760047600476155	30.176816650395974
4.770047700477155	34.3751954967842
4.7800478004781555	29.791268636125725
4.7900479004791565	35.900359765194715
4.800048000480157	31.672603877632493
4.810048100481157	19.299828267967452
4.820048200482157	28.68141747532692
4.830048300483157	6.638657582707899
4.840048400484158	43.946422816684496
4.850048500485158	37.50006127502337
4.8600486004861585	21.243543777022147
4.870048700487159	46.46625620539574
4.880048800488159	26.289169925667366
4.89004890048916	30.085444013464976
4.90004900049016	10.155923971707212
4.91004910049116	53.25592647991833
4.92004920049216	29.48812979875426
4.9300493004931605	20.632206297385903
4.9400494004941615	33.06418017901497
4.950049500495162	46.61331335609508
4.960049600496162	28.49908779753259
4.970049700497162	26.794760917519884
4.980049800498162	23.39462557094855
4.990049900499163	60.90398927403704
5.000050000500163	35.744635890655715
5.0100501005011635	35.287544922286955
5.020050200502164	38.77345669735354
5.030050300503164	50.17265737834015
5.040050400504164	32.47647131261234
5.050050500505165	40.24611033750793
5.060050600506165	66.13925910128954
5.070050700507165	30.82225243719809
5.0800508005081655	38.29162026233014
5.090050900509166	37.83806510543979
5.100051000510167	31.86820495534826
5.110051100511167	46.437385007023934
5.120051200512167	26.441015955751897
5.130051300513167	40.05281027226378
5.140051400514167	26.946354287359
5.150051500515168	7.8686469263912855
5.1600516005161685	3.1185867547821404
5.170051700517169	43.51211824516249
5.180051800518169	37.791422497158976
5.190051900519169	13.91621202218003
5.20005200052017	20.58524472589298
5.21005210052117	7.836875654639954
5.22005220052217	42.57424390121442
5.2300523005231705	24.84735917723573
5.240052400524171	24.826487883376686
5.250052500525171	26.593224789495086
5.260052600526172	24.982663666632767
5.270052700527172	24.37569364953975
5.280052800528172	22.075511074940554
5.290052900529172	4.317072810648004
5.3000530005301725	22.875407969899893
5.3100531005311735	16.58242132408104
5.320053200532174	32.85895315366955
5.330053300533174	28.088950730160093
5.340053400534174	26.77053271898785
5.350053500535174	34.99046197388586
5.360053600536175	12.511151698504596
5.370053700537175	22.705439497360217
5.3800538005381755	28.4302267654373
5.390053900539176	49.62971723568878
5.400054000540176	33.65630295718033
5.410054100541177	26.530031957553057
5.420054200542177	42.246737011270405
5.430054300543177	21.38597757605906
5.440054400544177	18.366235347244416
5.4500545005451775	37.54409567823873
5.4600546005461785	61.922846989063586
5.470054700547179	16.351914182625055
5.480054800548179	21.953943363179874
5.490054900549179	24.421985443590703
5.500055000550179	42.80422746825111
5.510055100551179	13.526031569643125
5.52005520055218	30.289192343236127
5.5300553005531805	15.176111394222545
5.540055400554181	19.157190438566452
5.550055500555181	15.777414767194843
5.560055600556181	29.452714356207302
5.570055700557182	19.830136420645044
5.580055800558182	33.83947692409524
5.590055900559182	39.400685752506746
5.6000560005601825	20.15540096525305
5.610056100561183	43.596986471360125
5.620056200562184	37.95348031136901
5.630056300563184	34.991451683131906
5.640056400564184	47.62983133340951
5.650056500565184	9.539341647601589
5.660056600566184	36.66574055817434
5.670056700567185	27.162795348774367
5.6800568005681855	37.208164602214204
5.690056900569186	29.878773554089634
5.700057000570186	18.9048076874988
5.710057100571186	29.780739905332613
5.720057200572186	39.74943801313985
5.730057300573187	26.617758718503424
5.740057400574187	26.360489961938868
5.7500575005751875	31.412450881834193
5.760057600576188	25.35356099606706
5.770057700577188	12.540572200333568
5.780057800578189	12.928619888086024
5.790057900579189	26.668302152290064
5.800058000580189	30.22774336311228
5.810058100581189	11.9692851179345
5.8200582005821895	3.323757643527368
5.8300583005831905	19.03567944377166
5.840058400584191	23.549240915859883
5.850058500585191	21.256803285096847
5.860058600586191	20.599605280272844
5.870058700587191	22.280892947499424
5.880058800588192	25.431702884523997
5.890058900589192	25.46883641808236
5.9000590005901925	22.548313047213732
5.910059100591193	8.699607305182985
5.920059200592193	29.065768381294212
5.930059300593194	8.156910380069693
5.940059400594194	8.383902090465412
5.950059500595194	29.106217760042213
5.960059600596194	56.108083784321806
5.9700597005971945	24.139672560530386
5.980059800598195	31.067127231035613
5.990059900599196	37.74181797957932
6.000060000600196	22.575958863833772
6.010060100601196	45.60864492691163
6.020060200602196	23.58613714660729
6.030060300603196	47.77524669963222
6.040060400604197	17.046565165285816
6.0500605006051975	49.77460436284881
6.060060600606198	41.51066897796425
6.070060700607198	49.31062021046181
6.080060800608198	8.032116449687386
6.090060900609199	-25.40980342752016
6.100061000610199	34.34956062537455
6.110061100611199	68.17146664764083
6.1200612006121995	31.3282119051818
6.1300613006132	23.80652593740808
6.140061400614201	61.90780057189815
6.150061500615201	12.285345014035268
6.160061600616201	48.72345992403546
6.170061700617201	33.998940146783895
6.180061800618201	21.433903016137705
6.1900619006192015	38.17545869418183
6.2000620006202025	33.42488059380697
6.210062100621203	24.27518595433945
6.220062200622203	38.84633109707867
6.230062300623203	11.331828583489221
6.240062400624203	14.17136843262631
6.250062500625204	41.58110269302548
6.260062600626204	56.34218814851306
6.2700627006272045	24.65436815386592
6.280062800628205	35.86346416969964
6.290062900629205	42.02828974895264
6.300063000630206	14.943893318182432
6.310063100631206	24.25217836211465
6.320063200632206	18.504069389408713
6.330063300633206	37.048178470392
6.3400634006342065	28.46988180952793
6.3500635006352075	40.322368324878944
6.360063600636208	37.50171603823403
6.370063700637208	25.644894252788326
6.380063800638208	12.826499963818701
6.390063900639208	8.753571023992233
6.400064000640208	33.0053835754032
6.410064100641209	27.828914962680933
6.4200642006422095	19.72785354970594
6.43006430064321	26.91741295903815
6.44006440064421	23.935856802300854
6.45006450064521	23.102154661489877
6.460064600646211	22.16990065629354
6.470064700647211	20.849749372750075
6.480064800648211	26.841743707443392
6.4900649006492115	19.590629955046204
6.500065000650212	11.270129712276463
6.510065100651213	32.05481354254751
6.520065200652213	18.623880213279616
6.530065300653213	32.27210465697217
6.540065400654213	33.70407494473208
6.550065500655213	33.48809933860608
6.560065600656214	23.13495035773357
6.5700657006572145	19.95848696124724
6.580065800658215	14.994674833882804
6.590065900659215	28.582082825372627
6.600066000660215	39.06255964861923
6.610066100661216	38.05505008331451
6.620066200662216	19.779555142323375
6.630066300663216	20.43343715556625
6.6400664006642165	33.274890469677686
6.650066500665217	-2.3895913654141747
6.660066600666217	37.60694802791407
6.670066700667218	23.803827978462774
6.680066800668218	46.38192597503909
6.690066900669218	31.30406973255495
6.700067000670218	33.01405921164363
6.7100671006712185	5.5860817551198645
6.7200672006722195	34.07044389089848
6.73006730067322	17.397045775458015
6.74006740067422	32.8947487670562
6.75006750067522	6.635461606666317
6.76006760067622	38.273594737034735
6.770067700677221	43.03311239706839
6.780067800678221	33.66658663585745
6.7900679006792215	47.4070461437268
6.800068000680222	19.167567504029705
6.810068100681222	36.67987191630406
6.820068200682223	16.676395508542836
6.830068300683223	28.584623063907245
6.840068400684223	40.99857637923855
6.850068500685223	23.839020886061807
6.8600686006862235	18.16181558413418
6.870068700687224	26.197436344752266
6.880068800688225	17.520068086464143
6.890068900689225	1.8654200145467692
6.900069000690225	18.67772191929074
6.910069100691225	49.973550769107426
6.920069200692225	34.36133532771041
6.930069300693226	31.904965568045817
6.9400694006942265	22.18187746645469
6.950069500695227	12.831140127552326
6.960069600696227	9.71709172558125
6.970069700697227	27.939422289828286
6.980069800698228	21.80877981600768
6.990069900699228	22.049370841836044
7.000070000700228	20.62934826459413
7.0100701007012285	28.368489916445725
7.020070200702229	22.55301260992022
7.03007030070323	22.33209200524896
7.04007040070423	21.908468034831255
7.05007050070523	23.184453794784314
7.06007060070623	28.885158969585625
7.07007070070723	19.762108391180586
7.080070800708231	34.547310629079305
7.0900709007092315	10.354889979482303
7.100071000710232	13.241444660648709
7.110071100711232	-2.2071394076620656
7.120071200712232	32.30354272737505
7.130071300713232	15.395825075204755
7.140071400714233	33.71459138548475
7.150071500715233	37.4014444048921
7.1600716007162335	20.535984790174453
7.170071700717234	24.515463498962628
7.180071800718234	24.884221407996666
7.190071900719235	43.7318906077756
7.200072000720235	31.146697151150267
7.210072100721235	67.92155492966246
7.220072200722235	28.29118927103302
7.2300723007232355	32.699590272004
7.2400724007242365	20.051447180886427
7.250072500725237	26.48160252014676
7.260072600726237	19.81957953896957
7.270072700727237	27.12318244001012
7.280072800728237	18.574134779349155
7.290072900729238	38.187979902930444
7.300073000730238	24.92692100938742
7.3100731007312385	15.143804054883194
7.320073200732239	38.7576459401195
7.330073300733239	52.73982897464992
7.340073400734239	33.963430762739506
7.35007350073524	36.50556698117307
7.36007360073624	49.679520080295745
7.37007370073724	27.81899478785173
7.3800738007382405	40.629915201789665
7.390073900739241	56.972133337231654
7.400074000740242	56.664483226469486
7.410074100741242	29.818326326803327
7.420074200742242	41.08005498541885
7.430074300743242	16.991111145018685
7.440074400744242	35.74180587477942
7.450074500745243	45.84652425655298
7.4600746007462435	30.980850289754873
7.470074700747244	24.90627303808489
7.480074800748244	43.97760418549328
7.490074900749244	46.08650874230108
7.500075000750245	35.76980859731738
7.510075100751245	34.597588254832765
7.520075200752245	8.310730315302797
7.5300753007532455	5.364792109561812
7.540075400754246	39.558064251518026
7.550075500755247	17.32510875406376
7.560075600756247	39.80975312520251
7.570075700757247	18.904643450119362
7.580075800758247	26.61967028676093
7.590075900759247	28.642110362155364
7.6000760007602475	22.850125002529396
7.6100761007612485	27.558114673290433
7.620076200762249	25.534575483481586
7.630076300763249	24.418116379532425
7.640076400764249	24.054772828022852
7.650076500765249	23.28805429545309
7.66007660076625	29.155000045982174
7.67007670076725	28.180607078999937
7.6800768007682505	15.818683475415073
7.690076900769251	30.79118983300632
7.700077000770251	11.864939146360184
7.710077100771252	12.745269064118968
7.720077200772252	28.064800165984575
7.730077300773252	30.858858864777854
7.740077400774252	31.64096095771531
7.7500775007752525	35.46090001184337
7.7600776007762535	38.98696850402737
7.770077700777254	41.77728854805318
7.780077800778254	-3.89720838970678
7.790077900779254	9.544695760038907
7.800078000780254	40.08007207428897
7.810078100781254	36.540900592268144
7.820078200782255	33.177579051084976
7.8300783007832555	10.902185628169336
7.840078400784256	16.37563258275802
7.850078500785256	20.913532489692216
7.860078600786256	14.214139788635674
7.870078700787257	22.937889565761594
7.880078800788257	31.52005149568737
7.890078900789257	29.819134580734453
7.9000790007902575	17.133570522662236
7.910079100791258	55.48851591256049
7.920079200792259	35.89819481045319
7.930079300793259	6.376720359719624
7.940079400794259	41.714253835188686
7.950079500795259	31.260849518466348
7.960079600796259	-14.248207111413036
7.97007970079726	39.30500807711336
7.9800798007982605	44.58683416513264
7.990079900799261	32.6341641794127
8.000080000800262	52.3549552814868
8.010080100801261	19.974125242185956
8.020080200802262	3.884935878492886
8.030080300803261	20.713576814892537
8.040080400804262	16.976263927769214
8.050080500805263	41.672194343408165
8.060080600806263	61.32590772729797
8.070080700807264	31.891943531789394
8.080080800808263	25.369588302656304
8.090080900809264	9.02836535963095
8.100081000810265	22.14269033790529
8.110081100811264	15.696018830323466
8.120081200812265	14.548499008487228
8.130081300813265	19.287807067826613
8.140081400814266	12.254001281674116
8.150081500815265	36.227357695550296
8.160081600816266	24.741860132305145
8.170081700817267	28.24976260743139
8.180081800818266	15.936028219550453
8.190081900819267	23.227577069445307
8.200082000820267	26.585986823646216
8.210082100821268	19.42883027825939
8.220082200822269	21.34160298545111
8.230082300823268	18.126974310846347
8.240082400824269	24.796962693025026
8.250082500825268	10.53484684071291
8.26008260082627	22.358690626060994
8.27008270082727	36.26770574269095
8.28008280082827	12.059284601476827
8.29008290082927	16.689202773003515
8.30008300083027	26.287451708130604
8.310083100831271	17.8238289069806
8.320083200832272	25.496925333898407
8.330083300833271	37.076377724709694
8.340083400834272	28.865371438384987
8.350083500835272	37.665569094981564
8.360083600836273	1.1888167676953902
8.370083700837274	26.520454037917872
8.380083800838273	39.86496183140582
8.390083900839274	57.29460280144998
8.400084000840273	38.54038526410676
8.410084100841274	39.94592918006088
8.420084200842275	59.64320319893881
8.430084300843275	28.247990145008494
8.440084400844276	49.82887956636146
8.450084500845275	49.542041196160156
8.460084600846276	41.38854018037111
8.470084700847277	12.26818360299444
8.480084800848276	54.57750427285521
8.490084900849277	27.76176682745055
8.500085000850277	49.461393482119746
8.510085100851278	11.830960772562188
8.520085200852279	53.64290410029656
8.530085300853278	39.06829909480696
8.540085400854279	42.10768896011619
8.550085500855278	27.916839954779793
8.56008560085628	42.56058551017541
8.57008570085728	33.80272997418065
8.58008580085828	19.06466423842034
8.59008590085928	21.276478414770267
8.60008600086028	18.94344379016238
8.610086100861281	11.43574818933287
8.62008620086228	10.7593836412519
8.630086300863281	43.68388458767917
8.640086400864282	43.33225858995697
8.650086500865282	32.50694996282143
8.660086600866283	43.99275195848454
8.670086700867282	46.39840600175608
8.680086800868283	24.83764838076896
8.690086900869284	26.302516576220373
8.700087000870283	2.5349964752102636
8.710087100871284	33.021388481605385
8.720087200872284	31.63762163538306
8.730087300873285	3.5005858964429284
8.740087400874286	32.555588246519484
8.750087500875285	6.500883966002902
8.760087600876286	23.597141103729115
8.770087700877285	27.946571884348458
8.780087800878286	22.781002305410954
8.790087900879287	28.31634274690538
8.800088000880287	25.391666108372267
8.810088100881288	24.529768972284625
8.820088200882287	23.300811554265007
8.830088300883288	27.06620649571393
8.840088400884289	24.87527837030525
8.850088500885288	19.06055491482582
8.86008860088629	23.544077728669
8.870088700887289	17.59689963163172
8.88008880088829	6.30998819054737
8.89008890088929	23.23429332388313
8.90008900089029	32.68804425612129
8.910089100891291	-5.105273474076753
8.92008920089229	28.81239557623218
8.930089300893291	30.900169394330316
8.940089400894292	35.83118178780545
8.950089500895292	34.00550851094658
8.960089600896293	60.092091535056234
8.970089700897292	7.644273951211674
8.980089800898293	-24.1164681553329
8.990089900899294	10.765646548638644
9.000090000900293	27.046057889072078
9.010090100901294	42.87516353227817
9.020090200902294	17.9244248484429
9.030090300903295	17.026616783439334
9.040090400904296	26.249805593917216
9.050090500905295	21.014794259028168
9.060090600906296	17.930770668917873
9.070090700907295	27.986010165318877
9.080090800908296	8.884791879798133
9.090090900909296	34.84970732038067
9.100091000910297	21.64098048019238
9.110091100911298	21.29315299213686
9.120091200912297	52.756931241181114
9.130091300913298	42.09247698139224
9.140091400914297	29.59848609805129
9.150091500915298	49.707929983678724
9.1600916009163	19.978198707905808
9.170091700917299	7.586347893854341
9.1800918009183	42.0850399530688
9.190091900919299	44.493690162354845
9.2000920009203	13.527161963649492
9.210092100921301	36.12819401306338
9.2200922009223	27.84662535163055
9.230092300923301	17.545683050183325
9.2400924009243	36.77255723695241
9.250092500925302	34.82494031164915
9.260092600926303	32.502977745175
9.270092700927302	40.787837097178915
9.280092800928303	14.34953051622279
9.290092900929302	14.491625475541028
9.300093000930303	26.677930683386723
9.310093100931304	23.04812120432723
9.320093200932304	3.2350981793874127
9.330093300933305	17.261663522922394
9.340093400934304	24.737802845919678
9.350093500935305	28.844419308341937
9.360093600936306	15.087889130896414
9.370093700937305	23.73400036911709
9.380093800938306	19.23526996283408
9.390093900939306	21.543184910617008
9.400094000940307	21.42891418374196
9.410094100941308	21.839203705281715
9.420094200942307	20.51773691147135
9.430094300943308	22.735485556080466
9.440094400944307	26.220666136195064
9.450094500945308	23.201539556546756
9.46009460094631	32.48621820938241
9.470094700947309	17.226084773732268
9.48009480094831	26.60534080101825
9.490094900949309	8.599243672293222
9.50009500095031	32.92642098312535
9.510095100951311	42.246852864005724
9.52009520095231	-4.047576188090143
9.530095300953311	27.1279356954971
9.54009540095431	42.87141627865996
9.550095500955312	41.96996057084265
9.560095600956311	30.018665774841065
9.570095700957312	35.497511581020206
9.580095800958313	20.332786879931373
9.590095900959312	23.10378673788336
9.600096000960313	18.790579008718975
9.610096100961313	44.035772286218865
9.620096200962314	45.979138733431036
9.630096300963315	42.43507540062644
9.640096400964314	45.93477321509667
9.650096500965315	44.56385388958317
9.660096600966314	36.53953463029689
9.670096700967315	15.964097126117379
9.680096800968316	44.21141044015461
9.690096900969316	49.40102451562782
9.700097000970317	54.282722720318425
9.710097100971316	50.98156421834475
9.720097200972317	19.059476655108785
9.730097300973318	2.5321643464966006
9.740097400974317	28.01358154075998
9.750097500975318	51.90252488966266
9.760097600976318	35.58531512657744
9.770097700977319	15.130681758940261
9.78009780097832	37.392635429660075
9.790097900979319	13.592944460901963
9.80009800098032	17.718549102200992
9.81009810098132	45.1603803009808
9.82009820098232	36.09393278462248
9.830098300983321	37.00977925547216
9.84009840098432	44.56664985985197
9.850098500985322	10.6111345335413
9.860098600986321	40.97566957759366
9.870098700987322	31.852969353562354
9.880098800988323	14.102411219570552
9.890098900989322	23.237059411466554
9.900099000990323	26.873040822608925
9.910099100991323	24.152478480807535
9.920099200992324	21.29055904376883
9.930099300993325	34.2247842718906
9.940099400994324	24.490113832673412
9.950099500995325	23.680376371405334
9.960099600996324	30.021574128411366
9.970099700997325	25.36073534065398
9.980099800998326	23.964773990716722
9.990099900999326	25.109687886038028
10.000100001000327	25.687276423330886
10.010100101001326	17.8627950114729
10.020100201002327	28.178534925444332
10.030100301003326	33.6873452336242
10.040100401004327	30.51889075904523
10.050100501005328	27.71912912796624
10.060100601006328	33.13218075348084
10.070100701007329	31.021311390291185
10.080100801008328	8.17631008329064
10.090100901009329	11.223971348374771
10.10010100101033	12.182657326413278
10.11010110101133	39.39029936710671
10.12010120101233	29.254314383918885
10.13010130101333	16.381382542586863
10.14010140101433	36.66624055853455
10.150101501015332	8.400900934577145
10.160101601016331	-6.480665907278877
10.170101701017332	20.744869877654573
10.180101801018331	34.17548696666966
10.190101901019332	51.66725608646887
10.200102001020333	31.15476394859026
10.210102101021333	31.71736141142957
10.220102201022334	37.14592439079247
10.230102301023333	34.67200497390269
10.240102401024334	38.10587740319798
10.250102501025335	13.837279376245267
10.260102601026334	39.15699091624092
10.270102701027335	44.206938007816056
10.280102801028335	52.313614163339864
10.290102901029336	21.614541408754626
10.300103001030337	20.113042360726055
10.310103101031336	36.04088036626089
10.320103201032337	40.75354609833386
10.330103301033336	29.91416958296684
10.340103401034337	26.35369112877339
10.350103501035338	21.549908733586317
10.360103601036338	30.38794566651771
10.370103701037339	50.54466367433942
10.380103801038338	15.615640856527056
10.390103901039339	21.08021478315756
10.40010400104034	23.75406546842431
10.41010410104134	0.08072496877870121
10.42010420104234	36.60121973029548
10.43010430104334	18.640197371113718
10.44010440104434	33.370878504337156
10.450104501045342	13.85436063304526
10.460104601046341	28.604356433613177
10.470104701047342	19.861133459543982
10.480104801048341	23.500689138265013
10.490104901049342	39.00280124722231
10.500105001050342	24.33037161631879
10.510105101051343	32.82017392552068
10.520105201052344	15.753179109097761
10.530105301053343	24.47809163956869
10.540105401054344	26.09729001253827
10.550105501055343	30.273250658160855
10.560105601056344	21.35285058842198
10.570105701057345	25.324533049267668
10.580105801058345	22.460560539435548
10.590105901059346	24.596090254157563
10.600106001060345	26.03339019997109
10.610106101061346	19.898442659570687
10.620106201062347	26.632471671854564
10.630106301063346	21.627328514791852
10.640106401064347	24.736606601103546
10.650106501065347	10.063868720881105
10.660106601066348	28.937137493164098
10.670106701067349	-26.161437821905416
10.680106801068348	7.435267467270059
10.690106901069349	30.043895109153087
10.700107001070348	39.94581355448273
10.71010710107135	37.99399716538856
10.72010720107235	-13.707927947002545
10.73010730107335	32.39098991196237
10.74010740107435	36.2313999986583
10.75010750107535	32.31840632124294
10.760107601076351	37.99688971536278
10.770107701077352	34.29693317427638
10.780107801078351	18.8223463869657
10.790107901079352	42.95375306354717
10.800108001080352	56.86205923126867
10.810108101081353	26.266443836647156
10.820108201082354	54.51026698934317
10.830108301083353	54.09767615021284
10.840108401084354	40.73557385372257
10.850108501085353	29.02978824381205
10.860108601086354	18.521833287833342
10.870108701087355	17.174971634924763
10.880108801088355	35.960694344217885
10.890108901089356	25.945653380445375
10.900109001090355	34.75853868989605
10.910109101091356	39.85792870264968
10.920109201092357	9.704552648622643
10.930109301093356	25.12449646814606
10.940109401094357	61.76640632805778
10.950109501095357	29.62529553464573
10.960109601096358	26.84390053182506
10.970109701097357	23.458143671066065
10.980109801098358	44.61078739008453
10.990109901099359	19.60812103674374
11.000110001100358	14.219799073088529
11.01011010110136	48.162548791237654
11.020110201102359	14.727179410706349
11.03011030110336	25.669263743662537
11.04011040110436	-3.3717436406053305
11.05011050110536	24.09649526114208
11.060110601106361	25.26308518089739
11.07011070110736	12.222951521773084
11.080110801108361	9.437473716469222
11.090110901109362	43.50004770357993
11.100111001110362	40.354889375958194
11.110111101111363	26.140694457285253
11.120111201112362	32.96108691920154
11.130111301113363	20.63333290949046
11.140111401114364	21.77843516366181
11.150111501115363	24.48816180569848
11.160111601116364	20.87107693906734
11.170111701117364	22.19262756893149
11.180111801118365	21.077552943017523
11.190111901119366	18.191899036873608
11.200112001120365	21.136644718895308
11.210112101121366	31.341130369017282
11.220112201122365	35.04814308184128
11.230112301123366	24.91925105101886
11.240112401124367	11.393344071816001
11.250112501125367	10.526021987715351
11.260112601126368	30.299518681084468
11.270112701127367	26.952736389580128
11.280112801128368	23.93016915237605
11.290112901129369	46.28198205961124
11.300113001130368	24.173579675397576
11.31011310113137	54.38073494787457
11.320113201132369	15.820552430502254
11.33011330113337	46.66053471075111
11.34011340113437	42.1573274885608
11.35011350113537	24.755166397407113
11.360113601136371	37.22402990269119
11.37011370113737	12.086471773672791
11.380113801138371	32.92364939822515
11.390113901139372	14.390884488424483
11.400114001140372	30.282398593400714
11.410114101141373	9.607447291937385
11.420114201142372	36.95122565772881
11.430114301143373	-10.085654329176414
11.440114401144372	42.98974317492834
11.450114501145373	39.072190599273156
11.460114601146374	39.62248504469761
11.470114701147374	31.49841215230317
11.480114801148375	19.672014907486318
11.490114901149374	22.490049527304304
11.500115001150375	28.947229746273447
11.510115101151376	42.03918977886708
11.520115201152375	34.381024674819855
11.530115301153376	35.83784825577193
11.540115401154376	18.559583962099307
11.550115501155377	7.838456634461484
11.560115601156378	29.829936426333774
11.570115701157377	38.48315905572197
11.580115801158378	3.378975012754039
11.590115901159377	39.00458476678808
11.600116001160378	20.562522556784142
11.61011610116138	7.812739139877869
11.620116201162379	28.495784144536874
11.63011630116338	23.762554540904926
11.640116401164379	16.69056537983243
11.65011650116538	32.163107306899235
11.660116601166381	31.51498421318854
11.67011670116738	24.372618107951297
11.680116801168381	33.485124643619024
11.69011690116938	26.262370983246175
11.700117001170382	27.298145108350987
11.710117101171383	27.43013841567688
11.720117201172382	31.43274717666176
11.730117301173383	27.930716314897126
11.740117401174382	20.028932548806715
11.750117501175383	24.374010265246493
11.760117601176384	24.08577733343499
11.770117701177384	26.316566582150102
11.780117801178385	23.801744041619624
11.790117901179384	25.44734575555276
11.800118001180385	11.60096219640501
11.810118101181386	22.636726999601546
11.820118201182385	31.479733227467595
11.830118301183386	18.493670061925243
11.840118401184386	22.103856095549176
11.850118501185387	31.424595168014434
11.860118601186388	47.0193620551197
11.870118701187387	22.725430087297923
11.880118801188388	8.388143117682347
11.890118901189387	49.26572412363713
11.900119001190388	9.616103234120953
11.910119101191388	32.6366609047462
11.920119201192389	25.753485908302903
11.93011930119339	53.828552330543005
11.940119401194389	9.73816300407465
11.95011950119539	35.97167795339543
11.96011960119639	54.20301832587159
11.97011970119739	24.489536741031507
11.980119801198391	38.76493098513154
11.99011990119939	47.56746825321173
12.000120001200392	85.91157202345397
12.010120101201391	15.580690690435432
12.020120201202392	33.721630916460775
12.030120301203393	45.32282154599024
12.040120401204392	56.32806240232772
12.050120501205393	50.7977392100436
12.060120601206393	31.46585027052585
12.070120701207394	5.582573387380092
12.080120801208395	32.295326250617194
12.090120901209394	33.23107975415453
12.100121001210395	52.50923943661603
12.110121101211394	21.56626521159778
12.120121201212395	33.601957129918354
12.130121301213396	34.771789015624016
12.140121401214396	8.55520691919568
12.150121501215397	35.790717565895484
12.160121601216396	31.54974663622321
12.170121701217397	27.62780043486192
12.180121801218398	41.58996221146982
12.190121901219397	30.74573396351548
12.200122001220398	28.064276542917966
12.210122101221398	20.99226811519371
12.220122201222399	20.1070762723227
12.2301223012234	12.23371875742128
12.240122401224399	42.39912327769594
12.2501225012254	46.411846209453444
12.2601226012264	33.33070288509942
12.2701227012274	28.630320770427865
12.280122801228401	28.851518665350977
12.2901229012294	39.9545101769214
12.300123001230402	22.142919975685032
12.310123101231401	22.55403262735602
12.320123201232402	20.098525457497264
12.330123301233403	22.683605328573744
12.340123401234402	23.815773322671088
12.350123501235403	23.644283749170995
12.360123601236403	24.372088098446053
12.370123701237404	26.52169573879585
12.380123801238403	25.15506531636138
12.390123901239404	15.072870187631288
12.400124001240405	33.8175272237934
12.410124101241404	22.73797960704015
12.420124201242405	20.420341754587227
12.430124301243405	39.19673874001056
12.440124401244406	15.887652182317108
12.450124501245407	40.545507940990376
12.460124601246406	20.654112525333552
12.470124701247407	30.000563344128494
12.480124801248406	18.864095648404106
12.490124901249407	8.32927890112534
12.500125001250408	16.597017479285505
12.510125101251408	19.618438145203505
12.520125201252409	36.87527459185364
12.530125301253408	8.504103103793144
12.540125401254409	42.569958777210154
12.55012550125541	21.184014042640303
12.56012560125641	32.51031409851255
12.57012570125741	23.65180967913397
12.58012580125841	29.14247497822105
12.59012590125941	30.405276751414625
12.600126001260412	22.27558352397742
12.610126101261411	54.14473940541333
12.620126201262412	46.11400443771987
12.630126301263411	31.65761731562916
12.640126401264412	23.89669836938203
12.650126501265413	45.037128708083536
12.660126601266413	34.2076458168209
12.670126701267414	18.887532501939887
12.680126801268413	30.560860373542923
12.690126901269414	34.80429270153664
12.700127001270415	38.622627362836354
12.710127101271414	52.70209061521066
12.720127201272415	15.550234261420972
12.730127301273415	26.26890313839276
12.740127401274416	47.600497679628006
12.750127501275417	25.56524312937108
12.760127601276416	31.863908570615553
12.770127701277417	30.314009600731374
12.780127801278416	18.59783919220258
12.790127901279417	6.025254940056241
12.800128001280417	18.230305199838565
12.810128101281418	43.278820657886484
12.820128201282419	24.514925920969283
12.830128301283418	13.62177100244126
12.840128401284419	22.456237472718296
12.850128501285418	38.42896855638781
12.86012860128642	12.635937586431583
12.87012870128742	39.762915656818116
12.88012880128842	17.100391007375496
12.89012890128942	26.071727724260377
12.90012900129042	26.71389736837886
12.910129101291421	23.155037325771406
12.920129201292422	17.984107301737303
12.930129301293421	24.144572632002856
12.940129401294422	23.634228961629834
12.950129501295422	25.821785000576657
12.960129601296423	23.21581332058473
12.970129701297424	23.80380704245991
12.980129801298423	26.6354692459558
12.990129901299424	28.83927772194837
13.000130001300423	18.186716050909425
13.010130101301424	37.42314909637215
13.020130201302425	12.067389529314735
13.030130301303425	25.87142369493144
13.040130401304426	24.237737550009175
13.050130501305425	38.17398760706532
13.060130601306426	32.418788639517686
13.070130701307427	24.707357097532444
13.080130801308426	37.74793048299761
13.090130901309427	20.971160840435886
13.100131001310427	75.70539899209983
13.110131101311428	-7.704825467880401
13.120131201312429	31.877623888426562
13.130131301313428	40.26898477913353
13.140131401314429	20.430649944239896
13.150131501315428	35.80464899886754
13.16013160131643	26.166285719303232
13.17013170131743	47.245057494556534
13.18013180131843	-3.396977152865383
13.19013190131943	50.58976741519806
13.20013200132043	-12.229331788615152
13.210132101321431	44.82857286389441
13.220132201322432	45.50051960026666
13.230132301323431	27.50057631389661
13.240132401324432	32.35739161590394
13.250132501325432	27.076297263280654
13.260132601326433	67.72721653656424
13.270132701327432	34.78655824776067
13.280132801328433	20.847038707849848
13.290132901329434	24.472693677045118
13.300133001330433	33.882282587970806
13.310133101331434	25.53075063741611
13.320133201332434	49.11161510689626
13.330133301333435	28.69392967805204
13.340133401334436	46.36112853458803
13.350133501335435	40.558712360049796
13.360133601336436	37.59475277046173
13.370133701337435	21.260972559992116
13.380133801338436	15.483815381424876
13.390133901339437	31.04288129240898
13.400134001340437	33.22553442907038
13.410134101341438	14.346118241684179
13.420134201342437	39.499369922132225
13.430134301343438	15.569387937979231
13.440134401344439	27.745380888829814
13.450134501345438	32.30068205301744
13.46013460134644	30.437364808038176
13.470134701347439	25.24628660914987
13.48013480134844	12.01396171335056
13.49013490134944	26.808910008117895
13.50013500135044	24.322834729397407
13.510135101351441	23.5102926391601
13.52013520135244	24.53116225166713
13.530135301353441	23.745417496975612
13.540135401354442	24.682478300183508
13.550135501355442	23.091492362241464
13.560135601356443	28.2141347948922
13.570135701357442	28.990312081397946
13.580135801358443	19.24755902619332
13.590135901359444	15.073415108057166
13.600136001360443	16.812051145526347
13.610136101361444	24.599403331597973
13.620136201362444	11.120514950278414
13.630136301363445	33.12945660689059
13.640136401364446	19.812877218444026
13.650136501365445	27.178882477781613
13.660136601366446	22.010611188948257
13.670136701367445	2.630069945359163
13.680136801368446	35.920994105090976
13.690136901369447	22.233370895476494
13.700137001370447	43.25235412105562
13.710137101371448	5.569820896666553
13.720137201372447	38.21829828806102
13.730137301373448	24.93735848048966
13.740137401374447	40.085709246359094
13.750137501375448	41.209684788122566
13.76013760137645	5.509953700517875
13.770137701377449	38.34458171729812
13.78013780137845	40.60753075716421
13.790137901379449	39.10885494720012
13.80013800138045	27.245358318096592
13.810138101381451	46.76536679422641
13.82013820138245	28.541913436075472
13.830138301383451	32.53350650328876
13.84013840138445	3.3151571325989853
13.850138501385452	20.022886867565248
13.860138601386453	37.96667809967414
13.870138701387452	41.884084031466536
13.880138801388453	22.06737542851614
13.890138901389452	56.763726752777096
13.900139001390453	21.45396788401842
13.910139101391454	43.482876846303036
13.920139201392454	40.917634965474775
13.930139301393455	28.389938191455855
13.940139401394454	35.79391002794063
13.950139501395455	22.905277938062394
13.960139601396456	34.06705839928558
13.970139701397455	29.797978441618383
13.980139801398456	32.489597895750094
13.990139901399456	14.76919206084401
14.000140001400457	38.36070574020764
14.010140101401458	10.53723068016234
14.020140201402457	35.56830255471253
14.030140301403458	25.45449019062235
14.040140401404457	31.355472136712038
14.050140501405458	18.01764930724952
14.06014060140646	27.84282633593981
14.070140701407459	27.50249165389143
14.08014080140846	31.945734313121033
14.090140901409459	21.313206334769415
14.10014100141046	23.0883174496507
14.110141101411461	23.89468311271308
14.12014120141246	24.395706983372616
14.130141301413461	24.60113894989692
14.14014140141446	26.98045734348843
14.150141501415462	26.52102204144243
14.160141601416463	26.036881792710556
14.170141701417462	4.48415396413714
14.180141801418463	18.384991336188502
14.190141901419462	11.095568036881954
14.200142001420463	33.59068397644177
14.210142101421463	36.405193808890665
14.220142201422464	43.05786230127956
14.230142301423465	31.591387024612654
14.240142401424464	46.97129248195253
14.250142501425465	43.18408715611294
14.260142601426464	11.729043211087994
14.270142701427465	30.53275727773437
14.280142801428466	11.975140003735875
14.290142901429466	33.03156272374983
14.300143001430467	0.6031309925065041
14.310143101431466	19.724662389656505
14.320143201432467	39.95081612754482
14.330143301433468	41.982475231055915
14.340143401434467	44.03090222440566
14.350143501435468	36.01850670171356
14.360143601436468	42.34497901600834
14.370143701437469	16.352826040662357
14.38014380143847	20.462813610021986
14.390143901439469	49.79940976138597
14.40014400144047	45.219555167972594
14.41014410144147	34.01059199545644
14.42014420144247	15.979269714857258
14.430144301443471	15.389187958873094
14.44014440144447	30.814915939905333
14.450144501445472	55.242660383361844
14.460144601446471	19.728616749317606
14.470144701447472	34.84777059413049
14.480144801448473	32.49129158904362
14.490144901449472	28.664877086980347
14.500145001450473	39.846382106552944
14.510145101451473	15.132258255538721
14.520145201452474	42.80520567506857
14.530145301453475	10.34209636938689
14.540145401454474	42.40798623361479
14.550145501455475	28.641974456634493
14.560145601456474	34.979116947731846
14.570145701457475	39.24495203850877
14.580145801458476	21.10515763722748
14.590145901459476	35.15916730389527
14.600146001460477	18.727104673095543
14.610146101461476	27.219674882947242
14.620146201462477	35.33990124160776
14.630146301463478	37.761494566699405
14.640146401464477	-20.934115419977424
14.650146501465478	21.7214435729007
14.660146601466478	26.169087898961806
14.670146701467479	25.824084407092023
14.680146801468478	21.672148195513078
14.690146901469479	23.523358239868614
14.70014700147048	23.115809590416866
14.71014710147148	23.325206605620416
14.72014720147248	19.66748235818951
14.73014730147348	20.55988966037704
14.74014740147448	23.65473237369193
14.750147501475482	9.249431964005062
14.760147601476481	31.93239542327317
14.770147701477482	17.17967608907098
14.780147801478481	26.40054355536431
14.790147901479482	35.61317439096088
14.800148001480483	28.609580792713775
14.810148101481483	4.6248810842112125
14.820148201482484	10.431553880166614
14.830148301483483	24.150635900197628
14.840148401484484	25.318520145742937
14.850148501485485	22.347588087842624
14.860148601486484	22.828477134930605
14.870148701487485	29.572068935046186
14.880148801488485	39.750890121712054
14.890148901489486	23.252986937707217
14.900149001490487	34.61598352670628
14.910149101491486	21.101557377099553
14.920149201492487	19.71688354301961
14.930149301493486	15.326448132597298
14.940149401494487	31.65700163384427
14.950149501495488	51.76034815487114
14.960149601496488	31.422152112048597
14.970149701497489	41.109522377831816
14.980149801498488	12.236878291021208
14.990149901499489	45.83794863214498
