0.0	nan
0.010000100001000326	-5.119878692896001
0.020000200002000652	7.475248759863253
0.03000030000300098	-7.682013257732986
0.040000400004001305	-14.830521019983742
0.05000050000500163	-9.369030890704357
0.06000060000600196	-4.410193541648057
0.07000070000700229	-8.948921966478489
0.08000080000800261	1.8570584215966601
0.09000090000900293	0.401559578386218
0.10000100001000325	-1.785819727332763
0.11000110001100359	0.27352385193427853
0.12000120001200391	2.214208754033568
0.13000130001300425	2.1487061591861614
0.14000140001400457	2.078448574599955
0.1500015000150049	2.967826613929882
0.16000160001600522	0.9012992011982481
0.17000170001700554	7.335902763596501
0.18000180001800586	5.708329900946373
0.1900019000190062	6.460812430063604
0.2000020000200065	9.388807282978169
0.21000210002100686	6.923308419376321
0.22000220002200718	14.030500779571442
0.2300023000230075	8.787898592308846
0.24000240002400783	11.902316473845362
0.2500025000250082	9.313180612132838
0.2600026000260085	10.80886083034166
0.2700027000270088	10.625263345748486
0.28000280002800915	10.582904039005385
0.29000290002900947	10.56113128321135
0.3000030000300098	10.225429465062248
0.3100031000310101	10.110186669779859
0.32000320003201044	10.185409548821216
0.33000330003301076	10.303703436956033
0.3400034000340111	9.521981741275493
0.3500035000350114	10.851255431580404
0.36000360003601173	11.549849088496321
0.37000370003701205	11.94337580971101
0.3800038000380124	11.698504240579673
0.3900039000390127	12.341400613338347
0.400004000040013	13.127831288203692
0.4100041000410134	13.765039363671558
0.4200042000420137	14.05272899573225
0.43000430004301404	14.738678337587404
0.44000440004401437	15.311721506103503
0.4500045000450147	15.371933692827294
0.460004600046015	16.331430819087863
0.47000470004701533	16.86376531476799
0.48000480004801566	16.942745631053405
0.490004900049016	16.31423325779681
0.5000050000500164	16.028731231332717
0.5100051000510166	16.565585770574618
0.520005200052017	15.998724337536258
0.5300053000530173	15.771850601791787
0.5400054000540176	14.787365269573542
0.5500055000550179	15.90686124929332
0.5600056000560183	14.977355320055533
0.5700057000570186	14.819752582897966
0.5800058000580189	15.342273179774322
0.5900059000590192	15.724366838370509
0.6000060000600196	16.345778370255438
0.6100061000610199	16.25185021876602
0.6200062000620202	16.708124772216653
0.6300063000630205	17.212971773180556
0.6400064000640209	17.8557627005088
0.6500065000650213	17.786494891654943
0.6600066000660215	18.64770952306272
0.6700067000670219	18.64694830240479
0.6800068000680222	19.53298664217839
0.6900069000690225	18.92152266096055
0.7000070000700228	19.389136426250488
0.7100071000710232	19.55187901267475
0.7200072000720235	19.657518562615557
0.7300073000730238	19.801157940543515
0.7400074000740241	19.78973432716763
0.7500075000750245	20.010949436393588
0.7600076000760247	20.356234925005797
0.7700077000770251	20.86530093062705
0.7800078000780254	20.4628689203688
0.7900079000790258	20.82810635796002
0.800008000080026	21.415891031175402
0.8100081000810264	21.863861314736006
0.8200082000820268	22.53331334636063
0.8300083000830271	23.33109938118248
0.8400084000840274	23.301137912136443
0.8500085000850277	24.115772728225725
0.8600086000860281	24.14339711302945
0.8700087000870284	25.14712820391488
0.8800088000880287	25.197263936260203
0.890008900089029	25.32988572861042
0.9000090000900294	26.24802019725903
0.9100091000910296	26.46686745426138
0.92000920009203	26.29590446949917
0.9300093000930303	26.682683053093626
0.9400094000940307	27.50463924228401
0.9500095000950309	27.41192442886612
0.9600096000960313	27.687611572212674
0.9700097000970317	28.029602200199562
0.980009800098032	29.151963623828124
0.9900099000990323	28.281923583482723
1.0000100001000327	29.617725589690817
1.0100101001010329	30.00352501478512
1.0200102001020332	37.86855562337975
1.0300103001030336	31.4084608619473
1.040010400104034	32.41027054186401
1.0500105001050342	33.27201867003242
1.0600106001060345	33.53095634009811
1.070010700107035	33.86375656993776
1.0800108001080353	34.107761792542114
1.0900109001090355	35.494216863747596
1.1000110001100358	26.036702826081143
1.1100111001110362	35.678875958017024
1.1200112001120366	36.37761565452153
1.130011300113037	36.13247741546657
1.1400114001140371	38.451065178992785
1.1500115001150375	38.32722732302891
1.1600116001160379	37.8760411191309
1.1700117001170383	41.48373854149623
1.1800118001180384	41.893705493821926
1.1900119001190388	42.403165057217514
1.2000120001200392	43.64292538066385
1.2100121001210395	39.886917816614876
1.2200122001220397	45.339516174439176
1.23001230012304	42.29493499907447
1.2400124001240405	46.80435065714746
1.2500125001250408	46.36494795912086
1.260012600126041	47.32648933681834
1.2700127001270414	47.23244041077782
1.2800128001280418	48.31672593210317
1.2900129001290421	48.516881127586586
1.3000130001300425	50.45999126221323
1.3100131001310427	50.07796777122393
1.320013200132043	48.25090301273838
1.3300133001330434	52.157279347025735
1.3400134001340438	53.47241324651448
1.350013500135044	53.346018350092564
1.3600136001360443	54.34904276039933
1.3700137001370447	55.0473875009889
1.380013800138045	56.79711073829025
1.3900139001390452	57.54814654271897
1.4000140001400456	58.10490884128898
1.410014100141046	50.405273733868164
1.4200142001420464	61.30187829231357
1.4300143001430465	62.127883141892944
1.440014400144047	61.29865757726315
1.4500145001450473	62.531562260662845
1.4600146001460477	65.47060459706941
1.470014700147048	67.84128338599179
1.4800148001480482	68.0199847249544
1.4900149001490486	67.51779224490316
1.500015000150049	71.50156238945442
1.5100151001510493	72.72151082160396
1.5200152001520495	73.88803971855432
1.5300153001530499	72.6503185735048
1.5400154001540503	77.75390769683837
1.5500155001550506	75.66954345729623
1.5600156001560508	75.22950809276011
1.5700157001570512	81.27156284338838
1.5800158001580515	89.66451416408931
1.590015900159052	89.69585383889854
1.600016000160052	82.2247395964621
1.6100161001610525	89.38468877439819
1.6200162001620528	101.20630588343802
1.6300163001630532	99.85896726298897
1.6400164001640536	82.36297124625376
1.6500165001650537	73.08594668528431
1.6600166001660541	28.246570563901706
1.6700167001670545	13.741904898995179
1.6800168001680549	63.730946824668266
1.690016900169055	81.75665115116804
1.7000170001700554	89.3230787614343
1.7100171001710558	87.92161790435271
1.7200172001720562	49.49036187854763
1.7300173001730563	90.7178567771177
1.7400174001740567	92.7583269615145
1.750017500175057	104.65667144321506
1.7600176001760575	104.20393347176221
1.7700177001770578	87.18059476368833
1.780017800178058	89.64361680352359
1.7900179001790584	98.35640442683946
1.8000180001800588	89.68752091961076
1.8100181001810591	87.81988840651994
1.8200182001820593	90.53216850587796
1.8300183001830597	101.08265980189057
1.84001840018406	104.240096275809
1.8500185001850604	90.32238796509039
1.8600186001860606	84.68698115778538
1.870018700187061	70.35582467530823
1.8800188001880613	97.67322732908062
1.8900189001890617	99.55710120867292
1.9000190001900619	81.82050464301146
1.9100191001910622	89.76485011095603
1.9200192001920626	90.87100943481119
1.930019300193063	88.78820605786956
1.9400194001940634	74.73288703709933
1.9500195001950635	82.23402957739881
1.960019600196064	104.3480167427337
1.9700197001970643	97.0558083797493
1.9800198001980647	79.39676172680534
1.9900199001990648	98.04953598314295
2.0000200002000654	105.22214930392313
2.0100201002010656	87.4803014622445
2.0200202002020657	93.7937165294787
2.0300203002030663	83.18891814104343
2.0400204002040665	79.36380441073274
2.0500205002050667	91.79356690910585
2.0600206002060673	96.95537580149079
2.0700207002070674	78.96741371658918
2.080020800208068	75.71449154149751
2.090020900209068	90.398187476348
2.1000210002100683	71.47270591348227
2.110021100211069	76.12169820268197
2.120021200212069	70.77105357400228
2.1300213002130697	88.65188522008248
2.14002140021407	84.76917923887696
2.15002150021507	74.30828223818573
2.1600216002160706	58.575015180262845
2.1700217002170707	75.70010901143546
2.180021800218071	64.44160390718066
2.1900219002190715	54.789301785602
2.2000220002200717	44.01345936934231
2.2100221002210723	76.3699948770938
2.2200222002220724	47.81106414119462
2.2300223002230726	63.39710041482992
2.240022400224073	67.85239930522427
2.2500225002250733	65.09162004283992
2.260022600226074	38.78048513427686
2.270022700227074	23.24597470783876
2.2800228002280742	21.352586558289904
2.290022900229075	38.65156176687275
2.300023000230075	48.54054465506407
2.310023100231075	57.038934131258756
2.3200232002320758	61.64567480569979
2.330023300233076	56.75298815413853
2.3400234002340765	71.52679210215908
2.3500235002350767	69.26407942078845
2.360023600236077	67.50088478386226
2.3700237002370774	55.29477792664818
2.3800238002380776	69.38831831973326
2.3900239002390777	61.588073915476635
2.4000240002400783	56.93753297631617
2.4100241002410785	68.25425406911297
2.420024200242079	74.58866635557708
2.4300243002430792	72.45800249393528
2.4400244002440794	60.549718207655886
2.45002450024508	75.59877399028356
2.46002460024608	62.67805230064287
2.4700247002470808	67.43329259825924
2.480024800248081	82.15532721545236
2.490024900249081	78.86097268870115
2.5000250002500817	75.95848177434449
2.510025100251082	75.93682214932217
2.520025200252082	72.56077580937266
2.5300253002530826	95.76994218707905
2.5400254002540827	87.01143327832568
2.5500255002550833	69.34996006795598
2.5600256002560835	71.52544686028565
2.5700257002570837	99.31497785508449
2.5800258002580843	78.193343315783
2.5900259002590844	66.72291133766922
2.600026000260085	82.71654001265095
2.610026100261085	82.66770917839989
2.6200262002620853	56.37717366693562
2.630026300263086	44.86463964901109
2.640026400264086	36.45692687526717
2.6500265002650862	48.827585854848394
2.660026600266087	50.11745943390832
2.670026700267087	52.53617039284788
2.6800268002680876	66.49738058587431
2.6900269002690878	48.77159593440823
2.700027000270088	59.07812762310555
2.7100271002710885	56.280219815209705
2.7200272002720887	61.42854085251155
2.7300273002730893	52.46767636743152
2.7400274002740894	48.959499152626215
2.7500275002750896	57.289219720637696
2.76002760027609	52.75519961486773
2.7700277002770903	14.828037208331137
2.7800278002780905	16.654446924898544
2.790027900279091	10.21374819799743
2.8000280002800912	23.146348248798173
2.810028100281092	33.72150689122793
2.820028200282092	36.20360968930258
2.830028300283092	23.8931726841204
2.8400284002840928	1.3577477116647547
2.850028500285093	22.788152772489283
2.860028600286093	21.016933535301092
2.8700287002870937	12.051001886136119
2.880028800288094	7.340700645671999
2.8900289002890944	10.04724747093059
2.9000290002900946	7.861744400472702
2.9100291002910947	-9.616237700596747
2.9200292002920953	0.6713999174403454
2.9300293002930955	21.29361485261896
2.940029400294096	28.04865495948157
2.9500295002950963	20.25860107668553
2.9600296002960964	0.927789488679019
2.970029700297097	29.61365003749373
2.980029800298097	22.63740547993386
2.9900299002990973	27.606630329476076
3.000030000300098	15.203742742713855
3.010030100301098	38.41722512111266
3.0200302003020987	25.475051862269094
3.030030300303099	28.166842174973137
3.040030400304099	35.322101850424446
3.0500305003050996	24.390508697913017
3.0600306003060997	14.69328131774545
3.0700307003071003	34.275894912651374
3.0800308003081005	18.221466679427735
3.0900309003091007	9.570004111393223
3.1000310003101013	20.785566457805885
3.1100311003111014	21.12194639332917
3.1200312003121016	49.258599344766665
3.130031300313102	8.821602712168142
3.1400314003141023	47.70968101203536
3.150031500315103	4.466187573481243
3.160031600316103	26.104954258359655
3.1700317003171032	33.80288071344982
3.180031800318104	38.002576168919504
3.190031900319104	12.456565177656993
3.200032000320104	46.41052310397283
3.2100321003211048	42.222571058247404
3.220032200322105	22.8275287190043
3.2300323003231055	30.044999400181688
3.2400324003241057	45.87660889625669
3.250032500325106	35.86819182278354
3.2600326003261064	25.45919721894305
3.2700327003271066	41.02060549371088
3.280032800328107	27.80788975225951
3.2900329003291073	52.387206492582244
3.3000330003301075	22.391997443706288
3.310033100331108	25.565955173359214
3.3200332003321082	39.53831051240143
3.3300333003331084	23.527432932883123
3.340033400334109	15.52591260826843
3.350033500335109	40.94283681571698
3.3600336003361098	38.50108597230666
3.37003370033711	31.500768032729
3.38003380033811	26.18291839021965
3.3900339003391107	24.93637010355043
3.400034000340111	37.40513541606719
3.4100341003411114	23.64906902951835
3.4200342003421116	-4.144595190877007
3.4300343003431117	22.036518094497364
3.4400344003441123	25.47711772310254
3.4500345003451125	17.881454462850556
3.4600346003461127	10.083189897528777
3.4700347003471133	7.251768715301995
3.4800348003481134	13.382056743765082
3.490034900349114	8.385777303655797
3.500035000350114	14.575516924323999
3.5100351003511143	24.74149193892869
3.520035200352115	26.937915363678773
3.530035300353115	19.725562336224954
3.5400354003541157	-3.0722041239606783
3.550035500355116	39.44284555709328
3.560035600356116	33.737904668261926
3.5700357003571166	32.54044674464241
3.5800358003581167	31.658108946029085
3.590035900359117	34.05135488351177
3.6000360003601175	27.708336933472385
3.6100361003611177	29.178150794300027
3.6200362003621183	35.31496578094269
3.6300363003631184	27.668887424484787
3.6400364003641186	38.279528395877804
3.650036500365119	23.008198319548146
3.6600366003661193	28.508314038060032
3.6700367003671195	3.132387477716126
3.68003680036812	26.94403967095564
3.6900369003691202	34.23529188417012
3.700037000370121	38.760941179133
3.710037100371121	48.80091937635923
3.720037200372121	50.72925865750053
3.7300373003731218	10.284211436067082
3.740037400374122	56.06388890883937
3.7500375003751225	57.214518348483544
3.7600376003761227	48.12668516392406
3.770037700377123	40.83863464922372
3.7800378003781234	48.129121923255916
3.7900379003791236	49.41294410602107
3.8000380003801237	30.844601679228706
3.8100381003811243	44.17718250394537
3.8200382003821245	-7.234082499895672
3.830038300383125	51.71930616942151
3.8400384003841253	23.42716548095982
3.8500385003851254	51.43214385557202
3.860038600386126	41.89911879755864
3.870038700387126	35.99505783213647
3.8800388003881268	20.377502063670633
3.890038900389127	45.33544401234533
3.900039000390127	36.66103236854167
3.9100391003911277	33.352733906529274
3.920039200392128	34.43053952892502
3.930039300393128	34.68426800639984
3.9400394003941286	29.531173518131745
3.9500395003951287	21.809466033655216
3.9600396003961293	25.91186857667722
3.9700397003971295	0.976958468771999
3.9800398003981297	13.619170510006743
3.9900399003991303	11.84505117254482
4.000040000400131	14.138707312034953
4.010040100401131	18.41840810863495
4.020040200402131	-19.403920465484994
4.030040300403131	6.351927641726195
4.0400404004041315	24.999102643401734
4.0500405004051325	19.035966493734666
4.060040600406133	7.687843304278373
4.070040700407133	9.403547087016841
4.080040800408133	9.679929988582897
4.090040900409133	2.3146834588236467
4.100041000410133	6.49116743869988
4.110041100411134	14.426151109063655
4.1200412004121345	24.327872268678938
4.130041300413135	-3.665158326222437
4.140041400414135	9.65279467472453
4.150041500415135	16.7863671321813
4.160041600416136	16.027412543539466
4.170041700417136	12.374732239321427
4.180041800418136	30.84071937701363
4.1900419004191365	-4.501218013469564
4.200042000420137	26.389333455712723
4.210042100421138	25.594601393480577
4.220042200422138	-29.015863511577905
4.230042300423138	37.421114310841084
4.240042400424138	25.94105393659859
4.250042500425138	15.154870222850782
4.260042600426139	18.94907666702739
4.2700427004271395	7.596055707222745
4.28004280042814	14.809997117750163
4.29004290042914	0.2975137474444847
4.30004300043014	11.424529675196991
4.31004310043114	33.09599604296379
4.320043200432141	18.713171684660118
4.330043300433141	17.030409781044447
4.3400434004341415	27.02078107372262
4.350043500435142	21.972239404688672
4.360043600436142	39.081861725375845
4.370043700437143	22.429862462684067
4.380043800438143	27.753422329959353
4.390043900439143	33.77757526829235
4.400044000440143	28.545938105131256
4.4100441004411435	26.560379988544092
4.4200442004421445	27.600139955774523
4.430044300443145	30.47335602164318
4.440044400444145	32.92768530483133
4.450044500445145	22.06244019459085
4.460044600446145	25.39533938502662
4.470044700447146	29.907002790095763
4.480044800448146	11.373966870770516
4.4900449004491465	1.4815230159136181
4.500045000450147	11.86042756517668
4.510045100451147	30.06842970120487
4.520045200452148	11.66723871236212
4.530045300453148	5.6298418314309515
4.540045400454148	22.32847064059567
4.550045500455148	2.9281618001352743
4.5600456004561485	26.472022004479378
4.570045700457149	-8.512312025902995
4.58004580045815	18.201799091567686
4.59004590045915	26.721184430804943
4.60004600046015	4.898297749921875
4.61004610046115	8.485814108639303
4.62004620046215	5.991282993772295
4.630046300463151	20.16168187251623
4.6400464004641515	18.155815300827648
4.650046500465152	14.251669783307088
4.660046600466152	10.611099097596705
4.670046700467152	11.471701437093731
4.680046800468153	11.039592459436756
4.690046900469153	10.707624968561165
4.700047000470153	16.505156421462466
4.7100471004711535	15.622292497900046
4.720047200472154	19.216652988001037
4.730047300473155	11.541228373516201
4.740047400474155	13.510395382390968
4.750047500475155	11.7538738359637
4.760047600476155	21.41239596735202
4.770047700477155	24.890633662771098
4.7800478004781555	19.482571995352302
4.7900479004791565	23.398046279063095
4.800048000480157	25.302351900405576
4.810048100481157	15.156733394215285
4.820048200482157	18.696200335479446
4.830048300483157	-2.079325167190608
4.840048400484158	32.528999524044174
4.850048500485158	21.901803744993128
4.8600486004861585	0.4441124266080657
4.870048700487159	36.65500037217119
4.880048800488159	16.194502223775416
4.89004890048916	14.97327422914807
4.90004900049016	17.95792908206101
4.91004910049116	25.10153891957809
4.92004920049216	14.337624659944877
4.9300493004931605	9.925947211603898
4.9400494004941615	37.82187677919988
4.950049500495162	34.08750054204663
4.960049600496162	5.811778955582453
4.970049700497162	23.4816636947984
4.980049800498162	6.749834702394683
4.990049900499163	38.14763421914796
5.000050000500163	23.62700310616125
5.0100501005011635	29.124083904858818
5.020050200502164	36.53920090505439
5.030050300503164	33.38692248971076
5.040050400504164	30.600331162541778
5.050050500505165	12.632566094225767
5.060050600506165	7.40736567329377
5.070050700507165	20.390126995628695
5.0800508005081655	25.242728543456252
5.090050900509166	31.91846736888183
5.100051000510167	25.594678167723604
5.110051100511167	34.13636841756498
5.120051200512167	7.142682580052108
5.130051300513167	25.774132374658265
5.140051400514167	22.00726185038573
5.150051500515168	-4.649736750520214
5.1600516005161685	-1.8819579977065066
5.170051700517169	11.191282530540953
5.180051800518169	25.710773690668674
5.190051900519169	6.108375635487597
5.20005200052017	14.818321124727078
5.21005210052117	-3.620408178989431
5.22005220052217	18.44790324437974
5.2300523005231705	13.06596319009167
5.240052400524171	11.759664517413214
5.250052500525171	13.338935095705118
5.260052600526172	11.064360172362392
5.270052700527172	10.976445843888863
5.280052800528172	8.57209435080502
5.290052900529172	-4.804582349004896
5.3000530005301725	9.87694667629071
5.3100531005311735	0.33446260735253913
5.320053200532174	15.978963921056598
5.330053300533174	18.642777987507092
5.340053400534174	13.038728413298909
5.350053500535174	22.29667880516279
5.360053600536175	5.641087396443826
5.370053700537175	14.42411823078801
5.3800538005381755	12.224188152645144
5.390053900539176	21.119768355970955
5.400054000540176	25.937338822063808
5.410054100541177	22.989852800530468
5.420054200542177	24.18843210458357
5.430054300543177	17.744477126130125
5.440054400544177	16.765346450859532
5.4500545005451775	20.38320125396473
5.4600546005461785	36.15254639891094
5.470054700547179	16.29554937154023
5.480054800548179	20.941172889474366
5.490054900549179	11.826168659264281
5.500055000550179	25.402710358192884
5.510055100551179	10.493359965739323
5.52005520055218	24.605525893105998
5.5300553005531805	16.17044637270823
5.540055400554181	5.549397393216277
5.550055500555181	7.881162058617376
5.560055600556181	16.65440452458768
5.570055700557182	12.299923822211376
5.580055800558182	21.863143043441188
5.590055900559182	31.374840436927563
5.6000560005601825	15.99285268617632
5.610056100561183	34.7604600191509
5.620056200562184	21.35187971338406
5.630056300563184	22.55394980283107
5.640056400564184	35.88909795611593
5.650056500565184	-2.277227461402157
5.660056600566184	32.47199922887168
5.670056700567185	18.630249679275202
5.6800568005681855	26.73697820428025
5.690056900569186	18.41193360009821
5.700057000570186	9.097575401557735
5.710057100571186	18.618115614885497
5.720057200572186	30.664364549965967
5.730057300573187	17.136058129055797
5.740057400574187	16.633155790683993
5.7500575005751875	22.103186522123753
5.760057600576188	16.569401786246676
5.770057700577188	2.863603689757024
5.780057800578189	3.924510444160572
5.790057900579189	16.001050249635465
5.800058000580189	21.330899913953473
5.810058100581189	3.194909611612187
5.8200582005821895	-6.618050337491574
5.8300583005831905	9.046006297058696
5.840058400584191	13.63927886569193
5.850058500585191	11.236415179129283
5.860058600586191	10.724753584445663
5.870058700587191	12.1669928258913
5.880058800588192	14.737769582351845
5.890058900589192	15.151312105293773
5.9000590005901925	11.264363146565158
5.910059100591193	0.4584187001216331
5.920059200592193	24.42770463222888
5.930059300593194	2.140909394267623
5.940059400594194	0.6519144984895374
5.950059500595194	24.05267398279967
5.960059600596194	33.207902613365434
5.9700597005971945	1.2934442003155615
5.980059800598195	12.200040723523774
5.990059900599196	27.925877525924705
6.000060000600196	11.254483169946615
6.010060100601196	27.82438045416882
6.020060200602196	21.280901405036406
6.030060300603196	32.62937361859039
6.040060400604197	11.491948565635514
6.0500605006051975	26.59301302811642
6.060060600606198	27.19912311466219
6.070060700607198	38.58424515008649
6.080060800608198	6.085624408522404
6.090060900609199	-15.345735254214322
6.100061000610199	15.803382806925313
6.110061100611199	29.01364595341346
6.1200612006121995	20.532098427413626
6.1300613006132	20.239067601923296
6.140061400614201	32.19046863533474
6.150061500615201	11.158242290485859
6.160061600616201	41.71881456439711
6.170061700617201	25.006079984910173
6.180061800618201	17.470402188502778
6.1900619006192015	32.75629220129962
6.2000620006202025	28.27071644335724
6.210062100621203	17.6832628077999
6.220062200622203	33.35660432977843
6.230062300623203	9.004853265747766
6.240062400624203	12.38680617972345
6.250062500625204	26.834588438402097
6.260062600626204	12.03106615875962
6.2700627006272045	20.714552175121277
6.280062800628205	32.499681214877604
6.290062900629205	33.9197586452533
6.300063000630206	6.000385625263785
6.310063100631206	2.656922079352064
6.320063200632206	13.456709305454485
6.330063300633206	24.775386474812578
6.3400634006342065	26.54490787231157
6.3500635006352075	25.264888924422564
6.360063600636208	14.520183880202293
6.370063700637208	18.806492888609597
6.380063800638208	1.361154053646602
6.390063900639208	-1.9497741321457107
6.400064000640208	13.305009045436066
6.410064100641209	10.631687756476962
6.4200642006422095	3.6577661749077106
6.43006430064321	10.328400330952022
6.44006440064421	9.178977388427842
6.45006450064521	9.359622699117683
6.460064600646211	7.347790212264499
6.470064700647211	7.426279886830798
6.480064800648211	13.89646679285884
6.4900649006492115	7.02093372437332
6.500065000650212	-2.9070063584702717
6.510065100651213	20.814812269933874
6.520065200652213	6.742048669915989
6.530065300653213	17.44794762500246
6.540065400654213	20.225853054744398
6.550065500655213	19.817035034155367
6.560065600656214	15.453998743958486
6.5700657006572145	2.207107069382201
6.580065800658215	-2.4246163218648293
6.590065900659215	11.825028082188114
6.600066000660215	28.285159619111447
6.610066100661216	24.377663845132744
6.620066200662216	14.350019115879126
6.630066300663216	7.942359555756464
6.6400664006642165	21.986343652020466
6.650066500665217	-16.203534817653367
6.660066600666217	24.11268075325492
6.670066700667218	12.140974753757346
6.680066800668218	33.585072311928414
6.690066900669218	20.696819953569552
6.700067000670218	21.665507674047596
6.7100671006712185	-5.425025718126522
6.7200672006722195	22.91452968661553
6.73006730067322	6.845467915842999
6.74006740067422	22.27364461985793
6.75006750067522	-7.1087875258099755
6.76006760067622	28.360078507155006
6.770067700677221	32.99913307484057
6.780067800678221	25.04064894218357
6.7900679006792215	36.3460204325684
6.800068000680222	7.024925672249556
6.810068100681222	23.934597414017322
6.820068200682223	5.615130259583823
6.830068300683223	15.251722305448318
6.840068400684223	24.837722877029723
6.850068500685223	11.08161945695664
6.8600686006862235	4.920551529979317
6.870068700687224	12.683574373518407
6.880068800688225	14.575264391264664
6.890068900689225	-3.4438270397249453
6.900069000690225	9.060198028025564
6.910069100691225	34.907830594641595
6.920069200692225	17.492468566565105
6.930069300693226	17.9292943474295
6.9400694006942265	13.05739117351785
6.950069500695227	9.928475720141781
6.960069600696227	5.171291862868947
6.970069700697227	17.339128586830256
6.980069800698228	8.144144276131167
6.990069900699228	10.43280181483676
7.000070000700228	11.742350781382788
7.0100701007012285	12.29702851362827
7.020070200702229	9.486798507156795
7.03007030070323	12.161006928790906
7.04007040070423	11.008075032007321
7.05007050070523	11.270047861273481
7.06007060070623	19.34712931847451
7.07007070070723	7.684179221125628
7.080070800708231	21.209442195814624
7.0900709007092315	4.184962669648757
7.100071000710232	0.32496295968766414
7.110071100711232	-15.124220221623636
7.120071200712232	7.5716353474069775
7.130071300713232	6.06612760885928
7.140071400714233	4.712328742782497
7.150071500715233	16.940861296223805
7.1600716007162335	21.101004692274614
7.170071700717234	21.765248484324285
7.180071800718234	16.27711913788852
7.190071900719235	33.37797452578322
7.200072000720235	20.332556839384793
7.210072100721235	32.942204501154414
7.220072200722235	21.133861645499238
7.2300723007232355	31.84867068215268
7.2400724007242365	14.841210107631056
7.250072500725237	22.930090456486052
7.260072600726237	9.56052131676759
7.270072700727237	29.386165614798344
7.280072800728237	5.0611567716210715
7.290072900729238	22.64475193907693
7.300073000730238	-7.030364235633358
7.3100731007312385	13.088013758558313
7.320073200732239	35.84446082765112
7.330073300733239	18.031288203235373
7.340073400734239	24.162403121000366
7.35007350073524	30.558788515583228
7.36007360073624	41.066925683249565
7.37007370073724	8.947793530330415
7.3800738007382405	20.2167841992228
7.390073900739241	30.344933958752215
7.400074000740242	35.466219990239075
7.410074100741242	30.99347903074918
7.420074200742242	9.805450301266033
7.430074300743242	19.314875032243226
7.440074400744242	19.99309086504416
7.450074500745243	13.253505253847004
7.4600746007462435	27.415973588303345
7.470074700747244	10.66214495663972
7.480074800748244	22.25886792006581
7.490074900749244	25.330043907546383
7.500075000750245	23.862726065676785
7.510075100751245	22.998101253697886
7.520075200752245	-3.06250366547753
7.5300753007532455	-4.43292867373657
7.540075400754246	14.409966735776575
7.550075500755247	0.27070783816315463
7.560075600756247	24.94124883183206
7.570075700757247	4.599832966381765
7.580075800758247	12.614349181434761
7.590075900759247	15.707800389732155
7.6000760007602475	9.16064331927456
7.6100761007612485	13.832671247565688
7.620076200762249	11.942666471392329
7.630076300763249	10.763395683782239
7.640076400764249	10.44815156167442
7.650076500765249	9.7086184949619
7.66007660076625	15.724308585606412
7.67007670076725	14.397755923374964
7.6800768007682505	2.5684317229873934
7.690076900769251	17.580948867451937
7.700077000770251	-1.1403999044931732
7.710077100771252	-0.07657233021750061
7.720077200772252	14.808278310750095
7.730077300773252	16.3527924786509
7.740077400774252	19.361281023517062
7.7500775007752525	23.067610426581247
7.7600776007762535	25.62815556540319
7.770077700777254	27.494791539532386
7.780077800778254	-14.970094297332514
7.790077900779254	-0.21810221276123706
7.800078000780254	25.488950711306252
7.810078100781254	17.905516153273798
7.820078200782255	22.127642736973
7.8300783007832555	4.762970184302351
7.840078400784256	7.0976933190697835
7.850078500785256	14.643693881572538
7.860078600786256	1.7988737230628318
7.870078700787257	7.570584933259507
7.880078800788257	18.66937780651785
7.890078900789257	19.061678871282734
7.9000790007902575	6.099376984070435
7.910079100791258	27.73903948665513
7.920079200792259	27.340451547079038
7.930079300793259	6.795631746552109
7.940079400794259	17.275138728612024
7.950079500795259	17.110840987150098
7.960079600796259	-21.740471198051168
7.97007970079726	20.73547847708399
7.9800798007982605	35.101851529362435
7.990079900799261	12.412834197204866
8.000080000800262	30.90543060609229
8.010080100801261	18.981364014283084
8.020080200802262	-10.685098630194585
8.030080300803261	9.45238536348848
8.040080400804262	11.275502574729922
8.050080500805263	30.843967291332234
8.060080600806263	24.681683401647525
8.070080700807264	28.840555030687725
8.080080800808263	19.842121352203822
8.090080900809264	9.390600554047769
8.100081000810265	13.478501104462651
8.110081100811264	6.429552867727408
8.120081200812265	7.016017881543954
8.130081300813265	17.190834587673972
8.140081400814266	7.316033799801816
8.150081500815265	18.986556093887
8.160081600816266	12.909609710032244
8.170081700817267	19.709771489021836
8.180081800818266	2.8462745770394897
8.190081900819267	9.740634590351974
8.200082000820267	15.067118167350685
8.210082100821268	7.811446568113361
8.220082200822269	9.751017267621323
8.230082300823268	6.669559273269778
8.240082400824269	13.888339215034039
8.250082500825268	3.1839956678425074
8.26008260082627	5.544165071716837
8.27008270082727	17.04011033885951
8.28008280082827	3.15898814998766
8.29008290082927	13.88629369325773
8.30008300083027	10.142233989219262
8.310083100831271	6.294014547054955
8.320083200832272	14.178973892447654
8.330083300833271	33.948663719551085
8.340083400834272	22.755934515486352
8.350083500835272	27.702772085725492
8.360083600836273	-7.2107972032331915
8.370083700837274	18.599128342535213
8.380083800838273	24.282405969098686
8.390083900839274	23.455812580487205
8.400084000840273	24.335937328398373
8.410084100841274	25.69735200523571
8.420084200842275	35.60101522967554
8.430084300843275	19.156720761414903
8.440084400844276	33.271465357673975
8.450084500845275	36.92613056085157
8.460084600846276	35.352738058447315
8.470084700847277	4.327857540087103
8.480084800848276	24.979603946360218
8.490084900849277	-0.4979329311271979
8.500085000850277	26.09337727308585
8.510085100851278	5.472553992467332
8.520085200852279	29.896984007300492
8.530085300853278	20.403171955752153
8.540085400854279	28.345089335645994
8.550085500855278	13.558079974829067
8.56008560085628	31.843063211086584
8.57008570085728	20.904754449684585
8.58008580085828	5.654838984486802
8.59008590085928	11.406442486651267
8.60008600086028	7.075239320975586
8.610086100861281	-6.073426072401113
8.62008620086228	-0.4112858709676371
8.630086300863281	28.925604367086596
8.640086400864282	28.1639053515529
8.650086500865282	18.485834469934446
8.660086600866283	29.946416736921663
8.670086700867282	32.14873472459986
8.680086800868283	10.530213775133427
8.690086900869284	11.807489837883947
8.700087000870283	-9.9661748826484
8.710087100871284	17.299207293855417
8.720087200872284	17.280658464508477
8.730087300873285	-10.446024561180948
8.740087400874286	16.812587363652288
8.750087500875285	-7.380930958551232
8.760087600876286	10.373925791422176
8.770087700877285	13.165367641364146
8.780087800878286	8.755592461305822
8.790087900879287	14.904461348357128
8.800088000880287	11.85027116675091
8.810088100881288	11.184901913743737
8.820088200882287	9.595238644135273
8.830088300883288	13.470794434395065
8.840088400884289	10.526384744867478
8.850088500885288	6.577900544716451
8.86008860088629	13.76622189760049
8.870088700887289	0.4755520974931226
8.88008880088829	-4.542335094972929
8.89008890088929	8.554684937218063
8.90008900089029	17.702673675150372
8.910089100891291	-19.513484651536764
8.92008920089229	9.519009862446087
8.930089300893291	15.363739267151026
8.940089400894292	25.753136386289036
8.950089500895292	26.555604919838643
8.960089600896293	21.03122318323546
8.970089700897292	5.86517016689135
8.980089800898293	-35.34368875060679
8.990089900899294	2.7810536106488155
9.000090000900293	20.97297594465377
9.010090100901294	27.9672509843391
9.020090200902294	14.477109540323438
9.030090300903295	10.38474358298506
9.040090400904296	8.863809780871895
9.050090500905295	18.21537224366591
9.060090600906296	9.30355099064963
9.070090700907295	24.53299826223687
9.080090800908296	-2.3504141589582686
9.090090900909296	35.471132031737405
9.100091000910297	13.807884388007228
9.110091100911298	16.868779769038156
9.120091200912297	21.814001642105467
9.130091300913298	25.39019843090404
9.140091400914297	26.10196810465897
9.150091500915298	34.24964920619919
9.1600916009163	15.32943365144292
9.170091700917299	3.558118554219847
9.1800918009183	33.934302541770215
9.190091900919299	6.437747573513226
9.2000920009203	11.522195026639634
9.210092100921301	22.808084517657726
9.2200922009223	10.970893290336603
9.230092300923301	10.530908585871519
9.2400924009243	28.473830505524358
9.250092500925302	26.24848223015819
9.260092600926303	15.97479647610711
9.270092700927302	20.905502977883298
9.280092800928303	12.546652394464477
9.290092900929302	8.071144631487298
9.300093000930303	15.204341933787829
9.310093100931304	10.470375253997998
9.320093200932304	-9.719541239819195
9.330093300933305	-0.8524331259858963
9.340093400934304	14.996948416007067
9.350093500935305	18.98816580802332
9.360093600936306	4.512404214843336
9.370093700937305	12.66431907432515
9.380093800938306	6.473136634561643
9.390093900939306	8.47549241699647
9.400094000940307	9.23093483007272
9.410094100941308	9.696091303005362
9.420094200942307	9.214754280546389
9.430094300943308	9.464844327022522
9.440094400944307	13.607143551675367
9.450094500945308	6.057789325976253
9.46009460094631	20.572063216741213
9.470094700947309	8.187636710736337
9.48009480094831	15.352381528103708
9.490094900949309	-3.579074211430401
9.50009500095031	21.26077238737095
9.510095100951311	27.164108650621507
9.52009520095231	-22.166436761731173
9.530095300953311	14.897959239034558
9.54009540095431	26.322092216302966
9.550095500955312	30.147687891843532
9.560095600956311	18.699126350078636
9.570095700957312	19.891863911354648
9.580095800958313	9.844469061660615
9.590095900959312	9.77496513750243
9.600096000960313	2.800891217160135
9.610096100961313	30.5308970229062
9.620096200962314	31.89009084223552
9.630096300963315	27.400480313299905
9.640096400964314	31.65758227259484
9.650096500965315	30.191558058945265
9.660096600966314	22.41153589132338
9.670096700967315	2.794413722697765
9.680096800968316	28.418722585348515
9.690096900969316	33.40428215513929
9.700097000970317	35.55130542179455
9.710097100971316	38.331877151303374
9.720097200972317	7.227230796896678
9.730097300973318	-8.61665237587244
9.740097400974317	14.502083245876147
9.750097500975318	32.93195645282373
9.760097600976318	16.598263674799092
9.770097700977319	3.2121110087810103
9.78009780097832	17.61622803342173
9.790097900979319	-3.0959640541694
9.80009800098032	3.6384228758972643
9.81009810098132	26.72575057645697
9.82009820098232	21.53823797483029
9.830098300983321	27.500105941438758
9.84009840098432	29.716464274460886
9.850098500985322	-6.703130846943305
9.860098600986321	26.816361611671095
9.870098700987322	17.521905634031857
9.880098800988323	1.8984932996016906
9.890098900989322	12.866744642578642
9.900099000990323	14.268226606616501
9.910099100991323	11.752652496460884
9.920099200992324	6.204028777672257
9.930099300993325	19.70862051704564
9.940099400994324	12.95527251153891
9.950099500995325	12.443892325450529
9.960099600996324	16.817732003133905
9.970099700997325	13.005621516808649
9.980099800998326	11.158136232039176
9.990099900999326	11.831447983781777
10.000100001000327	12.575422631860773
10.010100101001326	5.772200760069643
10.020100201002327	15.354889953910451
10.030100301003326	18.42899619395399
10.040100401004327	13.338675209941728
10.050100501005328	19.241413772984583
10.060100601006328	19.112658340274365
10.070100701007329	20.028972612178176
10.080100801008328	0.9380165069483443
10.090100901009329	2.997503246250886
10.10010100101033	4.699261469762923
10.11010110101133	19.688861000582534
10.12010120101233	20.130859476160442
10.13010130101333	14.290996399937287
10.14010140101433	32.10561276669792
10.150101501015332	-0.950654100756179
10.160101601016331	-18.212377365802876
10.170101701017332	11.94122869665579
10.180101801018331	27.562989255655747
10.190101901019332	22.9722743527939
10.200102001020333	13.385070082160205
10.210102101021333	5.787024126423478
10.220102201022334	25.196989509705528
10.230102301023333	23.99334689311127
10.240102401024334	31.549421390754514
10.250102501025335	8.60775431869488
10.260102601026334	30.202910243885665
10.270102701027335	22.828598916849455
10.280102801028335	21.903893253499813
10.290102901029336	18.268502647528596
10.300103001030337	10.617926884455256
10.310103101031336	12.104981131545166
10.320103201032337	21.39680057032068
10.330103301033336	23.088920010471643
10.340103401034337	20.53437752656832
10.350103501035338	26.059283257971515
10.360103601036338	19.392008174003305
10.370103701037339	22.070791091692787
10.380103801038338	6.928220724307711
10.390103901039339	-3.7852093498251076
10.40010400104034	4.1773268159417665
10.41010410104134	-2.8141314137144042
10.42010420104234	26.94237012177851
10.43010430104334	4.8651484556259925
10.44010440104434	26.05010836509106
10.450104501045342	1.4254475251731429
10.460104601046341	12.369347954484939
10.470104701047342	8.912254162119874
10.480104801048341	12.513248250396533
10.490104901049342	23.513570291631865
10.500105001050342	15.321012689506603
10.510105101051343	21.363889927543998
10.520105201052344	3.547489580780107
10.530105301053343	12.069981228980124
10.540105401054344	13.02004950122826
10.550105501055343	18.38502476974315
10.560105601056344	9.119992587926863
10.570105701057345	13.048185176074606
10.580105801058345	10.049728377545197
10.590105901059346	12.06784700666764
10.600106001060345	13.484005628706223
10.610106101061346	7.268365703751437
10.620106201062347	13.899969036302684
10.630106301063346	8.87152823720445
10.640106401064347	12.274668684360662
10.650106501065347	-2.593934824857904
10.660106601066348	16.36946651182063
10.670106701067349	-39.19750668004021
10.680106801068348	-6.982349561282062
10.690106901069349	15.651162136127928
10.700107001070348	22.94276887895373
10.71010710107135	22.666043080237756
10.72010720107235	-26.328689589091915
10.73010730107335	20.80664094220183
10.74010740107435	17.89776348464517
10.75010750107535	21.293474620449693
10.760107601076351	25.24772912931239
10.770107701077352	22.319436361561394
10.780107801078351	10.270234445611258
10.790107901079352	21.819694065034355
10.800108001080352	25.13946642713594
10.810108101081353	21.295439606151827
10.820108201082354	33.92309254740943
10.830108301083353	35.4670513685506
10.840108401084354	33.891237604372535
10.850108501085353	22.933395786207786
10.860108601086354	8.25725569331997
10.870108701087355	3.5656534608933454
10.880108801088355	29.12095842209942
10.890108901089356	16.271768774875806
10.900109001090355	27.54840748441527
10.910109101091356	11.65753824256882
10.920109201092357	0.8788268110748938
10.930109301093356	24.315387485630527
10.940109401094357	34.63739054608715
10.950109501095357	18.379706480704478
10.960109601096358	-3.722314724007191
10.970109701097357	17.717007727904672
10.980109801098358	28.710283807117936
10.990109901099359	8.97312705838058
11.000110001100358	12.92364515161955
11.01011010110136	28.059411310697715
11.020110201102359	10.701680783078933
11.03011030110336	13.422087803687718
11.04011040110436	-8.392568029420364
11.05011050110536	14.6334091301739
11.060110601106361	-2.4319255545916056
11.07011070110736	6.250406347372519
11.080110801108361	-0.5133885083865648
11.090110901109362	21.171971027874118
11.100111001110362	25.33109871803793
11.110111101111363	9.612354966090972
11.120111201112362	18.088396229686072
11.130111301113363	7.361194479531051
11.140111401114364	7.166095517972253
11.150111501115363	8.99362178851032
11.160111601116364	7.564245653139335
11.170111701117364	8.74127346542218
11.180111801118365	8.61427109551979
11.190111901119366	4.476356240792659
11.200112001120365	6.807651503170024
11.210112101121366	14.947130664582426
11.220112201122365	22.052646913329177
11.230112301123366	15.111062993051402
11.240112401124367	3.1207704654266997
11.250112501125367	3.5477622409669314
11.260112601126368	15.681103346776355
11.270112701127367	7.012144022480677
11.280112801128368	13.77262144323495
11.290112901129369	31.12871161070294
11.300113001130368	8.713163387568157
11.31011310113137	28.73758674158635
11.320113201132369	7.397519862205281
11.33011330113337	31.68597851554801
11.34011340113437	30.7983722070473
11.35011350113537	4.089493250309034
11.360113601136371	28.328731683712476
11.37011370113737	-0.6992939809902724
11.380113801138371	19.383814787335208
11.390113901139372	8.944376351645147
11.400114001140372	23.82488046926288
11.410114101141373	-0.09782596316084025
11.420114201142372	22.902298823387124
11.430114301143373	-21.74161615742901
11.440114401144372	24.31021450790229
11.450114501145373	24.11470316331888
11.460114601146374	27.70452438690954
11.470114701147374	25.12882504726602
11.480114801148375	14.90199326348069
11.490114901149374	10.71072152204246
11.500115001150375	19.515301614448635
11.510115101151376	30.533758104167664
11.520115201152375	23.12111780196634
11.530115301153376	21.608427915353282
11.540115401154376	6.953141113690866
11.550115501155377	-4.492557103465522
11.560115601156378	18.332307965236787
11.570115701157377	26.954469969682467
11.580115801158378	-8.696300249203166
11.590115901159377	26.992924425624896
11.600116001160378	8.50208533885463
11.61011610116138	-3.360086812679837
11.620116201162379	17.688068811551872
11.63011630116338	11.524442265640895
11.640116401164379	5.983656350336109
11.65011650116538	19.893264901792133
11.660116601166381	17.36066514949185
11.67011670116738	13.270627687333997
11.680116801168381	20.481622980381516
11.69011690116938	14.15800237101018
11.700117001170382	16.011454843219475
11.710117101171383	14.135234238476736
11.720117201172382	18.42987790533474
11.730117301173383	15.531041454304269
11.740117401174382	7.1127825822155115
11.750117501175383	11.480072777150529
11.760117601176384	11.45875616231531
11.770117701177384	13.604439757923679
11.780117801178385	11.866921417019217
11.790117901179384	12.889249214261561
11.800118001180385	0.40903299737313853
11.810118101181386	9.54975062939404
11.820118201182385	17.668945750171662
11.830118301183386	4.179693659884866
11.840118401184386	8.09509988848769
11.850118501185387	19.09368601966216
11.860118601186388	25.609933977424966
11.870118701187387	17.649379631507554
11.880118801188388	-0.3510973821335922
11.890118901189387	28.547293676156652
11.900119001190388	-8.015077008649069
11.910119101191388	22.756688837420917
11.920119201192389	13.987300458487532
11.93011930119339	33.933307073443636
11.940119401194389	-4.824485188541419
11.95011950119539	23.422898424067785
11.96011960119639	29.119048786834075
11.97011970119739	21.556186143865823
11.980119801198391	30.193074429123463
11.99011990119939	36.896942559167854
12.000120001200392	17.43735176233906
12.010120101201391	9.647876541977048
12.020120201202392	27.279915263167336
12.030120301203393	18.577533360121294
12.040120401204392	17.214936603139332
12.050120501205393	27.97257987578488
12.060120601206393	33.4420108946281
12.070120701207394	-6.5880648892385
12.080120801208395	15.862607673198296
12.090120901209394	26.979449850252063
12.100121001210395	37.43709949582733
12.110121101211394	3.0586751979012043
12.120121201212395	28.313538306270583
12.130121301213396	34.988303387368475
12.140121401214396	5.316492351334375
12.150121501215397	20.12256103921681
12.160121601216396	17.119480686519385
12.170121701217397	15.045887188003139
12.180121801218398	30.54848396371148
12.190121901219397	22.07486789106805
12.200122001220398	20.471388379347317
12.210122101221398	13.70194987703436
12.220122201222399	4.309878979744311
12.2301223012234	-0.6901006218995365
12.240122401224399	16.422445175247532
12.2501225012254	19.669656300449237
12.2601226012264	16.071310464117893
12.2701227012274	15.335408132950246
12.280122801228401	17.236764444341915
12.2901229012294	26.627436090658286
12.300123001230402	7.215013005162725
12.310123101231401	10.17115427539262
12.320123201232402	6.0306465770275945
12.330123301233403	8.171598236049883
12.340123401234402	10.505290227169521
12.350123501235403	10.38497461404906
12.360123601236403	10.67994451390416
12.370123701237404	13.627121322212439
12.380123801238403	12.533745346919996
12.390123901239404	0.1265620932679215
12.400124001240405	19.246044015795857
12.410124101241404	9.769385311884319
12.420124201242405	9.499615872495745
12.430124301243405	23.219578036333978
12.440124401244406	4.092399634605089
12.450124501245407	25.082548879723223
12.460124601246406	8.009790283000726
12.470124701247407	16.167010399284468
12.480124801248406	4.803289578282452
12.490124901249407	-2.4358874599873697
12.500125001250408	4.669215023153985
12.510125101251408	7.416309834873155
12.520125201252409	25.851523281027664
12.530125301253408	-3.5763610644283528
12.540125401254409	30.43228856004808
12.55012550125541	8.117851317840685
12.56012560125641	20.286169470094592
12.57012570125741	11.401819073546287
12.58012580125841	16.800851825098523
12.59012590125941	18.400038664327024
12.600126001260412	9.168318247936584
12.610126101261411	39.18774426856204
12.620126201262412	33.33940173022077
12.630126301263411	21.385843413241215
12.640126401264412	7.260214221459539
12.650126501265413	31.903734325575225
12.660126601266413	26.05876593780405
12.670126701267414	8.89462651122781
12.680126801268413	17.516881510274665
12.690126901269414	24.188541942803056
12.700127001270415	16.277583715229195
12.710127101271414	36.42806688590013
12.720127201272415	5.136538330591728
12.730127301273415	18.522682144563543
12.740127401274416	38.888340599296846
12.750127501275417	21.772180334824494
12.760127601276416	25.102629511138733
12.770127701277417	22.377227187761495
12.780127801278416	5.365724765781379
12.790127901279417	-8.174129049706112
12.800128001280417	5.818454360787798
12.810128101281418	32.25242165250262
12.820128201282419	11.873241376862387
12.830128301283418	7.7146534601751915
12.840128401284419	6.440910034490713
12.850128501285418	21.646329424684765
12.86012860128642	4.049704165544666
12.87012870128742	22.441675446731978
12.88012880128842	4.551672510149527
12.89012890128942	12.787971477393116
12.90012900129042	13.927162039286602
12.910129101291421	8.16402130311722
12.920129201292422	4.721910872606007
12.930129301293421	11.218059380462298
12.940129401294422	10.665550987175255
12.950129501295422	12.188032487107574
12.960129601296423	12.84519943095983
12.970129701297424	10.400326134415282
12.980129801298423	9.204559828501884
12.990129901299424	15.33424049827255
13.000130001300423	7.810523411764761
13.010130101301424	25.54956297804079
13.020130201302425	-8.148228921708608
13.030130301303425	15.225269031109898
13.040130401304426	11.205260767922894
13.050130501305425	15.490382248398642
13.060130601306426	25.40714232993214
13.070130701307427	19.65873321771513
13.080130801308426	14.037013232804764
13.090130901309427	11.519653725496733
13.100131001310427	23.92139209065072
13.110131101311428	-20.49971048113803
13.120131201312429	16.03899610118747
13.130131301313428	36.7706593327137
13.140131401314429	10.890270989337337
13.150131501315428	19.132788774512246
13.16013160131643	14.666284566071653
13.17013170131743	28.376670381227868
13.18013180131843	-8.487491201815503
13.19013190131943	25.16716344802309
13.20013200132043	-22.7497258931566
13.210132101321431	33.021064628311265
13.220132201322432	37.401503321774506
13.230132301323431	19.105429876089733
13.240132401324432	24.801688268416648
13.250132501325432	5.883301564814227
13.260132601326433	29.77685012621222
13.270132701327432	28.778635926720945
13.280132801328433	17.18590137137651
13.290132901329434	15.535341686791883
13.300133001330433	28.550833786855573
13.310133101331434	12.202292209194827
13.320133201332434	31.790914739665393
13.330133301333435	18.042613966505957
13.340133401334436	25.869703737729765
13.350133501335435	26.380134613859383
13.360133601336436	23.096045249415834
13.370133701337435	5.2016441687990485
13.380133801338436	4.115856171570639
13.390133901339437	19.411708925766717
13.400134001340437	18.33872738685718
13.410134101341438	-1.6400577964952379
13.420134201342437	23.20175661662698
13.430134301343438	3.3681572301677005
13.440134401344439	12.651567855629755
13.450134501345438	18.75844267833099
13.46013460134644	16.562164051407162
13.470134701347439	12.256067162312203
13.48013480134844	-0.7600317557078204
13.49013490134944	13.658585036467986
13.50013500135044	11.201069633781076
13.510135101351441	10.392530608408274
13.52013520135244	11.407054573417327
13.530135301353441	10.731112517410104
13.540135401354442	11.716533811587338
13.550135501355442	10.25936406035831
13.560135601356443	15.418011870150439
13.570135701357442	16.58228054161207
13.580135801358443	6.609914398880964
13.590135901359444	2.602768176013656
13.600136001360443	3.5847446638406204
13.610136101361444	10.63690592703528
13.620136201362444	-1.71909355638515
13.630136301363445	18.683390064513254
13.640136401364446	8.033519729964059
13.650136501365445	16.570586819185777
13.660136601366446	11.451056214046643
13.670136701367445	-8.81888614766601
13.680136801368446	19.40381801735492
13.690136901369447	13.751582392683181
13.700137001370447	26.585696572822485
13.710137101371448	-7.772827455076215
13.720137201372447	28.654093577672768
13.730137301373448	19.00507014009701
13.740137401374447	22.28768512783657
13.750137501375448	29.433242965267205
13.76013760137645	0.9206128753666737
13.770137701377449	17.989492206383403
13.78013780137845	29.24651502053145
13.790137901379449	29.94608347824256
13.80013800138045	13.802871280816401
13.810138101381451	25.03696398924157
13.82013820138245	26.6010403489429
13.830138301383451	16.273814137855137
13.84013840138445	-6.202276458152924
13.850138501385452	15.0843292090536
13.860138601386453	19.954727317928725
13.870138701387452	25.57400975886375
13.880138801388453	12.82610764034814
13.890138901389452	25.017427497215888
13.900139001390453	18.0950871706747
13.910139101391454	18.558082520922966
13.920139201392454	33.855471856616084
13.930139301393455	5.532802383493728
13.940139401394454	29.39728156067649
13.950139501395455	19.184210331584083
13.960139601396456	16.204202615268535
13.970139701397455	15.542977893692376
13.980139801398456	19.027119052114102
13.990139901399456	14.21052626170091
14.000140001400457	30.24206383064747
14.010140101401458	-3.659155219789898
14.020140201402457	24.66177070508609
14.030140301403458	14.122582556131077
14.040140401404457	21.75501133445817
14.050140501405458	7.41420697402101
14.06014060140646	17.23075774437935
14.070140701407459	12.567178744087146
14.08014080140846	16.72457391972716
14.090140901409459	11.103939765349894
14.10014100141046	9.20754343338056
14.110141101411461	10.576727267764443
14.12014120141246	11.047851900754875
14.130141301413461	11.88659450851341
14.14014140141446	12.103259154064116
14.150141501415462	10.712906499982974
14.160141601416463	14.778129802136773
14.170141701417462	-8.72173459777214
14.180141801418463	9.176094006956367
14.190141901419462	3.1647105512898466
14.200142001420463	25.249506603309104
14.210142101421463	22.496321459728758
14.220142201422464	30.562619873108183
14.230142301423465	16.327782538721998
14.240142401424464	30.990705812149255
14.250142501425465	29.286678797927962
14.260142601426464	-9.994611446024454
14.270142701427465	14.290869355459884
14.280142801428466	9.428439397125013
14.290142901429466	16.98528122821827
14.300143001430467	-15.604505403345241
14.310143101431466	9.046092528811796
14.320143201432467	24.701826677557907
14.330143301433468	28.038278633894684
14.340143401434467	26.970575924416075
14.350143501435468	20.86237538627347
14.360143601436468	28.08535486209868
14.370143701437469	7.309996750317363
14.38014380143847	-4.401119675118696
14.390143901439469	35.50893187912204
14.40014400144047	30.42160599096121
14.41014410144147	14.301372663381843
14.42014420144247	3.9671000349895684
14.430144301443471	4.677188475019764
14.44014440144447	11.201537585995364
14.450144501445472	39.17319585366462
14.460144601446471	8.078752810893333
14.470144701447472	21.17963193376002
14.480144801448473	18.155074986361498
14.490144901449472	14.175664561529961
14.500145001450473	25.837572457799148
14.510145101451473	0.8786508708027015
14.520145201452474	28.602053311999413
14.530145301453475	-2.8863540055421066
14.540145401454474	28.34864828535478
14.550145501455475	13.094575086760774
14.560145601456474	21.448839614390117
14.570145701457475	24.456920302869722
14.580145801458476	8.607060741184988
14.590145901459476	22.529152842375396
14.600146001460477	4.252997979357371
14.610146101461476	14.574667920906172
14.620146201462477	19.171924780240552
14.630146301463478	21.859696558936225
14.640146401464477	-35.88430586282072
14.650146501465478	8.240955341067489
14.660146601466478	13.906597500416416
14.670146701467479	13.362981170840419
14.680146801468478	9.775796465557946
14.690146901469479	10.450253156748618
14.70014700147048	9.936942469647311
14.71014710147148	10.365733145373413
14.72014720147248	6.276399141978476
14.73014730147348	9.044047698007429
14.74014740147448	12.221981053097752
14.750147501475482	-2.475550405503251
14.760147601476481	14.21190121075053
14.770147701477482	3.162947210184681
14.780147801478481	13.790346919624898
14.790147901479482	22.687156246423633
14.800148001480483	16.294512560099772
14.810148101481483	-7.640405885013857
14.820148201482484	1.2327720205440313
14.830148301483483	6.344387941002626
14.840148401484484	18.87162456964599
14.850148501485485	6.4978453230683515
14.860148601486484	14.041001396350765
14.870148701487485	12.190054384251852
14.880148801488485	27.347623513682557
14.890148901489486	16.32318339016111
14.900149001490487	26.600001953207656
14.910149101491486	18.482887538094612
14.920149201492487	7.0935759766973
14.930149301493486	3.202529419528141
14.940149401494487	23.80916912062708
14.950149501495488	31.14708202406162
14.960149601496488	16.586960746220296
14.970149701497489	32.2902989376511
14.980149801498488	7.756137513380742
14.990149901499489	36.278753923491784
