0.0	nan
0.010000100001000326	7.970958177514109
0.020000200002000652	7.209504529062707
0.03000030000300098	-5.732150705247754
0.040000400004001305	-14.657782843004531
0.05000050000500163	-9.637684350377802
0.06000060000600196	-6.237820621240473
0.07000070000700229	-8.906627297301156
0.08000080000800261	-0.2215676736813463
0.09000090000900293	1.6311707493533159
0.10000100001000325	-2.6474384786533127
0.11000110001100359	-1.5310254826036067
0.12000120001200391	-0.031410381564858245
0.13000130001300425	2.5727409063746847
0.14000140001400457	0.5378062442282722
0.1500015000150049	2.119797745663516
0.16000160001600522	3.7322943529083252
0.17000170001700554	3.996377113501649
0.18000180001800586	3.8075677573173254
0.1900019000190062	4.779996476130174
0.2000020000200065	-0.2114978175312162
0.21000210002100686	7.257858711994435
0.22000220002200718	3.0852022493640376
0.2300023000230075	4.091321613931434
0.24000240002400783	6.777732247013046
0.2500025000250082	3.7126159987737135
0.2600026000260085	5.900039959997104
0.2700027000270088	4.504764445134003
0.28000280002800915	6.392653859504902
0.29000290002900947	5.385812526241601
0.3000030000300098	5.988814964653466
0.3100031000310101	6.803687820734195
0.32000320003201044	8.157010541640954
0.33000330003301076	8.439873085683903
0.3400034000340111	7.730172851251124
0.3500035000350114	9.136206143056446
0.36000360003601173	9.991129692647563
0.37000370003701205	10.454791912438484
0.3800038000380124	10.573764093699431
0.3900039000390127	11.437890178288075
0.400004000040013	12.260602191418455
0.4100041000410134	12.178821814419504
0.4200042000420137	12.894124356064479
0.43000430004301404	14.26053105283797
0.44000440004401437	12.60372366290503
0.4500045000450147	14.00196159923924
0.460004600046015	14.734161659558783
0.47000470004701533	15.803598916749886
0.48000480004801566	14.652870599495255
0.490004900049016	14.390589828650345
0.5000050000500164	15.500761759077394
0.5100051000510166	16.150930563918656
0.520005200052017	16.07115265822935
0.5300053000530173	16.460276086045866
0.5400054000540176	16.652677011744984
0.5500055000550179	17.843836817052036
0.5600056000560183	16.853305665160715
0.5700057000570186	17.37217620312246
0.5800058000580189	17.775651454451477
0.5900059000590192	18.112587370131678
0.6000060000600196	19.105960035295464
0.6100061000610199	19.691753185285535
0.6200062000620202	20.409277843420433
0.6300063000630205	21.933526595274703
0.6400064000640209	22.04468765076706
0.6500065000650213	22.604254028676127
0.6600066000660215	22.846390960865424
0.6700067000670219	23.803916991681483
0.6800068000680222	23.949217894449408
0.6900069000690225	24.258863974946767
0.7000070000700228	24.804319528526435
0.7100071000710232	25.115963943645838
0.7200072000720235	25.002521580337316
0.7300073000730238	25.081410877769912
0.7400074000740241	25.089783104118048
0.7500075000750245	25.396249950358452
0.7600076000760247	26.286693336616015
0.7700077000770251	26.682710818261114
0.7800078000780254	26.88158691956778
0.7900079000790258	27.32122077474576
0.800008000080026	27.719465995258474
0.8100081000810264	28.00389220532364
0.8200082000820268	28.22917129805247
0.8300083000830271	29.227336981857874
0.8400084000840274	29.46512301922162
0.8500085000850277	30.23606124504411
0.8600086000860281	30.31484256059704
0.8700087000870284	31.317788113196066
0.8800088000880287	31.52142274089463
0.890008900089029	32.21733018645258
0.9000090000900294	32.728289976544495
0.9100091000910296	33.46769627101173
0.92000920009203	33.62797174200626
0.9300093000930303	34.268531329726805
0.9400094000940307	34.96410873496885
0.9500095000950309	34.95649857586647
0.9600096000960313	35.80759735088081
0.9700097000970317	36.05584125507452
0.980009800098032	37.27273819811081
0.9900099000990323	36.40052291337322
1.0000100001000327	37.939642591820686
1.0100101001010329	39.26076292547689
1.0200102001020332	51.92968085163455
1.0300103001030336	41.16703942828398
1.040010400104034	42.4084567378853
1.0500105001050342	42.4082833225257
1.0600106001060345	42.769235410880036
1.070010700107035	43.91428362324258
1.0800108001080353	44.279222517126655
1.0900109001090355	45.11285091993192
1.1000110001100358	34.79082498862702
1.1100111001110362	45.704783496173185
1.1200112001120366	48.27525620468677
1.130011300113037	45.99604148914476
1.1400114001140371	48.118461707782636
1.1500115001150375	49.74774049368254
1.1600116001160379	48.77948492953363
1.1700117001170383	51.72140734671306
1.1800118001180384	52.14874723656665
1.1900119001190388	53.3618251421101
1.2000120001200392	55.2398856940632
1.2100121001210395	50.60086210111707
1.2200122001220397	56.810096521813364
1.23001230012304	53.23261381010439
1.2400124001240405	59.92488745208953
1.2500125001250408	57.980669319055615
1.260012600126041	60.255556139765815
1.2700127001270414	61.250611642058615
1.2800128001280418	62.91741676734983
1.2900129001290421	62.20879312873225
1.3000130001300425	64.15149525731822
1.3100131001310427	63.917608491531105
1.320013200132043	61.370495553354495
1.3300133001330434	65.81669014203901
1.3400134001340438	67.55946301492747
1.350013500135044	67.30939567572955
1.3600136001360443	69.90171954604948
1.3700137001370447	68.74879858616478
1.380013800138045	71.99244592318612
1.3900139001390452	74.70531683639317
1.4000140001400456	74.93586667151446
1.410014100141046	66.46347538968834
1.4200142001420464	74.6166115023564
1.4300143001430465	76.31769690791437
1.440014400144047	76.8768958672379
1.4500145001450473	76.02900474562865
1.4600146001460477	80.28234564011466
1.470014700147048	83.35696518400094
1.4800148001480482	83.57676217141741
1.4900149001490486	83.00388579140272
1.500015000150049	82.71279238058662
1.5100151001510493	86.30659998752118
1.5200152001520495	90.56293786747766
1.5300153001530499	85.48013581511968
1.5400154001540503	88.96674501672564
1.5500155001550506	88.81109252705727
1.5600156001560508	94.25929587867687
1.5700157001570512	95.26289673565252
1.5800158001580515	95.94377314662607
1.590015900159052	105.78830867811237
1.600016000160052	109.9718869666181
1.6100161001610525	102.03419933560481
1.6200162001620528	96.07881995845746
1.6300163001630532	108.59971018386203
1.6400164001640536	100.13847388620387
1.6500165001650537	79.23868306087313
1.6600166001660541	35.272102215444654
1.6700167001670545	21.037492792446137
1.6800168001680549	71.09498116573579
1.690016900169055	90.33274567339605
1.7000170001700554	94.47776304330563
1.7100171001710558	95.5655967577796
1.7200172001720562	55.201182986104236
1.7300173001730563	110.44645667162766
1.7400174001740567	102.3660538830953
1.750017500175057	100.00422963260408
1.7600176001760575	133.66581680321198
1.7700177001770578	104.85181527435007
1.780017800178058	103.94744333424102
1.7900179001790584	99.26418608649593
1.8000180001800588	126.02574863134875
1.8100181001810591	112.46632607299375
1.8200182001820593	104.06391296199308
1.8300183001830597	105.18724968207096
1.84001840018406	116.99614804356736
1.8500185001850604	113.4796533382966
1.8600186001860606	94.47687549659206
1.870018700187061	80.04573413711888
1.8800188001880613	158.06692232276941
1.8900189001890617	113.02887458683655
1.9000190001900619	105.3072464847804
1.9100191001910622	108.05304150192288
1.9200192001920626	85.9504541071564
1.930019300193063	98.76495888563748
1.9400194001940634	85.12386618840219
1.9500195001950635	101.09249426583385
1.960019600196064	127.06947235487078
1.9700197001970643	104.43355195345171
1.9800198001980647	86.4659557673638
1.9900199001990648	131.34218522739602
2.0000200002000654	103.49189716976902
2.0100201002010656	123.20630619733889
2.0200202002020657	99.92218282829461
2.0300203002030663	82.79125865659067
2.0400204002040665	86.34640446003317
2.0500205002050667	92.32936577239856
2.0600206002060673	109.13071893336983
2.0700207002070674	90.34278095130851
2.080020800208068	83.48619204869222
2.090020900209068	109.18803237333577
2.1000210002100683	83.8231362452495
2.110021100211069	93.0220504013853
2.120021200212069	89.17615522597667
2.1300213002130697	85.73447277890487
2.14002140021407	88.09658829081563
2.15002150021507	89.45924353507002
2.1600216002160706	96.46062918115096
2.1700217002170707	70.46015097588501
2.180021800218071	72.48674299911288
2.1900219002190715	70.82156837565424
2.2000220002200717	48.07276944761925
2.2100221002210723	81.237044737026
2.2200222002220724	57.74924551181128
2.2300223002230726	58.24035852835663
2.240022400224073	64.89505175574149
2.2500225002250733	60.65351186441012
2.260022600226074	39.344802386304686
2.270022700227074	21.543150394126446
2.2800228002280742	19.11464589319743
2.290022900229075	37.42562840184411
2.300023000230075	44.79925947665069
2.310023100231075	51.82507002633574
2.3200232002320758	64.9565721112354
2.330023300233076	64.65190826299477
2.3400234002340765	62.76153733281252
2.3500235002350767	56.00718651844896
2.360023600236077	90.08605015222511
2.3700237002370774	53.436594666491374
2.3800238002380776	75.08614722019409
2.3900239002390777	53.2410623320274
2.4000240002400783	55.6025371422967
2.4100241002410785	67.72163971650696
2.420024200242079	71.13212905702294
2.4300243002430792	63.12628873591596
2.4400244002440794	126.19078037183259
2.45002450024508	73.56365558437078
2.46002460024608	66.19642704975325
2.4700247002470808	58.76801922191913
2.480024800248081	72.70510469880111
2.490024900249081	71.61302249448481
2.5000250002500817	76.17053161448256
2.510025100251082	87.38179245375792
2.520025200252082	76.47216611105308
2.5300253002530826	76.02056750361469
2.5400254002540827	71.65139228036054
2.5500255002550833	82.37396465294164
2.5600256002560835	75.6855645435091
2.5700257002570837	79.74155959807813
2.5800258002580843	66.8067427376816
2.5900259002590844	77.502932563785
2.600026000260085	73.61826261876148
2.610026100261085	84.0238574446559
2.6200262002620853	63.96479723147284
2.630026300263086	33.68457530584186
2.640026400264086	30.800891698237606
2.6500265002650862	42.44787994884463
2.660026600266087	53.058464661785614
2.670026700267087	55.169388510877
2.6800268002680876	67.20001862130252
2.6900269002690878	47.784879853990496
2.700027000270088	61.4604714947252
2.7100271002710885	57.47139126397726
2.7200272002720887	62.652358480795264
2.7300273002730893	54.59168377809851
2.7400274002740894	50.8967033684278
2.7500275002750896	59.49960712592259
2.76002760027609	55.50165773234972
2.7700277002770903	17.23005697696863
2.7800278002780905	19.21822367484071
2.790027900279091	13.964307481188936
2.8000280002800912	26.446895090458337
2.810028100281092	36.55899029832798
2.820028200282092	39.451655269105125
2.830028300283092	29.364827965562764
2.8400284002840928	5.198857402291109
2.850028500285093	27.566720060015072
2.860028600286093	25.765855409348298
2.8700287002870937	17.235440272889136
2.880028800288094	12.326826109335425
2.8900289002890944	15.284593252128264
2.9000290002900946	13.54480747559394
2.9100291002910947	-3.997441350374919
2.9200292002920953	4.678431216367226
2.9300293002930955	27.059163749662982
2.940029400294096	35.455323715642926
2.9500295002950963	23.54536496154852
2.9600296002960964	7.828506689682966
2.970029700297097	35.78417532612652
2.980029800298097	30.75527207847741
2.9900299002990973	34.81904683591341
3.000030000300098	25.41221294288838
3.010030100301098	38.254446138185735
3.0200302003020987	30.761930756937595
3.030030300303099	43.15778980193138
3.040030400304099	34.818880560581476
3.0500305003050996	33.699285713253666
3.0600306003060997	22.770990592993748
3.0700307003071003	35.100006896899444
3.0800308003081005	46.06281721726784
3.0900309003091007	5.770667673457004
3.1000310003101013	26.17273660436519
3.1100311003111014	54.50091754658318
3.1200312003121016	52.14450168207558
3.130031300313102	10.772938885085638
3.1400314003141023	44.56183064973568
3.150031500315103	17.522783784902447
3.160031600316103	38.554377468850355
3.1700317003171032	23.190273433413996
3.180031800318104	60.86426168367858
3.190031900319104	21.66696176399848
3.200032000320104	57.27634025772359
3.2100321003211048	52.91826418759242
3.220032200322105	36.11157284838484
3.2300323003231055	31.823702750757576
3.2400324003241057	38.65672744046993
3.250032500325106	44.050546023759324
3.2600326003261064	45.9458504478327
3.2700327003271066	44.13640137859185
3.280032800328107	32.55890642108465
3.2900329003291073	32.02782136370619
3.3000330003301075	39.301079175552886
3.310033100331108	34.44077107486082
3.3200332003321082	41.635982237839826
3.3300333003331084	29.722197712383938
3.340033400334109	19.107552627049767
3.350033500335109	44.298496056243174
3.3600336003361098	42.515742385284156
3.37003370033711	33.72463525524509
3.38003380033811	25.031475111315398
3.3900339003391107	33.45086753732733
3.400034000340111	39.08872029805003
3.4100341003411114	24.97069064610296
3.4200342003421116	2.179378540843388
3.4300343003431117	23.80814685212998
3.4400344003441123	27.696452197289084
3.4500345003451125	20.664705569909636
3.4600346003461127	13.390057823706147
3.4700347003471133	8.799532167062402
3.4800348003481134	15.610376183197742
3.490034900349114	10.15780165622311
3.500035000350114	16.472262990861037
3.5100351003511143	27.312003774684445
3.520035200352115	27.822823073216465
3.530035300353115	18.464477103968665
3.5400354003541157	0.05551940156578601
3.550035500355116	39.819610700298696
3.560035600356116	35.58860185637135
3.5700357003571166	32.1245487015866
3.5800358003581167	28.900983649580784
3.590035900359117	36.76940676306456
3.6000360003601175	26.960482821639673
3.6100361003611177	31.614139228769393
3.6200362003621183	36.0820635300872
3.6300363003631184	28.891213638458336
3.6400364003641186	39.41702906310173
3.650036500365119	20.54436211824813
3.6600366003661193	30.35786312893086
3.6700367003671195	3.6553612923166083
3.68003680036812	28.002735356065504
3.6900369003691202	35.19315820422406
3.700037000370121	38.3872916790848
3.710037100371121	50.15198889075177
3.720037200372121	51.66096042644995
3.7300373003731218	10.990611988195374
3.740037400374122	56.39498573722708
3.7500375003751225	57.325140210960626
3.7600376003761227	48.43128043330073
3.770037700377123	41.829295755234384
3.7800378003781234	48.71743230694676
3.7900379003791236	50.05429001389148
3.8000380003801237	32.03651776341396
3.8100381003811243	44.006070482535044
3.8200382003821245	-5.97405830890599
3.830038300383125	53.67551312752835
3.8400384003841253	22.69926273861199
3.8500385003851254	53.71636693649045
3.860038600386126	47.96543289358513
3.870038700387126	33.62278170648691
3.8800388003881268	22.710431715648237
3.890038900389127	50.076803092328284
3.900039000390127	34.736856445623175
3.9100391003911277	35.49359012569795
3.920039200392128	38.73803703539895
3.930039300393128	37.08071730554149
3.9400394003941286	35.078002858242606
3.9500395003951287	24.537686277237945
3.9600396003961293	29.406546453478324
3.9700397003971295	3.9902301673525558
3.9800398003981297	15.429924243593913
3.9900399003991303	15.800515836045411
4.000040000400131	16.84760687337421
4.010040100401131	21.600956145232377
4.020040200402131	-16.526824558860497
4.030040300403131	9.389291634013063
4.0400404004041315	30.370402612002493
4.0500405004051325	22.900484783401918
4.060040600406133	12.166123773607296
4.070040700407133	13.933033297675667
4.080040800408133	14.412685980974025
4.090040900409133	7.716494543398722
4.100041000410133	11.396873221209358
4.110041100411134	20.35151074256317
4.1200412004121345	29.3121153833171
4.130041300413135	0.3708796271124998
4.140041400414135	15.390966951845648
4.150041500415135	20.206731339583346
4.160041600416136	23.171709355172766
4.170041700417136	22.12433648182231
4.180041800418136	31.723302063274737
4.1900419004191365	1.1900831752579693
4.200042000420137	35.10637368690754
4.210042100421138	26.192497942632976
4.220042200422138	-24.958308470171325
4.230042300423138	41.960255380895525
4.240042400424138	31.67718970074971
4.250042500425138	23.882993767514996
4.260042600426139	20.702284629536077
4.2700427004271395	15.010651020847726
4.28004280042814	22.77276981239879
4.29004290042914	7.30172255063139
4.30004300043014	16.577887564276754
4.31004310043114	36.522278461558074
4.320043200432141	39.19941743839977
4.330043300433141	17.818539559451196
4.3400434004341415	39.46998198315506
4.350043500435142	39.245324611677304
4.360043600436142	37.95478799247957
4.370043700437143	32.130952812171856
4.380043800438143	31.27991747445203
4.390043900439143	43.835583607247564
4.400044000440143	30.996073733894228
4.4100441004411435	28.293419823994988
4.4200442004421445	34.01828411185647
4.430044300443145	38.1607214236619
4.440044400444145	33.85437360273803
4.450044500445145	33.8492165249769
4.460044600446145	26.755739857711855
4.470044700447146	36.93579242086232
4.480044800448146	16.876483949128325
4.4900449004491465	3.476919998708559
4.500045000450147	19.555866485540445
4.510045100451147	33.68022979790554
4.520045200452148	20.579347212556918
4.530045300453148	8.87689578345324
4.540045400454148	28.399525055852738
4.550045500455148	6.095390345379628
4.5600456004561485	32.574384286689806
4.570045700457149	-4.743623110300253
4.58004580045815	21.185948935986886
4.59004590045915	30.76546602336519
4.60004600046015	10.14928286073286
4.61004610046115	12.97024998486085
4.62004620046215	10.11731857095175
4.630046300463151	23.76522625405743
4.6400464004641515	21.310013224437593
4.650046500465152	17.685762407256995
4.660046600466152	13.897546322957703
4.670046700467152	14.633671020438351
4.680046800468153	14.03044812180555
4.690046900469153	13.613819495109698
4.700047000470153	19.405674025557143
4.7100471004711535	18.351613936837293
4.720047200472154	21.799307100395758
4.730047300473155	13.855583078146452
4.740047400474155	15.898906077672018
4.750047500475155	13.97404655547744
4.760047600476155	23.500632945068205
4.770047700477155	27.240285038744446
4.7800478004781555	21.624296720957084
4.7900479004791565	25.674839037190992
4.800048000480157	26.717541041022816
4.810048100481157	17.275143215562345
4.820048200482157	20.629016260252417
4.830048300483157	0.3399472750226171
4.840048400484158	33.151207681093474
4.850048500485158	22.257114813555486
4.8600486004861585	3.0121447717583782
4.870048700487159	37.57514477514711
4.880048800488159	20.41635536744112
4.89004890048916	15.901611416474354
4.90004900049016	20.091094126911415
4.91004910049116	27.316469726892823
4.92004920049216	11.543276165085711
4.9300493004931605	7.2160302107202
4.9400494004941615	39.56276171513596
4.950049500495162	34.508533681871015
4.960049600496162	6.5970483252803795
4.970049700497162	26.03713986358138
4.980049800498162	8.6791725575213
4.990049900499163	40.06893178631396
5.000050000500163	21.514047451622925
5.0100501005011635	33.780191705814275
5.020050200502164	37.80708296108454
5.030050300503164	37.0002567716273
5.040050400504164	32.663645295693016
5.050050500505165	14.267556096763348
5.060050600506165	15.401282495349692
5.070050700507165	15.4888004341081
5.0800508005081655	31.24308518284653
5.090050900509166	35.221562007899436
5.100051000510167	28.734010698217745
5.110051100511167	34.81030524431632
5.120051200512167	9.219577410237688
5.130051300513167	30.540814947038672
5.140051400514167	29.20632080758451
5.150051500515168	-3.752568889817984
5.1600516005161685	3.479443856362396
5.170051700517169	17.161591114612232
5.180051800518169	29.97749263553237
5.190051900519169	10.898622376849229
5.20005200052017	17.077206200565623
5.21005210052117	0.17715363556666394
5.22005220052217	21.79777468529947
5.2300523005231705	17.67103480424578
5.240052400524171	15.860162149889993
5.250052500525171	18.115355088883636
5.260052600526172	15.472187441929469
5.270052700527172	15.632280011188922
5.280052800528172	13.711725755205537
5.290052900529172	1.531344721647769
5.3000530005301725	14.049030387052195
5.3100531005311735	6.899021868648731
5.320053200532174	21.578394273981754
5.330053300533174	22.81536075956213
5.340053400534174	19.48855615534542
5.350053500535174	27.780097065044913
5.360053600536175	9.076058661338136
5.370053700537175	20.456006774183138
5.3800538005381755	19.528113171214997
5.390053900539176	27.423723702609287
5.400054000540176	33.14181279499685
5.410054100541177	23.75672592217367
5.420054200542177	30.61898094422535
5.430054300543177	22.94365005043726
5.440054400544177	21.666324611862823
5.4500545005451775	24.38998715300161
5.4600546005461785	40.13848101379398
5.470054700547179	20.864198225392048
5.480054800548179	26.570690921128985
5.490054900549179	16.95035580184896
5.500055000550179	32.13611672012386
5.510055100551179	17.295463486090675
5.52005520055218	31.471880896059712
5.5300553005531805	22.897646244973547
5.540055400554181	13.94364460053596
5.550055500555181	13.168806785933816
5.560055600556181	24.209449236654354
5.570055700557182	17.298530671036442
5.580055800558182	26.424540834841256
5.590055900559182	37.08761167613565
5.6000560005601825	24.35515747100151
5.610056100561183	41.609764256256604
5.620056200562184	26.64022982069272
5.630056300563184	29.049598166414636
5.640056400564184	41.66787399283442
5.650056500565184	3.610053723020899
5.660056600566184	37.769110076733256
5.670056700567185	24.27506833493564
5.6800568005681855	31.803757034474753
5.690056900569186	23.612199776185705
5.700057000570186	14.231104749809282
5.710057100571186	23.887764881621912
5.720057200572186	35.70095044112752
5.730057300573187	22.171691797334052
5.740057400574187	21.5316155764472
5.7500575005751875	26.93920971030133
5.760057600576188	21.15108129830914
5.770057700577188	7.373697092137875
5.780057800578189	8.397603658817921
5.790057900579189	20.37221315237427
5.800058000580189	25.400681177853084
5.810058100581189	7.343504757173706
5.8200582005821895	-2.5373585019413287
5.8300583005831905	13.119756845175134
5.840058400584191	17.43626603674033
5.850058500585191	14.940664771597739
5.860058600586191	14.300195212592937
5.870058700587191	15.528457792455793
5.880058800588192	17.905589588346654
5.890058900589192	18.448903787547735
5.9000590005901925	14.77483835795101
5.910059100591193	4.195119718460967
5.920059200592193	26.913706953749916
5.930059300593194	5.106647844190496
5.940059400594194	4.329665062816668
5.950059500595194	27.02852378841594
5.960059600596194	34.29459953314281
5.9700597005971945	5.378460805506775
5.980059800598195	17.462312764054122
5.990059900599196	31.936952054973414
6.000060000600196	12.633527283460724
6.010060100601196	30.872291239826424
6.020060200602196	24.17886137675954
6.030060300603196	36.23646748100017
6.040060400604197	9.098649112838567
6.0500605006051975	29.579525281670126
6.060060600606198	27.2462304609507
6.070060700607198	41.574303465289965
6.080060800608198	5.67124116348376
6.090060900609199	-12.919513717927174
6.100061000610199	19.451154563118127
6.110061100611199	28.876240486625935
6.1200612006121995	21.45891995194976
6.1300613006132	17.434691538663717
6.140061400614201	39.52851632962632
6.150061500615201	17.19070468531215
6.160061600616201	40.92567523704211
6.170061700617201	21.839266080315806
6.180061800618201	25.07986591802637
6.1900619006192015	38.53055440028707
6.2000620006202025	29.115662011177502
6.210062100621203	17.382428625772356
6.220062200622203	37.07021906436615
6.230062300623203	13.620369083218716
6.240062400624203	12.382410594649397
6.250062500625204	28.64255385830544
6.260062600626204	19.664228227932412
6.2700627006272045	23.472008543446684
6.280062800628205	30.803969387429756
6.290062900629205	35.796577175299156
6.300063000630206	8.388586689433536
6.310063100631206	5.989279214278753
6.320063200632206	16.20942580411453
6.330063300633206	29.584973385798232
6.3400634006342065	28.528761802217666
6.3500635006352075	28.524047467193476
6.360063600636208	17.90809382178244
6.370063700637208	22.074510298938005
6.380063800638208	6.4583958037242075
6.390063900639208	2.5037487659600455
6.400064000640208	17.01035014038387
6.410064100641209	15.272940610226376
6.4200642006422095	8.026310206825407
6.43006430064321	14.796292273030756
6.44006440064421	13.594508580464726
6.45006450064521	13.92959447084837
6.460064600646211	11.916192557059262
6.470064700647211	12.073559601207517
6.480064800648211	18.68721561510091
6.4900649006492115	12.21678553544315
6.500065000650212	1.9259610748135227
6.510065100651213	26.15868162374446
6.520065200652213	11.745565157398321
6.530065300653213	22.980880053049447
6.540065400654213	25.27793689237948
6.550065500655213	26.34205885277505
6.560065600656214	20.694172977887686
6.5700657006572145	7.768546296639844
6.580065800658215	3.113176289221407
6.590065900659215	17.436224928743055
6.600066000660215	33.47646521238153
6.610066100661216	30.717366514752975
6.620066200662216	20.70761567921757
6.630066300663216	14.012601109589346
6.6400664006642165	27.139240454366686
6.650066500665217	-11.029078558199968
6.660066600666217	30.029028281491463
6.670066700667218	18.202791660502736
6.680066800668218	39.55438282218811
6.690066900669218	26.291142695268537
6.700067000670218	27.663222973294896
6.7100671006712185	0.5047976260801535
6.7200672006722195	28.906785169564483
6.73006730067322	12.645471718415504
6.74006740067422	28.344542036234493
6.75006750067522	-1.7207898334921539
6.76006760067622	34.374739355383944
6.770067700677221	39.01409398471027
6.780067800678221	30.238249229231723
6.7900679006792215	42.55723641246221
6.800068000680222	12.247906478727305
6.810068100681222	29.44599751599582
6.820068200682223	12.04861213560812
6.830068300683223	21.224694901624236
6.840068400684223	29.968001395904803
6.850068500685223	17.960060631976134
6.8600686006862235	10.04732386364565
6.870068700687224	17.4359273818898
6.880068800688225	20.59107342304311
6.890068900689225	2.4735356448903447
6.900069000690225	13.720760376997342
6.910069100691225	38.97632087506053
6.920069200692225	21.681345792213005
6.930069300693226	22.6811791998739
6.9400694006942265	17.498359288855276
6.950069500695227	14.593223601089212
6.960069600696227	10.44295775779595
6.970069700697227	22.0541893626608
6.980069800698228	12.654951816242573
6.990069900699228	14.769914121376706
7.000070000700228	15.813095038023144
7.0100701007012285	16.100480841087162
7.020070200702229	13.781616123533846
7.03007030070323	16.014345165552967
7.04007040070423	14.878351544498285
7.05007050070523	15.143418063582487
7.06007060070623	23.01411309970662
7.07007070070723	10.868280262758512
7.080070800708231	24.76705471004827
7.0900709007092315	7.860162382421127
7.100071000710232	4.15576222951111
7.110071100711232	-12.30468026829217
7.120071200712232	11.431830303358609
7.130071300713232	9.596766881764298
7.140071400714233	7.8713045720513755
7.150071500715233	19.457659012543097
7.1600716007162335	21.02862541413386
7.170071700717234	22.60089702856097
7.180071800718234	19.55816016949782
7.190071900719235	33.464184779843045
7.200072000720235	24.85374116548865
7.210072100721235	36.27569606359241
7.220072200722235	23.94439401658173
7.2300723007232355	33.297315075963176
7.2400724007242365	18.48826016613867
7.250072500725237	27.732155628627996
7.260072600726237	14.127054592276854
7.270072700727237	31.551093420225836
7.280072800728237	7.60336064568269
7.290072900729238	26.15962155101964
7.300073000730238	-6.0723262521055235
7.3100731007312385	16.295042538684342
7.320073200732239	40.73268943611485
7.330073300733239	18.995054461448166
7.340073400734239	29.36918183092777
7.35007350073524	33.77029196729337
7.36007360073624	42.88082089250688
7.37007370073724	9.356854862397693
7.3800738007382405	20.770322149206244
7.390073900739241	33.06848026929103
7.400074000740242	41.348490086906914
7.410074100741242	31.354670402065064
7.420074200742242	12.7472281196249
7.430074300743242	22.566761633148523
7.440074400744242	22.509438342233135
7.450074500745243	14.01401203156066
7.4600746007462435	30.843876421364435
7.470074700747244	15.566417650293538
7.480074800748244	26.158492493219676
7.490074900749244	26.843780929155848
7.500075000750245	26.425735495002375
7.510075100751245	25.815778028278498
7.520075200752245	1.1629267296973789
7.5300753007532455	0.09074979035802042
7.540075400754246	18.148705630933705
7.550075500755247	3.4200011076911676
7.560075600756247	29.15788758568086
7.570075700757247	8.550499422320746
7.580075800758247	16.398127800526744
7.590075900759247	19.85414885418134
7.6000760007602475	13.331345626358173
7.6100761007612485	18.105557263931903
7.620076200762249	16.255475016340405
7.630076300763249	15.209111427637723
7.640076400764249	14.931456683675748
7.650076500765249	14.297556389466697
7.66007660076625	20.426053355101146
7.67007670076725	19.160022144267018
7.6800768007682505	7.432813399082268
7.690076900769251	22.530087526114468
7.700077000770251	3.908417842635155
7.710077100771252	4.972309360728955
7.720077200772252	19.981617694155496
7.730077300773252	21.880638591139345
7.740077400774252	24.649279842365278
7.7500775007752525	28.76173808008395
7.7600776007762535	31.199418189083204
7.770077700777254	32.579433047593916
7.780077800778254	-9.897425693628332
7.790077900779254	4.812078005284553
7.800078000780254	30.88397422487512
7.810078100781254	23.24274394353613
7.820078200782255	27.562217518518562
7.8300783007832555	10.602737081421141
7.840078400784256	12.107066390764126
7.850078500785256	19.499219768769553
7.860078600786256	5.864241079666999
7.870078700787257	15.048443640799452
7.880078800788257	24.42591404323012
7.890078900789257	26.440751547489022
7.9000790007902575	11.90247219493991
7.910079100791258	33.99630647192323
7.920079200792259	32.040893997820284
7.930079300793259	16.203734564978113
7.940079400794259	23.33765334116753
7.950079500795259	22.451571772031276
7.960079600796259	-16.815901181738486
7.97007970079726	28.074074966078626
7.9800798007982605	40.95482013637784
7.990079900799261	17.42625477528049
8.000080000800262	36.16741756463203
8.010080100801261	24.71766125031895
8.020080200802262	-5.173798459080722
8.030080300803261	12.866431248494788
8.040080400804262	18.928524566350383
8.050080500805263	36.05083558767586
8.060080600806263	30.10531203696522
8.070080700807264	32.543374404097555
8.080080800808263	25.788429807620773
8.090080900809264	14.632833961574633
8.100081000810265	17.28925043752846
8.110081100811264	12.256718094681414
8.120081200812265	12.045170413009698
8.130081300813265	22.797560639277403
8.140081400814266	11.12012539490806
8.150081500815265	23.090427782541735
8.160081600816266	17.529120115231496
8.170081700817267	23.8331447099805
8.180081800818266	6.979339220728219
8.190081900819267	14.054473457767584
8.200082000820267	18.961657608491713
8.210082100821268	11.994007508515889
8.220082200822269	13.799385575714796
8.230082300823268	10.429703944537357
8.240082400824269	17.73764344969355
8.250082500825268	6.897085160337619
8.26008260082627	10.082253367549747
8.27008270082727	20.387843601136307
8.28008280082827	6.897235423941567
8.29008290082927	17.291451791168992
8.30008300083027	13.011654698923579
8.310083100831271	9.873570103902118
8.320083200832272	17.08707855992438
8.330083300833271	37.09906746230738
8.340083400834272	24.642053859319674
8.350083500835272	30.90795520142108
8.360083600836273	-4.636990868835013
8.370083700837274	23.22847639746804
8.380083800838273	25.398555004264942
8.390083900839274	26.298008643014246
8.400084000840273	28.542932702946487
8.410084100841274	28.082118834321527
8.420084200842275	36.71158263536185
8.430084300843275	22.415498245388576
8.440084400844276	35.15014342781604
8.450084500845275	40.208595718552054
8.460084600846276	36.858021872312605
8.470084700847277	6.485869978232825
8.480084800848276	27.90827855213942
8.490084900849277	3.061236164525231
8.500085000850277	29.605595347861144
8.510085100851278	9.54903341637105
8.520085200852279	32.662159460893065
8.530085300853278	22.948782716833534
8.540085400854279	30.800112663676327
8.550085500855278	15.649824629546407
8.56008560085628	34.6473256761708
8.57008570085728	23.9768376552183
8.58008580085828	8.573212645614808
8.59008590085928	14.983556499142672
8.60008600086028	10.121421093910273
8.610086100861281	-2.9706852520064753
8.62008620086228	2.632872030059619
8.630086300863281	32.24722852338674
8.640086400864282	31.180176891748392
8.650086500865282	21.79803181900281
8.660086600866283	33.21692190740709
8.670086700867282	35.63997914474431
8.680086800868283	13.910724550637994
8.690086900869284	15.289805426555349
8.700087000870283	-6.590523625940866
8.710087100871284	20.86622632286479
8.720087200872284	21.389186765716953
8.730087300873285	-6.3406757783512635
8.740087400874286	20.802089438602813
8.750087500875285	-3.4898621655538786
8.760087600876286	14.598327909855508
8.770087700877285	17.25671770393289
8.780087800878286	12.803005496661477
8.790087900879287	19.166160153379185
8.800088000880287	16.235370149493473
8.810088100881288	15.6108129875023
8.820088200882287	14.19883995088679
8.830088300883288	18.12358012764464
8.840088400884289	15.260824476964592
8.850088500885288	10.753523820078795
8.86008860088629	18.561461304745187
8.870088700887289	5.9765514332256044
8.88008880088829	0.2774570785606895
8.89008890088929	13.381691187326954
8.90008900089029	22.91977431044242
8.910089100891291	-14.251002302167878
8.92008920089229	14.760642300584694
8.930089300893291	20.23726746689099
8.940089400894292	31.30009085096338
8.950089500895292	32.75810154181172
8.960089600896293	25.5956538440849
8.970089700897292	11.850554624990302
8.980089800898293	-29.992371218643054
8.990089900899294	7.862961309432306
9.000090000900293	27.233585392506633
9.010090100901294	34.09239977289841
9.020090200902294	20.830086429811455
9.030090300903295	19.409774569681755
9.040090400904296	15.947848513245404
9.050090500905295	20.549776597729235
9.060090600906296	13.416668704442138
9.070090700907295	29.997171759633474
9.080090800908296	1.458151623300339
9.090090900909296	36.40233691100668
9.100091000910297	20.402661385072005
9.110091100911298	24.419752987039338
9.120091200912297	28.022013964303984
9.130091300913298	32.08586092367678
9.140091400914297	34.303827076382156
9.150091500915298	40.612791225164074
9.1600916009163	20.386367400672135
9.170091700917299	7.13743254026722
9.1800918009183	38.16496850738068
9.190091900919299	11.557720774995394
9.2000920009203	16.835575126727424
9.210092100921301	27.400104312602462
9.2200922009223	15.877165388794044
9.230092300923301	16.942747842381408
9.2400924009243	35.881071573594966
9.250092500925302	33.073406811378995
9.260092600926303	20.414334566881628
9.270092700927302	24.566490489573606
9.280092800928303	17.466238697983705
9.290092900929302	11.946719219908502
9.300093000930303	19.419866164551117
9.310093100931304	14.238906634998678
9.320093200932304	-4.391547212589295
9.330093300933305	3.3393393664965783
9.340093400934304	19.70504774537065
9.350093500935305	23.493580577568533
9.360093600936306	8.840592956186127
9.370093700937305	17.173827599818125
9.380093800938306	10.855316823856915
9.390093900939306	12.66309012391013
9.400094000940307	13.378521037126657
9.410094100941308	13.743634373866042
9.420094200942307	13.294645169903763
9.430094300943308	13.394957773794777
9.440094400944307	17.512740244083393
9.450094500945308	10.076585631687285
9.46009460094631	23.982026519212948
9.470094700947309	11.540458397941467
9.48009480094831	18.582567031982343
9.490094900949309	-0.48110316564725775
9.50009500095031	24.090687943772085
9.510095100951311	29.99763533647202
9.52009520095231	-18.38917741683628
9.530095300953311	18.282707847598314
9.54009540095431	29.63835579548626
9.550095500955312	33.31969677817646
9.560095600956311	21.108272126370853
9.570095700957312	23.19695518095982
9.580095800958313	13.624839482141008
9.590095900959312	13.340125673096567
9.600096000960313	5.912148773295334
9.610096100961313	33.4139892044432
9.620096200962314	34.963523057570036
9.630096300963315	30.454980147314703
9.640096400964314	34.5928020245947
9.650096500965315	33.01379758926476
9.660096600966314	25.25047200676028
9.670096700967315	5.696368705572669
9.680096800968316	31.149772771455623
9.690096900969316	36.58553078583162
9.700097000970317	38.72058427887424
9.710097100971316	41.10088494887327
9.720097200972317	10.039665722834673
9.730097300973318	-5.503091877303982
9.740097400974317	17.551058362495866
9.750097500975318	35.242010762935486
9.760097600976318	19.05418687298305
9.770097700977319	6.823005781652771
9.78009780097832	21.73243865943894
9.790097900979319	-0.22499001351818187
9.80009800098032	7.011887750306608
9.81009810098132	30.015700746990742
9.82009820098232	24.520419397883646
9.830098300983321	29.66737427084444
9.84009840098432	33.235903476550256
9.850098500985322	-3.383855123038612
9.860098600986321	29.927834564355113
9.870098700987322	21.57914744535921
9.880098800988323	5.167037348112587
9.890098900989322	16.895463127932263
9.900099000990323	18.79190429600903
9.910099100991323	15.804620700498266
9.920099200992324	10.00201226271033
9.930099300993325	24.171446288697613
9.940099400994324	16.744726418555587
9.950099500995325	16.820608591583323
9.960099600996324	21.125722877609288
9.970099700997325	17.095173546894003
9.980099800998326	15.478822815424833
9.990099900999326	16.215201874370855
10.000100001000327	17.07397226181616
10.010100101001326	10.306078439117407
10.020100201002327	19.55431295975851
10.030100301003326	23.328789455302655
10.040100401004327	18.560109615658433
10.050100501005328	24.86891695403177
10.060100601006328	23.94685029468754
10.070100701007329	25.499446236724122
10.080100801008328	6.492113313561808
10.090100901009329	8.64841396758957
10.10010100101033	10.589502869908932
10.11010110101133	24.897652820530126
10.12010120101233	24.427325107270548
10.13010130101333	18.332895981123766
10.14010140101433	36.066968611118554
10.150101501015332	4.678077946320812
10.160101601016331	-12.033766758338247
10.170101701017332	20.327565256665732
10.180101801018331	34.07230249744372
10.190101901019332	28.86537104763621
10.200102001020333	19.221317581973285
10.210102101021333	9.95101140573049
10.220102201022334	28.622675196367542
10.230102301023333	26.024311597512373
10.240102401024334	38.120778662584954
10.250102501025335	14.18837376933014
10.260102601026334	34.485977497184486
10.270102701027335	27.159563320576584
10.280102801028335	26.822831750965307
10.290102901029336	23.35229024651484
10.300103001030337	17.489173579408707
10.310103101031336	17.538930075616566
10.320103201032337	27.453341446378506
10.330103301033336	28.233337764701474
10.340103401034337	27.382653732435465
10.350103501035338	29.24489183674923
10.360103601036338	24.98361294260943
10.370103701037339	28.118258936888825
10.380103801038338	11.90448936232309
10.390103901039339	1.4312565355196563
10.40010400104034	9.658543615289203
10.41010410104134	2.5546824152061554
10.42010420104234	31.951456807469253
10.43010430104334	10.376364961281338
10.44010440104434	31.288620000486212
10.450104501045342	6.41251159518613
10.460104601046341	17.695534219281228
10.470104701047342	14.323073050225897
10.480104801048341	16.89876486576009
10.490104901049342	27.94121029387491
10.500105001050342	20.374103296975516
10.510105101051343	26.39129608611892
10.520105201052344	8.27553948996171
10.530105301053343	16.63163397633422
10.540105401054344	17.623776241295623
10.550105501055343	22.75284746998474
10.560105601056344	13.471827905725554
10.570105701057345	17.319893874610898
10.580105801058345	14.258882864720768
10.590105901059346	16.219561460801643
10.600106001060345	17.56288861718978
10.610106101061346	11.27064719719448
10.620106201062347	17.838861039952384
10.630106301063346	12.735963390022965
10.640106401064347	16.06752553579668
10.650106501065347	1.0960024577551633
10.660106601066348	20.043565932627516
10.670106701067349	-35.740825181412895
10.680106801068348	-3.3171113328996835
10.690106901069349	19.153390574236475
10.700107001070348	26.449324482234893
10.71010710107135	26.110324830505743
10.72010720107235	-23.038333970143444
10.73010730107335	23.567453837544786
10.74010740107435	20.89653991630916
10.75010750107535	23.64942692477354
10.760107601076351	28.041053163121447
10.770107701077352	25.841050352190848
10.780107801078351	13.800864586530196
10.790107901079352	25.093284271641863
10.800108001080352	29.74288888471692
10.810108101081353	24.461764704320867
10.820108201082354	36.78981402626809
10.830108301083353	39.11100695785371
10.840108401084354	37.16739081453113
10.850108501085353	26.311521030249537
10.860108601086354	10.777134876488317
10.870108701087355	6.035800323463137
10.880108801088355	32.55441028245127
10.890108901089356	18.20791970008452
10.900109001090355	29.299928916022992
10.910109101091356	15.236094579628242
10.920109201092357	3.816310716876407
10.930109301093356	27.184785088305667
10.940109401094357	36.90067422918504
10.950109501095357	21.815451432789217
10.960109601096358	0.31954743082895226
10.970109701097357	21.459673504358243
10.980109801098358	30.59144322372498
10.990109901099359	12.395361799503185
11.000110001100358	14.49659774527115
11.01011010110136	32.455349415056254
11.020110201102359	14.632499872010488
11.03011030110336	18.821324264148686
11.04011040110436	-4.1247733900931856
11.05011050110536	18.28327267622233
11.060110601106361	1.6159628373853816
11.07011070110736	9.403664331519447
11.080110801108361	4.351310709065166
11.090110901109362	25.43115686734433
11.100111001110362	29.522925668273672
11.110111101111363	12.962131776914532
11.120111201112362	21.026618587399827
11.130111301113363	11.437821146003683
11.140111401114364	11.177111350153526
11.150111501115363	13.000427085000199
11.160111601116364	11.8543813754837
11.170111701117364	13.07019493123025
11.180111801118365	13.01014124538139
11.190111901119366	9.12169498989763
11.200112001120365	11.054911863245747
11.210112101121366	19.787785935576327
11.220112201122365	25.849995278824025
11.230112301123366	18.8672740870058
11.240112401124367	7.800812102008466
11.250112501125367	8.067853938214858
11.260112601126368	21.634743814607297
11.270112701127367	12.32462407317283
11.280112801128368	19.403859063922177
11.290112901129369	36.341397841060676
11.300113001130368	14.258061802726498
11.31011310113137	33.35714180658037
11.320113201132369	13.44518959979347
11.33011330113337	37.56547157772321
11.34011340113437	35.53609025921402
11.35011350113537	9.12572319017842
11.360113601136371	32.93101719736797
11.37011370113737	5.48320580564509
11.380113801138371	25.55785312160865
11.390113901139372	13.469665633318844
11.400114001140372	27.48714393124286
11.410114101141373	5.6994274903330755
11.420114201142372	28.596745250502238
11.430114301143373	-16.569659075942347
11.440114401144372	29.865170679441714
11.450114501145373	29.056517368906412
11.460114601146374	32.49193203719544
11.470114701147374	31.221750401374102
11.480114801148375	20.74914662532551
11.490114901149374	16.9030854672067
11.500115001150375	25.335715796169403
11.510115101151376	35.75701162727572
11.520115201152375	28.359758600247066
11.530115301153376	26.773047321613774
11.540115401154376	12.191330805473822
11.550115501155377	1.2854016932532135
11.560115601156378	23.56264403112915
11.570115701157377	32.35719924593033
11.580115801158378	-3.3447172344225584
11.590115901159377	32.13594824492769
11.600116001160378	13.791741801921729
11.61011610116138	1.7566483561096593
11.620116201162379	22.63123019506861
11.63011630116338	16.491672899551254
11.640116401164379	10.96818963564679
11.65011650116538	24.88725319333196
11.660116601166381	22.220778067373484
11.67011670116738	18.09098161594902
11.680116801168381	25.615374860328135
11.69011690116938	18.817765480851083
11.700117001170382	20.368101137344716
11.710117101171383	18.836189384038445
11.720117201172382	22.866294216828127
11.730117301173383	20.064999283420416
11.740117401174382	11.49173105806742
11.750117501175383	15.840040720232937
11.760117601176384	15.716632436265398
11.770117701177384	17.75416994669498
11.780117801178385	16.0156860132113
11.790117901179384	16.982224712480146
11.800118001180385	4.454341124130618
11.810118101181386	13.608130625557981
11.820118201182385	21.547737616905334
11.830118301183386	8.478872995002387
11.840118401184386	11.933488007891233
11.850118501185387	22.1061162925895
11.860118601186388	28.652762752432945
11.870118701187387	20.59634039297459
11.880118801188388	3.488805827843528
11.890118901189387	31.81698328853534
11.900119001190388	-3.0115265803609454
11.910119101191388	26.1850275719091
11.920119201192389	17.315402426894103
11.93011930119339	36.6135710398785
11.940119401194389	-1.412153644869802
11.95011950119539	24.93160742509233
11.96011960119639	31.34701030363642
11.97011970119739	24.21091130789591
11.980119801198391	32.31918139959808
11.99011990119939	43.075940392100705
12.000120001200392	21.93519640830113
12.010120101201391	12.539298446587413
12.020120201202392	30.769172252240182
12.030120301203393	20.36958656933305
12.040120401204392	22.491173184139093
12.050120501205393	29.003617067460333
12.060120601206393	35.99018790872163
12.070120701207394	-2.932485904031153
12.080120801208395	19.564326721457228
12.090120901209394	27.931799321610754
12.100121001210395	41.3510662146109
12.110121101211394	4.764017769801064
12.120121201212395	31.206165443518582
12.130121301213396	37.449462882757956
12.140121401214396	7.996470705093811
12.150121501215397	25.38333229035803
12.160121601216396	20.681277335270167
12.170121701217397	17.996980995208524
12.180121801218398	35.86970290506835
12.190121901219397	25.798444631133606
12.200122001220398	22.724870467469984
12.210122101221398	17.322363432581373
12.220122201222399	7.012236003660436
12.2301223012234	3.438533648659933
12.240122401224399	19.808269892324695
12.2501225012254	23.968065294952904
12.2601226012264	19.835678693522176
12.2701227012274	19.829672902728802
12.280122801228401	20.715739744920114
12.2901229012294	30.70299458444381
12.300123001230402	11.010626019909365
12.310123101231401	14.217835973207414
12.320123201232402	10.159474560221067
12.330123301233403	12.369022756133958
12.340123401234402	14.761890332479727
12.350123501235403	14.684980115914657
12.360123601236403	15.010968495056774
12.370123701237404	18.005128519377863
12.380123801238403	16.932402273568872
12.390123901239404	4.814097741515461
12.400124001240405	23.947645926392124
12.410124101241404	14.562014444971803
12.420124201242405	14.400022674085594
12.430124301243405	28.703195925738523
12.440124401244406	9.059046499688632
12.450124501245407	30.299866534881463
12.460124601246406	13.40006106417052
12.470124701247407	21.310304434646234
12.480124801248406	9.785675165465452
12.490124901249407	2.6573850580584106
12.500125001250408	9.48700471982171
12.510125101251408	12.723367418581406
12.520125201252409	31.082945407266372
12.530125301253408	1.7456666620698145
12.540125401254409	35.54537357913815
12.55012550125541	13.343470951635425
12.56012560125641	25.565515802010026
12.57012570125741	16.65931329165807
12.58012580125841	22.26512347623608
12.59012590125941	23.61859529848103
12.600126001260412	14.4526113336981
12.610126101261411	44.96484402612035
12.620126201262412	39.17872503767305
12.630126301263411	26.622716188055897
12.640126401264412	12.66907009071863
12.650126501265413	37.70435525493835
12.660126601266413	31.653477741515932
12.670126701267414	14.477291284347189
12.680126801268413	22.56006304930825
12.690126901269414	29.10742255917322
12.700127001270415	21.729543630447278
12.710127101271414	41.97164991951437
12.720127201272415	10.431042088893703
12.730127301273415	22.687490393803646
12.740127401274416	44.52522395439482
12.750127501275417	27.429751754332116
12.760127601276416	30.420931124757058
12.770127701277417	26.71757928375954
12.780127801278416	11.42887028741223
12.790127901279417	-2.800553798246879
12.800128001280417	10.205717511997685
12.810128101281418	36.62160562660382
12.820128201282419	17.237132212225628
12.830128301283418	14.045166267899374
12.840128401284419	11.297872255781273
12.850128501285418	26.078599980161066
12.86012860128642	8.951685098914082
12.87012870128742	27.052803968501927
12.88012880128842	8.846690765126503
12.89012890128942	17.40748878377543
12.90012900129042	18.276672293862884
12.910129101291421	12.522750452021633
12.920129201292422	9.021986839648745
12.930129301293421	15.516660284216778
12.940129401294422	14.918928733676765
12.950129501295422	16.46745353963829
12.960129601296423	16.88327077927976
12.970129701297424	14.549104044336179
12.980129801298423	13.873311085481898
12.990129901299424	18.93244633382232
13.000130001300423	10.946323046065533
13.010130101301424	28.95711761638033
13.020130201302425	-5.948490672781893
13.030130301303425	19.500110043329766
13.040130401304426	15.064818236268529
13.050130501305425	19.704907298165605
13.060130601306426	28.554879391999556
13.070130701307427	21.356563768924982
13.080130801308426	16.894009652208496
13.090130901309427	16.29089207266353
13.100131001310427	29.27985579775195
13.110131101311428	-18.076923363097993
13.120131201312429	19.807370821839204
13.130131301313428	40.463614920453665
13.140131401314429	15.160131251800824
13.150131501315428	22.71861510725712
13.16013160131643	18.6043263117797
13.17013170131743	30.5911989604485
13.18013180131843	-5.772959599366852
13.19013190131943	28.539606463837767
13.20013200132043	-16.856308581706063
13.210132101321431	34.938620640472976
13.220132201322432	41.071306712138174
13.230132301323431	20.956111459436716
13.240132401324432	28.662658559790252
13.250132501325432	8.89793118422006
13.260132601326433	33.434189867968435
13.270132701327432	30.69628660678816
13.280132801328433	20.206310999178736
13.290132901329434	19.00397035822461
13.300133001330433	30.92672386960456
13.310133101331434	16.88386727014517
13.320133201332434	34.58801423706072
13.330133301333435	20.963800508098984
13.340133401334436	29.459964233830952
13.350133501335435	28.321197658282603
13.360133601336436	27.030481052610014
13.370133701337435	8.92097263800041
13.380133801338436	7.166468152093899
13.390133901339437	22.906577693472478
13.400134001340437	21.93463724900294
13.410134101341438	2.1521461081080777
13.420134201342437	26.715396227202643
13.430134301343438	7.341469224641436
13.440134401344439	16.530580336307782
13.450134501345438	22.466192621791862
13.46013460134644	20.412829212680016
13.470134701347439	16.361823924224
13.48013480134844	3.264697749676247
13.49013490134944	17.72053025323431
13.50013500135044	15.335242275586413
13.510135101351441	14.583019395578162
13.52013520135244	15.67405450216211
13.530135301353441	15.05783049117406
13.540135401354442	16.10128179753425
13.550135501355442	14.704994672899977
13.560135601356443	19.92251116853142
13.570135701357442	21.182192190369516
13.580135801358443	11.216206341628498
13.590135901359444	7.1149439775624055
13.600136001360443	8.442633998033502
13.610136101361444	15.425345281583304
13.620136201362444	3.281953036645713
13.630136301363445	23.630795107344348
13.640136401364446	13.159552376189637
13.650136501365445	21.6460093112744
13.660136601366446	16.433782682584532
13.670136701367445	-3.6634717304280877
13.680136801368446	24.398386826288256
13.690136901369447	18.84382155757363
13.700137001370447	31.950928146578164
13.710137101371448	-3.1092553814837403
13.720137201372447	34.088484088315205
13.730137301373448	24.823418247523975
13.740137401374447	26.787010981828203
13.750137501375448	33.71385126787999
13.76013760137645	7.778896019416138
13.770137701377449	23.154948460027963
13.78013780137845	34.708280122110494
13.790137901379449	34.96343745254581
13.80013800138045	19.580740446304205
13.810138101381451	30.435646772119327
13.82013820138245	32.38220080861471
13.830138301383451	21.752486232359743
13.84013840138445	0.33811067121582616
13.850138501385452	18.48627754033073
13.860138601386453	24.23541456541402
13.870138701387452	31.664902224744942
13.880138801388453	17.972747720221097
13.890138901389452	31.44821700726356
13.900139001390453	24.344710187215203
13.910139101391454	23.71867159133267
13.920139201392454	39.429634723076035
13.930139301393455	12.086430065477767
13.940139401394454	34.20690332411128
13.950139501395455	23.81758491695085
13.960139601396456	20.59744132213674
13.970139701397455	21.543243080640845
13.980139801398456	23.230183324027912
13.990139901399456	18.741876508467527
14.000140001400457	35.94989660140014
14.010140101401458	2.2411588069100445
14.020140201402457	28.566744283954367
14.030140301403458	19.24801243824679
14.040140401404457	26.054855557799808
14.050140501405458	11.900486864786977
14.06014060140646	21.650456879496286
14.070140701407459	17.42302711721715
14.08014080140846	21.52054548566494
14.090140901409459	15.668122678689814
14.10014100141046	13.746104778054661
14.110141101411461	14.812792523971094
14.12014120141246	15.318484627794534
14.130141301413461	16.270746838609448
14.14014140141446	16.198699965454402
14.150141501415462	14.9098580881857
14.160141601416463	18.88324605070289
14.170141701417462	-4.695744221125093
14.180141801418463	13.88529517261604
14.190141901419462	6.974031441461366
14.200142001420463	29.321326415542455
14.210142101421463	25.94920709834949
14.220142201422464	33.83133850751815
14.230142301423465	19.20864746183441
14.240142401424464	33.79074975766836
14.250142501425465	32.4327018162213
14.260142601426464	-5.935466725751552
14.270142701427465	18.92635817716428
14.280142801428466	12.28438050378809
14.290142901429466	20.4618583276777
14.300143001430467	-12.27824315187051
14.310143101431466	11.824738448371333
14.320143201432467	28.241156936932395
14.330143301433468	31.023558279605822
14.340143401434467	30.117075170404917
14.350143501435468	24.05984274795547
14.360143601436468	32.05025454762328
14.370143701437469	10.098404830245379
14.38014380143847	-0.9733504018990481
14.390143901439469	38.01792481432179
14.40014400144047	33.98941303364585
14.41014410144147	17.820301847556163
14.42014420144247	6.6266967729448005
14.430144301443471	7.59300241239113
14.44014440144447	14.15613456520771
14.450144501445472	42.44056372885687
14.460144601446471	11.628461429442552
14.470144701447472	24.632149599511617
14.480144801448473	21.431084845268646
14.490144901449472	17.35657245699108
14.500145001450473	29.144848180537906
14.510145101451473	4.139621234094346
14.520145201452474	32.01334687067069
14.530145301453475	0.44109121022341813
14.540145401454474	31.699796292453744
14.550145501455475	16.734068368595608
14.560145601456474	24.764625183577937
14.570145701457475	28.182156793898734
14.580145801458476	12.30230166569133
14.590145901459476	26.254180736664125
14.600146001460477	7.797154284093884
14.610146101461476	18.010401969672845
14.620146201462477	22.75394800616362
14.630146301463478	25.45198823130098
14.640146401464477	-31.890410588448983
14.650146501465478	12.29580289239382
14.660146601466478	17.77979670703223
14.670146701467479	17.54444453701714
14.680146801468478	13.981746385386105
14.690146901469479	14.615680835815727
14.70014700147048	14.17779775670688
14.71014710147148	14.733907053782417
14.72014720147248	10.609409276285033
14.73014730147348	13.540896521194226
14.74014740147448	16.524963229443472
14.750147501475482	2.0583098966933844
14.760147601476481	18.510465499986495
14.770147701477482	7.688958500469713
14.780147801478481	18.664759278244215
14.790147901479482	27.432407811399568
14.800148001480483	20.992060663979593
14.810148101481483	-3.5218568838212274
14.820148201482484	6.684037737289826
14.830148301483483	10.550332783311626
14.840148401484484	23.854633457402688
14.850148501485485	11.605090376539627
14.860148601486484	18.717752943971238
14.870148701487485	18.257317947996007
14.880148801488485	31.361840494092394
14.890148901489486	21.394216186044368
14.900149001490487	31.995877439117795
14.910149101491486	23.380163316827034
14.920149201492487	11.358324507613546
14.930149301493486	8.537688766400587
14.940149401494487	31.24071444020197
14.950149501495488	37.24407383437008
14.960149601496488	22.359241760474394
14.970149701497489	39.798309587422175
14.980149801498488	14.159935900633291
14.990149901499489	39.78368652902034
