0.0	nan
0.010000100001000326	1.6744573807950527
0.020000200002000652	6.480204729738741
0.03000030000300098	-5.895232348602227
0.040000400004001305	-13.511326385651417
0.05000050000500163	-9.24831062658853
0.06000060000600196	-6.88421223866848
0.07000070000700229	-9.10792020309065
0.08000080000800261	-0.699158432337912
0.09000090000900293	0.9596697238105941
0.10000100001000325	-3.732467841719653
0.11000110001100359	-2.0015589592293153
0.12000120001200391	-1.348791507832447
0.13000130001300425	1.2266494510223462
0.14000140001400457	-0.3138858605556689
0.1500015000150049	-0.15802575404117106
0.16000160001600522	1.0097696948314472
0.17000170001700554	2.30936970858845
0.18000180001800586	1.6308315619739342
0.1900019000190062	2.6356772598293405
0.2000020000200065	-1.3112666880788677
0.21000210002100686	4.4633117695707965
0.22000220002200718	1.388574510822322
0.2300023000230075	2.3487858398516095
0.24000240002400783	4.520136893606753
0.2500025000250082	2.2770089605726085
0.2600026000260085	2.9644198426908144
0.2700027000270088	2.7697920554521027
0.28000280002800915	3.8529295701616157
0.29000290002900947	2.749074333700635
0.3000030000300098	2.3959756920160817
0.3100031000310101	3.953741747015428
0.32000320003201044	4.420913478142964
0.33000330003301076	3.632440877421644
0.3400034000340111	3.521887805975703
0.3500035000350114	4.365894248322061
0.36000360003601173	5.397482664794654
0.37000370003701205	4.806583585355188
0.3800038000380124	4.728392318012634
0.3900039000390127	5.574383172242892
0.400004000040013	5.550870436920645
0.4100041000410134	5.003206520013413
0.4200042000420137	5.781501834335485
0.43000430004301404	6.452208557203271
0.44000440004401437	4.638229958338156
0.4500045000450147	5.533525808869836
0.460004600046015	5.60959218265838
0.47000470004701533	6.314665519614011
0.48000480004801566	4.936884442059631
0.490004900049016	5.040189785492202
0.5000050000500164	6.1508914529060705
0.5100051000510166	6.496757909647199
0.520005200052017	5.804342669782842
0.5300053000530173	5.798483883029923
0.5400054000540176	6.424859600768341
0.5500055000550179	6.653523194866296
0.5600056000560183	6.008136163862661
0.5700057000570186	6.761195635038379
0.5800058000580189	7.6829283853070045
0.5900059000590192	7.170611422255624
0.6000060000600196	7.8196777375514195
0.6100061000610199	8.298646117838768
0.6200062000620202	8.97124199220897
0.6300063000630205	9.170502241757124
0.6400064000640209	8.910822292193439
0.6500065000650213	9.389316353461862
0.6600066000660215	9.616880346923228
0.6700067000670219	9.325786265291214
0.6800068000680222	9.52813363010943
0.6900069000690225	9.987629059105448
0.7000070000700228	10.324861633295306
0.7100071000710232	9.913722380308183
0.7200072000720235	9.937995761673688
0.7300073000730238	10.508199184247967
0.7400074000740241	10.635013005579106
0.7500075000750245	10.637167598135827
0.7600076000760247	11.619975040059296
0.7700077000770251	12.189639841833388
0.7800078000780254	12.025573069556179
0.7900079000790258	11.721878491060187
0.800008000080026	12.60783179830665
0.8100081000810264	13.047473587596757
0.8200082000820268	13.24206521937776
0.8300083000830271	13.662273682671042
0.8400084000840274	14.00293026552368
0.8500085000850277	15.003593560269199
0.8600086000860281	14.866241098090846
0.8700087000870284	15.403695780573251
0.8800088000880287	15.939012044097996
0.890008900089029	16.170272778131082
0.9000090000900294	16.428595031278288
0.9100091000910296	16.841687022595597
0.92000920009203	17.259813798644693
0.9300093000930303	17.63290001382316
0.9400094000940307	18.00133447848555
0.9500095000950309	18.054391894688855
0.9600096000960313	18.69530857479796
0.9700097000970317	18.82816299283089
0.980009800098032	19.625116891262056
0.9900099000990323	19.015134924183947
1.0000100001000327	20.493097728443363
1.0100101001010329	21.30365511963673
1.0200102001020332	25.76161884930731
1.0300103001030336	22.749155529289958
1.040010400104034	23.120029929560342
1.0500105001050342	23.597518995443387
1.0600106001060345	23.710109253555387
1.070010700107035	24.633203625233648
1.0800108001080353	24.27266594336089
1.0900109001090355	25.594067257138736
1.1000110001100358	16.27948488802711
1.1100111001110362	25.67502970461932
1.1200112001120366	27.858057576649035
1.130011300113037	26.02128834773697
1.1400114001140371	27.867777580526067
1.1500115001150375	28.842599944960124
1.1600116001160379	27.462334010313636
1.1700117001170383	31.474157696075036
1.1800118001180384	30.573628617960953
1.1900119001190388	31.972633489011482
1.2000120001200392	32.98609451808445
1.2100121001210395	29.449578524550265
1.2200122001220397	34.33919094579097
1.23001230012304	31.29385835354613
1.2400124001240405	36.69711838915495
1.2500125001250408	35.717529075706516
1.260012600126041	36.277800834590145
1.2700127001270414	36.76140205578091
1.2800128001280418	37.73602151812642
1.2900129001290421	37.6701121068758
1.3000130001300425	39.89560085304383
1.3100131001310427	40.25655023785298
1.320013200132043	38.5830455681378
1.3300133001330434	40.91721539753707
1.3400134001340438	42.52328898605691
1.350013500135044	43.32205141618735
1.3600136001360443	44.10994320755593
1.3700137001370447	44.56431402301551
1.380013800138045	45.60934021407128
1.3900139001390452	47.92305243719435
1.4000140001400456	48.65299003322612
1.410014100141046	41.63564414906647
1.4200142001420464	50.3737411438735
1.4300143001430465	52.46132761833359
1.440014400144047	52.272906117514395
1.4500145001450473	51.09445179479183
1.4600146001460477	53.81199312112156
1.470014700147048	56.206591332535766
1.4800148001480482	58.13225766563683
1.4900149001490486	58.224918950900474
1.500015000150049	59.62609680516175
1.5100151001510493	62.77844075299224
1.5200152001520495	64.06037902903594
1.5300153001530499	61.49079215059033
1.5400154001540503	64.26509614768473
1.5500155001550506	65.00721432537405
1.5600156001560508	68.13909052200776
1.5700157001570512	70.1544615302235
1.5800158001580515	74.88186882052106
1.590015900159052	79.23461643197832
1.600016000160052	76.06421667003274
1.6100161001610525	78.81984896138827
1.6200162001620528	82.51745758300913
1.6300163001630532	106.63474980068708
1.6400164001640536	86.87001114140341
1.6500165001650537	75.19442773335308
1.6600166001660541	36.54317429088567
1.6700167001670545	21.55778224543079
1.6800168001680549	71.66517412247097
1.690016900169055	88.68271846636026
1.7000170001700554	93.26779340382893
1.7100171001710558	109.41564941995966
1.7200172001720562	59.76004968465138
1.7300173001730563	93.09777179931584
1.7400174001740567	89.14990987954594
1.750017500175057	91.15804453142013
1.7600176001760575	86.18205021739243
1.7700177001770578	75.61116390567058
1.780017800178058	80.43788443397342
1.7900179001790584	86.28984501580516
1.8000180001800588	73.87922405357094
1.8100181001810591	83.30350540794443
1.8200182001820593	77.03412054990186
1.8300183001830597	79.8632821365926
1.84001840018406	72.84803611212294
1.8500185001850604	75.29033471851558
1.8600186001860606	70.73673061901292
1.870018700187061	64.34480572294125
1.8800188001880613	86.49830717583653
1.8900189001890617	69.73227286809414
1.9000190001900619	73.83108436878717
1.9100191001910622	70.15090682985712
1.9200192001920626	66.33893589820607
1.930019300193063	72.35087134467665
1.9400194001940634	78.46161167534746
1.9500195001950635	72.44228936450632
1.960019600196064	79.22827478048245
1.9700197001970643	73.48878518138471
1.9800198001980647	59.801095761540275
1.9900199001990648	67.11117104857111
2.0000200002000654	66.63518078846836
2.0100201002010656	70.18799906728566
2.0200202002020657	69.48810986613385
2.0300203002030663	77.96366732511693
2.0400204002040665	71.10181414557955
2.0500205002050667	61.025261700404016
2.0600206002060673	77.18141063709359
2.0700207002070674	83.70341761609323
2.080020800208068	100.56251604746753
2.090020900209068	71.79462361997592
2.1000210002100683	67.18293991468094
2.110021100211069	67.56147641545971
2.120021200212069	107.52696133868209
2.1300213002130697	62.20323217841332
2.14002140021407	61.15600467110122
2.15002150021507	75.62220775152863
2.1600216002160706	64.4526916626262
2.1700217002170707	54.8984847098725
2.180021800218071	65.64972996883263
2.1900219002190715	59.92931667340509
2.2000220002200717	33.81872475792863
2.2100221002210723	56.762839836269194
2.2200222002220724	38.3691454723353
2.2300223002230726	57.43330754008804
2.240022400224073	75.94810827038745
2.2500225002250733	48.078143633852505
2.260022600226074	36.23852353047718
2.270022700227074	19.486177607896792
2.2800228002280742	15.717839017093997
2.290022900229075	35.44452403241201
2.300023000230075	44.207422575802006
2.310023100231075	44.96499012991135
2.3200232002320758	54.443105775225426
2.330023300233076	68.01785534090916
2.3400234002340765	60.56758749445565
2.3500235002350767	46.578080182137775
2.360023600236077	69.39907799428065
2.3700237002370774	49.67127481930625
2.3800238002380776	75.01111724261706
2.3900239002390777	35.801121455922974
2.4000240002400783	43.918014996380606
2.4100241002410785	67.06827590562163
2.420024200242079	74.82253361451771
2.4300243002430792	48.47950041924337
2.4400244002440794	81.74352906125169
2.45002450024508	64.85176542245061
2.46002460024608	69.22469308171272
2.4700247002470808	51.686782040026266
2.480024800248081	70.13425915042465
2.490024900249081	67.47320007697388
2.5000250002500817	71.89391353916322
2.510025100251082	73.09207625935578
2.520025200252082	68.9126338082773
2.5300253002530826	69.97770039261944
2.5400254002540827	73.51303591001249
2.5500255002550833	68.64817720092873
2.5600256002560835	65.34967740502336
2.5700257002570837	70.93573269960362
2.5800258002580843	70.73219402625692
2.5900259002590844	69.7466089918763
2.600026000260085	63.00597651034423
2.610026100261085	80.4335554559074
2.6200262002620853	57.64220895925493
2.630026300263086	33.43293279429647
2.640026400264086	22.798880663181976
2.6500265002650862	35.88092296741977
2.660026600266087	57.43424222932848
2.670026700267087	49.59481568391664
2.6800268002680876	64.31161279210535
2.6900269002690878	43.66315614490126
2.700027000270088	60.46990737762981
2.7100271002710885	54.89631109530027
2.7200272002720887	59.79018715178515
2.7300273002730893	52.11196219668168
2.7400274002740894	48.51826643889063
2.7500275002750896	57.48923174582082
2.76002760027609	52.90958521108501
2.7700277002770903	15.39571672197023
2.7800278002780905	17.28507024363399
2.790027900279091	11.06169736319973
2.8000280002800912	25.081748783958165
2.810028100281092	35.3099730198025
2.820028200282092	37.86858009549271
2.830028300283092	27.92268950949228
2.8400284002840928	4.316445292827217
2.850028500285093	25.786638412009783
2.860028600286093	24.879523693713658
2.8700287002870937	15.650744476215678
2.880028800288094	11.408103674602298
2.8900289002890944	14.312604403256827
2.9000290002900946	12.591018422328302
2.9100291002910947	-3.8892025364335727
2.9200292002920953	3.323615355865806
2.9300293002930955	25.64892012899195
2.940029400294096	37.363819409007135
2.9500295002950963	22.582236828782488
2.9600296002960964	6.0442294977914495
2.970029700297097	36.199492197622135
2.980029800298097	35.2042513440846
2.9900299002990973	30.244785013489526
3.000030000300098	25.94427664155344
3.010030100301098	33.61938614875411
3.0200302003020987	40.990486091930045
3.030030300303099	36.580743780248575
3.040030400304099	37.7244220189211
3.0500305003050996	29.625350869179602
3.0600306003060997	24.459122369235207
3.0700307003071003	39.73733334644836
3.0800308003081005	27.546783701784218
3.0900309003091007	13.00395803531564
3.1000310003101013	23.533797197195693
3.1100311003111014	26.865660252984828
3.1200312003121016	60.42914703961209
3.130031300313102	16.206649357789075
3.1400314003141023	54.823913633273435
3.150031500315103	12.1376022645659
3.160031600316103	29.166932138343423
3.1700317003171032	24.885875155721042
3.180031800318104	62.4505637605705
3.190031900319104	17.70433741611253
3.200032000320104	82.47555170278072
3.2100321003211048	36.4859540401082
3.220032200322105	40.32732364265186
3.2300323003231055	27.750175330851345
3.2400324003241057	44.05580880633357
3.250032500325106	43.806307743710086
3.2600326003261064	28.938245773600876
3.2700327003271066	59.80783067313527
3.280032800328107	28.788422134896216
3.2900329003291073	29.493912014175848
3.3000330003301075	33.18017124219294
3.310033100331108	31.540889014296713
3.3200332003321082	40.70386144940404
3.3300333003331084	17.384166268031958
3.340033400334109	26.680002105695895
3.350033500335109	34.50767574577514
3.3600336003361098	45.63588486536141
3.37003370033711	33.47512000615021
3.38003380033811	23.47864486298263
3.3900339003391107	24.71260038918772
3.400034000340111	42.487753456423334
3.4100341003411114	25.355907633256862
3.4200342003421116	-6.250014254645337
3.4300343003431117	23.286057479761237
3.4400344003441123	25.751237992053575
3.4500345003451125	18.235807850227197
3.4600346003461127	10.426561315783768
3.4700347003471133	5.79346103486703
3.4800348003481134	12.806382655540679
3.490034900349114	7.2807257843908415
3.500035000350114	13.920900641591796
3.5100351003511143	23.474065104008552
3.520035200352115	24.621425232426834
3.530035300353115	16.262428416508676
3.5400354003541157	-5.045411039859795
3.550035500355116	38.777543685282744
3.560035600356116	31.91120503498697
3.5700357003571166	31.74883120328982
3.5800358003581167	25.155498465719276
3.590035900359117	33.80805556599447
3.6000360003601175	23.119210807037213
3.6100361003611177	26.817333891093796
3.6200362003621183	35.87557865924133
3.6300363003631184	27.226322721833196
3.6400364003641186	32.27549901208849
3.650036500365119	16.447228993010075
3.6600366003661193	28.340666905497805
3.6700367003671195	0.42493413103955113
3.68003680036812	23.690274999375767
3.6900369003691202	30.765784023631873
3.700037000370121	36.296960667839336
3.710037100371121	46.31651557607466
3.720037200372121	47.454715868206414
3.7300373003731218	7.617938612159893
3.740037400374122	53.11769379659322
3.7500375003751225	54.16732034954661
3.7600376003761227	44.976534734486926
3.770037700377123	39.16291419305826
3.7800378003781234	45.17102305253319
3.7900379003791236	46.00625624542856
3.8000380003801237	30.037195722071242
3.8100381003811243	41.81457581222297
3.8200382003821245	-11.234423874338725
3.830038300383125	50.392121919709346
3.8400384003841253	22.03254034645829
3.8500385003851254	50.16016081896322
3.860038600386126	39.98082000360648
3.870038700387126	33.7882771346853
3.8800388003881268	28.243248862122766
3.890038900389127	41.270425914259754
3.900039000390127	28.950483019893625
3.9100391003911277	34.96840263948921
3.920039200392128	34.747668297965724
3.930039300393128	36.89578419897306
3.9400394003941286	32.071287461412986
3.9500395003951287	21.88601340862777
3.9600396003961293	24.740600690468405
3.9700397003971295	0.9425972237344241
3.9800398003981297	16.019913349287627
3.9900399003991303	13.637996201980243
4.000040000400131	15.201145812467114
4.010040100401131	22.97799405816611
4.020040200402131	-19.39584700611479
4.030040300403131	9.04675788661531
4.0400404004041315	26.40150402492574
4.0500405004051325	20.78061752587642
4.060040600406133	10.949945468301307
4.070040700407133	12.251420125049004
4.080040800408133	12.765503973689002
4.090040900409133	5.7035190924573484
4.100041000410133	10.88720080841406
4.110041100411134	17.86084493399831
4.1200412004121345	27.614655001153334
4.130041300413135	-0.3735039948073601
4.140041400414135	17.71425468874178
4.150041500415135	18.53427319572963
4.160041600416136	21.098573747951164
4.170041700417136	19.676879370212244
4.180041800418136	31.5575603467289
4.1900419004191365	-0.389350388356178
4.200042000420137	36.4902578462482
4.210042100421138	29.37935840789883
4.220042200422138	-26.249400691329043
4.230042300423138	38.69190704413099
4.240042400424138	30.983624674947116
4.250042500425138	19.95861051789897
4.260042600426139	24.24532533960048
4.2700427004271395	13.142198265767382
4.28004280042814	35.0630752370571
4.29004290042914	5.952059540437216
4.30004300043014	19.546223870057702
4.31004310043114	27.54629079252889
4.320043200432141	29.47168285164929
4.330043300433141	25.320468969938045
4.3400434004341415	37.155249734236364
4.350043500435142	29.61348027445945
4.360043600436142	34.252534837802216
4.370043700437143	36.08371320764623
4.380043800438143	26.96939950667456
4.390043900439143	38.322579617794666
4.400044000440143	46.526586418204516
4.4100441004411435	29.228017621975486
4.4200442004421445	29.56023437674739
4.430044300443145	35.500100982588826
4.440044400444145	35.377917913114565
4.450044500445145	35.15280184362999
4.460044600446145	26.256771779139992
4.470044700447146	34.22204696206435
4.480044800448146	14.373854547766573
4.4900449004491465	0.6787519008302807
4.500045000450147	19.716362225235716
4.510045100451147	31.455531752726756
4.520045200452148	15.380448576524739
4.530045300453148	10.849409628706802
4.540045400454148	22.43007428060537
4.550045500455148	3.3032316470666836
4.5600456004561485	32.1016880671834
4.570045700457149	-5.779367245725756
4.58004580045815	18.728575407418305
4.59004590045915	28.563875202160748
4.60004600046015	7.23211562301801
4.61004610046115	10.812084982967479
4.62004620046215	7.600645089766788
4.630046300463151	20.895267999736454
4.6400464004641515	19.173818985506554
4.650046500465152	15.00330272406315
4.660046600466152	11.207015787994514
4.670046700467152	11.94686831947446
4.680046800468153	11.290659994844978
4.690046900469153	10.777017057786237
4.700047000470153	16.544709167533732
4.7100471004711535	15.507630486290296
4.720047200472154	18.777853100722506
4.730047300473155	10.966476194770488
4.740047400474155	12.857185390112239
4.750047500475155	10.960268756449759
4.760047600476155	20.467709866793275
4.770047700477155	24.19080272783505
4.7800478004781555	18.34646793579887
4.7900479004791565	21.967222449277312
4.800048000480157	24.47757168176326
4.810048100481157	13.408362993338894
4.820048200482157	17.23409836957164
4.830048300483157	-3.028783793434585
4.840048400484158	30.262225558084282
4.850048500485158	18.974304148864743
4.8600486004861585	-2.472891643395713
4.870048700487159	35.818273542039194
4.880048800488159	15.451311272989852
4.89004890048916	12.181458274139874
4.90004900049016	15.297624002611304
4.91004910049116	23.85608637395085
4.92004920049216	10.669408800157562
4.9300493004931605	11.12355095076265
4.9400494004941615	35.665866430612425
4.950049500495162	31.14223498170841
4.960049600496162	4.616183680319227
4.970049700497162	22.29409316759008
4.980049800498162	3.5572899413587185
4.990049900499163	35.20115389366539
5.000050000500163	21.325066060735175
5.0100501005011635	29.822240494296324
5.020050200502164	35.25818038150444
5.030050300503164	32.86407014439498
5.040050400504164	34.43072118370033
5.050050500505165	11.871888826173413
5.060050600506165	16.570902845429472
5.070050700507165	12.177540152813377
5.0800508005081655	27.288859643439597
5.090050900509166	31.050807422133893
5.100051000510167	27.84763416585888
5.110051100511167	32.58364810697533
5.120051200512167	6.332501495226942
5.130051300513167	28.94225939224296
5.140051400514167	22.72108541062138
5.150051500515168	-4.148475884636786
5.1600516005161685	1.6016151768712437
5.170051700517169	13.513539607118762
5.180051800518169	28.47629202294055
5.190051900519169	6.901275906438831
5.20005200052017	14.106568920090254
5.21005210052117	-1.0443430253935513
5.22005220052217	18.978141794254775
5.2300523005231705	15.315045513340847
5.240052400524171	12.957831389088408
5.250052500525171	15.901905653706537
5.260052600526172	13.731908171575256
5.270052700527172	13.83675371836144
5.280052800528172	11.996470072155764
5.290052900529172	-1.4287797963491053
5.3000530005301725	13.125905454120204
5.3100531005311735	3.9225784023825554
5.320053200532174	22.25611226520228
5.330053300533174	22.180676267529435
5.340053400534174	17.845614524812547
5.350053500535174	26.067890402356454
5.360053600536175	6.485245848545978
5.370053700537175	18.9114123322485
5.3800538005381755	16.334847624796858
5.390053900539176	25.561843443443372
5.400054000540176	30.147511892526797
5.410054100541177	24.418865295175976
5.420054200542177	25.953075713413618
5.430054300543177	23.05132097714158
5.440054400544177	22.628943529916214
5.4500545005451775	21.99649401542047
5.4600546005461785	39.75729055290485
5.470054700547179	20.69207094379431
5.480054800548179	23.870030637191462
5.490054900549179	13.805016723574647
5.500055000550179	29.70128219119424
5.510055100551179	20.257434921329516
5.52005520055218	32.46970411801357
5.5300553005531805	22.154307135381124
5.540055400554181	10.354465084491467
5.550055500555181	13.879056587110167
5.560055600556181	23.53091206894331
5.570055700557182	16.43174021149355
5.580055800558182	24.897379244704677
5.590055900559182	37.51618918742538
5.6000560005601825	20.642472754618343
5.610056100561183	38.7206007387419
5.620056200562184	26.8070538439682
5.630056300563184	28.83187598432568
5.640056400564184	40.89150128695794
5.650056500565184	1.6696319523298018
5.660056600566184	35.75183846035608
5.670056700567185	23.171818540726278
5.6800568005681855	30.887389795547215
5.690056900569186	22.232649013524103
5.700057000570186	13.118025465087426
5.710057100571186	22.29752895402388
5.720057200572186	34.12818115458272
5.730057300573187	20.34575531835383
5.740057400574187	19.71660683251963
5.7500575005751875	24.908191700240288
5.760057600576188	19.327719092734625
5.770057700577188	5.242046431796016
5.780057800578189	6.098981699216608
5.790057900579189	18.462518005405386
5.800058000580189	23.296891935568464
5.810058100581189	5.082085702026734
5.8200582005821895	-4.746466718169992
5.8300583005831905	10.79220844065266
5.840058400584191	14.988715353464752
5.850058500585191	12.515262403469999
5.860058600586191	11.800881121681998
5.870058700587191	12.898342615438153
5.880058800588192	15.412098953714999
5.890058900589192	15.667530383386698
5.9000590005901925	12.282810971712598
5.910059100591193	1.034331362346944
5.920059200592193	24.454189804081324
5.930059300593194	1.5678498126745475
5.940059400594194	0.5269326056700134
5.950059500595194	26.2607265342982
5.960059600596194	31.315672725661063
5.9700597005971945	2.598437783373975
5.980059800598195	15.625553985579595
5.990059900599196	28.082690343885314
6.000060000600196	8.371292414041466
6.010060100601196	26.099738353688224
6.020060200602196	21.556616457685838
6.030060300603196	32.2721379417316
6.040060400604197	4.907483990982455
6.0500605006051975	26.376138837264666
6.060060600606198	29.472155932713807
6.070060700607198	35.19176600773779
6.080060800608198	3.230587224525717
6.090060900609199	-19.202571724227262
6.100061000610199	17.542601566648983
6.110061100611199	32.06385269654888
6.1200612006121995	18.884501997666057
6.1300613006132	13.590384547234883
6.140061400614201	35.397018296678205
6.150061500615201	17.735863934937655
6.160061600616201	34.396366472885155
6.170061700617201	18.783033261891436
6.180061800618201	23.610225436152945
6.1900619006192015	37.274108782883516
6.2000620006202025	22.562560928024237
6.210062100621203	17.696299306139593
6.220062200622203	38.30619440607437
6.230062300623203	7.248263519505381
6.240062400624203	5.750842902081558
6.250062500625204	24.488210364708767
6.260062600626204	14.976598889519078
6.2700627006272045	19.770316126047142
6.280062800628205	27.602964380713956
6.290062900629205	33.54584391348359
6.300063000630206	6.821312922728501
6.310063100631206	2.4226862469989534
6.320063200632206	14.223097555316828
6.330063300633206	27.372248410654237
6.3400634006342065	27.25262825222363
6.3500635006352075	27.328870096034393
6.360063600636208	15.32280129090555
6.370063700637208	19.762308596467022
6.380063800638208	3.160232894582723
6.390063900639208	0.21986959679271617
6.400064000640208	15.818482543723247
6.410064100641209	12.68955977960489
6.4200642006422095	5.977530692225976
6.43006430064321	12.814819657409066
6.44006440064421	11.489140692159458
6.45006450064521	11.87683305950105
6.460064600646211	9.911410962052615
6.470064700647211	10.384236280124084
6.480064800648211	17.214234980094744
6.4900649006492115	10.192409094741603
6.500065000650212	0.07617382358478986
6.510065100651213	24.840844441637127
6.520065200652213	10.491448412080798
6.530065300653213	20.49340577326302
6.540065400654213	24.339614221677913
6.550065500655213	24.093938307112584
6.560065600656214	19.74640633285089
6.5700657006572145	6.014134745147569
6.580065800658215	2.8342954150113315
6.590065900659215	15.974414060589497
6.600066000660215	32.342449071082676
6.610066100661216	28.634879404449322
6.620066200662216	19.3025482405254
6.630066300663216	12.74199030975031
6.6400664006642165	26.284838219406083
6.650066500665217	-12.80116533318653
6.660066600666217	28.02050480312032
6.670066700667218	16.437230925196598
6.680066800668218	38.44000097174938
6.690066900669218	25.335736083775647
6.700067000670218	26.14172897292565
6.7100671006712185	-0.7450011234044529
6.7200672006722195	27.63534480633856
6.73006730067322	11.285168093602916
6.74006740067422	26.946872173464417
6.75006750067522	-2.7578111606783047
6.76006760067622	32.88741436277664
6.770067700677221	37.99467384459913
6.780067800678221	29.93955585290801
6.7900679006792215	40.93597347186273
6.800068000680222	10.966259508592767
6.810068100681222	27.696060892976604
6.820068200682223	9.748055649503366
6.830068300683223	19.764809572039727
6.840068400684223	27.462806556155456
6.850068500685223	16.136390985087264
6.8600686006862235	9.877828234041237
6.870068700687224	16.087080296633385
6.880068800688225	17.794564513457644
6.890068900689225	0.2600736619595658
6.900069000690225	10.49739153432574
6.910069100691225	38.51067496025004
6.920069200692225	19.113551366629874
6.930069300693226	21.185295859389274
6.9400694006942265	15.948331221990493
6.950069500695227	12.08837049847111
6.960069600696227	8.130839559841336
6.970069700697227	19.81025082693044
6.980069800698228	10.69565946821656
6.990069900699228	12.61212308910958
7.000070000700228	13.167962512462719
7.0100701007012285	14.411078222990724
7.020070200702229	11.569958376214416
7.03007030070323	13.798432101625922
7.04007040070423	12.458813196134795
7.05007050070523	12.574713363077112
7.06007060070623	20.66962179597302
7.07007070070723	9.00101274727069
7.080070800708231	22.230965851588305
7.0900709007092315	4.941289161861672
7.100071000710232	0.7184597988698127
7.110071100711232	-15.390142028454887
7.120071200712232	8.633915138969016
7.130071300713232	7.710441298996329
7.140071400714233	6.119624129523198
7.150071500715233	15.945503609426863
7.1600716007162335	19.796382476445668
7.170071700717234	21.558355836551073
7.180071800718234	16.58677794944775
7.190071900719235	33.92776439019065
7.200072000720235	18.506580229182866
7.210072100721235	32.31812622712798
7.220072200722235	20.27915204828747
7.2300723007232355	33.87734626269384
7.2400724007242365	17.243504337107364
7.250072500725237	25.031013785949018
7.260072600726237	8.251753784237918
7.270072700727237	28.35490369746477
7.280072800728237	3.7080191970980936
7.290072900729238	20.771762027215054
7.300073000730238	-10.042120955813253
7.3100731007312385	12.091350160148181
7.320073200732239	37.92942040155153
7.330073300733239	17.823471019179323
7.340073400734239	26.441289395583837
7.35007350073524	32.74868204744712
7.36007360073624	39.75715475698545
7.37007370073724	8.45503176627753
7.3800738007382405	19.133706551790212
7.390073900739241	27.79053018074967
7.400074000740242	38.01194333192845
7.410074100741242	28.058952391073213
7.420074200742242	9.412330234632567
7.430074300743242	19.590665230780196
7.440074400744242	19.970903119690107
7.450074500745243	12.471918594051417
7.4600746007462435	26.418755558190238
7.470074700747244	10.203732587048327
7.480074800748244	22.202798210519415
7.490074900749244	24.45569749578507
7.500075000750245	25.218686697390606
7.510075100751245	22.967639320337035
7.520075200752245	-1.9231583360626032
7.5300753007532455	-2.27461799276636
7.540075400754246	15.529040129266141
7.550075500755247	1.7523323337437904
7.560075600756247	26.573166710417333
7.570075700757247	6.276669932487246
7.580075800758247	14.253064626920482
7.590075900759247	17.75712442615959
7.6000760007602475	11.359944256310973
7.6100761007612485	16.060618979754867
7.620076200762249	14.153863774813948
7.630076300763249	13.121375011921712
7.640076400764249	12.959078874437287
7.650076500765249	12.332983036284146
7.66007660076625	18.457205183474045
7.67007670076725	17.270987388462185
7.6800768007682505	5.5830560454458045
7.690076900769251	20.7026381216294
7.700077000770251	2.1295378852922746
7.710077100771252	3.3263717142399294
7.720077200772252	18.116375461678437
7.730077300773252	19.939449812788983
7.740077400774252	23.074709483133553
7.7500775007752525	26.62090252272674
7.7600776007762535	29.65363040126147
7.770077700777254	31.230659881756345
7.780077800778254	-10.97193129489758
7.790077900779254	2.934175705746984
7.800078000780254	29.161323071251985
7.810078100781254	21.215547255466305
7.820078200782255	26.81035053798807
7.8300783007832555	9.544326097508286
7.840078400784256	10.739339642969192
7.850078500785256	18.910495240100676
7.860078600786256	6.282699376827574
7.870078700787257	12.207529194433501
7.880078800788257	23.081841670004255
7.890078900789257	23.77273778797865
7.9000790007902575	9.971308574332728
7.910079100791258	31.51734862826263
7.920079200792259	29.470251705100218
7.930079300793259	12.537098689027708
7.940079400794259	22.18176223223656
7.950079500795259	20.69504500958622
7.960079600796259	-15.420906845353377
7.97007970079726	25.624974222264235
7.9800798007982605	39.08195592842654
7.990079900799261	14.95164424300591
8.000080000800262	33.91414832556937
8.010080100801261	24.316603654022398
8.020080200802262	-5.452302396110583
8.030080300803261	13.68350085995795
8.040080400804262	18.41383177403005
8.050080500805263	34.34740918373088
8.060080600806263	29.315780337953033
8.070080700807264	30.700934554194784
8.080080800808263	23.217253284848226
8.090080900809264	13.666524626366282
8.100081000810265	15.35930811253605
8.110081100811264	6.975836930043519
8.120081200812265	9.149472138205272
8.130081300813265	20.964708847471876
8.140081400814266	9.784307822704246
8.150081500815265	21.796616985306557
8.160081600816266	16.083437058131576
8.170081700817267	21.739355551022378
8.180081800818266	4.666113705074526
8.190081900819267	11.826357473788189
8.200082000820267	16.787888885309293
8.210082100821268	9.370392757690334
8.220082200822269	11.33839148479411
8.230082300823268	7.947934510297807
8.240082400824269	15.441302276946205
8.250082500825268	4.352453057718596
8.26008260082627	6.9499525943281455
8.27008270082727	17.613868093176528
8.28008280082827	3.808328866579421
8.29008290082927	15.032671803507508
8.30008300083027	11.251874413325929
8.310083100831271	7.623061355062246
8.320083200832272	14.84604234549233
8.330083300833271	34.31377992556204
8.340083400834272	21.11727122139189
8.350083500835272	28.468942320724093
8.360083600836273	-6.961580088911655
8.370083700837274	19.70561788131911
8.380083800838273	24.212031320492287
8.390083900839274	22.67617170099552
8.400084000840273	25.204962635062447
8.410084100841274	25.25234712739326
8.420084200842275	34.84701383027877
8.430084300843275	17.613854218095813
8.440084400844276	31.996194430906876
8.450084500845275	37.94615881359328
8.460084600846276	34.893777209093415
8.470084700847277	3.0906945037761084
8.480084800848276	25.517664121436987
8.490084900849277	1.0617233272130533
8.500085000850277	25.202179302662756
8.510085100851278	4.283009566560548
8.520085200852279	28.904309066022417
8.530085300853278	20.288415377648306
8.540085400854279	27.21121006254878
8.550085500855278	14.055230727695806
8.56008560085628	32.09479997827214
8.57008570085728	21.31783671456534
8.58008580085828	5.68290267134205
8.59008590085928	11.582945343885521
8.60008600086028	7.3066768688643675
8.610086100861281	-5.934641974139761
8.62008620086228	-0.06529218950967221
8.630086300863281	29.31699442893424
8.640086400864282	28.508707369739856
8.650086500865282	18.89284114683608
8.660086600866283	30.46459318057697
8.670086700867282	32.84501934743445
8.680086800868283	11.268950215495602
8.690086900869284	12.749066205113866
8.700087000870283	-9.075796530068981
8.710087100871284	18.30941509123046
8.720087200872284	18.698212627938275
8.730087300873285	-9.016469616655764
8.740087400874286	18.18531735959269
8.750087500875285	-5.992978214359652
8.760087600876286	12.167332361967501
8.770087700877285	15.09656383323588
8.780087800878286	10.432421973660334
8.790087900879287	16.844222828264652
8.800088000880287	14.018206914444963
8.810088100881288	13.430589091530408
8.820088200882287	12.066607088029178
8.830088300883288	16.057396080886875
8.840088400884289	13.155431940395124
8.850088500885288	8.825611572014411
8.86008860088629	16.344685539361492
8.870088700887289	4.158879545862009
8.88008880088829	-1.5833548852538255
8.89008890088929	10.8062086845901
8.90008900089029	20.61819964900361
8.910089100891291	-15.63993433263522
8.92008920089229	12.362515827123898
8.930089300893291	18.036506662459043
8.940089400894292	28.531762228205558
8.950089500895292	31.49316946214212
8.960089600896293	23.931496635511962
8.970089700897292	10.22583060782122
8.980089800898293	-29.407016272472998
8.990089900899294	7.950536782169385
9.000090000900293	23.94903207509558
9.010090100901294	33.061405098517334
9.020090200902294	19.210595374908625
9.030090300903295	16.51316386978292
9.040090400904296	13.106778920714177
9.050090500905295	19.743677257956275
9.060090600906296	14.164504150600342
9.070090700907295	29.94382101202536
9.080090800908296	3.0712647645305906
9.090090900909296	35.743830157358296
9.100091000910297	18.621220469472618
9.110091100911298	22.716793321888606
9.120091200912297	26.013135525941486
9.130091300913298	29.3416448375027
9.140091400914297	31.198616494141557
9.150091500915298	37.843815837167035
9.1600916009163	16.270672685839862
9.170091700917299	7.019721543847846
9.1800918009183	38.148175694316166
9.190091900919299	9.828254442158343
9.2000920009203	13.701817803763902
9.210092100921301	26.533635628404546
9.2200922009223	14.111487876796431
9.230092300923301	14.591692520606152
9.2400924009243	34.33076854796796
9.250092500925302	30.362808734747038
9.260092600926303	17.719764183895048
9.270092700927302	24.79977218939673
9.280092800928303	15.682854544835164
9.290092900929302	9.746881399970116
9.300093000930303	16.422783568000668
9.310093100931304	12.640188791221703
9.320093200932304	-5.906821169848645
9.330093300933305	1.8290000450856314
9.340093400934304	17.860071743545614
9.350093500935305	21.216074670016912
9.360093600936306	6.2753748956049344
9.370093700937305	14.960303598758397
9.380093800938306	8.52473991367281
9.390093900939306	10.359530791894437
9.400094000940307	11.02705001701213
9.410094100941308	11.344274522166682
9.420094200942307	10.659196562915879
9.430094300943308	10.734707682702197
9.440094400944307	14.71062748466924
9.450094500945308	7.770071692678272
9.46009460094631	22.026319662208984
9.470094700947309	9.593501967091983
9.48009480094831	16.34206113158471
9.490094900949309	-2.699524681054454
9.50009500095031	21.40120438617443
9.510095100951311	27.22365744951154
9.52009520095231	-21.125199357321137
9.530095300953311	15.365903812628348
9.54009540095431	26.705915314814458
9.550095500955312	30.115372493996414
9.560095600956311	18.543425349927258
9.570095700957312	20.00288421463732
9.580095800958313	10.199635113037445
9.590095900959312	10.06471825916202
9.600096000960313	2.7658793331648095
9.610096100961313	30.29879682490385
9.620096200962314	32.04876605934793
9.630096300963315	27.355176944383317
9.640096400964314	31.66553418242459
9.650096500965315	30.035085413225904
9.660096600966314	22.302736901979408
9.670096700967315	2.683636019484185
9.680096800968316	28.219287469736493
9.690096900969316	33.46176830124247
9.700097000970317	35.89425748664236
9.710097100971316	37.84082265660286
9.720097200972317	6.648436232604203
9.730097300973318	-8.922336095084626
9.740097400974317	14.303357045570644
9.750097500975318	32.684024099414714
9.760097600976318	15.522764945158176
9.770097700977319	4.5281468377573875
9.78009780097832	18.47886252891499
9.790097900979319	-2.6898927337667664
9.80009800098032	4.37666513201442
9.81009810098132	28.05616582102231
9.82009820098232	21.62080240759444
9.830098300983321	27.47946127472793
9.84009840098432	31.367722847479182
9.850098500985322	-5.899522262823532
9.860098600986321	27.410515027991565
9.870098700987322	18.942985991125717
9.880098800988323	2.83777731979935
9.890098900989322	14.070285456829888
9.900099000990323	15.597387426971911
9.910099100991323	13.40136717681212
9.920099200992324	7.367476430771453
9.930099300993325	21.68912667885258
9.940099400994324	14.560107022895354
9.950099500995325	14.340458013823026
9.960099600996324	18.888804266268547
9.970099700997325	15.185276358777346
9.980099800998326	13.087226030097124
9.990099900999326	13.96027564137079
10.000100001000327	14.918286153861224
10.010100101001326	8.175109110238333
10.020100201002327	17.665518267170302
10.030100301003326	20.90539305542307
10.040100401004327	16.75238160944862
10.050100501005328	22.093174361284234
10.060100601006328	21.72275600786533
10.070100701007329	22.981472326088852
10.080100801008328	4.587926953328884
10.090100901009329	7.045341923114634
10.10010100101033	8.354972164467185
10.11010110101133	22.552153035279513
10.12010120101233	23.702335056950105
10.13010130101333	17.963010590787132
10.14010140101433	34.79802373043684
10.150101501015332	4.1865085661594
10.160101601016331	-15.6221218440263
10.170101701017332	15.849952241443505
10.180101801018331	32.738867567485805
10.190101901019332	28.327995215853267
10.200102001020333	18.114189853367716
10.210102101021333	9.398715165431373
10.220102201022334	29.929151160409894
10.230102301023333	27.258699025948996
10.240102401024334	35.630010635016234
10.250102501025335	10.013746379252208
10.260102601026334	32.37558531616051
10.270102701027335	26.654826521088836
10.280102801028335	25.998984808647702
10.290102901029336	23.80149488549734
10.300103001030337	14.441028272403999
10.310103101031336	15.624523517829005
10.320103201032337	23.595483294102745
10.330103301033336	23.423632141196432
10.340103401034337	24.758198687231012
10.350103501035338	28.04399673049819
10.360103601036338	23.016494147248135
10.370103701037339	26.67185920279369
10.380103801038338	9.67236385289152
10.390103901039339	1.5239918663412257
10.40010400104034	7.219703439822914
10.41010410104134	1.4901378342347018
10.42010420104234	30.677827908152384
10.43010430104334	8.035577400748092
10.44010440104434	30.415726201310918
10.450104501045342	5.015477172822763
10.460104601046341	15.96876866533346
10.470104701047342	12.005036895270962
10.480104801048341	15.17229220147099
10.490104901049342	25.912814319083292
10.500105001050342	18.03793506365812
10.510105101051343	23.936072896752336
10.520105201052344	5.922319527030289
10.530105301053343	14.418812526842023
10.540105401054344	15.420773086214101
10.550105501055343	20.48113461221315
10.560105601056344	11.197394125138562
10.570105701057345	14.982416606562806
10.580105801058345	11.896599914299529
10.590105901059346	13.807724991769826
10.600106001060345	15.122392523662745
10.610106101061346	8.827828993129266
10.620106201062347	15.323792723012128
10.630106301063346	10.228670712615733
10.640106401064347	13.506822369147072
10.650106501065347	-1.397735061349178
10.660106601066348	17.413440692151948
10.670106701067349	-38.20560140078478
10.680106801068348	-5.952175198301602
10.690106901069349	16.217412173462463
10.700107001070348	23.65008923217986
10.71010710107135	23.43999561619902
10.72010720107235	-25.5102937689167
10.73010730107335	21.167239474985532
10.74010740107435	18.40300700985592
10.75010750107535	21.749116113247286
10.760107601076351	24.793797329741153
10.770107701077352	23.120911807495286
10.780107801078351	10.576010293789594
10.790107901079352	22.059288816075924
10.800108001080352	26.19061617725146
10.810108101081353	21.156789615973523
10.820108201082354	35.55260446162074
10.830108301083353	36.43804267896977
10.840108401084354	34.194664601431086
10.850108501085353	22.45003973185516
10.860108601086354	7.398995337805968
10.870108701087355	4.927412427903677
10.880108801088355	28.983024418750087
10.890108901089356	15.099245372781745
10.900109001090355	28.120240935715362
10.910109101091356	12.169745145250692
10.920109201092357	0.5604629196940769
10.930109301093356	25.29876465626873
10.940109401094357	34.17231665386508
10.950109501095357	19.217768232584916
10.960109601096358	-2.1953131048523917
10.970109701097357	16.426610095296887
10.980109801098358	28.674387380456505
10.990109901099359	10.703803583143829
11.000110001100358	11.855211280728948
11.01011010110136	28.201395624222233
11.020110201102359	12.189911208834399
11.03011030110336	13.854361666087337
11.04011040110436	-8.076008998405944
11.05011050110536	15.443317619370587
11.060110601106361	-1.2640005726629056
11.07011070110736	6.966243539280149
11.080110801108361	1.3545879794953328
11.090110901109362	22.856838161404728
11.100111001110362	27.1736046785066
11.110111101111363	11.092486406989929
11.120111201112362	19.279882242549203
11.130111301113363	8.978213960024503
11.140111401114364	8.762191852658374
11.150111501115363	10.967769687320688
11.160111601116364	9.595279004876607
11.170111701117364	10.850741450332796
11.180111801118365	10.871793226307862
11.190111901119366	6.794439440668712
11.200112001120365	9.144717519417966
11.210112101121366	17.32151209470432
11.220112201122365	24.269008461992154
11.230112301123366	17.189231839679888
11.240112401124367	5.47061598198769
11.250112501125367	6.382539883201706
11.260112601126368	19.203397499618916
11.270112701127367	9.84889247774682
11.280112801128368	17.322187277328652
11.290112901129369	35.75553014991698
11.300113001130368	12.892549002586959
11.31011310113137	32.40365600044155
11.320113201132369	9.951051786900598
11.33011330113337	35.092371414547465
11.34011340113437	34.280798394933164
11.35011350113537	8.183573905587828
11.360113601136371	33.70768827698174
11.37011370113737	3.392552009516378
11.380113801138371	22.272084710114893
11.390113901139372	12.910248007519565
11.400114001140372	26.889407134713792
11.410114101141373	4.103717657247867
11.420114201142372	26.16028246716676
11.430114301143373	-18.406978053261618
11.440114401144372	28.80696652736026
11.450114501145373	27.84925560750375
11.460114601146374	30.809611803058015
11.470114701147374	28.850602912685527
11.480114801148375	19.056704926126553
11.490114901149374	14.741461309442277
11.500115001150375	23.601648750397572
11.510115101151376	34.060466862196925
11.520115201152375	26.914362548142645
11.530115301153376	25.24397123945183
11.540115401154376	10.480393009045596
11.550115501155377	-0.6942663593708258
11.560115601156378	21.858063319069085
11.570115701157377	30.620840643962175
11.580115801158378	-5.217204012704916
11.590115901159377	30.488094867665296
11.600116001160378	11.967660220533778
11.61011610116138	-0.09247327073320914
11.620116201162379	20.935632669247912
11.63011630116338	14.762486437394427
11.640116401164379	8.934599937077014
11.65011650116538	22.895011454300466
11.660116601166381	20.10788963299334
11.67011670116738	15.982855254473172
11.680116801168381	23.334649643142235
11.69011690116938	16.81777980108045
11.700117001170382	18.296308176292364
11.710117101171383	16.635925151374046
11.720117201172382	20.73340932994514
11.730117301173383	17.758009423929693
11.740117401174382	9.207136456774887
11.750117501175383	13.535659169993087
11.760117601176384	13.388144297148536
11.770117701177384	15.391296610893066
11.780117801178385	13.555366353628974
11.790117901179384	14.458754108659766
11.800118001180385	1.8798552942835363
11.810118101181386	11.073667529173592
11.820118201182385	19.364121065963907
11.830118301183386	5.7075878555087245
11.840118401184386	8.846802845797068
11.850118501185387	20.103750881407542
11.860118601186388	26.249890274516332
11.870118701187387	18.015110309469
11.880118801188388	0.20879573595473983
11.890118901189387	29.226271413254185
11.900119001190388	-6.974147143048809
11.910119101191388	23.929973454424726
11.920119201192389	15.296368895405779
11.93011930119339	33.53460061692223
11.940119401194389	-3.1835692958117865
11.95011950119539	24.24523391550278
11.96011960119639	29.447411426678126
11.97011970119739	20.3416020801633
11.980119801198391	29.945357124143285
11.99011990119939	37.398096885888094
12.000120001200392	17.66571609130908
12.010120101201391	7.911740403820207
12.020120201202392	28.14514676995617
12.030120301203393	18.682027947566056
12.040120401204392	18.5085790382079
12.050120501205393	26.256295712754067
12.060120601206393	32.765829476419455
12.070120701207394	-6.267972447605683
12.080120801208395	16.741873680392914
12.090120901209394	26.62924109016306
12.100121001210395	39.85353933024588
12.110121101211394	2.890421452016529
12.120121201212395	28.50810831353359
12.130121301213396	34.073328290796404
12.140121401214396	5.7517731005485535
12.150121501215397	18.816283591782785
12.160121601216396	17.635632876633483
12.170121701217397	14.710954289444159
12.180121801218398	33.64532850954459
12.190121901219397	24.352769667302418
12.200122001220398	22.62064069469262
12.210122101221398	14.495970724231679
12.220122201222399	4.145564444187036
12.2301223012234	1.3424397122020386
12.240122401224399	18.387178585509613
12.2501225012254	20.45555475908402
12.2601226012264	16.8910067029051
12.2701227012274	17.286766359712257
12.280122801228401	17.89775922323373
12.2901229012294	27.62804424584992
12.300123001230402	8.778115236383254
12.310123101231401	11.806693521439838
12.320123201232402	8.041029860412033
12.330123301233403	9.897530793431738
12.340123401234402	12.46829911337354
12.350123501235403	12.425746775128262
12.360123601236403	12.785804934109585
12.370123701237404	15.781765731538172
12.380123801238403	14.837673442054983
12.390123901239404	2.6115145980061487
12.400124001240405	21.807830306720668
12.410124101241404	12.727954406712579
12.420124201242405	12.389182088310234
12.430124301243405	26.355173182944558
12.440124401244406	7.420964447212275
12.450124501245407	28.224225567443035
12.460124601246406	11.120388098004872
12.470124701247407	19.52968396109407
12.480124801248406	7.856251395451275
12.490124901249407	0.8321189307087076
12.500125001250408	7.876772441598667
12.510125101251408	10.747950531713851
12.520125201252409	29.352286076418572
12.530125301253408	-0.0608249197102823
12.540125401254409	34.096758741397565
12.55012550125541	11.66439934186624
12.56012560125641	24.023475501853383
12.57012570125741	14.995208288730579
12.58012580125841	20.579563475950522
12.59012590125941	22.0729923334822
12.600126001260412	13.092632847798411
12.610126101261411	42.99499259852246
12.620126201262412	37.080880107263006
12.630126301263411	25.0878559854061
12.640126401264412	11.259107475805813
12.650126501265413	36.243597023704275
12.660126601266413	29.502844935284365
12.670126701267414	12.57893332718003
12.680126801268413	21.49395002857616
12.690126901269414	27.3944086372785
12.700127001270415	19.91660218339412
12.710127101271414	39.466374348918706
12.720127201272415	8.66355294765486
12.730127301273415	22.142523110218605
12.740127401274416	43.12872849763415
12.750127501275417	25.764052305415753
12.760127601276416	28.361774663570536
12.770127701277417	25.367502595252876
12.780127801278416	8.371034064920623
12.790127901279417	-4.601115647689843
12.800128001280417	8.949075898551332
12.810128101281418	34.65519105965087
12.820128201282419	14.768370595616867
12.830128301283418	11.201584369285026
12.840128401284419	8.637065972695355
12.850128501285418	23.987384698837445
12.86012860128642	7.2928128423881375
12.87012870128742	24.975634908698577
12.88012880128842	7.082532616617661
12.89012890128942	15.28808789433281
12.90012900129042	16.198730810099352
12.910129101291421	10.295694322336537
12.920129201292422	6.882064703421901
12.930129301293421	13.336725999403386
12.940129401294422	12.623238087279743
12.950129501295422	14.14341924407533
12.960129601296423	14.720699131393502
12.970129701297424	12.210777058087297
12.980129801298423	11.177467527405529
12.990129901299424	16.840131116514602
13.000130001300423	9.083443984290337
13.010130101301424	26.932060318448876
13.020130201302425	-8.333632324670655
13.030130301303425	15.755869744072118
13.040130401304426	13.448183405953468
13.050130501305425	17.22416978453026
13.060130601306426	25.342421938752373
13.070130701307427	19.869205126257036
13.080130801308426	14.851357217446953
13.090130901309427	11.916273911309554
13.100131001310427	24.597530678127054
13.110131101311428	-20.621210402352446
13.120131201312429	18.110025790247384
13.130131301313428	36.911234173006584
13.140131401314429	9.881960494980152
13.150131501315428	19.32366244338508
13.16013160131643	16.19098097883755
13.17013170131743	29.099619028822648
13.18013180131843	-8.017027227592807
13.19013190131943	25.690359949315145
13.20013200132043	-21.61276565881571
13.210132101321431	32.15905891472458
13.220132201322432	37.70484978736292
13.230132301323431	21.03101661327019
13.240132401324432	24.780554250797422
13.250132501325432	7.477339832557007
13.260132601326433	31.037228833220734
13.270132701327432	28.249329021887892
13.280132801328433	18.065330179117797
13.290132901329434	15.753195078470954
13.300133001330433	28.438829263319967
13.310133101331434	12.394880278901862
13.320133201332434	31.599060541826276
13.330133301333435	17.825179411501022
13.340133401334436	26.315809139851662
13.350133501335435	26.877179597016706
13.360133601336436	23.329750622822967
13.370133701337435	5.944262060921574
13.380133801338436	4.666468651803976
13.390133901339437	20.010107746232208
13.400134001340437	19.562685497748188
13.410134101341438	-0.8280426594296184
13.420134201342437	24.347459879216505
13.430134301343438	4.550603262387833
13.440134401344439	14.05477762982673
13.450134501345438	20.265310984159086
13.46013460134644	17.94762128131898
13.470134701347439	13.84210016291047
13.48013480134844	0.914936624965107
13.49013490134944	15.330593182323982
13.50013500135044	12.965464157872686
13.510135101351441	12.251831155837047
13.52013520135244	13.36051040299547
13.530135301353441	12.773621994231629
13.540135401354442	13.842799049590145
13.550135501355442	12.474133493140862
13.560135601356443	17.72661537641921
13.570135701357442	18.969649134710973
13.580135801358443	9.072191773712092
13.590135901359444	5.123789763601152
13.600136001360443	6.391467780454689
13.610136101361444	13.34606392827432
13.620136201362444	1.2639387588048236
13.630136301363445	21.561228740576556
13.640136401364446	11.11464922931925
13.650136501365445	19.539704163867558
13.660136601366446	14.128982174183903
13.670136701367445	-5.540000661617985
13.680136801368446	23.057096334227897
13.690136901369447	16.54103987873827
13.700137001370447	29.658275364106707
13.710137101371448	-4.673242116251441
13.720137201372447	32.3105703257771
13.730137301373448	23.479137083432967
13.740137401374447	26.061900831670883
13.750137501375448	33.56064667108809
13.76013760137645	4.698646643986804
13.770137701377449	19.631818549216636
13.78013780137845	32.4785083911203
13.790137901379449	33.27724131500116
13.80013800138045	18.219902090948516
13.810138101381451	28.882401604720467
13.82013820138245	29.625024104248798
13.830138301383451	19.368394958674273
13.84013840138445	-0.6202049194715057
13.850138501385452	17.952207960279015
13.860138601386453	25.37895208784978
13.870138701387452	29.472926108009577
13.880138801388453	16.808242973096625
13.890138901389452	29.617754429376756
13.900139001390453	21.70042660930109
13.910139101391454	23.398161759219178
13.920139201392454	38.941308229579036
13.930139301393455	8.934318682418409
13.940139401394454	32.547775804053195
13.950139501395455	22.460951256597955
13.960139601396456	18.709632750871943
13.970139701397455	19.102165350437737
13.980139801398456	22.07645129362205
13.990139901399456	15.542527011439121
14.000140001400457	33.575986819322615
14.010140101401458	-1.684133662838834
14.020140201402457	26.94345254983159
14.030140301403458	18.016251131391638
14.040140401404457	24.16989845011277
14.050140501405458	10.339661979587657
14.06014060140646	19.36742380382147
14.070140701407459	15.202856761399039
14.08014080140846	19.082568325736165
14.090140901409459	13.294334210863928
14.10014100141046	11.38648682173996
14.110141101411461	12.535500259200012
14.12014120141246	13.01842066824428
14.130141301413461	13.695082544358462
14.14014140141446	13.740857146670177
14.150141501415462	12.460734201900978
14.160141601416463	15.914181358292264
14.170141701417462	-7.5786329499253
14.180141801418463	10.980871447545265
14.190141901419462	4.798308557996826
14.200142001420463	26.862886517286615
14.210142101421463	23.922251041278155
14.220142201422464	31.420678877040654
14.230142301423465	16.88473654604105
14.240142401424464	31.30363051341664
14.250142501425465	30.075160788767164
14.260142601426464	-7.679229600100257
14.270142701427465	16.33118403507793
14.280142801428466	10.319673909990128
14.290142901429466	17.255610821586426
14.300143001430467	-14.892942407175543
14.310143101431466	9.554893648686278
14.320143201432467	25.12573177565743
14.330143301433468	27.58426649267536
14.340143401434467	26.481949898758245
14.350143501435468	21.74455276708041
14.360143601436468	28.84407877663526
14.370143701437469	7.1096222868203345
14.38014380143847	-4.384173116617629
14.390143901439469	34.68217991575371
14.40014400144047	31.07902075915222
14.41014410144147	14.421626400310943
14.42014420144247	3.8949127972666373
14.430144301443471	5.15207661674272
14.44014440144447	11.634912497314351
14.450144501445472	39.893952958385846
14.460144601446471	8.403996603028773
14.470144701447472	21.557294143915673
14.480144801448473	18.535486976762346
14.490144901449472	14.547522322775663
14.500145001450473	26.38989012699095
14.510145101451473	1.4192109285842884
14.520145201452474	29.206464312710068
14.530145301453475	-2.313754138370984
14.540145401454474	28.997484549913406
14.550145501455475	14.045017753053722
14.560145601456474	22.301057027543035
14.570145701457475	25.306842760903645
14.580145801458476	9.597735397480081
14.590145901459476	23.678825779659626
14.600146001460477	5.1804003604391555
14.610146101461476	15.511995869476879
14.620146201462477	20.170027604389038
14.630146301463478	23.153693530361966
14.640146401464477	-34.558370141653256
14.650146501465478	9.587486994694375
14.660146601466478	15.583375457832235
14.670146701467479	15.041769069817544
14.680146801468478	11.61474182893091
14.690146901469479	12.282334587398891
14.70014700147048	11.899981345252698
14.71014710147148	12.444351591845587
14.72014720147248	8.445919113714211
14.73014730147348	11.203881558346438
14.74014740147448	14.334515650880146
14.750147501475482	-0.36866771634637224
14.760147601476481	16.425223274420564
14.770147701477482	5.321655785767755
14.780147801478481	16.805670039819205
14.790147901479482	25.340497457217047
14.800148001480483	18.67122765297125
14.810148101481483	-4.50361664841755
14.820148201482484	3.8576710398115734
14.830148301483483	8.583821636462492
14.840148401484484	22.076225184511774
14.850148501485485	10.403278096169243
14.860148601486484	16.49865392423354
14.870148701487485	15.279454948762666
14.880148801488485	31.1083268359322
14.890148901489486	19.487942739360182
14.900149001490487	31.395834125827143
14.910149101491486	23.192380351567266
14.920149201492487	9.698757221673727
14.930149301493486	5.538298667374047
14.940149401494487	28.516404698656583
14.950149501495488	36.186950338057756
14.960149601496488	18.665166258647023
14.970149701497489	36.21531190913623
14.980149801498488	12.867340032960458
14.990149901499489	39.6074310556385
