0.0	nan
0.010000100001000326	38.28619647901294
0.020000200002000652	5.698123345532533
0.03000030000300098	-4.780102691732424
0.040000400004001305	-13.274503992834589
0.05000050000500163	-9.105778356323679
0.06000060000600196	-5.8941030180574865
0.07000070000700229	-8.703196338326098
0.08000080000800261	-1.5848135509005525
0.09000090000900293	1.4023333334033112
0.10000100001000325	-3.807621308396218
0.11000110001100359	-2.6031152023730693
0.12000120001200391	-1.3665089544021078
0.13000130001300425	0.9525323866263883
0.14000140001400457	-0.6146383469628658
0.1500015000150049	-0.2750145913073784
0.16000160001600522	-1.0805563188696814
0.17000170001700554	2.10197447125505
0.18000180001800586	1.0923963557179217
0.1900019000190062	1.2256256775964904
0.2000020000200065	-1.3823965372197182
0.21000210002100686	2.681393912521043
0.22000220002200718	1.6973629248563287
0.2300023000230075	2.048337970606491
0.24000240002400783	3.0537329323586335
0.2500025000250082	2.798724262150762
0.2600026000260085	2.592178706894377
0.2700027000270088	3.021875829297209
0.28000280002800915	3.2457650267495346
0.29000290002900947	2.318964747685563
0.3000030000300098	3.0112168509230766
0.3100031000310101	3.2242929487131473
0.32000320003201044	3.5036472038554662
0.33000330003301076	3.4935560872429843
0.3400034000340111	3.4468724050848834
0.3500035000350114	3.6454087775752555
0.36000360003601173	3.5478094133919598
0.37000370003701205	4.762095270639226
0.3800038000380124	4.5145893876163345
0.3900039000390127	4.766956598578547
0.400004000040013	3.76969414199153
0.4100041000410134	5.017799406353796
0.4200042000420137	5.1523512619848075
0.43000430004301404	4.923059512176224
0.44000440004401437	5.043934297840805
0.4500045000450147	5.023771579640922
0.460004600046015	5.196566728765999
0.47000470004701533	4.95511985268136
0.48000480004801566	5.21853593672308
0.490004900049016	4.475480040790855
0.5000050000500164	5.474775114395802
0.5100051000510166	5.354251215007029
0.520005200052017	5.588492412257813
0.5300053000530173	5.19867781933779
0.5400054000540176	5.491001166494039
0.5500055000550179	5.373163983156595
0.5600056000560183	5.089209847934497
0.5700057000570186	5.8427782472429195
0.5800058000580189	5.876169707131363
0.5900059000590192	6.143274451551355
0.6000060000600196	6.319216299076033
0.6100061000610199	6.676179770754082
0.6200062000620202	6.527355943227527
0.6300063000630205	7.137294540123624
0.6400064000640209	6.625473589810174
0.6500065000650213	7.010952637998896
0.6600066000660215	7.022287991747612
0.6700067000670219	7.3485649983991514
0.6800068000680222	7.832990739411087
0.6900069000690225	7.371668282382657
0.7000070000700228	7.601611312485168
0.7100071000710232	7.833046088089662
0.7200072000720235	8.643390832254266
0.7300073000730238	8.328768966128063
0.7400074000740241	8.24068473706949
0.7500075000750245	8.459946337736474
0.7600076000760247	8.923783629807113
0.7700077000770251	8.712270477673743
0.7800078000780254	8.893995019765784
0.7900079000790258	9.639918328376417
0.800008000080026	10.00568106591278
0.8100081000810264	10.082359721652134
0.8200082000820268	10.514770793094854
0.8300083000830271	10.616212444572918
0.8400084000840274	10.746731468785462
0.8500085000850277	10.995169799210341
0.8600086000860281	11.049212192611783
0.8700087000870284	11.460839095447444
0.8800088000880287	11.670064409794495
0.890008900089029	11.776772458393719
0.9000090000900294	12.23545352071951
0.9100091000910296	12.78151012017212
0.92000920009203	12.87010713594678
0.9300093000930303	12.57584519024781
0.9400094000940307	13.526040289422133
0.9500095000950309	14.076001883188326
0.9600096000960313	13.775476115170257
0.9700097000970317	13.785377293298025
0.980009800098032	14.798738365114515
0.9900099000990323	13.977699482132316
1.0000100001000327	15.018624447241862
1.0100101001010329	14.851568235919173
1.0200102001020332	16.866358338787514
1.0300103001030336	16.205483465092147
1.040010400104034	16.329252456890295
1.0500105001050342	17.443755263420496
1.0600106001060345	17.340842495807014
1.070010700107035	17.246203227354826
1.0800108001080353	17.882410198379688
1.0900109001090355	18.73565540711018
1.1000110001100358	10.662791627192894
1.1100111001110362	18.546335718994793
1.1200112001120366	17.77201619413823
1.130011300113037	19.707487600029243
1.1400114001140371	20.88350748956946
1.1500115001150375	19.55834340608909
1.1600116001160379	19.267366365015967
1.1700117001170383	22.19630537635078
1.1800118001180384	22.236879505821793
1.1900119001190388	21.708749600242918
1.2000120001200392	23.312534763476023
1.2100121001210395	20.51173267378744
1.2200122001220397	24.83328170771582
1.23001230012304	21.60671718507132
1.2400124001240405	24.70458299100599
1.2500125001250408	25.062486088491507
1.260012600126041	25.437135175395102
1.2700127001270414	25.919963725188573
1.2800128001280418	27.21366428392659
1.2900129001290421	26.98790271748991
1.3000130001300425	27.50049475058045
1.3100131001310427	27.476111161780768
1.320013200132043	29.826260818560122
1.3300133001330434	29.258747511467146
1.3400134001340438	30.813640716735346
1.350013500135044	30.742184638311546
1.3600136001360443	32.71258085726154
1.3700137001370447	32.13372723283127
1.380013800138045	33.73992905054184
1.3900139001390452	33.30937781945676
1.4000140001400456	35.39561663897272
1.410014100141046	28.894585545344704
1.4200142001420464	37.11161748138909
1.4300143001430465	36.1695528036637
1.440014400144047	37.40430465885162
1.4500145001450473	37.896228438856376
1.4600146001460477	40.11768079300486
1.470014700147048	40.84264916642794
1.4800148001480482	43.6458846462184
1.4900149001490486	44.05544473987846
1.500015000150049	44.64527057298852
1.5100151001510493	46.78485974581489
1.5200152001520495	47.394340292816125
1.5300153001530499	48.18972262750058
1.5400154001540503	49.00585353105403
1.5500155001550506	53.65920788363991
1.5600156001560508	52.71613760996345
1.5700157001570512	55.875564634227906
1.5800158001580515	55.5174752750172
1.590015900159052	58.89752362278603
1.600016000160052	61.533970165738076
1.6100161001610525	68.62505596366503
1.6200162001620528	68.86209845072287
1.6300163001630532	69.24348777198925
1.6400164001640536	81.33458194305013
1.6500165001650537	79.01590166979378
1.6600166001660541	39.31177921867785
1.6700167001670545	27.906228227668823
1.6800168001680549	77.48021904742687
1.690016900169055	110.50072610803034
1.7000170001700554	86.44841681477828
1.7100171001710558	78.31145290623424
1.7200172001720562	68.8489531053033
1.7300173001730563	83.3217086566358
1.7400174001740567	71.65369479982641
1.750017500175057	66.67586969768197
1.7600176001760575	62.43411466036116
1.7700177001770578	63.002827740062635
1.780017800178058	60.550148548361435
1.7900179001790584	61.294566485727294
1.8000180001800588	53.647904837746246
1.8100181001810591	59.16086202489578
1.8200182001820593	55.72994784364372
1.8300183001830597	51.79468017458336
1.84001840018406	51.91903530138038
1.8500185001850604	51.803500439232096
1.8600186001860606	52.625563467834645
1.870018700187061	35.88710677441101
1.8800188001880613	51.13118086327109
1.8900189001890617	50.606912965009435
1.9000190001900619	47.31589321131779
1.9100191001910622	48.14291649643599
1.9200192001920626	41.0019933089741
1.930019300193063	43.77303249860978
1.9400194001940634	47.139048523411006
1.9500195001950635	42.38240264750235
1.960019600196064	45.73331460985903
1.9700197001970643	49.27227697422093
1.9800198001980647	45.189019029298635
1.9900199001990648	42.854107894065876
2.0000200002000654	39.69535148343453
2.0100201002010656	44.724958732106245
2.0200202002020657	39.87513491649115
2.0300203002030663	48.337728184548844
2.0400204002040665	42.078237811667776
2.0500205002050667	45.7397606579752
2.0600206002060673	50.68623078629677
2.0700207002070674	43.07361337900281
2.080020800208068	42.10280329803793
2.090020900209068	44.09269287200288
2.1000210002100683	45.21788278352165
2.110021100211069	46.3894918731529
2.120021200212069	40.41728440513813
2.1300213002130697	39.758350402985656
2.14002140021407	46.324838396563436
2.15002150021507	47.975451545716105
2.1600216002160706	49.29223436835318
2.1700217002170707	38.16399127556314
2.180021800218071	41.700827575503666
2.1900219002190715	39.54830174226108
2.2000220002200717	23.073269306813646
2.2100221002210723	64.3664413255246
2.2200222002220724	51.02807936709547
2.2300223002230726	40.18752386850866
2.240022400224073	38.610032107781755
2.2500225002250733	70.27755973750102
2.260022600226074	41.49194043955403
2.270022700227074	29.112429211072673
2.2800228002280742	28.323985285365925
2.290022900229075	34.97662567955679
2.300023000230075	28.54738033268727
2.310023100231075	46.37004796700833
2.3200232002320758	47.512011461107484
2.330023300233076	36.45018688409385
2.3400234002340765	42.60860427994986
2.3500235002350767	42.39362148133397
2.360023600236077	55.670976482469776
2.3700237002370774	37.83351342064321
2.3800238002380776	40.92753056598956
2.3900239002390777	34.06288468505206
2.4000240002400783	49.103958110342646
2.4100241002410785	43.47301142496799
2.420024200242079	43.5986801265041
2.4300243002430792	72.23783230317525
2.4400244002440794	49.04495951641745
2.45002450024508	45.360018616278275
2.46002460024608	42.31458596077823
2.4700247002470808	55.75444347139115
2.480024800248081	61.700238061380205
2.490024900249081	45.49443290109672
2.5000250002500817	44.00043176872572
2.510025100251082	43.89662408186496
2.520025200252082	55.34513508169707
2.5300253002530826	45.487740697282135
2.5400254002540827	52.36879684630375
2.5500255002550833	62.058830636653774
2.5600256002560835	52.64511578395306
2.5700257002570837	58.68785409947098
2.5800258002580843	52.65163272566374
2.5900259002590844	70.50189829680792
2.600026000260085	62.040863106967976
2.610026100261085	52.31587381186811
2.6200262002620853	59.89969416536412
2.630026300263086	39.55734188046109
2.640026400264086	47.93167370438049
2.6500265002650862	37.038695828682705
2.660026600266087	46.55855934550453
2.670026700267087	60.20968047759144
2.6800268002680876	84.68172133661042
2.6900269002690878	47.50210642538191
2.700027000270088	59.44334821608611
2.7100271002710885	59.75834880820565
2.7200272002720887	70.04892298308071
2.7300273002730893	55.8612113487517
2.7400274002740894	53.405516608610974
2.7500275002750896	60.57276834107508
2.76002760027609	58.87928446193597
2.7700277002770903	21.813962233572237
2.7800278002780905	22.491369859963598
2.790027900279091	14.35587281576475
2.8000280002800912	26.96155188285906
2.810028100281092	40.744162435214186
2.820028200282092	44.389238938133275
2.830028300283092	31.591300440958936
2.8400284002840928	4.616333261624405
2.850028500285093	29.312985841892104
2.860028600286093	29.911918213204675
2.8700287002870937	18.6197170161189
2.880028800288094	14.010024979026507
2.8900289002890944	17.22718493195731
2.9000290002900946	12.987885728233087
2.9100291002910947	1.2231772353616464
2.9200292002920953	7.494193040029036
2.9300293002930955	23.036776953772257
2.940029400294096	37.95110127392961
2.9500295002950963	35.31504378327557
2.9600296002960964	2.738604216653771
2.970029700297097	32.86334848286613
2.980029800298097	44.74619833161793
2.9900299002990973	35.91829982089961
3.000030000300098	29.251755175630198
3.010030100301098	34.62255310722177
3.0200302003020987	41.31462598809648
3.030030300303099	48.343883894130634
3.040030400304099	23.45967418800273
3.0500305003050996	34.05248497068907
3.0600306003060997	13.621550864563481
3.0700307003071003	27.27010910495206
3.0800308003081005	60.22554173194625
3.0900309003091007	7.455316902813908
3.1000310003101013	29.973893725613685
3.1100311003111014	23.652484549969163
3.1200312003121016	70.9504139281173
3.130031300313102	19.603779534022866
3.1400314003141023	40.69170828427979
3.150031500315103	16.76915729111888
3.160031600316103	45.601160224771284
3.1700317003171032	33.64558835408993
3.180031800318104	43.977321117252615
3.190031900319104	18.2350949006186
3.200032000320104	39.595270103607305
3.2100321003211048	42.90358703145514
3.220032200322105	36.71237660222168
3.2300323003231055	32.4369138780013
3.2400324003241057	42.92800841557806
3.250032500325106	31.6985641109749
3.2600326003261064	34.734718865297154
3.2700327003271066	37.2003417258367
3.280032800328107	24.48233935345555
3.2900329003291073	49.97914169357762
3.3000330003301075	44.84325220254631
3.310033100331108	23.12498290041659
3.3200332003321082	43.968814544712714
3.3300333003331084	13.786118175122146
3.340033400334109	37.86773577882626
3.350033500335109	48.92266438028151
3.3600336003361098	38.39136769101625
3.37003370033711	42.254893780620606
3.38003380033811	39.40570479000806
3.3900339003391107	23.867694901530527
3.400034000340111	48.47681695367794
3.4100341003411114	27.408104735865415
3.4200342003421116	-2.410873988304368
3.4300343003431117	25.82462431507511
3.4400344003441123	34.457555269564594
3.4500345003451125	24.75997656518447
3.4600346003461127	17.181621237241462
3.4700347003471133	12.182291079359498
3.4800348003481134	19.555536880409917
3.490034900349114	14.247070012697378
3.500035000350114	21.44145495519504
3.5100351003511143	30.102898073238176
3.520035200352115	30.37417977104805
3.530035300353115	25.00172381663396
3.5400354003541157	0.5460956039782395
3.550035500355116	41.92589367829704
3.560035600356116	41.002727592118006
3.5700357003571166	37.02210389761854
3.5800358003581167	33.027983122940256
3.590035900359117	40.79575781031523
3.6000360003601175	35.40068918850055
3.6100361003611177	29.896555269860375
3.6200362003621183	38.39126151885967
3.6300363003631184	35.135908272900565
3.6400364003641186	37.9910736037695
3.650036500365119	25.902265010965074
3.6600366003661193	33.058463455742455
3.6700367003671195	10.435737988029958
3.68003680036812	28.749356614165958
3.6900369003691202	34.66522539537325
3.700037000370121	42.86121550412718
3.710037100371121	56.92511283567324
3.720037200372121	52.869071319703956
3.7300373003731218	14.144021501473247
3.740037400374122	59.41055156180889
3.7500375003751225	61.08951046950782
3.7600376003761227	52.013474988880446
3.770037700377123	45.83036563099475
3.7800378003781234	49.71369859723475
3.7900379003791236	52.71399745382031
3.8000380003801237	36.488233878768455
3.8100381003811243	47.827855370781755
3.8200382003821245	-8.956259948354825
3.830038300383125	60.19428811295452
3.8400384003841253	27.432795748201283
3.8500385003851254	55.325459946374316
3.860038600386126	44.299640919911376
3.870038700387126	39.414426225038135
3.8800388003881268	27.792209161013744
3.890038900389127	46.21201495395649
3.900039000390127	40.52509864739811
3.9100391003911277	38.15064581868037
3.920039200392128	34.74304450828856
3.930039300393128	42.13647777134282
3.9400394003941286	36.194828498375536
3.9500395003951287	22.69664402101525
3.9600396003961293	28.63752889725523
3.9700397003971295	11.764556814472972
3.9800398003981297	23.164323379150783
3.9900399003991303	14.34051064215926
4.000040000400131	20.08087034812538
4.010040100401131	25.321813745935724
4.020040200402131	-14.493018931142055
4.030040300403131	10.027589629337335
4.0400404004041315	30.87809814914557
4.0500405004051325	25.515707738724355
4.060040600406133	13.428683529456684
4.070040700407133	15.037081758022651
4.080040800408133	15.46364886254308
4.090040900409133	7.728778040263291
4.100041000410133	15.113491578672607
4.110041100411134	20.14131854460903
4.1200412004121345	29.846508690124434
4.130041300413135	2.9192676487662714
4.140041400414135	14.806575779857205
4.150041500415135	22.27031160649122
4.160041600416136	23.996990631546794
4.170041700417136	13.673729944194772
4.180041800418136	42.16065966177883
4.1900419004191365	5.03163871165715
4.200042000420137	34.87175592055132
4.210042100421138	30.043368320133688
4.220042200422138	-25.939708911531156
4.230042300423138	41.27810267655406
4.240042400424138	38.342487652486035
4.250042500425138	16.624737966330887
4.260042600426139	39.53866053102113
4.2700427004271395	10.522478086226029
4.28004280042814	28.97963152068463
4.29004290042914	7.5188818005093525
4.30004300043014	11.434254583384359
4.31004310043114	43.57781744112329
4.320043200432141	18.300185579236352
4.330043300433141	24.495168019556324
4.3400434004341415	49.54044830074793
4.350043500435142	32.59024671648875
4.360043600436142	39.38382263222845
4.370043700437143	28.022332406269122
4.380043800438143	36.868691602336426
4.390043900439143	37.49663242364512
4.400044000440143	36.72810318821634
4.4100441004411435	36.05008210592245
4.4200442004421445	34.29892664523003
4.430044300443145	36.4731321826715
4.440044400444145	33.57759377306893
4.450044500445145	42.465083953601905
4.460044600446145	25.290976024291123
4.470044700447146	38.092314068544134
4.480044800448146	14.885578692643788
4.4900449004491465	5.656629458661364
4.500045000450147	21.479564274408826
4.510045100451147	38.46377904089035
4.520045200452148	21.217264872781207
4.530045300453148	10.753373036862458
4.540045400454148	26.183161168524773
4.550045500455148	6.360213737664337
4.5600456004561485	35.206813827629325
4.570045700457149	-4.8651455042316565
4.58004580045815	24.118812873489947
4.59004590045915	32.88694931745651
4.60004600046015	11.106184646088574
4.61004610046115	14.444299295949177
4.62004620046215	12.24030989413745
4.630046300463151	25.58037929741593
4.6400464004641515	23.17448802757362
4.650046500465152	19.128882294466834
4.660046600466152	15.756515481661728
4.670046700467152	16.46199031596216
4.680046800468153	15.919010786976871
4.690046900469153	15.457024391879012
4.700047000470153	21.35843803617965
4.7100471004711535	20.29950461798131
4.720047200472154	23.81588863851245
4.730047300473155	15.914399806426523
4.740047400474155	17.88144025525345
4.750047500475155	16.066406299903864
4.760047600476155	25.525768366698596
4.770047700477155	29.058371285476873
4.7800478004781555	23.69083255826927
4.7900479004791565	27.551841001975845
4.800048000480157	28.73480720529288
4.810048100481157	18.329648488528353
4.820048200482157	23.727569269886917
4.830048300483157	1.864059344465896
4.840048400484158	35.0970901424679
4.850048500485158	24.214256064317933
4.8600486004861585	4.636340599966409
4.870048700487159	39.29253209688687
4.880048800488159	21.399548571761684
4.89004890048916	15.840725740905052
4.90004900049016	21.629341613134
4.91004910049116	31.60727362152111
4.92004920049216	16.296084137162197
4.9300493004931605	13.308573566466883
4.9400494004941615	44.55910940818271
4.950049500495162	40.71443475719206
4.960049600496162	14.346732106263834
4.970049700497162	24.963566652586497
4.980049800498162	4.668448646640418
4.990049900499163	51.23907056639844
5.000050000500163	19.927489835212743
5.0100501005011635	33.83669987115855
5.020050200502164	40.21030126030819
5.030050300503164	38.51129463870443
5.040050400504164	35.07113108022439
5.050050500505165	17.474273343563688
5.060050600506165	17.718914244443244
5.070050700507165	16.032932917897234
5.0800508005081655	26.10572044083165
5.090050900509166	34.87295740423062
5.100051000510167	27.7415042324038
5.110051100511167	38.66453839383022
5.120051200512167	6.7263019456389
5.130051300513167	30.2350987478852
5.140051400514167	32.50443113534202
5.150051500515168	1.8453691150560854
5.1600516005161685	5.822065961432128
5.170051700517169	13.041264627488342
5.180051800518169	32.852785117803
5.190051900519169	11.537852729827176
5.20005200052017	14.63150549753436
5.21005210052117	1.986968634500114
5.22005220052217	24.11761532769138
5.2300523005231705	17.38807816286062
5.240052400524171	16.64394884892717
5.250052500525171	19.182502649129226
5.260052600526172	16.475511849675243
5.270052700527172	16.43195826190486
5.280052800528172	14.847113221589446
5.290052900529172	-0.004854779536398396
5.3000530005301725	16.52523272277975
5.3100531005311735	5.513537973024946
5.320053200532174	24.009217015686435
5.330053300533174	22.214798938972766
5.340053400534174	17.70393814969214
5.350053500535174	30.090910511638526
5.360053600536175	7.320079302317658
5.370053700537175	22.309167726723505
5.3800538005381755	13.413960232224138
5.390053900539176	29.575314969820877
5.400054000540176	36.37943425618533
5.410054100541177	29.790875606824983
5.420054200542177	28.205068902336162
5.430054300543177	22.879727961536247
5.440054400544177	24.289608280805187
5.4500545005451775	28.766658519415582
5.4600546005461785	38.08448280033217
5.470054700547179	24.712214062411633
5.480054800548179	26.40641922727327
5.490054900549179	15.981014668395993
5.500055000550179	37.35750448835119
5.510055100551179	17.745346761175085
5.52005520055218	36.65983155551062
5.5300553005531805	20.554500580474354
5.540055400554181	12.513985812503027
5.550055500555181	11.969681446240736
5.560055600556181	26.669719629435377
5.570055700557182	20.353167361357052
5.580055800558182	24.689250350366237
5.590055900559182	39.24822827567586
5.6000560005601825	21.25035084450509
5.610056100561183	41.567877924660046
5.620056200562184	25.240872556458235
5.630056300563184	30.024477319037718
5.640056400564184	41.32841137155042
5.650056500565184	4.749184009703783
5.660056600566184	38.60200559906136
5.670056700567185	24.489091412768822
5.6800568005681855	33.50900495441645
5.690056900569186	24.512075090006807
5.700057000570186	15.165594609976743
5.710057100571186	24.748658658368363
5.720057200572186	36.67259782780509
5.730057300573187	23.025447824417316
5.740057400574187	22.46717890383978
5.7500575005751875	27.844420907768153
5.760057600576188	21.94701269143127
5.770057700577188	8.597681948069328
5.780057800578189	9.368572355817529
5.790057900579189	21.377994294270838
5.800058000580189	26.64137925879343
5.810058100581189	8.49551014272518
5.8200582005821895	-1.1521290730775267
5.8300583005831905	14.070141687601353
5.840058400584191	18.705643311036777
5.850058500585191	16.19111572308423
5.860058600586191	15.639923322126066
5.870058700587191	16.618309128120476
5.880058800588192	19.312258954569018
5.890058900589192	19.23370192092686
5.9000590005901925	16.605927731256255
5.910059100591193	4.6591416789935876
5.920059200592193	28.566419988223736
5.930059300593194	7.878524304244085
5.940059400594194	6.268282354192335
5.950059500595194	26.67340112164202
5.960059600596194	35.424621923915524
5.9700597005971945	9.749756342631828
5.980059800598195	19.828728376516693
5.990059900599196	31.13309063167899
6.000060000600196	12.37153741258013
6.010060100601196	32.18507332875598
6.020060200602196	26.810280588339904
6.030060300603196	33.73478406034725
6.040060400604197	13.807483989328425
6.0500605006051975	32.40358330002309
6.060060600606198	29.120214033499078
6.070060700607198	39.35422158552671
6.080060800608198	8.646206284664073
6.090060900609199	-12.680400851843688
6.100061000610199	25.36829601671697
6.110061100611199	29.544308114896907
6.1200612006121995	21.37989046171916
6.1300613006132	25.306434914560306
6.140061400614201	38.461734591051474
6.150061500615201	14.255541372661696
6.160061600616201	41.82730065181249
6.170061700617201	25.726624065635036
6.180061800618201	23.21596088148236
6.1900619006192015	37.95577544484866
6.2000620006202025	29.49200810269489
6.210062100621203	20.22356469092542
6.220062200622203	39.98123130176822
6.230062300623203	8.834799348726559
6.240062400624203	15.577580541794198
6.250062500625204	34.2165414709519
6.260062600626204	16.972805442109696
6.2700627006272045	24.62196793306168
6.280062800628205	36.6700546168345
6.290062900629205	37.466292770274926
6.300063000630206	6.075153974368107
6.310063100631206	10.364514675757247
6.320063200632206	15.689654256755961
6.330063300633206	31.19318522992606
6.3400634006342065	30.250091285559712
6.3500635006352075	30.916110558713495
6.360063600636208	18.84870016535978
6.370063700637208	24.829841254995724
6.380063800638208	5.068844449844731
6.390063900639208	2.5281220277725103
6.400064000640208	19.153999190911318
6.410064100641209	15.923873208934811
6.4200642006422095	8.340054919257717
6.43006430064321	15.107980839123796
6.44006440064421	14.415350061726627
6.45006450064521	14.513027755854173
6.460064600646211	12.761614914243742
6.470064700647211	12.838215025093055
6.480064800648211	19.107132889858207
6.4900649006492115	12.284378282827479
6.500065000650212	2.7500092434271437
6.510065100651213	26.9041716260313
6.520065200652213	11.618980476967385
6.530065300653213	22.80641992769374
6.540065400654213	25.934903766141105
6.550065500655213	26.02712969997692
6.560065600656214	20.958873785588068
6.5700657006572145	7.332149030944744
6.580065800658215	4.829484196487386
6.590065900659215	17.153796079747522
6.600066000660215	34.199980399772215
6.610066100661216	30.758599931975592
6.620066200662216	20.998686931532944
6.630066300663216	14.17127648410934
6.6400664006642165	27.64696884746378
6.650066500665217	-11.122518898567987
6.660066600666217	29.986798158930483
6.670066700667218	18.18016911313762
6.680066800668218	39.69675223585411
6.690066900669218	26.852210576577875
6.700067000670218	27.613448628440878
6.7100671006712185	0.6232630963645152
6.7200672006722195	29.1481622623461
6.73006730067322	12.82442558705768
6.74006740067422	28.2525999636597
6.75006750067522	-1.6331805992605106
6.76006760067622	34.305559522285314
6.770067700677221	39.40392098492374
6.780067800678221	30.54204255236013
6.7900679006792215	42.581177303371305
6.800068000680222	12.902190927866434
6.810068100681222	30.024047653504624
6.820068200682223	11.554912028302931
6.830068300683223	21.565583169294786
6.840068400684223	30.25083797373728
6.850068500685223	17.718950923662202
6.8600686006862235	9.887818856836619
6.870068700687224	19.62810397742336
6.880068800688225	20.376585461205515
6.890068900689225	2.3389068180908668
6.900069000690225	14.570053359254498
6.910069100691225	40.67144069267988
6.920069200692225	22.111822669554094
6.930069300693226	23.013713163103485
6.9400694006942265	19.638285392037588
6.950069500695227	15.113589462492605
6.960069600696227	10.87856397090836
6.970069700697227	21.977437015668485
6.980069800698228	13.368717440440566
6.990069900699228	15.614341254628794
7.000070000700228	16.631566075019013
7.0100701007012285	17.28505958425035
7.020070200702229	14.464892570336124
7.03007030070323	16.80398876871948
7.04007040070423	15.743047049285808
7.05007050070523	15.881979694663158
7.06007060070623	24.25561964032584
7.07007070070723	11.781487700938406
7.080070800708231	25.77198238365329
7.0900709007092315	7.945612012182086
7.100071000710232	5.484104623751891
7.110071100711232	-11.320520120433514
7.120071200712232	11.484399107147622
7.130071300713232	10.764261704737832
7.140071400714233	9.779653615375135
7.150071500715233	19.12176019207467
7.1600716007162335	25.468743025449523
7.170071700717234	26.65934549459116
7.180071800718234	18.009729361864085
7.190071900719235	34.46005354436071
7.200072000720235	22.63886869218105
7.210072100721235	39.13727521054359
7.220072200722235	20.67101579094191
7.2300723007232355	37.559976589973125
7.2400724007242365	22.94160853458827
7.250072500725237	28.361960764261525
7.260072600726237	16.014033873824214
7.270072700727237	33.82879793617944
7.280072800728237	10.059900247801172
7.290072900729238	27.256750359709294
7.300073000730238	-8.587246219132856
7.3100731007312385	16.104291023021037
7.320073200732239	44.65481971409108
7.330073300733239	21.080299340885254
7.340073400734239	30.3223503557256
7.35007350073524	35.10358949530194
7.36007360073624	43.451298272669064
7.37007370073724	11.066426831081797
7.3800738007382405	19.456536992900432
7.390073900739241	33.47739728064103
7.400074000740242	38.57768865600355
7.410074100741242	34.563572542776676
7.420074200742242	12.450794793436446
7.430074300743242	24.007489094436124
7.440074400744242	24.979545525999157
7.450074500745243	18.326929376550087
7.4600746007462435	30.34743648438561
7.470074700747244	14.185031253335463
7.480074800748244	26.93804416852939
7.490074900749244	27.851423805758145
7.500075000750245	27.98345494204529
7.510075100751245	25.97996432053719
7.520075200752245	1.147126304563601
7.5300753007532455	0.24835108812903503
7.540075400754246	18.765498040413192
7.550075500755247	4.343264294224523
7.560075600756247	29.655586090406345
7.570075700757247	8.950288830725599
7.580075800758247	17.373109919330087
7.590075900759247	20.510835616555664
7.6000760007602475	13.902503981262132
7.6100761007612485	18.684594017666377
7.620076200762249	16.826334542489693
7.630076300763249	15.691071311223705
7.640076400764249	15.42721654684326
7.650076500765249	14.774463515674144
7.66007660076625	20.800096881832847
7.67007670076725	19.529112182989277
7.6800768007682505	7.864270038528611
7.690076900769251	22.843224484595837
7.700077000770251	4.262621580814531
7.710077100771252	5.221636453710657
7.720077200772252	20.264708438594354
7.730077300773252	21.819479071548553
7.740077400774252	25.000079702260965
7.7500775007752525	28.59333857496119
7.7600776007762535	31.108989681009632
7.770077700777254	33.08333481207646
7.780077800778254	-9.69356515045552
7.790077900779254	5.248040254204154
7.800078000780254	31.65002744971964
7.810078100781254	23.232143694635816
7.820078200782255	27.453537824240872
7.8300783007832555	9.48321904383529
7.840078400784256	13.865759399039893
7.850078500785256	19.959242767388286
7.860078600786256	5.342285834888209
7.870078700787257	14.934431936000879
7.880078800788257	26.518602765752156
7.890078900789257	25.386545138913412
7.9000790007902575	11.404547489355405
7.910079100791258	32.42706802953543
7.920079200792259	33.66348814180267
7.930079300793259	12.861470220238033
7.940079400794259	23.27214141748915
7.950079500795259	23.97405146679289
7.960079600796259	-14.004159058826927
7.97007970079726	26.58348980015146
7.9800798007982605	41.81247653577975
7.990079900799261	15.59497025814632
8.000080000800262	37.62362445583044
8.010080100801261	26.72565924078135
8.020080200802262	-2.5141760580734234
8.030080300803261	15.566935786922913
8.040080400804262	17.815792270958156
8.050080500805263	36.40485737662072
8.060080600806263	28.516930917989853
8.070080700807264	32.36414818798238
8.080080800808263	24.643344479908905
8.090080900809264	13.70747057117898
8.100081000810265	20.113295936060574
8.110081100811264	10.118286491667611
8.120081200812265	11.071046265047958
8.130081300813265	23.186614430436812
8.140081400814266	11.838434295790151
8.150081500815265	25.53327955518178
8.160081600816266	17.923855349303764
8.170081700817267	24.716850120225576
8.180081800818266	8.055674030023093
8.190081900819267	14.763286323475285
8.200082000820267	19.229845637093977
8.210082100821268	12.322139920533905
8.220082200822269	14.43413869183703
8.230082300823268	11.028022821775009
8.240082400824269	18.4787412089175
8.250082500825268	7.419581222667631
8.26008260082627	9.777618199685838
8.27008270082727	20.60301693637515
8.28008280082827	7.3775815088128756
8.29008290082927	18.632340948996607
8.30008300083027	15.037594557939352
8.310083100831271	10.679120664821596
8.320083200832272	17.96271007641946
8.330083300833271	38.33605352037943
8.340083400834272	25.746210700302086
8.350083500835272	30.409298157445942
8.360083600836273	-4.430214799355614
8.370083700837274	23.597695958178164
8.380083800838273	28.189713047248397
8.390083900839274	25.993160897702605
8.400084000840273	27.936882626654075
8.410084100841274	32.059995141453236
8.420084200842275	38.75587205339729
8.430084300843275	21.1472775286657
8.440084400844276	35.45152061338512
8.450084500845275	40.90127399872822
8.460084600846276	40.61618439811644
8.470084700847277	5.732711585769174
8.480084800848276	28.868703257597904
8.490084900849277	5.735517716530585
8.500085000850277	29.97175567137562
8.510085100851278	10.00706655699375
8.520085200852279	33.65017853609014
8.530085300853278	24.37849386623533
8.540085400854279	31.684188792592156
8.550085500855278	15.664089087203513
8.56008560085628	36.252482300200214
8.57008570085728	24.96519804607424
8.58008580085828	9.760555346450394
8.59008590085928	15.328076664648183
8.60008600086028	11.120867785427386
8.610086100861281	-2.0031366461227327
8.62008620086228	3.45805685149049
8.630086300863281	32.84267593802986
8.640086400864282	31.86329817453354
8.650086500865282	22.332387416587544
8.660086600866283	33.87914206829231
8.670086700867282	36.23579563727722
8.680086800868283	14.591899265590987
8.690086900869284	16.02264297439096
8.700087000870283	-5.9895082915951745
8.710087100871284	21.475456578641488
8.720087200872284	21.83232051982409
8.730087300873285	-6.016552851413102
8.740087400874286	21.255937076983336
8.750087500875285	-2.5862512955375125
8.760087600876286	14.80527009489226
8.770087700877285	17.540925500902773
8.780087800878286	13.184599625993174
8.790087900879287	19.541533046378767
8.800088000880287	16.542924767221404
8.810088100881288	15.96121878977153
8.820088200882287	14.500392113863441
8.830088300883288	18.392192425887238
8.840088400884289	15.611672363049516
8.850088500885288	11.19148919824355
8.86008860088629	18.519739408245
8.870088700887289	5.929380696403945
8.88008880088829	1.2834746228087082
8.89008890088929	14.155285937745248
8.90008900089029	23.13637599650989
8.910089100891291	-14.697503410567927
8.92008920089229	15.392910634889798
8.930089300893291	20.931923790722344
8.940089400894292	29.164242646944672
8.950089500895292	32.507647262110694
8.960089600896293	26.113909949768118
8.970089700897292	11.355037360455109
8.980089800898293	-30.486129390601945
8.990089900899294	6.834259047786617
9.000090000900293	25.902947468563653
9.010090100901294	35.111345987190724
9.020090200902294	21.861055730679045
9.030090300903295	17.515295597058554
9.040090400904296	16.768463165859252
9.050090500905295	21.570101671286285
9.060090600906296	15.509503179230395
9.070090700907295	31.684298420408314
9.080090800908296	2.628251601032478
9.090090900909296	36.77155736853474
9.100091000910297	21.515651357303405
9.110091100911298	24.364512581709555
9.120091200912297	26.996787369236277
9.130091300913298	27.078232366826615
9.140091400914297	31.149026827949147
9.150091500915298	43.65019266794384
9.1600916009163	17.323990502484587
9.170091700917299	9.623542333648983
9.1800918009183	40.408052099423216
9.190091900919299	12.624411646361553
9.2000920009203	16.273201709842414
9.210092100921301	28.11091049553749
9.2200922009223	15.521630103298044
9.230092300923301	16.08759948891293
9.2400924009243	37.018966572515694
9.250092500925302	32.052624822810515
9.260092600926303	20.354935584765983
9.270092700927302	24.75419177191868
9.280092800928303	18.642275061958745
9.290092900929302	12.165522717244478
9.300093000930303	20.216161318121035
9.310093100931304	15.957282373083215
9.320093200932304	-3.2437512891743063
9.330093300933305	4.713627574977005
9.340093400934304	19.762221131203834
9.350093500935305	23.490762537149507
9.360093600936306	9.179195914648359
9.370093700937305	17.455590895165752
9.380093800938306	11.279351551572503
9.390093900939306	13.069642814762144
9.400094000940307	13.891776729326116
9.410094100941308	14.30641738061049
9.420094200942307	13.823762890015528
9.430094300943308	13.999021839049803
9.440094400944307	17.912019272194097
9.450094500945308	10.616342295708103
9.46009460094631	24.602135638373596
9.470094700947309	12.898607865158793
9.48009480094831	19.298864124564705
9.490094900949309	0.14031909302470225
9.50009500095031	25.2081292773787
9.510095100951311	30.305881441582464
9.52009520095231	-18.32894657340749
9.530095300953311	18.915771882679373
9.54009540095431	30.41903943009897
9.550095500955312	34.276768399294845
9.560095600956311	22.347736006816227
9.570095700957312	23.683609097985155
9.580095800958313	13.719923203489127
9.590095900959312	13.380970873299473
9.600096000960313	6.567374631666799
9.610096100961313	34.17501951274021
9.620096200962314	35.799492753735755
9.630096300963315	31.022549921111242
9.640096400964314	35.32300177299349
9.650096500965315	33.87130739774179
9.660096600966314	26.11664752973326
9.670096700967315	6.065990360489474
9.680096800968316	31.89338099171971
9.690096900969316	37.36856049997141
9.700097000970317	39.3957418672033
9.710097100971316	41.558031505610906
9.720097200972317	10.64196164347967
9.730097300973318	-5.147206348476877
9.740097400974317	17.941131640770763
9.750097500975318	36.11879618223588
9.760097600976318	19.30402395348898
9.770097700977319	6.460771866865076
9.78009780097832	21.87466827029663
9.790097900979319	0.3386659443493764
9.80009800098032	8.573148242907504
9.81009810098132	31.120902253909428
9.82009820098232	25.458703625303855
9.830098300983321	31.684076173071976
9.84009840098432	35.17010131177636
9.850098500985322	-4.513565196909415
9.860098600986321	30.901395103456725
9.870098700987322	22.49053858983622
9.880098800988323	6.68517318943059
9.890098900989322	17.050549636080273
9.900099000990323	19.066054270325573
9.910099100991323	16.15350722730777
9.920099200992324	10.607424890702022
9.930099300993325	25.035286641455084
9.940099400994324	17.667272889241346
9.950099500995325	16.956870793254506
9.960099600996324	21.67361948818711
9.970099700997325	17.38763522546934
9.980099800998326	15.876131130296114
9.990099900999326	16.528354822714206
10.000100001000327	17.38730379755723
10.010100101001326	10.738669995175071
10.020100201002327	20.467522236412005
10.030100301003326	23.397137627120966
10.040100401004327	18.72862984846031
10.050100501005328	24.547424524756902
10.060100601006328	25.220354986787033
10.070100701007329	26.151022029524743
10.080100801008328	7.181508052982984
10.090100901009329	8.337570837894537
10.10010100101033	10.717624968264019
10.11010110101133	24.589629404958202
10.12010120101233	24.929796965692166
10.13010130101333	19.75900286301295
10.14010140101433	36.408245848302485
10.150101501015332	4.441481479677224
10.160101601016331	-14.433708692705423
10.170101701017332	18.13418907870638
10.180101801018331	34.48411810847876
10.190101901019332	27.27366917521414
10.200102001020333	17.965880732387713
10.210102101021333	11.054489922146178
10.220102201022334	30.46877854977402
10.230102301023333	30.944552943094855
10.240102401024334	37.67171010789134
10.250102501025335	14.489761136219943
10.260102601026334	33.45771751630372
10.270102701027335	25.383219055937843
10.280102801028335	26.654069905975494
10.290102901029336	24.49885180578331
10.300103001030337	16.55745919753905
10.310103101031336	16.927621752830756
10.320103201032337	26.27666652045167
10.330103301033336	26.817098279359776
10.340103401034337	26.133372997117412
10.350103501035338	30.201370802317616
10.360103601036338	24.901931753190244
10.370103701037339	29.016023492826378
10.380103801038338	11.885030018125146
10.390103901039339	2.3376864155976333
10.40010400104034	9.156881660824492
10.41010410104134	3.563275305427595
10.42010420104234	32.01529440632194
10.43010430104334	10.237312331932113
10.44010440104434	31.400827369212795
10.450104501045342	7.022031439001007
10.460104601046341	17.951049910844294
10.470104701047342	14.892236676665352
10.480104801048341	17.667820542482705
10.490104901049342	28.403635836772647
10.500105001050342	20.26008924718077
10.510105101051343	26.350851402578485
10.520105201052344	8.753407517355377
10.530105301053343	17.10916640364033
10.540105401054344	18.068123607574552
10.550105501055343	23.14827082504062
10.560105601056344	13.853056209648166
10.570105701057345	17.73392725435904
10.580105801058345	14.703774795962161
10.590105901059346	16.661810281920072
10.600106001060345	18.059183388624817
10.610106101061346	11.800101215526102
10.620106201062347	18.371746214807054
10.630106301063346	13.26705952721462
10.640106401064347	16.55217078103702
10.650106501065347	1.7114244090639994
10.660106601066348	20.668942777808518
10.670106701067349	-34.891954329346966
10.680106801068348	-2.8718875388812366
10.690106901069349	19.6834208409363
10.700107001070348	27.093050543419608
10.71010710107135	26.265857911581524
10.72010720107235	-22.36587661302353
10.73010730107335	24.86569554445134
10.74010740107435	22.065402127002486
10.75010750107535	24.96798922623114
10.760107601076351	29.08342870672817
10.770107701077352	26.120249955365704
10.780107801078351	13.417490456518697
10.790107901079352	25.79791372044844
10.800108001080352	30.066810580010685
10.810108101081353	23.63040301101808
10.820108201082354	38.43584476600614
10.830108301083353	40.56771792471146
10.840108401084354	36.39857261057203
10.850108501085353	25.709022801515207
10.860108601086354	12.491940115610069
10.870108701087355	7.769879985612669
10.880108801088355	34.3002290402328
10.890108901089356	19.565162296517585
10.900109001090355	32.58273261225431
10.910109101091356	16.26042043696952
10.920109201092357	3.9626461725010604
10.930109301093356	27.001705714947434
10.940109401094357	36.506677747991944
10.950109501095357	21.18940513065964
10.960109601096358	0.012579766456732172
10.970109701097357	20.90383811400906
10.980109801098358	33.491579410074735
10.990109901099359	12.342800024737342
11.000110001100358	16.714649212925632
11.01011010110136	31.763492666908608
11.020110201102359	17.022089183635
11.03011030110336	19.083275266003245
11.04011040110436	-3.952849144759512
11.05011050110536	19.881925811434208
11.060110601106361	0.32310088783165036
11.07011070110736	9.575713981600412
11.080110801108361	3.461033601424089
11.090110901109362	25.36308209006884
11.100111001110362	29.431674143206223
11.110111101111363	14.05278256658355
11.120111201112362	21.86876935044232
11.130111301113363	11.789261286992689
11.140111401114364	11.49133164501023
11.150111501115363	13.807892995906258
11.160111601116364	12.155775166182805
11.170111701117364	13.365192209002375
11.180111801118365	13.225132326608401
11.190111901119366	9.043714527870751
11.200112001120365	11.496835671192697
11.210112101121366	19.895839370597894
11.220112201122365	26.913843861962647
11.230112301123366	19.902712378215966
11.240112401124367	7.619205019412044
11.250112501125367	7.9988758362394154
11.260112601126368	20.873918726524717
11.270112701127367	11.206932796044205
11.280112801128368	19.756818241090485
11.290112901129369	37.35194067128957
11.300113001130368	15.030987164134121
11.31011310113137	33.678698617572174
11.320113201132369	12.52126561363287
11.33011330113337	37.92426417658767
11.34011340113437	36.73653219561241
11.35011350113537	8.2755871461901
11.360113601136371	34.80443820017323
11.37011370113737	5.471438278628672
11.380113801138371	25.4005963217427
11.390113901139372	13.45247471161193
11.400114001140372	28.286146966731454
11.410114101141373	5.083469573541328
11.420114201142372	27.908362695040566
11.430114301143373	-17.048756001152064
11.440114401144372	29.72969987182293
11.450114501145373	28.580103219816593
11.460114601146374	33.65291093980559
11.470114701147374	30.001667477920773
11.480114801148375	20.627729192677904
11.490114901149374	15.347509129379707
11.500115001150375	24.97167765654936
11.510115101151376	36.3359302747912
11.520115201152375	28.65012566416695
11.530115301153376	27.292551877714796
11.540115401154376	12.179419403469854
11.550115501155377	1.23021087142335
11.560115601156378	23.73846568590923
11.570115701157377	32.16700313667103
11.580115801158378	-3.3648408307242157
11.590115901159377	32.24878667464467
11.600116001160378	13.751512668251724
11.61011610116138	1.853095453060197
11.620116201162379	22.814767121056715
11.63011630116338	16.742904457885093
11.640116401164379	11.014933608608983
11.65011650116538	25.17984098333774
11.660116601166381	22.25532979466826
11.67011670116738	18.105906411478756
11.680116801168381	25.692696760916448
11.69011690116938	18.730205128778604
11.700117001170382	20.857720510794238
11.710117101171383	19.280592105512333
11.720117201172382	23.289432388783307
11.730117301173383	20.40453802070358
11.740117401174382	11.807299939207203
11.750117501175383	16.148316845007816
11.760117601176384	16.081759370307772
11.770117701177384	18.14609530148911
11.780117801178385	16.317515664328827
11.790117901179384	17.331128772147576
11.800118001180385	4.810999086335999
11.810118101181386	14.046843475292707
11.820118201182385	22.047478880711385
11.830118301183386	8.864700143864544
11.840118401184386	12.294434778771054
11.850118501185387	22.541460314236005
11.860118601186388	29.853776310243084
11.870118701187387	20.841757444330394
11.880118801188388	3.5377351288661716
11.890118901189387	32.040779133465975
11.900119001190388	-2.612640996862593
11.910119101191388	27.288613612058366
11.920119201192389	19.027881284020545
11.93011930119339	38.68195460059355
11.940119401194389	-0.9599289005678118
11.95011950119539	27.364732757814135
11.96011960119639	32.82658591101038
11.97011970119739	26.69642520392455
11.980119801198391	34.029409471277454
11.99011990119939	41.816444817203
12.000120001200392	21.05166579914055
12.010120101201391	14.544708019868672
12.020120201202392	29.260869435363645
12.030120301203393	19.788760917986963
12.040120401204392	20.415332987199793
12.050120501205393	32.05948440770236
12.060120601206393	37.11937974524298
12.070120701207394	-1.3999807729493898
12.080120801208395	20.913014385890758
12.090120901209394	28.593527931530097
12.100121001210395	42.250189526848445
12.110121101211394	7.000773728463624
12.120121201212395	29.59015791652177
12.130121301213396	37.38974806124192
12.140121401214396	9.246878922040777
12.150121501215397	23.80377910619729
12.160121601216396	20.098215678633295
12.170121701217397	17.60803792122483
12.180121801218398	35.576692806407955
12.190121901219397	27.258262954972196
12.200122001220398	24.64112269563912
12.210122101221398	17.623373756470386
12.220122201222399	7.371042141728723
12.2301223012234	3.933473200738711
12.240122401224399	21.269144063907223
12.2501225012254	24.143072074964
12.2601226012264	19.741956885100738
12.2701227012274	20.12281860312739
12.280122801228401	21.743262810692023
12.2901229012294	31.170650311902246
12.300123001230402	11.441596144776186
12.310123101231401	14.476320787665875
12.320123201232402	10.60116704415634
12.330123301233403	12.529314209384811
12.340123401234402	15.110015222058907
12.350123501235403	14.995605479065471
12.360123601236403	15.31245139628685
12.370123701237404	18.28023405977793
12.380123801238403	17.12873875551475
12.390123901239404	4.928082975716671
12.400124001240405	24.201194184755145
12.410124101241404	14.732933539086599
12.420124201242405	14.452192487789487
12.430124301243405	28.641666726475187
12.440124401244406	9.32145617385037
12.450124501245407	30.28313980739858
12.460124601246406	13.05825702219578
12.470124701247407	21.43689585058554
12.480124801248406	10.047600241606625
12.490124901249407	2.428594526832519
12.500125001250408	9.661243986523404
12.510125101251408	12.697287828925923
12.520125201252409	31.31955332917372
12.530125301253408	1.7046360795749187
12.540125401254409	35.54992196783698
12.55012550125541	13.649044985717094
12.56012560125641	25.742701518628323
12.57012570125741	16.730228350645394
12.58012580125841	22.21157772998335
12.59012590125941	23.600205778495507
12.600126001260412	14.651436896992283
12.610126101261411	44.626666563304816
12.620126201262412	38.387575113366196
12.630126301263411	26.9652760809876
12.640126401264412	13.132254084393992
12.650126501265413	37.80321148550093
12.660126601266413	31.116436553598337
12.670126701267414	14.496442910064053
12.680126801268413	22.432327376967084
12.690126901269414	28.88252294209832
12.700127001270415	21.8674538329841
12.710127101271414	41.24480544592353
12.720127201272415	10.0290093276824
12.730127301273415	23.762118245475687
12.740127401274416	45.056509072275325
12.750127501275417	27.658089178927746
12.760127601276416	30.802058560573137
12.770127701277417	26.986733835597985
12.780127801278416	10.938880051642851
12.790127901279417	-1.4679407765062351
12.800128001280417	10.646690127577497
12.810128101281418	36.188143631038386
12.820128201282419	17.303764638591982
12.830128301283418	13.50450528358553
12.840128401284419	10.773212796290741
12.850128501285418	25.877366821046017
12.86012860128642	9.169780973037323
12.87012870128742	26.968984358603144
12.88012880128842	9.428900228345547
12.89012890128942	17.546254315917842
12.90012900129042	18.659793146316584
12.910129101291421	12.656591420532227
12.920129201292422	9.37497800397534
12.930129301293421	15.974124112446443
12.940129401294422	15.245632455009876
12.950129501295422	16.760655220563777
12.960129601296423	17.20853964762283
12.970129701297424	15.14330748919902
12.980129801298423	14.195293044941364
12.990129901299424	19.103495061320537
13.000130001300423	12.439124967108242
13.010130101301424	29.55007793952494
13.020130201302425	-4.367110508249101
13.030130301303425	18.922668470103755
13.040130401304426	15.490756899816564
13.050130501305425	20.48646769811217
13.060130601306426	27.95544338667771
13.070130701307427	24.615172648748164
13.080130801308426	16.695245182759056
13.090130901309427	14.488348051174276
13.100131001310427	27.84291490195175
13.110131101311428	-17.09820344386963
13.120131201312429	23.279516084595684
13.130131301313428	39.11252956587697
13.140131401314429	16.723997632631736
13.150131501315428	23.88284411275687
13.16013160131643	19.702214528997263
13.17013170131743	32.566853834808335
13.18013180131843	-4.288124307478149
13.19013190131943	28.538954089183008
13.20013200132043	-17.024862490603685
13.210132101321431	36.0713578460172
13.220132201322432	39.82804736651024
13.230132301323431	22.1348634694678
13.240132401324432	28.143345517259135
13.250132501325432	10.53969984696401
13.260132601326433	33.465740965251506
13.270132701327432	31.645595493499705
13.280132801328433	20.847664840325407
13.290132901329434	18.540369148226276
13.300133001330433	31.707744615097642
13.310133101331434	15.954898073718143
13.320133201332434	35.868401767984935
13.330133301333435	22.09981854854902
13.340133401334436	29.095525208417225
13.350133501335435	29.687183738002254
13.360133601336436	27.227679215586324
13.370133701337435	8.767129138105233
13.380133801338436	8.434251187998445
13.390133901339437	23.824467048699844
13.400134001340437	22.67989033976178
13.410134101341438	2.264268514715989
13.420134201342437	27.288119726478318
13.430134301343438	7.750033648895062
13.440134401344439	17.010633713789257
13.450134501345438	23.04631195629785
13.46013460134644	20.930534440480887
13.470134701347439	16.76923194119895
13.48013480134844	3.5495377867118676
13.49013490134944	18.046867639756567
13.50013500135044	15.636831415225284
13.510135101351441	14.904342741672078
13.52013520135244	15.950076347020728
13.530135301353441	15.322869347974589
13.540135401354442	16.348730042737376
13.550135501355442	14.916728113849116
13.560135601356443	20.140610858963388
13.570135701357442	21.333031985274474
13.580135801358443	11.413484623984955
13.590135901359444	7.306194965457136
13.600136001360443	8.54363964001598
13.610136101361444	15.617499212235144
13.620136201362444	3.4570106823686957
13.630136301363445	23.65510933687398
13.640136401364446	13.121134675631584
13.650136501365445	21.069532532418847
13.660136601366446	16.0740229349639
13.670136701367445	-3.7521055977817066
13.680136801368446	24.798046780183924
13.690136901369447	18.388479471056808
13.700137001370447	31.963773534207125
13.710137101371448	-2.4231837683702238
13.720137201372447	33.675742251567506
13.730137301373448	24.568827839651533
13.740137401374447	27.35772425401914
13.750137501375448	35.4953201837298
13.76013760137645	6.564937642125732
13.770137701377449	22.58937306105286
13.78013780137845	34.02564989357615
13.790137901379449	33.68198343020866
13.80013800138045	20.651004300608328
13.810138101381451	31.629719406788592
13.82013820138245	30.982820191369797
13.830138301383451	21.973716981593864
13.84013840138445	1.6851057383820305
13.850138501385452	19.16302760541508
13.860138601386453	24.542392434646025
13.870138701387452	30.105652063748234
13.880138801388453	17.1390234017281
13.890138901389452	30.674202950726535
13.900139001390453	24.867134916668128
13.910139101391454	25.22072467332921
13.920139201392454	40.15687743068291
13.930139301393455	11.833477405758785
13.940139401394454	34.681893090430506
13.950139501395455	24.84020484462134
13.960139601396456	19.889716748894315
13.970139701397455	20.442376139207553
13.980139801398456	24.561025253586287
13.990139901399456	18.68734480435793
14.000140001400457	34.87631074096561
14.010140101401458	2.1933986639889747
14.020140201402457	29.418701280966744
14.030140301403458	20.37350442054735
14.040140401404457	26.08198445895925
14.050140501405458	12.623321453916464
14.06014060140646	21.310140819764907
14.070140701407459	17.348375229742913
14.08014080140846	21.731620909786574
14.090140901409459	15.774246508269476
14.10014100141046	13.718919318944666
14.110141101411461	15.066350493670452
14.12014120141246	15.617436242349017
14.130141301413461	16.364893509271482
14.14014140141446	16.19846407650717
14.150141501415462	14.816638344327757
14.160141601416463	19.219268179617718
14.170141701417462	-3.8653304042228003
14.180141801418463	13.857809322739048
14.190141901419462	8.350643537019641
14.200142001420463	29.973209768337124
14.210142101421463	26.61390770742699
14.220142201422464	34.555011657566105
14.230142301423465	20.20425304291979
14.240142401424464	33.92740761840417
14.250142501425465	32.723717949400765
14.260142601426464	-5.25329064434025
14.270142701427465	18.90006961413677
14.280142801428466	11.843436913586176
14.290142901429466	20.870253647526557
14.300143001430467	-11.871067319809102
14.310143101431466	12.834768459490896
14.320143201432467	29.53624220044006
14.330143301433468	31.875006933925242
14.340143401434467	31.47581288565741
14.350143501435468	23.779722739781292
14.360143601436468	32.936613937750835
14.370143701437469	10.26847283405279
14.38014380143847	-0.9932173604173201
14.390143901439469	37.4955376282093
14.40014400144047	34.45902117748995
14.41014410144147	18.435999835601162
14.42014420144247	7.835658714595115
14.430144301443471	8.27100379060878
14.44014440144447	14.708395887380677
14.450144501445472	43.13256431766944
14.460144601446471	12.199800718378048
14.470144701447472	25.083046412669507
14.480144801448473	21.88429364605018
14.490144901449472	17.921963622035555
14.500145001450473	29.862387603762762
14.510145101451473	4.757683053354502
14.520145201452474	32.47869112856631
14.530145301453475	0.9912786319278936
14.540145401454474	32.37537330929631
14.550145501455475	17.24818973804998
14.560145601456474	25.314341840189623
14.570145701457475	28.372305877948264
14.580145801458476	12.797020324094458
14.590145901459476	27.138571445946152
14.600146001460477	8.441100711028904
14.610146101461476	18.395891673584817
14.620146201462477	23.23992918458313
14.630146301463478	26.200415756462103
14.640146401464477	-31.75342713098336
14.650146501465478	12.695025514337118
14.660146601466478	18.246853500575522
14.670146701467479	17.926491427168315
14.680146801468478	14.264455610107657
14.690146901469479	14.922528062691352
14.70014700147048	14.479809614212593
14.71014710147148	15.028620641103405
14.72014720147248	10.960731604983133
14.73014730147348	13.679787438577392
14.74014740147448	16.773806150612227
14.750147501475482	1.9061241972987113
14.760147601476481	19.33352182190646
14.770147701477482	8.12025306047257
14.780147801478481	18.631924347460735
14.790147901479482	27.507647900416316
14.800148001480483	20.06866016144724
14.810148101481483	-3.1555106480351975
14.820148201482484	6.599661332388926
14.830148301483483	10.520128485914984
14.840148401484484	24.30205969992044
14.850148501485485	11.897722592752707
14.860148601486484	17.995630444619138
14.870148701487485	16.422952553479227
14.880148801488485	33.91469898041266
14.890148901489486	22.211623571252147
14.900149001490487	32.217692456648216
14.910149101491486	24.59128247946557
14.920149201492487	11.234726276804565
14.930149301493486	7.905273459466632
14.940149401494487	29.533406198974113
14.950149501495488	35.891342917969595
14.960149601496488	21.70108392835476
14.970149701497489	39.8032717824716
14.980149801498488	13.827205984263783
14.990149901499489	41.586185200613215
