0.0	nan
0.010000100001000326	20.35942618089001
0.020000200002000652	4.204877668029259
0.03000030000300098	-7.72696103155624
0.040000400004001305	-11.490934119960203
0.05000050000500163	-4.47759565290457
0.06000060000600196	1.3311460126503507
0.07000070000700229	-7.108339773427643
0.08000080000800261	2.8707153850925904
0.09000090000900293	5.042204077565849
0.10000100001000325	0.04349738024006951
0.11000110001100359	5.834833765353112
0.12000120001200391	3.7795663994551143
0.13000130001300425	8.257978406814036
0.14000140001400457	4.931277712943738
0.1500015000150049	9.62378761493325
0.16000160001600522	6.744516074515173
0.17000170001700554	13.424173831438328
0.18000180001800586	10.323093594974
0.1900019000190062	14.861129825468343
0.2000020000200065	10.68439456565275
0.21000210002100686	16.223797855463417
0.22000220002200718	16.822607394072502
0.2300023000230075	17.826514562786244
0.24000240002400783	18.28037387129283
0.2500025000250082	22.270282608576647
0.2600026000260085	20.155639988000477
0.2700027000270088	29.40922538565044
0.28000280002800915	23.56225137775266
0.29000290002900947	26.254006588962522
0.3000030000300098	31.019899991418544
0.3100031000310101	27.88281485905218
0.32000320003201044	34.99260242834877
0.33000330003301076	31.851367335092064
0.3400034000340111	33.0181977347855
0.3500035000350114	35.69338573832017
0.36000360003601173	33.30517719727607
0.37000370003701205	38.21582394772128
0.3800038000380124	36.8718007950706
0.3900039000390127	36.71732036452967
0.400004000040013	40.40957188620643
0.4100041000410134	36.72747765587274
0.4200042000420137	39.68821824833037
0.43000430004301404	39.66843669085958
0.44000440004401437	36.272870178361
0.4500045000450147	38.41606540303828
0.460004600046015	39.58687697690903
0.47000470004701533	38.814805860672145
0.48000480004801566	39.90720502322934
0.490004900049016	38.71223447797355
0.5000050000500164	43.219773376381525
0.5100051000510166	42.58397142463292
0.520005200052017	46.42608360076028
0.5300053000530173	43.8346434994485
0.5400054000540176	47.83869560116962
0.5500055000550179	46.578100188375636
0.5600056000560183	49.99323417453733
0.5700057000570186	50.785022163878175
0.5800058000580189	55.148790764615725
0.5900059000590192	59.71218925625957
0.6000060000600196	62.786558053214925
0.6100061000610199	68.05841242446137
0.6200062000620202	67.12281181603214
0.6300063000630205	69.97616667871557
0.6400064000640209	67.74848686103664
0.6500065000650213	65.54347391932824
0.6600066000660215	69.14818754375419
0.6700067000670219	67.3317323312086
0.6800068000680222	68.10613425688155
0.6900069000690225	68.06165143566456
0.7000070000700228	70.14095519596904
0.7100071000710232	71.1741539524475
0.7200072000720235	72.10560536705778
0.7300073000730238	70.70316276560702
0.7400074000740241	72.88734361903273
0.7500075000750245	68.12469502555581
0.7600076000760247	72.03686892273817
0.7700077000770251	69.96478036987837
0.7800078000780254	70.88881287301346
0.7900079000790258	67.18733025063425
0.800008000080026	68.42610193013464
0.8100081000810264	66.48765290790037
0.8200082000820268	65.854427411258
0.8300083000830271	64.68146448177752
0.8400084000840274	64.64502113957349
0.8500085000850277	64.03624644277357
0.8600086000860281	63.72307072813649
0.8700087000870284	63.04963104034955
0.8800088000880287	62.66766888889287
0.890008900089029	63.642720472203564
0.9000090000900294	62.338958151381185
0.9100091000910296	62.57937326603019
0.92000920009203	62.72843315674623
0.9300093000930303	62.22728754760734
0.9400094000940307	63.48360770233728
0.9500095000950309	63.34225251847468
0.9600096000960313	64.22063184099767
0.9700097000970317	64.00613679182734
0.980009800098032	64.42922461052488
0.9900099000990323	63.808775053078485
1.0000100001000327	65.25466059310114
1.0100101001010329	63.608560751406486
1.0200102001020332	52.59980146504017
1.0300103001030336	64.28872647366651
1.040010400104034	66.02885642834242
1.0500105001050342	68.14108224781961
1.0600106001060345	68.02494666601635
1.070010700107035	67.99403651029432
1.0800108001080353	69.78933156449807
1.0900109001090355	69.05835731525372
1.1000110001100358	58.46728976332946
1.1100111001110362	69.89576792749095
1.1200112001120366	71.19728990991682
1.130011300113037	73.03550009227558
1.1400114001140371	73.14340432732159
1.1500115001150375	72.57951069702509
1.1600116001160379	68.7917618997029
1.1700117001170383	75.3209522679608
1.1800118001180384	78.4244040597536
1.1900119001190388	75.71199532189588
1.2000120001200392	78.55248315331603
1.2100121001210395	72.85317276300847
1.2200122001220397	80.10029811016844
1.23001230012304	74.67159156339814
1.2400124001240405	79.87263158468734
1.2500125001250408	84.11583085932536
1.260012600126041	82.87067847284523
1.2700127001270414	84.33037345892227
1.2800128001280418	86.25976508894793
1.2900129001290421	89.17360020554239
1.3000130001300425	89.64319464407
1.3100131001310427	87.03418495909898
1.320013200132043	93.69735750143501
1.3300133001330434	89.96684950193234
1.3400134001340438	91.27487956679671
1.350013500135044	90.89307214266957
1.3600136001360443	96.87747439040625
1.3700137001370447	95.20953058645615
1.380013800138045	100.88959026398263
1.3900139001390452	95.607578272196
1.4000140001400456	97.83598726661322
1.410014100141046	88.41592470087186
1.4200142001420464	105.55873477277729
1.4300143001430465	103.146623984665
1.440014400144047	105.96748936959978
1.4500145001450473	109.33015768352286
1.4600146001460477	108.96213815448813
1.470014700147048	104.72923530443482
1.4800148001480482	113.97248849545348
1.4900149001490486	123.35308746311783
1.500015000150049	122.87866909738639
1.5100151001510493	109.20471957249607
1.5200152001520495	113.97509353526375
1.5300153001530499	129.41621820466307
1.5400154001540503	122.45006047866053
1.5500155001550506	120.69460021216925
1.5600156001560508	125.20916980943092
1.5700157001570512	152.47010015506154
1.5800158001580515	120.26526129767112
1.590015900159052	116.87034890364275
1.600016000160052	124.08114997841868
1.6100161001610525	123.2545060909804
1.6200162001620528	112.74596031121271
1.6300163001630532	107.7309216281169
1.6400164001640536	101.91917963382768
1.6500165001650537	86.21649805318697
1.6600166001660541	40.2713231765908
1.6700167001670545	25.95856945182403
1.6800168001680549	75.83898350983499
1.690016900169055	94.80606972688817
1.7000170001700554	100.9623693419902
1.7100171001710558	96.5251874287877
1.7200172001720562	59.86143672817213
1.7300173001730563	106.86936323170586
1.7400174001740567	112.47988812999455
1.750017500175057	114.51603343268874
1.7600176001760575	119.33567218769367
1.7700177001770578	111.47073291362271
1.780017800178058	114.49982072534306
1.7900179001790584	116.1216534793123
1.8000180001800588	107.5170584287335
1.8100181001810591	116.13182996544737
1.8200182001820593	129.16456833060363
1.8300183001830597	119.21396374262784
1.84001840018406	121.8775465151864
1.8500185001850604	123.52828124235916
1.8600186001860606	118.67711336035538
1.870018700187061	100.45354055642103
1.8800188001880613	109.21678637990782
1.8900189001890617	123.69456211144225
1.9000190001900619	117.40657482403354
1.9100191001910622	112.33029178946974
1.9200192001920626	122.58770311971615
1.930019300193063	127.75956187650183
1.9400194001940634	111.70343807349265
1.9500195001950635	113.35534926993049
1.960019600196064	120.60635247093639
1.9700197001970643	112.13555781860953
1.9800198001980647	116.72052714589688
1.9900199001990648	111.69275304970205
2.0000200002000654	119.57594449566132
2.0100201002010656	109.3653585293302
2.0200202002020657	121.85653084057321
2.0300203002030663	123.80113191534981
2.0400204002040665	97.65858839233101
2.0500205002050667	97.9661282426428
2.0600206002060673	105.78435448184172
2.0700207002070674	96.12176244840659
2.080020800208068	128.94756804498212
2.090020900209068	107.18822650445851
2.1000210002100683	96.28837066265942
2.110021100211069	108.46898817580295
2.120021200212069	102.08396295866758
2.1300213002130697	92.5370762136026
2.14002140021407	97.19744808873962
2.15002150021507	109.44485007808495
2.1600216002160706	82.5027641127417
2.1700217002170707	75.51256241878885
2.180021800218071	82.77511049085197
2.1900219002190715	87.71629051160203
2.2000220002200717	52.18012488865944
2.2100221002210723	86.009272912318
2.2200222002220724	74.44064315042391
2.2300223002230726	65.67365141500885
2.240022400224073	75.67467784332688
2.2500225002250733	66.13094944475722
2.260022600226074	49.10703326336731
2.270022700227074	27.544242699159614
2.2800228002280742	26.910420476399736
2.290022900229075	44.13931414058048
2.300023000230075	50.645117319473584
2.310023100231075	59.53255596578075
2.3200232002320758	67.359368226881
2.330023300233076	77.05145556173788
2.3400234002340765	74.4673043472553
2.3500235002350767	68.37161361244331
2.360023600236077	73.84480929911109
2.3700237002370774	73.79082692573817
2.3800238002380776	70.86715829930436
2.3900239002390777	62.549732352272414
2.4000240002400783	62.689004566659015
2.4100241002410785	71.194595980395
2.420024200242079	79.06539435708183
2.4300243002430792	71.7978736064356
2.4400244002440794	85.87535758359164
2.45002450024508	83.31386337098223
2.46002460024608	73.96720094808123
2.4700247002470808	68.49242886642084
2.480024800248081	77.38013703221654
2.490024900249081	76.07889563808737
2.5000250002500817	76.91861680288152
2.510025100251082	93.53498383509766
2.520025200252082	100.60792955556208
2.5300253002530826	77.87143254325281
2.5400254002540827	88.61070602179812
2.5500255002550833	88.3813545762458
2.5600256002560835	92.17666335688091
2.5700257002570837	76.22169299145627
2.5800258002580843	82.91065084723718
2.5900259002590844	82.80466660435124
2.600026000260085	88.01145918326377
2.610026100261085	84.33966674450154
2.6200262002620853	66.87060427195912
2.630026300263086	40.98451934349672
2.640026400264086	37.820322929650956
2.6500265002650862	51.50497578965841
2.660026600266087	52.35301847104157
2.670026700267087	59.71390062991424
2.6800268002680876	73.35265469631527
2.6900269002690878	53.07605437999522
2.700027000270088	62.377303738055275
2.7100271002710885	61.82762916680446
2.7200272002720887	67.44081115764666
2.7300273002730893	57.01098953402836
2.7400274002740894	53.99700720183408
2.7500275002750896	62.27851990270883
2.76002760027609	58.1292397330697
2.7700277002770903	21.42124100243399
2.7800278002780905	21.759529632554777
2.790027900279091	14.5620800765483
2.8000280002800912	28.661752361750438
2.810028100281092	40.263258643103114
2.820028200282092	41.378908544089825
2.830028300283092	27.86712539767292
2.8400284002840928	8.05302149894184
2.850028500285093	29.229815605813602
2.860028600286093	26.490853557458724
2.8700287002870937	18.01233906053016
2.880028800288094	12.941681129985835
2.8900289002890944	15.587223158490042
2.9000290002900946	14.418353135812353
2.9100291002910947	-3.67969285040617
2.9200292002920953	4.18008047095096
2.9300293002930955	26.805135699670807
2.940029400294096	38.14610605981604
2.9500295002950963	24.866036237335965
2.9600296002960964	4.626205058774374
2.970029700297097	39.07356653710726
2.980029800298097	33.78796200209345
2.9900299002990973	26.54354119059068
3.000030000300098	30.770928246083304
3.010030100301098	43.82758201956648
3.0200302003020987	34.38304398984917
3.030030300303099	35.37626827763591
3.040030400304099	29.426365825742014
3.0500305003050996	36.64100643000032
3.0600306003060997	18.172682950473185
3.0700307003071003	33.383495638906915
3.0800308003081005	33.93650115072739
3.0900309003091007	3.9882396806522253
3.1000310003101013	25.12866277091759
3.1100311003111014	26.958667257013946
3.1200312003121016	45.44358666383073
3.130031300313102	19.50535647092404
3.1400314003141023	35.90577466288194
3.150031500315103	23.382838277439905
3.160031600316103	43.59354662045997
3.1700317003171032	29.024166717602135
3.180031800318104	47.03704470378829
3.190031900319104	18.643118319855354
3.200032000320104	40.65706544575185
3.2100321003211048	53.4979703549424
3.220032200322105	36.65818761264999
3.2300323003231055	45.527060739923016
3.2400324003241057	46.39505177243138
3.250032500325106	42.06720798826908
3.2600326003261064	38.95700987043738
3.2700327003271066	52.48021468327758
3.280032800328107	32.99969283867448
3.2900329003291073	39.5007825374603
3.3000330003301075	36.5691786476177
3.310033100331108	33.37014586931079
3.3200332003321082	40.54613759080096
3.3300333003331084	28.214197202057036
3.340033400334109	22.703541658225745
3.350033500335109	45.43027661304978
3.3600336003361098	43.417191090778
3.37003370033711	31.80198041551965
3.38003380033811	31.404371181553824
3.3900339003391107	32.97359425213055
3.400034000340111	40.50744021011356
3.4100341003411114	24.294543340775686
3.4200342003421116	2.1999269584130063
3.4300343003431117	24.043575560728666
3.4400344003441123	29.143071987266694
3.4500345003451125	21.86675583107241
3.4600346003461127	14.470153038364609
3.4700347003471133	10.348461430290035
3.4800348003481134	17.0762715547567
3.490034900349114	11.711681290363854
3.500035000350114	18.090695638929507
3.5100351003511143	29.71798071209486
3.520035200352115	29.641045642301236
3.530035300353115	23.477509744194972
3.5400354003541157	0.8575744327813145
3.550035500355116	41.053150134529524
3.560035600356116	36.531582240447676
3.5700357003571166	34.48709131569287
3.5800358003581167	30.8522887683312
3.590035900359117	38.139980416484676
3.6000360003601175	33.612514767017196
3.6100361003611177	33.36389343706323
3.6200362003621183	36.441269302905084
3.6300363003631184	32.276175929875095
3.6400364003641186	39.69364880583187
3.650036500365119	24.180745245335494
3.6600366003661193	31.16296031779828
3.6700367003671195	6.041186314954436
3.68003680036812	31.11805534888127
3.6900369003691202	36.02271976812197
3.700037000370121	40.01313640041924
3.710037100371121	52.48138147469227
3.720037200372121	53.79888217920712
3.7300373003731218	13.917629107434305
3.740037400374122	58.76896560389753
3.7500375003751225	59.77965628735143
3.7600376003761227	50.91743539124158
3.770037700377123	43.658118109998796
3.7800378003781234	51.18590394213173
3.7900379003791236	51.47967562261514
3.8000380003801237	35.15532704551783
3.8100381003811243	46.83988581699464
3.8200382003821245	-5.053811049599743
3.830038300383125	59.1056194186415
3.8400384003841253	21.836433498990004
3.8500385003851254	53.899272579276314
3.860038600386126	47.523066419816715
3.870038700387126	37.622572812161486
3.8800388003881268	25.08980061277246
3.890038900389127	49.84926812006927
3.900039000390127	34.81087330661521
3.9100391003911277	37.83809887025712
3.920039200392128	36.94075824667487
3.930039300393128	35.640540118035375
3.9400394003941286	36.413785183902455
3.9500395003951287	24.979870962171876
3.9600396003961293	29.32773913052986
3.9700397003971295	5.115965394680628
3.9800398003981297	15.586054063108339
3.9900399003991303	16.872267674901266
4.000040000400131	16.959263865333398
4.010040100401131	21.430205009094035
4.020040200402131	-14.6119610778884
4.030040300403131	10.568017653592264
4.0400404004041315	29.458075862566606
4.0500405004051325	22.536452586050444
4.060040600406133	12.178730424427016
4.070040700407133	13.47126305664041
4.080040800408133	13.821224749563426
4.090040900409133	6.866686844525894
4.100041000410133	11.477128158732407
4.110041100411134	18.571731069899307
4.1200412004121345	27.59371817130398
4.130041300413135	-0.20309983208369814
4.140041400414135	14.149740123054608
4.150041500415135	19.614021905844844
4.160041600416136	23.24157442366737
4.170041700417136	17.42080517593276
4.180041800418136	31.873435445672886
4.1900419004191365	-1.0632722049546757
4.200042000420137	33.94589195773373
4.210042100421138	26.920396195998197
4.220042200422138	-26.816158283180307
4.230042300423138	37.86430055701036
4.240042400424138	30.698687490836097
4.250042500425138	21.910551920337188
4.260042600426139	27.433568025052743
4.2700427004271395	13.112780855034249
4.28004280042814	28.859927740729972
4.29004290042914	5.820216312601418
4.30004300043014	16.371122360200154
4.31004310043114	39.14012452793658
4.320043200432141	25.84075740413425
4.330043300433141	20.25769600734642
4.3400434004341415	33.104761910106134
4.350043500435142	30.388623533707875
4.360043600436142	37.1033170810049
4.370043700437143	29.185521030132676
4.380043800438143	30.00299936113036
4.390043900439143	42.69229517538585
4.400044000440143	29.5710191260646
4.4100441004411435	23.755985498082374
4.4200442004421445	32.54842610791412
4.430044300443145	32.500131644717094
4.440044400444145	37.06042252028775
4.450044500445145	27.82961546718837
4.460044600446145	27.03213079082802
4.470044700447146	30.814035071131386
4.480044800448146	14.33806056717855
4.4900449004491465	2.7701641593401294
4.500045000450147	21.068227964112104
4.510045100451147	31.057139123080184
4.520045200452148	18.23278341013761
4.530045300453148	10.087737190280432
4.540045400454148	27.03125043569868
4.550045500455148	4.584499392713236
4.5600456004561485	32.20267520865152
4.570045700457149	-4.346052613522081
4.58004580045815	20.79750713626094
4.59004590045915	30.048075042906113
4.60004600046015	9.086576637354897
4.61004610046115	12.478046743582015
4.62004620046215	10.043663521973981
4.630046300463151	23.7899891025543
4.6400464004641515	21.584301266508106
4.650046500465152	17.473602580100177
4.660046600466152	13.810236585343285
4.670046700467152	14.657371474476282
4.680046800468153	14.144388666847313
4.690046900469153	13.781829171575891
4.700047000470153	19.67246340886741
4.7100471004711535	18.624126832401693
4.720047200472154	22.0138769845172
4.730047300473155	14.487285187366401
4.740047400474155	16.3184811354953
4.750047500475155	14.454094007248171
4.760047600476155	24.126803459850763
4.770047700477155	27.773027247478186
4.7800478004781555	21.94953618120594
4.7900479004791565	25.957606973840953
4.800048000480157	27.69511744974498
4.810048100481157	17.813446136040692
4.820048200482157	20.97164065771072
4.830048300483157	-0.2397466494768652
4.840048400484158	34.030504460554624
4.850048500485158	24.659364384046203
4.8600486004861585	2.8885399614639704
4.870048700487159	39.310223766468695
4.880048800488159	19.784785936794414
4.89004890048916	16.760648362539413
4.90004900049016	20.249192931713218
4.91004910049116	27.98079872965606
4.92004920049216	15.980005459356937
4.9300493004931605	11.505553314907697
4.9400494004941615	39.742651067735345
4.950049500495162	37.57303780479897
4.960049600496162	9.285506084066816
4.970049700497162	28.658132621185565
4.980049800498162	7.5543427924733715
4.990049900499163	40.14067936051496
5.000050000500163	22.438250208826553
5.0100501005011635	28.817731500715983
5.020050200502164	41.158320570527785
5.030050300503164	38.46033941143068
5.040050400504164	34.66826450673752
5.050050500505165	16.223389947354647
5.060050600506165	10.759257978407298
5.070050700507165	18.10742419308
5.0800508005081655	30.704683456703638
5.090050900509166	32.84703420130723
5.100051000510167	32.15723714392512
5.110051100511167	35.59291097289649
5.120051200512167	10.609363858636602
5.130051300513167	26.672962092923346
5.140051400514167	26.500079426485588
5.150051500515168	-2.7118932143141867
5.1600516005161685	1.636532493073276
5.170051700517169	18.382988370201723
5.180051800518169	29.174171002233948
5.190051900519169	8.769512248301478
5.20005200052017	15.462746585075177
5.21005210052117	-0.7024742789557259
5.22005220052217	21.766525365733425
5.2300523005231705	17.60742752558652
5.240052400524171	14.845846445484232
5.250052500525171	16.44488801974557
5.260052600526172	14.47250241329551
5.270052700527172	14.433342139938336
5.280052800528172	12.38648931656889
5.290052900529172	-1.2504774703721568
5.3000530005301725	13.489440558697446
5.3100531005311735	3.8471856854550817
5.320053200532174	21.257258474460546
5.330053300533174	23.148256706771548
5.340053400534174	15.845639494750577
5.350053500535174	25.315472246511607
5.360053600536175	8.43359079200574
5.370053700537175	17.808990986851782
5.3800538005381755	17.881508921296263
5.390053900539176	22.84762226061525
5.400054000540176	30.42132236696179
5.410054100541177	25.526813624197896
5.420054200542177	25.471430099424232
5.430054300543177	21.19619461816708
5.440054400544177	17.868756841508468
5.4500545005451775	23.8055793927728
5.4600546005461785	43.355407471148986
5.470054700547179	19.660577579479767
5.480054800548179	26.85865751414245
5.490054900549179	13.62599948775259
5.500055000550179	27.654266722636386
5.510055100551179	19.253322660075685
5.52005520055218	28.53418979146905
5.5300553005531805	17.16545193405611
5.540055400554181	10.775771473069751
5.550055500555181	12.58219218896588
5.560055600556181	22.322685354409447
5.570055700557182	14.692460399152449
5.580055800558182	24.309143103080366
5.590055900559182	34.76952240378876
5.6000560005601825	21.252690564666764
5.610056100561183	39.63928221427737
5.620056200562184	24.4926871785896
5.630056300563184	26.77995523970875
5.640056400564184	38.43152079872164
5.650056500565184	1.0093831590136433
5.660056600566184	37.150288362467386
5.670056700567185	22.24882416369655
5.6800568005681855	30.7920600851308
5.690056900569186	22.147163914731294
5.700057000570186	12.60052432731625
5.710057100571186	22.334732348498775
5.720057200572186	34.14998206962394
5.730057300573187	20.664586872383058
5.740057400574187	20.11944349496686
5.7500575005751875	25.45588765874543
5.760057600576188	19.92819227141862
5.770057700577188	6.0523071047477925
5.780057800578189	7.282661548920796
5.790057900579189	19.38816025715127
5.800058000580189	24.45439866179963
5.810058100581189	6.407775019567865
5.8200582005821895	-3.4147890213635392
5.8300583005831905	12.11074068493842
5.840058400584191	16.60733262288207
5.850058500585191	14.175444241796889
5.860058600586191	13.654905779374982
5.870058700587191	14.655929969554935
5.880058800588192	17.527806178961487
5.890058900589192	17.588904450530567
5.9000590005901925	14.029948648877813
5.910059100591193	3.0706683725204007
5.920059200592193	27.307476059973038
5.930059300593194	5.548773075057434
5.940059400594194	3.147377888213654
5.950059500595194	26.546721720772794
5.960059600596194	35.699933799713634
5.9700597005971945	6.908076980283253
5.980059800598195	15.659083454175546
5.990059900599196	28.569237687880854
6.000060000600196	15.760430125610672
6.010060100601196	29.363553292135627
6.020060200602196	21.746866247468617
6.030060300603196	36.30071201813751
6.040060400604197	10.469615886894776
6.0500605006051975	30.057755216612545
6.060060600606198	26.904946188699004
6.070060700607198	43.886532166277384
6.080060800608198	8.713360294969345
6.090060900609199	-13.468045503597246
6.100061000610199	21.779354604345958
6.110061100611199	30.844423800961877
6.1200612006121995	20.085978595129284
6.1300613006132	17.169798147832577
6.140061400614201	36.87489727154537
6.150061500615201	14.27924710896927
6.160061600616201	40.669369628854
6.170061700617201	24.749299212275393
6.180061800618201	24.618658143973153
6.1900619006192015	38.97335118424885
6.2000620006202025	28.730460368412174
6.210062100621203	20.04910146468473
6.220062200622203	40.63169328275722
6.230062300623203	9.542866140199456
6.240062400624203	11.821793191227172
6.250062500625204	27.42747564869725
6.260062600626204	14.648763715921792
6.2700627006272045	23.47486070270511
6.280062800628205	32.8078287991273
6.290062900629205	37.11921669407839
6.300063000630206	7.832947491516978
6.310063100631206	7.023965889680811
6.320063200632206	17.044895321111706
6.330063300633206	29.08161898438158
6.3400634006342065	26.669014850548702
6.3500635006352075	28.088984514123233
6.360063600636208	16.11117079192187
6.370063700637208	22.410286736236348
6.380063800638208	4.074730205528111
6.390063900639208	0.7061064288472738
6.400064000640208	16.291015063420716
6.410064100641209	14.050790371296516
6.4200642006422095	6.930862685371543
6.43006430064321	13.406407470891597
6.44006440064421	12.391565964932589
6.45006450064521	12.573313717847025
6.460064600646211	10.668110367804694
6.470064700647211	10.970110795893977
6.480064800648211	17.038267661845076
6.4900649006492115	10.161719772470885
6.500065000650212	0.5558987304334462
6.510065100651213	24.42066421446912
6.520065200652213	9.502118659364102
6.530065300653213	20.51015138161833
6.540065400654213	24.405569903834266
6.550065500655213	24.031819390832904
6.560065600656214	18.16970372255176
6.5700657006572145	5.304904648650411
6.580065800658215	1.9565579039570835
6.590065900659215	14.423021345151197
6.600066000660215	31.509582716703907
6.610066100661216	28.55599243816662
6.620066200662216	18.402759457359412
6.630066300663216	10.84619425958287
6.6400664006642165	25.456122233837824
6.650066500665217	-13.713509740083635
6.660066600666217	28.397637996395193
6.670066700667218	16.0815795627078
6.680066800668218	37.29983222279178
6.690066900669218	24.472634936042706
6.700067000670218	25.216279155796215
6.7100671006712185	-1.7434189630421313
6.7200672006722195	26.70684541988382
6.73006730067322	10.374165807344559
6.74006740067422	26.18836677891291
6.75006750067522	-3.8054496756459897
6.76006760067622	31.267733423291947
6.770067700677221	37.10632549130848
6.780067800678221	28.33080458175936
6.7900679006792215	40.266360586801426
6.800068000680222	9.878439543203639
6.810068100681222	27.8114493216232
6.820068200682223	9.259351234758004
6.830068300683223	17.58499856178206
6.840068400684223	28.46948680488538
6.850068500685223	16.44871623920141
6.8600686006862235	9.160596037872663
6.870068700687224	15.291523833150617
6.880068800688225	17.433164909657823
6.890068900689225	0.05704834249771186
6.900069000690225	11.857642999383847
6.910069100691225	37.72831934873997
6.920069200692225	19.93266041354953
6.930069300693226	20.634444779605047
6.9400694006942265	16.893859984339148
6.950069500695227	13.222332154297845
6.960069600696227	9.163972697541714
6.970069700697227	21.373616558128415
6.980069800698228	10.878327871241009
6.990069900699228	13.86120468680319
7.000070000700228	14.505988296845635
7.0100701007012285	15.005013911427756
7.020070200702229	12.631477361197181
7.03007030070323	14.82849857386168
7.04007040070423	13.816516080321115
7.05007050070523	13.964228844645618
7.06007060070623	22.010983567432124
7.07007070070723	11.132474200264838
7.080070800708231	23.718426403414423
7.0900709007092315	5.834945338182884
7.100071000710232	2.2922526613868404
7.110071100711232	-11.998458387916019
7.120071200712232	9.916891430650892
7.130071300713232	9.414419271766318
7.140071400714233	7.558399924737886
7.150071500715233	18.955624936000564
7.1600716007162335	21.85098632791162
7.170071700717234	22.518703538089234
7.180071800718234	19.49338721756233
7.190071900719235	35.13884244041804
7.200072000720235	21.654571913170468
7.210072100721235	32.56119452372882
7.220072200722235	21.585579541444513
7.2300723007232355	33.47951587695711
7.2400724007242365	19.630912362444228
7.250072500725237	27.3334056817886
7.260072600726237	12.510878689263516
7.270072700727237	29.034392393464397
7.280072800728237	6.154687380884427
7.290072900729238	27.26986225943783
7.300073000730238	-5.622346882814055
7.3100731007312385	16.85179484162934
7.320073200732239	40.56011795566737
7.330073300733239	20.63440726480354
7.340073400734239	31.10609570297207
7.35007350073524	34.96225974772404
7.36007360073624	43.771078753613196
7.37007370073724	12.188702998323688
7.3800738007382405	22.773920690548188
7.390073900739241	31.86647463238638
7.400074000740242	39.35799312756219
7.410074100741242	30.16956094016684
7.420074200742242	11.918738692825594
7.430074300743242	23.2589016334326
7.440074400744242	20.132869843604333
7.450074500745243	15.592328071832462
7.4600746007462435	27.88761425991435
7.470074700747244	11.541733369751404
7.480074800748244	24.97081830049074
7.490074900749244	26.39269588291042
7.500075000750245	25.436890183588176
7.510075100751245	24.271300856171187
7.520075200752245	-0.6749727319065164
7.5300753007532455	-0.8046187829056775
7.540075400754246	17.241643164688412
7.550075500755247	2.83816521872639
7.560075600756247	28.236493367603455
7.570075700757247	6.705604234676067
7.580075800758247	15.458684885782155
7.590075900759247	18.485934065854934
7.6000760007602475	12.248557562169673
7.6100761007612485	16.84299179577607
7.620076200762249	14.909835937006905
7.630076300763249	13.756043717841429
7.640076400764249	13.46571635644464
7.650076500765249	12.747562262598825
7.66007660076625	18.821676992866745
7.67007670076725	17.51845766586782
7.6800768007682505	5.719263982805535
7.690076900769251	20.77071520019176
7.700077000770251	2.1160903008978953
7.710077100771252	3.1712529885751977
7.720077200772252	18.153893464549693
7.730077300773252	19.573023926138266
7.740077400774252	22.673657367215025
7.7500775007752525	26.30402009181841
7.7600776007762535	28.712965787447303
7.770077700777254	30.550593697088118
7.780077800778254	-11.483247623358695
7.790077900779254	3.0584093828002334
7.800078000780254	29.211466602655072
7.810078100781254	22.042927973144774
7.820078200782255	25.381545351170384
7.8300783007832555	9.118933849669762
7.840078400784256	10.070768082127604
7.850078500785256	17.571215874467917
7.860078600786256	3.735110922568817
7.870078700787257	10.754901185216339
7.880078800788257	23.54695431290999
7.890078900789257	23.07863504033911
7.9000790007902575	9.126827853296286
7.910079100791258	30.64470050694175
7.920079200792259	30.342732222457773
7.930079300793259	9.605198462482752
7.940079400794259	20.24240630550211
7.950079500795259	19.774249495064407
7.960079600796259	-17.770824378925024
7.97007970079726	23.657001889257923
7.9800798007982605	38.818150674427045
7.990079900799261	14.438747835891018
8.000080000800262	35.463321105121125
8.010080100801261	22.930367728212573
8.020080200802262	-6.810564499778074
8.030080300803261	12.349638769019656
8.040080400804262	14.949779841958101
8.050080500805263	36.57758096996137
8.060080600806263	29.193608434065613
8.070080700807264	30.8952241677053
8.080080800808263	23.77244719508694
8.090080900809264	11.569262806869409
8.100081000810265	16.96110201671838
8.110081100811264	8.315566419393877
8.120081200812265	9.319101670555353
8.130081300813265	20.81418051348394
8.140081400814266	9.036248444950258
8.150081500815265	22.25571015549328
8.160081600816266	16.929434738573587
8.170081700817267	22.884585089598424
8.180081800818266	5.6828959816914315
8.190081900819267	12.734786777904208
8.200082000820267	17.84155278056931
8.210082100821268	10.45683641620892
8.220082200822269	12.486383876641026
8.230082300823268	9.311284374002792
8.240082400824269	16.501902568690713
8.250082500825268	5.545710755637757
8.26008260082627	7.698627760953739
8.27008270082727	19.11914786918407
8.28008280082827	5.705145976528859
8.29008290082927	16.95689534294831
8.30008300083027	12.591787417193894
8.310083100831271	9.418311201453703
8.320083200832272	16.26432461621981
8.330083300833271	36.566522581280836
8.340083400834272	23.357023255186757
8.350083500835272	30.041655304090252
8.360083600836273	-4.25996815432385
8.370083700837274	20.146774669294167
8.380083800838273	26.978364198585716
8.390083900839274	26.906593738126745
8.400084000840273	26.330280058158593
8.410084100841274	27.701186607387765
8.420084200842275	38.45989553063379
8.430084300843275	21.713918445812503
8.440084400844276	35.109050496428644
8.450084500845275	40.49290337280827
8.460084600846276	36.964222543672776
8.470084700847277	4.049986747574754
8.480084800848276	28.293769499219117
8.490084900849277	3.601302997330271
8.500085000850277	29.155231372638436
8.510085100851278	6.825646901838218
8.520085200852279	30.5957389255631
8.530085300853278	23.24813010494339
8.540085400854279	29.65500129093815
8.550085500855278	14.990728995664838
8.56008560085628	33.64048430345328
8.57008570085728	24.554333642647627
8.58008580085828	8.282443817460036
8.59008590085928	13.156786504322056
8.60008600086028	9.547857177015409
8.610086100861281	-4.068048640908124
8.62008620086228	1.9086847745900803
8.630086300863281	31.562344574829844
8.640086400864282	30.444735373812296
8.650086500865282	20.68024141594092
8.660086600866283	32.336487810608766
8.670086700867282	34.58553142305149
8.680086800868283	12.915647923501174
8.690086900869284	14.24764598524444
8.700087000870283	-7.5402999074228925
8.710087100871284	19.709102126377626
8.720087200872284	20.018222007406134
8.730087300873285	-7.618826789426759
8.740087400874286	19.4081540949801
8.750087500875285	-4.617933436551275
8.760087600876286	13.056654471258952
8.770087700877285	15.846412851778517
8.780087800878286	11.329411171757386
8.790087900879287	17.638751938180757
8.800088000880287	14.689154074097065
8.810088100881288	14.02794364824847
8.820088200882287	12.48614026354641
8.830088300883288	16.492522781304547
8.840088400884289	13.383563427629918
8.850088500885288	9.466725378174967
8.86008860088629	16.44569467328928
8.870088700887289	3.8883241929705252
8.88008880088829	-0.3576922357980336
8.89008890088929	11.852822217681192
8.90008900089029	20.49075583541513
8.910089100891291	-16.704763104522105
8.92008920089229	13.619163915603902
8.930089300893291	17.542519876176723
8.940089400894292	27.9612165765868
8.950089500895292	30.24537965227966
8.960089600896293	22.965424136580538
8.970089700897292	7.71715188285293
8.980089800898293	-31.488656735196944
8.990089900899294	6.421137492883799
9.000090000900293	25.152320987879456
9.010090100901294	31.83663921554919
9.020090200902294	17.562296515708805
9.030090300903295	15.726163243319787
9.040090400904296	12.193065153859079
9.050090500905295	19.12004858355244
9.060090600906296	12.38396865491006
9.070090700907295	31.290932441086245
9.080090800908296	3.3087367005922075
9.090090900909296	35.206743389144634
9.100091000910297	17.53604583186114
9.110091100911298	21.17406449296513
9.120091200912297	24.717145660041325
9.130091300913298	26.491754270908043
9.140091400914297	27.59319110515051
9.150091500915298	38.41034098290689
9.1600916009163	16.986226142516983
9.170091700917299	5.985606335838947
9.1800918009183	37.714734232616955
9.190091900919299	11.409720974396933
9.2000920009203	16.092072404374672
9.210092100921301	25.896606953786577
9.2200922009223	13.650357195715491
9.230092300923301	14.324903189424552
9.2400924009243	31.809202074750594
9.250092500925302	30.55838759734866
9.260092600926303	18.41325604446381
9.270092700927302	22.95741320359263
9.280092800928303	15.169838826011603
9.290092900929302	10.317927788596503
9.300093000930303	17.35324815536471
9.310093100931304	13.281543515677788
9.320093200932304	-6.066365576516798
9.330093300933305	2.3020015499475277
9.340093400934304	18.520918468976383
9.350093500935305	21.806992784048944
9.360093600936306	7.189199537876727
9.370093700937305	15.71044226402488
9.380093800938306	9.17492400172143
9.390093900939306	11.226656814368507
9.400094000940307	11.964010952585435
9.410094100941308	12.274090653362371
9.420094200942307	11.98686806860424
9.430094300943308	12.080783489543078
9.440094400944307	15.959382556112667
9.450094500945308	8.603978779354248
9.46009460094631	23.12480191589103
9.470094700947309	10.916988582111077
9.48009480094831	18.162053239512193
9.490094900949309	-1.3256589907265042
9.50009500095031	23.023848511070756
9.510095100951311	29.35543477439804
9.52009520095231	-19.90509402472287
9.530095300953311	17.689386601530064
9.54009540095431	28.929607825872818
9.550095500955312	32.76687443612688
9.560095600956311	20.84443901978588
9.570095700957312	22.087985582338995
9.580095800958313	12.610381280468141
9.590095900959312	11.659977181996195
9.600096000960313	4.798605205766259
9.610096100961313	32.42491817773123
9.620096200962314	34.14267652476573
9.630096300963315	29.470305360175914
9.640096400964314	33.77941975862707
9.650096500965315	32.217314847963245
9.660096600966314	24.42677239754161
9.670096700967315	4.929829723335718
9.680096800968316	30.428994005833097
9.690096900969316	35.81285797854947
9.700097000970317	38.23298177175924
9.710097100971316	40.48312679028691
9.720097200972317	9.006701420025509
9.730097300973318	-7.042191505735403
9.740097400974317	16.760666456752638
9.750097500975318	34.28698395611347
9.760097600976318	17.489746444055676
9.770097700977319	5.38392595099152
9.78009780097832	20.30026431986661
9.790097900979319	-0.12287776382957744
9.80009800098032	7.334452549929552
9.81009810098132	29.38591631690071
9.82009820098232	23.412572147648408
9.830098300983321	29.61292891563672
9.84009840098432	32.38032610616459
9.850098500985322	-4.333552434624708
9.860098600986321	29.085989217307944
9.870098700987322	20.883472435475046
9.880098800988323	4.4440320997707685
9.890098900989322	15.731815862663323
9.900099000990323	16.796311674551472
9.910099100991323	14.248641239728672
9.920099200992324	8.853881762543747
9.930099300993325	22.513791986757237
9.940099400994324	15.737264347343537
9.950099500995325	15.48172197379043
9.960099600996324	19.39844701668877
9.970099700997325	15.650854214996178
9.980099800998326	13.871699765221651
9.990099900999326	14.603018062129447
10.000100001000327	15.494028214892877
10.010100101001326	8.564095463598058
10.020100201002327	18.480725559304705
10.030100301003326	21.44798735562865
10.040100401004327	16.28169393036952
10.050100501005328	22.01919447545213
10.060100601006328	22.43530619705674
10.070100701007329	23.474962281289564
10.080100801008328	3.4565146671078293
10.090100901009329	6.301268852171502
10.10010100101033	9.714381348127107
10.11010110101133	23.989610328558996
10.12010120101233	24.18013999564004
10.13010130101333	16.993694667399172
10.14010140101433	34.685996179065
10.150101501015332	1.2096333212681083
10.160101601016331	-16.690082695800186
10.170101701017332	17.05542483881753
10.180101801018331	29.808753953337682
10.190101901019332	26.610173260026556
10.200102001020333	16.166938400340342
10.210102101021333	7.344764646338567
10.220102201022334	27.326492631184905
10.230102301023333	25.305657623836066
10.240102401024334	35.27766080894145
10.250102501025335	10.61463893810689
10.260102601026334	33.93921482474977
10.270102701027335	27.178260730811783
10.280102801028335	24.346821568334025
10.290102901029336	22.37604080653982
10.300103001030337	15.369594009053717
10.310103101031336	17.39121865246171
10.320103201032337	23.53576356624001
10.330103301033336	24.060648275153408
10.340103401034337	23.571183865681977
10.350103501035338	27.05089944373097
10.360103601036338	23.3834130685981
10.370103701037339	24.59316335939476
10.380103801038338	9.910541506388723
10.390103901039339	-0.6000198919975541
10.40010400104034	6.046354860693099
10.41010410104134	-1.2775167128943714
10.42010420104234	30.00707346228717
10.43010430104334	7.685822293113288
10.44010440104434	29.83423464566021
10.450104501045342	5.518210611164927
10.460104601046341	16.643754192335784
10.470104701047342	13.171304642681815
10.480104801048341	15.925149839400875
10.490104901049342	26.244798879956402
10.500105001050342	18.3221992332592
10.510105101051343	24.49436382952891
10.520105201052344	6.450221090691557
10.530105301053343	14.813666941600157
10.540105401054344	15.814654480321842
10.550105501055343	21.25162247521051
10.560105601056344	11.856061802067863
10.570105701057345	15.749629788628999
10.580105801058345	12.730376802845287
10.590105901059346	14.737162976001418
10.600106001060345	16.108034064231493
10.610106101061346	9.894841977743775
10.620106201062347	16.45519659949158
10.630106301063346	11.39815579049366
10.640106401064347	14.735378760971424
10.650106501065347	-0.14348139915359207
10.660106601066348	18.76428925247361
10.670106701067349	-36.807456529359854
10.680106801068348	-4.689695227339055
10.690106901069349	17.66844305315234
10.700107001070348	25.441065576070073
10.71010710107135	25.22500313313277
10.72010720107235	-24.488802791348228
10.73010730107335	23.1380193659027
10.74010740107435	20.418225813730604
10.75010750107535	23.418014744646253
10.760107601076351	27.608479138724903
10.770107701077352	25.460644101552006
10.780107801078351	11.47290532692392
10.790107901079352	24.237116532742125
10.800108001080352	27.13333464771986
10.810108101081353	23.460325422035226
10.820108201082354	36.952695730900906
10.830108301083353	38.45960907427213
10.840108401084354	36.45825496864259
10.850108501085353	26.2043342336155
10.860108601086354	11.073035004837095
10.870108701087355	5.27831558263208
10.880108801088355	35.00488534520511
10.890108901089356	17.058405550644682
10.900109001090355	31.472377576207116
10.910109101091356	14.428863201057432
10.920109201092357	3.4299425786092064
10.930109301093356	26.942836264553954
10.940109401094357	33.55773267915434
10.950109501095357	20.642449930024192
10.960109601096358	-0.8029651210242175
10.970109701097357	18.461242676471638
10.980109801098358	29.35942885462364
10.990109901099359	10.332839896130556
11.000110001100358	14.161001599666285
11.01011010110136	30.51256433760164
11.020110201102359	12.786374633450665
11.03011030110336	16.746233974861713
11.04011040110436	-4.301148481631132
11.05011050110536	17.177817005291658
11.060110601106361	-0.5256038730881251
11.07011070110736	7.8380973042476905
11.080110801108361	2.205597248828663
11.090110901109362	23.149507920647835
11.100111001110362	27.137866153289792
11.110111101111363	12.274879736283035
11.120111201112362	20.23660614685625
11.130111301113363	9.81859991800425
11.140111401114364	10.06998956398625
11.150111501115363	11.731601485726472
11.160111601116364	10.313998099015192
11.170111701117364	11.464760121767142
11.180111801118365	11.332943915237278
11.190111901119366	7.1917936907422675
11.200112001120365	9.66542014115638
11.210112101121366	17.6929965321596
11.220112201122365	23.79888010707725
11.230112301123366	17.910867030174764
11.240112401124367	5.879686694850245
11.250112501125367	6.9872146297210165
11.260112601126368	19.546827662168397
11.270112701127367	9.972891404405598
11.280112801128368	16.38353194331819
11.290112901129369	35.06434917264489
11.300113001130368	12.146617294152918
11.31011310113137	32.74243867277933
11.320113201132369	11.17129787077337
11.33011330113337	34.12660245538403
11.34011340113437	34.723390568199086
11.35011350113537	6.281271925691936
11.360113601136371	32.52046975870455
11.37011370113737	2.1834125632185475
11.380113801138371	21.81992983168083
11.390113901139372	11.518487053031295
11.400114001140372	24.714989602447474
11.410114101141373	1.9964859516996984
11.420114201142372	25.73304401201354
11.430114301143373	-18.011758899060144
11.440114401144372	26.982222502993032
11.450114501145373	28.414347927582963
11.460114601146374	30.549864388571706
11.470114701147374	28.603334620759593
11.480114801148375	18.002598630474388
11.490114901149374	14.013268377499895
11.500115001150375	22.85074057607749
11.510115101151376	34.423764086405356
11.520115201152375	26.569828383280395
11.530115301153376	24.499277346615365
11.540115401154376	10.212754107390507
11.550115501155377	-1.3067803654211125
11.560115601156378	21.4131517907401
11.570115701157377	30.08633425230342
11.580115801158378	-5.616305273052789
11.590115901159377	29.972878823932312
11.600116001160378	11.615309910482248
11.61011610116138	-0.2121522345041299
11.620116201162379	20.787997878564667
11.63011630116338	14.656057905237335
11.640116401164379	9.157236287637831
11.65011650116538	22.787227722694436
11.660116601166381	20.413602625891855
11.67011670116738	16.250118948859352
11.680116801168381	23.66665618645317
11.69011690116938	16.55789394911967
11.700117001170382	18.67730241287416
11.710117101171383	16.988288721532825
11.720117201172382	21.069480496984212
11.730117301173383	18.463624206730405
11.740117401174382	9.863323067544428
11.750117501175383	14.20565410733714
11.760117601176384	14.151083622938536
11.770117701177384	16.1900985929938
11.780117801178385	14.65672648549702
11.790117901179384	15.514038178719817
11.800118001180385	2.700790867209431
11.810118101181386	12.074040009540155
11.820118201182385	19.99704239443512
11.830118301183386	6.564496629963768
11.840118401184386	10.0173704884928
11.850118501185387	22.015211182637547
11.860118601186388	27.522153146930002
11.870118701187387	19.181196968052518
11.880118801188388	2.825551437660914
11.890118901189387	30.56806186684969
11.900119001190388	-4.377676137707287
11.910119101191388	26.398554290536968
11.920119201192389	16.202323741289263
11.93011930119339	34.620084327794146
11.940119401194389	-0.39906311427091357
11.95011950119539	25.087711294723537
11.96011960119639	33.37948940334828
11.97011970119739	22.047152616427415
11.980119801198391	32.42309588825153
11.99011990119939	40.653351463966054
12.000120001200392	21.080787973272088
12.010120101201391	12.490758909748445
12.020120201202392	29.576655830208352
12.030120301203393	19.28567415442489
12.040120401204392	19.664129343451588
12.050120501205393	28.26856180416907
12.060120601206393	35.93086358500387
12.070120701207394	-4.280844937665497
12.080120801208395	18.18392237484974
12.090120901209394	26.893918321377072
12.100121001210395	38.581480506841366
12.110121101211394	3.987009485239135
12.120121201212395	29.87204136875229
12.130121301213396	35.094068876885785
12.140121401214396	9.164922986224664
12.150121501215397	20.549087975285033
12.160121601216396	21.00849823634566
12.170121701217397	17.700822108313584
12.180121801218398	34.0606504562482
12.190121901219397	25.623782885955777
12.200122001220398	22.400586955013978
12.210122101221398	16.32332884556895
12.220122201222399	5.684368099507124
12.2301223012234	1.9368589050465759
12.240122401224399	18.748288134950926
12.2501225012254	22.061456985402867
12.2601226012264	18.63370800139923
12.2701227012274	18.232311355477197
12.280122801228401	19.599814525080095
12.2901229012294	29.441541051675653
12.300123001230402	9.419927947491026
12.310123101231401	12.920354676040002
12.320123201232402	8.760506959939656
12.330123301233403	10.646602478640562
12.340123401234402	13.184747162668272
12.350123501235403	13.052433443163718
12.360123601236403	13.355700410810694
12.370123701237404	16.335012803215193
12.380123801238403	15.176081306547708
12.390123901239404	3.1016651189938016
12.400124001240405	22.389534979723972
12.410124101241404	12.882677462575995
12.420124201242405	12.38630190542857
12.430124301243405	26.351024519218754
12.440124401244406	7.228554158880229
12.450124501245407	27.756116116586515
12.460124601246406	10.943580261871364
12.470124701247407	19.457731386414558
12.480124801248406	7.720332853794173
12.490124901249407	0.5785972721678561
12.500125001250408	7.86801891044712
12.510125101251408	10.416077080544133
12.520125201252409	28.763110376278078
12.530125301253408	-0.33620106159166746
12.540125401254409	33.333645313445814
12.55012550125541	11.11017466576704
12.56012560125641	23.40302540897816
12.57012570125741	14.41674188792668
12.58012580125841	20.020491112269816
12.59012590125941	21.285156504130356
12.600126001260412	12.283366753194706
12.610126101261411	42.366514846377484
12.620126201262412	36.52462559384817
12.630126301263411	24.279929666576663
12.640126401264412	10.390568700982577
12.650126501265413	35.6551458554161
12.660126601266413	28.627970713157037
12.670126701267414	12.277365779894614
12.680126801268413	20.571442959442827
12.690126901269414	26.471227039229092
12.700127001270415	20.338796904522177
12.710127101271414	39.51933653650515
12.720127201272415	8.290838057654078
12.730127301273415	21.82127773539855
12.740127401274416	41.85298366039836
12.750127501275417	24.45097384556417
12.760127601276416	28.557431763245138
12.770127701277417	24.84649617252069
12.780127801278416	8.661400721838547
12.790127901279417	-5.128823827459299
12.800128001280417	8.192435934555068
12.810128101281418	35.59468923488672
12.820128201282419	14.814862523809781
12.830128301283418	11.181296700239175
12.840128401284419	8.68631315660404
12.850128501285418	24.22187167623152
12.86012860128642	6.957582445394235
12.87012870128742	25.234323939445844
12.88012880128842	7.442757623590223
12.89012890128942	15.971792548021579
12.90012900129042	16.58850262525876
12.910129101291421	10.905172851136097
12.920129201292422	7.505480773724018
12.930129301293421	13.947115222582264
12.940129401294422	13.37336901595134
12.950129501295422	14.897347961436214
12.960129601296423	15.462329826650567
12.970129701297424	13.157198805301228
12.980129801298423	12.545076499805825
12.990129901299424	17.922123987362422
13.000130001300423	9.735307743389358
13.010130101301424	27.708581434393718
13.020130201302425	-7.065660925447586
13.030130301303425	16.498811210036905
13.040130401304426	14.606888019615665
13.050130501305425	18.28501659103202
13.060130601306426	28.085224385276984
13.070130701307427	21.473727625612046
13.080130801308426	14.91978808884647
13.090130901309427	14.451803924463162
13.100131001310427	26.22721468892395
13.110131101311428	-20.094229775888742
13.120131201312429	18.742504815912067
13.130131301313428	38.80556669434722
13.140131401314429	13.826710608624758
13.150131501315428	22.513457507543876
13.16013160131643	17.74804226949399
13.17013170131743	32.15984430070818
13.18013180131843	-6.703013862456236
13.19013190131943	28.696211735117558
13.20013200132043	-19.405697131126377
13.210132101321431	34.53350717284744
13.220132201322432	38.75355081777466
13.230132301323431	20.489850511946884
13.240132401324432	28.270662487617965
13.250132501325432	8.848041617919035
13.260132601326433	33.25737102139143
13.270132701327432	29.335087987521177
13.280132801328433	19.543811437265155
13.290132901329434	17.16442080912495
13.300133001330433	30.206620296112217
13.310133101331434	13.971793527922387
13.320133201332434	33.47184518829144
13.330133301333435	21.451144886061552
13.340133401334436	28.409154587404277
13.350133501335435	27.672205665470287
13.360133601336436	24.490444565964676
13.370133701337435	7.200137749230637
13.380133801338436	6.529859939623139
13.390133901339437	21.947193500505815
13.400134001340437	20.99715025303802
13.410134101341438	0.5705886408831363
13.420134201342437	25.419661292375054
13.430134301343438	6.096923651215469
13.440134401344439	15.049822030742861
13.450134501345438	21.25635899906495
13.46013460134644	18.9624369221637
13.470134701347439	14.817487013742827
13.48013480134844	1.7111474851479056
13.49013490134944	16.133507255031656
13.50013500135044	13.751756450586626
13.510135101351441	12.98662853436097
13.52013520135244	14.0302108203183
13.530135301353441	13.378382401165432
13.540135401354442	14.393043075007183
13.550135501355442	12.956333836335315
13.560135601356443	18.121697246369987
13.570135701357442	19.37325914448286
13.580135801358443	9.429061964079375
13.590135901359444	5.462456486938416
13.600136001360443	6.575824116963454
13.610136101361444	13.285988984711732
13.620136201362444	1.0946385757504384
13.630136301363445	21.687619768414383
13.640136401364446	11.100242696307062
13.650136501365445	19.209787470792357
13.660136601366446	14.414623862013519
13.670136701367445	-5.816484444937607
13.680136801368446	22.503867052633865
13.690136901369447	17.101532415236644
13.700137001370447	29.066320241028357
13.710137101371448	-5.559465605715372
13.720137201372447	32.02350253004046
13.730137301373448	22.91721203952056
13.740137401374447	24.47545780719827
13.750137501375448	33.35514061002029
13.76013760137645	4.438582138233955
13.770137701377449	20.527683637614214
13.78013780137845	32.79441891830349
13.790137901379449	32.92201873577104
13.80013800138045	15.940021125388526
13.810138101381451	27.56340696799615
13.82013820138245	27.535880380366194
13.830138301383451	19.605856990121207
13.84013840138445	-1.8424403264598672
13.850138501385452	17.21174016318185
13.860138601386453	23.83427823235518
13.870138701387452	28.421217342838688
13.880138801388453	15.259774730919071
13.890138901389452	28.21005904196498
13.900139001390453	21.330263787357502
13.910139101391454	22.507185032009392
13.920139201392454	37.42216175799314
13.930139301393455	8.904158748834513
13.940139401394454	33.42679087474435
13.950139501395455	22.737462222157298
13.960139601396456	18.668898268585327
13.970139701397455	20.397414007678773
13.980139801398456	22.001076542864052
13.990139901399456	17.49143741806477
14.000140001400457	33.35017618764148
14.010140101401458	-0.32997304041452125
14.020140201402457	26.517853266477328
14.030140301403458	17.763546712827683
14.040140401404457	23.955944157631063
14.050140501405458	10.038013600303042
14.06014060140646	19.738478284208473
14.070140701407459	15.325105314823148
14.08014080140846	19.43588376970743
14.090140901409459	13.617983657151802
14.10014100141046	11.903188459475924
14.110141101411461	13.226121800433424
14.12014120141246	13.739181388097336
14.130141301413461	14.450624175531281
14.14014140141446	14.503724939853488
14.150141501415462	13.25588461335685
14.160141601416463	16.90941522165532
14.170141701417462	-6.276733401493151
14.180141801418463	12.042008138460375
14.190141901419462	6.481725298836376
14.200142001420463	28.496057878281885
14.210142101421463	24.359026533818714
14.220142201422464	33.29252803532771
14.230142301423465	18.239250011635093
14.240142401424464	32.6984623051456
14.250142501425465	31.786304387294965
14.260142601426464	-7.0289735190647535
14.270142701427465	17.44704065063902
14.280142801428466	11.722819616340258
14.290142901429466	18.885305129293425
14.300143001430467	-12.53107637616458
14.310143101431466	10.54859496861907
14.320143201432467	26.98222601857749
14.330143301433468	29.661783062454415
14.340143401434467	27.961207559766084
14.350143501435468	23.017219096917923
14.360143601436468	31.04494960092601
14.370143701437469	8.305906866565422
14.38014380143847	-1.9765580542813381
14.390143901439469	37.27120510288721
14.40014400144047	33.45915626323237
14.41014410144147	16.469161635353192
14.42014420144247	6.250127604989479
14.430144301443471	6.90041681126929
14.44014440144447	13.346944439420199
14.450144501445472	41.23107660121988
14.460144601446471	10.004848178042177
14.470144701447472	23.334256962505805
14.480144801448473	20.161410633211016
14.490144901449472	16.394610430973746
14.500145001450473	28.135733611604024
14.510145101451473	3.17672342351599
14.520145201452474	30.9224677469493
14.530145301453475	-0.7668506063001072
14.540145401454474	30.85810862443741
14.550145501455475	15.415801571505918
14.560145601456474	23.574633291099047
14.570145701457475	26.715347579445066
14.580145801458476	10.987378073084344
14.590145901459476	25.18778433642179
14.600146001460477	6.59135753862264
14.610146101461476	16.71791082350259
14.620146201462477	21.149293096467087
14.630146301463478	24.20739223039158
14.640146401464477	-33.42830188748925
14.650146501465478	10.92334274245381
14.660146601466478	16.551269516683675
14.670146701467479	16.033417531773893
14.680146801468478	12.349944574589172
14.690146901469479	13.053150925260677
14.70014700147048	12.572110931802019
14.71014710147148	13.039095040600673
14.72014720147248	8.841559444658438
14.73014730147348	11.86735284814702
14.74014740147448	14.969022343299828
14.750147501475482	-0.3310069529377184
14.760147601476481	17.207848707024244
14.770147701477482	5.422883467968424
14.780147801478481	16.794855190220137
14.790147901479482	25.577873485392246
14.800148001480483	18.295784131206734
14.810148101481483	-4.063429724098182
14.820148201482484	4.489068993893986
14.830148301483483	8.818522393425225
14.840148401484484	23.034801894655683
14.850148501485485	9.058494589435604
14.860148601486484	16.584253749366013
14.870148701487485	15.418832368272357
14.880148801488485	31.31727642352234
14.890148901489486	18.740277648450608
14.900149001490487	28.75641849321214
14.910149101491486	22.17500772553017
14.920149201492487	8.467978426268077
14.930149301493486	4.177691889794613
14.940149401494487	27.312569506562124
14.950149501495488	33.95286531772684
14.960149601496488	19.283701196839562
14.970149701497489	37.19896549645583
14.980149801498488	13.40481129163553
14.990149901499489	39.55184987181886
