0.0	nan
0.010000100001000326	9.122344010244543
0.020000200002000652	5.502860623179402
0.03000030000300098	-5.249085094232267
0.040000400004001305	-13.47362226779379
0.05000050000500163	-4.918429608020129
0.06000060000600196	-6.164541445301402
0.07000070000700229	-9.328774771303745
0.08000080000800261	0.9406826737914216
0.09000090000900293	1.1310433441077425
0.10000100001000325	-2.6635802464926663
0.11000110001100359	-1.5970135037056075
0.12000120001200391	0.1737384186334473
0.13000130001300425	2.66100771152813
0.14000140001400457	0.5886700730560448
0.1500015000150049	2.459781584515041
0.16000160001600522	4.240023582683135
0.17000170001700554	2.4881475550419165
0.18000180001800586	3.5719601001328822
0.1900019000190062	5.8966962626808925
0.2000020000200065	2.3785233222754902
0.21000210002100686	5.609294622637207
0.22000220002200718	2.448426148293141
0.2300023000230075	2.6218498849278298
0.24000240002400783	2.87350333180038
0.2500025000250082	1.2380161714073832
0.2600026000260085	3.735716788227357
0.2700027000270088	2.561776835629727
0.28000280002800915	2.514878304788354
0.29000290002900947	4.079554555621088
0.3000030000300098	2.3157132916907477
0.3100031000310101	3.211291485842319
0.32000320003201044	5.427207862425306
0.33000330003301076	4.608154803505327
0.3400034000340111	4.930581283567383
0.3500035000350114	4.049669734415592
0.36000360003601173	6.187057286983402
0.37000370003701205	5.556271828622496
0.3800038000380124	5.9675686051198005
0.3900039000390127	4.9694721181838615
0.400004000040013	5.812044571595354
0.4100041000410134	6.0661025058043645
0.4200042000420137	6.846027444265598
0.43000430004301404	6.476375601076586
0.44000440004401437	6.148725602334316
0.4500045000450147	7.585520391549105
0.460004600046015	7.43450350766521
0.47000470004701533	6.6194521776574
0.48000480004801566	7.110609795358487
0.490004900049016	7.299572452533089
0.5000050000500164	6.740139762076215
0.5100051000510166	6.960314888895924
0.520005200052017	7.52244390907515
0.5300053000530173	7.305379098919042
0.5400054000540176	6.142908070582798
0.5500055000550179	7.577211789255925
0.5600056000560183	6.145905698472884
0.5700057000570186	7.185630315854155
0.5800058000580189	7.876046349786718
0.5900059000590192	8.456179681513762
0.6000060000600196	8.212187689425075
0.6100061000610199	8.280355586514323
0.6200062000620202	8.986041000775314
0.6300063000630205	9.744479769681977
0.6400064000640209	9.871600113276735
0.6500065000650213	10.623126612055295
0.6600066000660215	11.364136194705145
0.6700067000670219	11.359568707678491
0.6800068000680222	12.397285984374513
0.6900069000690225	12.61702979850482
0.7000070000700228	12.988340251158174
0.7100071000710232	13.239857174663838
0.7200072000720235	13.885383668858076
0.7300073000730238	14.149245649365032
0.7400074000740241	13.784072990377785
0.7500075000750245	13.454134146071677
0.7600076000760247	15.276804258753403
0.7700077000770251	15.218686653843067
0.7800078000780254	16.09745954008155
0.7900079000790258	16.677799255470592
0.800008000080026	17.28357575081201
0.8100081000810264	17.25087933726052
0.8200082000820268	17.83558135725993
0.8300083000830271	18.18769590565518
0.8400084000840274	18.2578883316236
0.8500085000850277	18.706098088955446
0.8600086000860281	19.433556122740303
0.8700087000870284	19.66361612115128
0.8800088000880287	20.137265618934414
0.890008900089029	21.308643636266964
0.9000090000900294	21.581112329266663
0.9100091000910296	22.01738818848507
0.92000920009203	23.042594066726334
0.9300093000930303	23.52816212332841
0.9400094000940307	24.057593772790703
0.9500095000950309	24.48740068207043
0.9600096000960313	25.121202952747172
0.9700097000970317	25.448721593234588
0.980009800098032	25.999956861789702
0.9900099000990323	25.443077211905198
1.0000100001000327	27.87435953414256
1.0100101001010329	28.243632605896025
1.0200102001020332	25.914790737750536
1.0300103001030336	29.618743332535264
1.040010400104034	30.00577951812459
1.0500105001050342	31.524223920097434
1.0600106001060345	30.80185986414257
1.070010700107035	31.68415640695726
1.0800108001080353	32.15189191264349
1.0900109001090355	33.221853309863235
1.1000110001100358	20.803824716103062
1.1100111001110362	32.50548824195547
1.1200112001120366	36.090553440514036
1.130011300113037	36.58444429977369
1.1400114001140371	36.26470419176403
1.1500115001150375	37.124968694444746
1.1600116001160379	33.1530055769575
1.1700117001170383	37.68107833594489
1.1800118001180384	38.509996247900645
1.1900119001190388	39.141413151749724
1.2000120001200392	39.535728628876946
1.2100121001210395	36.935868560350535
1.2200122001220397	41.71590873609576
1.23001230012304	39.65692536214342
1.2400124001240405	42.59277850111674
1.2500125001250408	44.697539119620714
1.260012600126041	45.15398038717613
1.2700127001270414	47.11441917214209
1.2800128001280418	47.57312200192337
1.2900129001290421	49.61141060367328
1.3000130001300425	49.6624362631162
1.3100131001310427	52.6865099988517
1.320013200132043	53.221285587926715
1.3300133001330434	52.59989488056822
1.3400134001340438	54.259351616879805
1.350013500135044	55.41780246858869
1.3600136001360443	55.04804979403821
1.3700137001370447	55.10280561856893
1.380013800138045	56.41249136977083
1.3900139001390452	56.83599745913705
1.4000140001400456	61.27721458837556
1.410014100141046	50.2989808514947
1.4200142001420464	61.99184448850583
1.4300143001430465	63.38098675597992
1.440014400144047	64.98496503662311
1.4500145001450473	64.8071207790426
1.4600146001460477	66.92880345754087
1.470014700147048	67.6376292014098
1.4800148001480482	69.37770072801551
1.4900149001490486	73.98948528690129
1.500015000150049	74.51371370826635
1.5100151001510493	75.80662480867115
1.5200152001520495	75.17932493984691
1.5300153001530499	75.51912128944598
1.5400154001540503	76.25142219463076
1.5500155001550506	82.51406273658047
1.5600156001560508	83.78516708764016
1.5700157001570512	85.7232117065742
1.5800158001580515	85.39470379043229
1.590015900159052	91.67845196628323
1.600016000160052	91.17749872980929
1.6100161001610525	92.02845822186985
1.6200162001620528	99.09205683581843
1.6300163001630532	119.55900286864063
1.6400164001640536	99.4297978154248
1.6500165001650537	89.53585121126778
1.6600166001660541	50.88453140779387
1.6700167001670545	35.61735305937548
1.6800168001680549	85.73965553357773
1.690016900169055	102.30556971116908
1.7000170001700554	112.81008199687227
1.7100171001710558	107.48939566559984
1.7200172001720562	64.64351647955613
1.7300173001730563	108.09167948756809
1.7400174001740567	107.29201969597896
1.750017500175057	112.47557416133647
1.7600176001760575	100.21922928594702
1.7700177001770578	98.42745666356105
1.780017800178058	100.46775639564258
1.7900179001790584	95.80914162419236
1.8000180001800588	88.50122929332863
1.8100181001810591	88.27794882974393
1.8200182001820593	98.53994236936171
1.8300183001830597	86.74704459829907
1.84001840018406	82.27130842707949
1.8500185001850604	88.15619818870324
1.8600186001860606	100.83983187314313
1.870018700187061	86.26004760016492
1.8800188001880613	85.40463575408661
1.8900189001890617	88.24373572727731
1.9000190001900619	81.76504409841856
1.9100191001910622	86.38105585748418
1.9200192001920626	115.04798858880524
1.930019300193063	98.63210809892429
1.9400194001940634	119.79968710785556
1.9500195001950635	86.37706414120775
1.960019600196064	98.1311783979408
1.9700197001970643	115.16809372255906
1.9800198001980647	97.39374982897864
1.9900199001990648	84.71695947237595
2.0000200002000654	85.25096045529686
2.0100201002010656	124.97168169061626
2.0200202002020657	76.17708711107605
2.0300203002030663	93.28772135347205
2.0400204002040665	85.17011024426465
2.0500205002050667	90.83268332906239
2.0600206002060673	83.16151302127064
2.0700207002070674	82.9427578317707
2.080020800208068	71.2838920502689
2.090020900209068	68.06145908103242
2.1000210002100683	80.61280851209946
2.110021100211069	86.83045072798282
2.120021200212069	78.44818418757937
2.1300213002130697	71.28409488595945
2.14002140021407	96.91556057023058
2.15002150021507	74.98631902247408
2.1600216002160706	76.1308095505274
2.1700217002170707	60.80250130172309
2.180021800218071	76.94784024924058
2.1900219002190715	81.37133584986084
2.2000220002200717	59.74463597142436
2.2100221002210723	74.64059764464776
2.2200222002220724	76.48153701829094
2.2300223002230726	75.29216113244948
2.240022400224073	74.72654116799394
2.2500225002250733	62.227854609970144
2.260022600226074	42.93238389422932
2.270022700227074	31.398249141172823
2.2800228002280742	28.144364492114324
2.290022900229075	45.95271238255141
2.300023000230075	53.7891188540504
2.310023100231075	60.570074101698694
2.3200232002320758	62.35629469944939
2.330023300233076	80.64679832665534
2.3400234002340765	68.67682196365205
2.3500235002350767	56.76471193193696
2.360023600236077	96.84025217475542
2.3700237002370774	63.731922043111
2.3800238002380776	68.39748191947922
2.3900239002390777	71.45660892886555
2.4000240002400783	43.549855082858464
2.4100241002410785	78.59366048788964
2.420024200242079	106.78063995413748
2.4300243002430792	55.08356978595458
2.4400244002440794	61.86365857989795
2.45002450024508	77.6758716354577
2.46002460024608	69.08668899597488
2.4700247002470808	67.98976824548194
2.480024800248081	98.07557007003268
2.490024900249081	71.61236841896275
2.5000250002500817	114.92104769709937
2.510025100251082	68.78337400249478
2.520025200252082	73.53580415026406
2.5300253002530826	71.47502162752943
2.5400254002540827	88.60685078329269
2.5500255002550833	74.29947066801597
2.5600256002560835	79.54613482501738
2.5700257002570837	93.3335403045493
2.5800258002580843	78.58147502647647
2.5900259002590844	104.76187909975803
2.600026000260085	82.66352679379312
2.610026100261085	83.60832543761697
2.6200262002620853	70.90077981505112
2.630026300263086	54.80090019991985
2.640026400264086	44.91645304450056
2.6500265002650862	61.58440237514599
2.660026600266087	67.19181616205414
2.670026700267087	75.99277988294268
2.6800268002680876	75.2121577485017
2.6900269002690878	72.22220255288147
2.700027000270088	80.91668942939853
2.7100271002710885	78.15151998153716
2.7200272002720887	85.18014133136921
2.7300273002730893	76.95775803420767
2.7400274002740894	73.46159581741651
2.7500275002750896	82.38391317001548
2.76002760027609	78.76073978358761
2.7700277002770903	41.99982492920897
2.7800278002780905	45.38086612200424
2.790027900279091	40.27561687505892
2.8000280002800912	47.53865114207948
2.810028100281092	63.63192659824604
2.820028200282092	63.238232561154476
2.830028300283092	58.74824883087664
2.8400284002840928	28.852503902042205
2.850028500285093	53.818406761872865
2.860028600286093	56.254250305195654
2.8700287002870937	45.43368619752579
2.880028800288094	40.516873904039215
2.8900289002890944	44.542648430515875
2.9000290002900946	39.271844276620094
2.9100291002910947	30.942459206422797
2.9200292002920953	30.756531345479818
2.9300293002930955	48.604037223479395
2.940029400294096	89.44103510008875
2.9500295002950963	42.84658363860513
2.9600296002960964	52.88585815669954
2.970029700297097	54.373506931494724
2.980029800298097	61.26311562728267
2.9900299002990973	46.97923495719647
3.000030000300098	55.08227652534827
3.010030100301098	49.8891209663233
3.0200302003020987	47.16966738171282
3.030030300303099	60.83163264821369
3.040030400304099	49.14356689461706
3.0500305003050996	60.29033737337403
3.0600306003060997	65.81180635559961
3.0700307003071003	54.127229935093574
3.0800308003081005	44.81593188734842
3.0900309003091007	19.534695731881147
3.1000310003101013	33.0822297073865
3.1100311003111014	36.50653832517825
3.1200312003121016	54.548025050352535
3.130031300313102	14.538316533621378
3.1400314003141023	89.3531558009597
3.150031500315103	30.47306570481476
3.160031600316103	47.49073213568192
3.1700317003171032	36.90138979610162
3.180031800318104	56.16834301970584
3.190031900319104	50.13132135293414
3.200032000320104	54.36075493922972
3.2100321003211048	59.14844803888985
3.220032200322105	53.87149412763024
3.2300323003231055	56.72581920005073
3.2400324003241057	64.4618548147007
3.250032500325106	51.88263639260697
3.2600326003261064	39.119930851694114
3.2700327003271066	61.766426024576056
3.280032800328107	51.415365802919915
3.2900329003291073	34.37692104841256
3.3000330003301075	61.82958399366778
3.310033100331108	85.595230444024
3.3200332003321082	46.10993028156292
3.3300333003331084	29.919610524489563
3.340033400334109	44.36679379799439
3.350033500335109	61.141098741034504
3.3600336003361098	51.59769177090812
3.37003370033711	45.00706763867373
3.38003380033811	58.766782580562534
3.3900339003391107	39.0724938035614
3.400034000340111	48.45378987884344
3.4100341003411114	51.23116279243098
3.4200342003421116	18.43577801826157
3.4300343003431117	36.62221496709048
3.4400344003441123	48.89399361308956
3.4500345003451125	36.65959046683959
3.4600346003461127	29.152699740450302
3.4700347003471133	24.911134942484654
3.4800348003481134	32.13674091618798
3.490034900349114	25.76594643487194
3.500035000350114	35.245889994453535
3.5100351003511143	43.66736807463998
3.520035200352115	43.76935114248528
3.530035300353115	36.97663327014827
3.5400354003541157	13.409273641829726
3.550035500355116	62.523775310923206
3.560035600356116	49.10576536916687
3.5700357003571166	51.88877485076827
3.5800358003581167	44.759197310670906
3.590035900359117	52.93298564549198
3.6000360003601175	45.477710053033306
3.6100361003611177	51.87203559508859
3.6200362003621183	53.15777829511643
3.6300363003631184	49.95064211040178
3.6400364003641186	61.217517313488635
3.650036500365119	38.28507658752264
3.6600366003661193	47.03464030440348
3.6700367003671195	23.945546485481106
3.68003680036812	43.70434886867782
3.6900369003691202	52.835732434791126
3.700037000370121	61.40318831961856
3.710037100371121	71.47413618279738
3.720037200372121	70.49378143537068
3.7300373003731218	29.768019360695373
3.740037400374122	77.51407046419214
3.7500375003751225	78.14461196736411
3.7600376003761227	70.16825317200106
3.770037700377123	62.93405356932151
3.7800378003781234	71.490418359838
3.7900379003791236	71.72768643608423
3.8000380003801237	53.87417296767345
3.8100381003811243	63.56529202137014
3.8200382003821245	12.652545226600003
3.830038300383125	79.60727778980427
3.8400384003841253	49.62426569437596
3.8500385003851254	73.7126578394006
3.860038600386126	68.14088984883637
3.870038700387126	64.43848433272223
3.8800388003881268	47.198864964539645
3.890038900389127	66.9714209883586
3.900039000390127	56.865212604067075
3.9100391003911277	59.881556651374005
3.920039200392128	60.45627299829923
3.930039300393128	68.24914777962212
3.9400394003941286	57.2879413067969
3.9500395003951287	63.92362563004831
3.9600396003961293	48.391750764398495
3.9700397003971295	41.95788505011163
3.9800398003981297	52.13363287843242
3.9900399003991303	45.77387818585955
4.000040000400131	46.122786711887706
4.010040100401131	45.78508067867811
4.020040200402131	15.311707294738431
4.030040300403131	41.920115564069526
4.0400404004041315	63.87086021315602
4.0500405004051325	57.684268307528136
4.060040600406133	44.76438155953475
4.070040700407133	47.4160499158718
4.080040800408133	48.659491534131796
4.090040900409133	40.80404856019569
4.100041000410133	44.13282193156561
4.110041100411134	52.01725092250795
4.1200412004121345	71.76489731559217
4.130041300413135	33.704272072294046
4.140041400414135	50.8830718273645
4.150041500415135	66.00193509130646
4.160041600416136	64.73538474677957
4.170041700417136	45.220098508876845
4.180041800418136	57.64757101186503
4.1900419004191365	58.29564886934099
4.200042000420137	59.580450517973894
4.210042100421138	37.977586627187655
4.220042200422138	4.458107495588304
4.230042300423138	78.83918535313026
4.240042400424138	46.840813411710506
4.250042500425138	38.265308238386396
4.260042600426139	38.96738827376564
4.2700427004271395	31.741800232681843
4.28004280042814	44.040724856114565
4.29004290042914	23.844692636705712
4.30004300043014	42.45192267995322
4.31004310043114	64.1009381078973
4.320043200432141	40.987325939504494
4.330043300433141	46.28522477350796
4.3400434004341415	59.84113986920367
4.350043500435142	49.850119449435915
4.360043600436142	78.77372568379981
4.370043700437143	52.02817897224441
4.380043800438143	85.50807441450102
4.390043900439143	50.27147657412759
4.400044000440143	64.15447888582999
4.4100441004411435	62.241612360938454
4.4200442004421445	52.05212389168412
4.430044300443145	48.962167880241324
4.440044400444145	63.0741598256674
4.450044500445145	80.2260993072326
4.460044600446145	41.96961604450675
4.470044700447146	56.79790789097823
4.480044800448146	33.30687104237709
4.4900449004491465	34.22049693572337
4.500045000450147	53.56871577413289
4.510045100451147	52.4950705427017
4.520045200452148	54.13172046089028
4.530045300453148	27.363884813005903
4.540045400454148	49.413633642355
4.550045500455148	24.623417678757306
4.5600456004561485	60.37392356643416
4.570045700457149	15.847959954024509
4.58004580045815	40.73807238608292
4.59004590045915	55.561541712843265
4.60004600046015	28.000396524555008
4.61004610046115	36.347764175199806
4.62004620046215	31.207762916615852
4.630046300463151	44.2117691291896
4.6400464004641515	43.64219618180446
4.650046500465152	38.98168116627264
4.660046600466152	35.55230488588867
4.670046700467152	36.13720602393767
4.680046800468153	35.676984278750986
4.690046900469153	35.312320806097844
4.700047000470153	40.58424229867496
4.7100471004711535	40.36377549646306
4.720047200472154	43.63117517656461
4.730047300473155	35.79667988493723
4.740047400474155	37.88016501503285
4.750047500475155	36.042138355153384
4.760047600476155	46.017032581814135
4.770047700477155	49.589593974242426
4.7800478004781555	43.894624991187655
4.7900479004791565	47.967568982481346
4.800048000480157	49.37570868237928
4.810048100481157	41.94608500316539
4.820048200482157	43.091719706325776
4.830048300483157	23.839558404229596
4.840048400484158	59.45831184433187
4.850048500485158	46.14176522201192
4.8600486004861585	26.31650864779176
4.870048700487159	65.16955205882125
4.880048800488159	42.48529035685558
4.89004890048916	41.37620183444807
4.90004900049016	35.90970357685532
4.91004910049116	52.58163837992694
4.92004920049216	37.856007316898335
4.9300493004931605	39.56070602756116
4.9400494004941615	61.858507772885055
4.950049500495162	56.48927774753594
4.960049600496162	36.75181015069001
4.970049700497162	50.11883583447784
4.980049800498162	29.33040404419504
4.990049900499163	64.30305721412812
5.000050000500163	62.24612354666396
5.0100501005011635	55.49185389862229
5.020050200502164	61.50789952376495
5.030050300503164	80.11060089902053
5.040050400504164	66.58963664842425
5.050050500505165	42.75029322970811
5.060050600506165	70.74378834540482
5.070050700507165	29.133436940221383
5.0800508005081655	58.925354929928744
5.090050900509166	61.657541708575664
5.100051000510167	44.62923730395699
5.110051100511167	72.37465135446283
5.120051200512167	41.58188258743477
5.130051300513167	61.202125069670366
5.140051400514167	67.39433347200863
5.150051500515168	34.296575893703185
5.1600516005161685	29.649720499186742
5.170051700517169	49.71006494485414
5.180051800518169	62.057663209248304
5.190051900519169	44.50233332856776
5.20005200052017	55.370267116509844
5.21005210052117	31.36132419717457
5.22005220052217	57.40189478900752
5.2300523005231705	57.86622896818321
5.240052400524171	55.874772404598374
5.250052500525171	55.2953094909325
5.260052600526172	54.36957045486216
5.270052700527172	54.071658645225654
5.280052800528172	53.682570128713216
5.290052900529172	39.69236451952143
5.3000530005301725	58.54994595447754
5.3100531005311735	52.31223857571098
5.320053200532174	60.56183078904334
5.330053300533174	58.84091786790925
5.340053400534174	66.81548855758909
5.350053500535174	66.03536522494275
5.360053600536175	45.81445478429841
5.370053700537175	53.608792791095134
5.3800538005381755	48.19807667369488
5.390053900539176	56.19097222753708
5.400054000540176	66.11316162465845
5.410054100541177	63.73761615914953
5.420054200542177	60.55000350098187
5.430054300543177	53.06770235969773
5.440054400544177	49.06518707466517
5.4500545005451775	78.14392546381256
5.4600546005461785	70.12956052959406
5.470054700547179	48.00284858411109
5.480054800548179	73.3144814129161
5.490054900549179	65.1680660385755
5.500055000550179	58.29185743908418
5.510055100551179	51.17395406820862
5.52005520055218	77.5794294870275
5.5300553005531805	63.68879746569005
5.540055400554181	40.813014782448356
5.550055500555181	54.405820979172404
5.560055600556181	55.359462914554825
5.570055700557182	41.66957965064186
5.580055800558182	54.73395935193609
5.590055900559182	60.8695651005706
5.6000560005601825	49.0730585532924
5.610056100561183	65.09103836871046
5.620056200562184	54.78139601425336
5.630056300563184	63.76876154283861
5.640056400564184	75.39608691160647
5.650056500565184	31.027719375442317
5.660056600566184	63.97023023870918
5.670056700567185	54.43261989414645
5.6800568005681855	60.65645936591377
5.690056900569186	50.350921056573114
5.700057000570186	42.76842960863563
5.710057100571186	51.728906590525625
5.720057200572186	62.7420837742059
5.730057300573187	49.465064586603404
5.740057400574187	48.35856942796008
5.7500575005751875	53.46456305156085
5.760057600576188	48.724783432106854
5.770057700577188	33.471614925261555
5.780057800578189	34.151762276194894
5.790057900579189	45.67396330804903
5.800058000580189	51.93392766405212
5.810058100581189	33.47280252889701
5.8200582005821895	23.72134959473419
5.8300583005831905	39.61922088941777
5.840058400584191	43.38006140207941
5.850058500585191	41.269703275694745
5.860058600586191	40.364300348328406
5.870058700587191	41.708742788577254
5.880058800588192	43.0666938186834
5.890058900589192	44.38828693949081
5.9000590005901925	42.50845256371391
5.910059100591193	30.220914708615318
5.920059200592193	52.55344629196512
5.930059300593194	34.55661698208833
5.940059400594194	28.358626026607944
5.950059500595194	49.60808479499593
5.960059600596194	56.55956800016458
5.9700597005971945	35.93278153105478
5.980059800598195	41.4866045444987
5.990059900599196	52.42967386412087
6.000060000600196	34.75557662610004
6.010060100601196	76.36609085550518
6.020060200602196	49.03780059888523
6.030060300603196	59.851602443716764
6.040060400604197	43.91443754125218
6.0500605006051975	70.04900817298719
6.060060600606198	51.6976859995558
6.070060700607198	57.160064791809276
6.080060800608198	33.22416265787071
6.090060900609199	14.947166531427985
6.100061000610199	41.8769456463595
6.110061100611199	60.349514281134475
6.1200612006121995	49.607044580118576
6.1300613006132	41.39439348573522
6.140061400614201	61.383698497686645
6.150061500615201	43.385960483492056
6.160061600616201	86.54557474381153
6.170061700617201	49.50574333119834
6.180061800618201	49.694877100068716
6.1900619006192015	73.4570423891178
6.2000620006202025	56.83675561700512
6.210062100621203	52.54534139547558
6.220062200622203	61.17204444741333
6.230062300623203	40.50667624613237
6.240062400624203	72.80942740176333
6.250062500625204	50.980782514498955
6.260062600626204	45.620242682050325
6.2700627006272045	57.66431135517021
6.280062800628205	61.72587662033214
6.290062900629205	60.57694527505585
6.300063000630206	38.525202862371295
6.310063100631206	54.434698148904694
6.320063200632206	37.65015459743679
6.330063300633206	57.38924087861863
6.3400634006342065	69.73501390328057
6.3500635006352075	70.77878785922276
6.360063600636208	56.98536820624771
6.370063700637208	63.9017189331183
6.380063800638208	39.37002826230309
6.390063900639208	42.22441195122058
6.400064000640208	55.333245879664865
6.410064100641209	51.53782782346685
6.4200642006422095	50.61889129499806
6.43006430064321	54.11356815515922
6.44006440064421	53.66081678394892
6.45006450064521	54.82045871273362
6.460064600646211	54.125406920272994
6.470064700647211	51.68048450435652
6.480064800648211	60.80276861259795
6.4900649006492115	53.04655361778936
6.500065000650212	44.209202486666406
6.510065100651213	71.50321040900283
6.520065200652213	59.175846978097226
6.530065300653213	62.20091688866916
6.540065400654213	63.13221317867238
6.550065500655213	69.82635960468166
6.560065600656214	63.32868285154618
6.5700657006572145	47.94943860029272
6.580065800658215	38.7189053633954
6.590065900659215	61.75407483809123
6.600066000660215	77.45557766389472
6.610066100661216	66.50086182544199
6.620066200662216	60.988631404879
6.630066300663216	53.22117254411936
6.6400664006642165	69.67198895909279
6.650066500665217	27.16575736420633
6.660066600666217	74.73992715169278
6.670066700667218	56.82944240827194
6.680066800668218	77.58997728285748
6.690066900669218	64.06174274406114
6.700067000670218	65.08776016159113
6.7100671006712185	37.55658300851237
6.7200672006722195	65.96416056184441
6.73006730067322	48.45177669821149
6.74006740067422	64.5403373380012
6.75006750067522	34.98724610043459
6.76006760067622	69.43905016757044
6.770067700677221	74.13339086493075
6.780067800678221	65.03209797091611
6.7900679006792215	72.53705326020376
6.800068000680222	43.1602000052182
6.810068100681222	61.64243200949596
6.820068200682223	44.46210844516306
6.830068300683223	52.71062341704549
6.840068400684223	64.14336582423562
6.850068500685223	45.64245581243123
6.8600686006862235	46.34733758224701
6.870068700687224	49.06861666333429
6.880068800688225	49.443864540754305
6.890068900689225	30.411960297216705
6.900069000690225	43.59099464623381
6.910069100691225	69.03110231797552
6.920069200692225	57.74648659184546
6.930069300693226	48.316053679904364
6.9400694006942265	47.99062645920851
6.950069500695227	43.85859155607209
6.960069600696227	41.86557266190309
6.970069700697227	52.194204877967834
6.980069800698228	43.45790004959902
6.990069900699228	43.69424631110976
7.000070000700228	43.83018126535297
7.0100701007012285	45.38328273131145
7.020070200702229	43.086557531402796
7.03007030070323	45.06381707781383
7.04007040070423	44.1218346834903
7.05007050070523	44.280429963073765
7.06007060070623	50.568210039227196
7.07007070070723	40.11359278818987
7.080070800708231	53.89859814698375
7.0900709007092315	34.55708661581274
7.100071000710232	33.28375355096177
7.110071100711232	17.043293126316556
7.120071200712232	38.226328844626124
7.130071300713232	42.43671283032147
7.140071400714233	33.998583729592944
7.150071500715233	50.635823473330866
7.1600716007162335	51.561049191272424
7.170071700717234	47.7516219159677
7.180071800718234	60.160223357741096
7.190071900719235	61.30490485202604
7.200072000720235	51.46262929063512
7.210072100721235	71.1054885471344
7.220072200722235	75.40961455658578
7.2300723007232355	67.90899323468369
7.2400724007242365	41.610205166627786
7.250072500725237	51.48031187858538
7.260072600726237	43.114780412242006
7.270072700727237	63.851213582391686
7.280072800728237	31.544282710960886
7.290072900729238	54.994181933798956
7.300073000730238	25.403751202840976
7.3100731007312385	47.25238124914556
7.320073200732239	73.80598750247971
7.330073300733239	51.52661557200403
7.340073400734239	58.411986795087834
7.35007350073524	70.4337290755068
7.36007360073624	86.2263731821974
7.37007370073724	47.913547863909955
7.3800738007382405	50.90373118943002
7.390073900739241	56.721786570797605
7.400074000740242	79.25666383678838
7.410074100741242	85.98968531092869
7.420074200742242	40.80816334122324
7.430074300743242	55.74532935384046
7.440074400744242	58.427117301618466
7.450074500745243	48.04321347164904
7.4600746007462435	64.41908470032226
7.470074700747244	50.47273010328557
7.480074800748244	57.80737553701702
7.490074900749244	66.25368805277517
7.500075000750245	66.4467709101481
7.510075100751245	62.82867890170673
7.520075200752245	39.30639921986922
7.5300753007532455	40.118284233740134
7.540075400754246	55.234049870228894
7.550075500755247	43.58977638872039
7.560075600756247	70.92133899314572
7.570075700757247	50.0366824051839
7.580075800758247	57.81732662951682
7.590075900759247	61.491492943055
7.6000760007602475	53.98768268228201
7.6100761007612485	60.114536949210176
7.620076200762249	58.2157090467478
7.630076300763249	57.694946316945355
7.640076400764249	57.73667584278756
7.650076500765249	57.602058943684455
7.66007660076625	63.58166442531735
7.67007670076725	62.950134663757474
7.6800768007682505	51.37327298504493
7.690076900769251	66.5289613977671
7.700077000770251	48.47053467546804
7.710077100771252	48.94593664758234
7.720077200772252	64.35098768081356
7.730077300773252	65.99615423748871
7.740077400774252	69.30366780677139
7.7500775007752525	70.89568005246934
7.7600776007762535	74.5617193176568
7.770077700777254	77.23908344793905
7.780077800778254	33.81640475231127
7.790077900779254	49.81311667207228
7.800078000780254	72.58512196999412
7.810078100781254	71.27805450597532
7.820078200782255	72.21477173281332
7.8300783007832555	51.62159810238554
7.840078400784256	56.24943831189922
7.850078500785256	76.80686159712297
7.860078600786256	46.76723922846632
7.870078700787257	63.37309032218738
7.880078800788257	64.12005656182829
7.890078900789257	58.86759748896353
7.9000790007902575	55.54988510237019
7.910079100791258	68.10435147398424
7.920079200792259	78.05152803065474
7.930079300793259	54.001000977180304
7.940079400794259	57.566264880285026
7.950079500795259	50.19140438695836
7.960079600796259	13.38625697526771
7.97007970079726	72.89845050275082
7.9800798007982605	74.94036405573769
7.990079900799261	59.85546234824909
8.000080000800262	81.463580377154
8.010080100801261	49.13815430204083
8.020080200802262	32.05562436484074
8.030080300803261	45.85562985525204
8.040080400804262	43.5227686467339
8.050080500805263	69.98556366585902
8.060080600806263	79.55227655740173
8.070080700807264	69.68287470974376
8.080080800808263	61.40722644326302
8.090080900809264	48.69746884736178
8.100081000810265	50.73074301819283
8.110081100811264	43.1221257877571
8.120081200812265	40.52237553754702
8.130081300813265	57.24936454970732
8.140081400814266	48.06964564878209
8.150081500815265	55.68001113704755
8.160081600816266	51.29606203603239
8.170081700817267	56.9983801243759
8.180081800818266	37.962743176336566
8.190081900819267	45.54522879151635
8.200082000820267	50.82238900544756
8.210082100821268	43.94522356237151
8.220082200822269	45.97834986661415
8.230082300823268	42.41420023370065
8.240082400824269	49.00335662821871
8.250082500825268	39.09016720292385
8.26008260082627	40.462705296199154
8.27008270082727	51.9881417634318
8.28008280082827	37.65738005931749
8.29008290082927	45.57684833759626
8.30008300083027	48.53362650841471
8.310083100831271	46.38790418885349
8.320083200832272	51.25815982964407
8.330083300833271	66.18742639283103
8.340083400834272	52.01575991420772
8.350083500835272	63.66816420150592
8.360083600836273	31.688862255491497
8.370083700837274	54.95571080316469
8.380083800838273	57.93339925121698
8.390083900839274	55.56496862771199
8.400084000840273	63.07307689247763
8.410084100841274	61.38952557907436
8.420084200842275	68.25855397190183
8.430084300843275	56.33868240168353
8.440084400844276	70.37061057109038
8.450084500845275	75.19091188441011
8.460084600846276	70.50968328206166
8.470084700847277	34.51705333002254
8.480084800848276	57.37975996971387
8.490084900849277	36.644588184650765
8.500085000850277	61.87688148297963
8.510085100851278	43.71679623668405
8.520085200852279	62.423808013458405
8.530085300853278	53.44248740482346
8.540085400854279	65.7727801116263
8.550085500855278	49.82163658727418
8.56008560085628	70.4865062361147
8.57008570085728	72.01858107091839
8.58008580085828	45.783335437348676
8.59008590085928	50.14589210175934
8.60008600086028	44.52907991609567
8.610086100861281	32.88232531104283
8.62008620086228	42.74162396740055
8.630086300863281	69.15330141612652
8.640086400864282	69.68914265414033
8.650086500865282	59.64186597532743
8.660086600866283	72.16012433894568
8.670086700867282	74.65980411297964
8.680086800868283	53.472466273502036
8.690086900869284	54.463274850160225
8.700087000870283	33.46787297979427
8.710087100871284	61.54531884554443
8.720087200872284	61.42307406995216
8.730087300873285	34.55441108861588
8.740087400874286	62.325883879211915
8.750087500875285	39.48915072004359
8.760087600876286	55.52260363858448
8.770087700877285	59.184386706951386
8.780087800878286	56.58659979303332
8.790087900879287	62.80663511599189
8.800088000880287	59.8816883238262
8.810088100881288	59.55321727941567
8.820088200882287	58.56893512003542
8.830088300883288	62.71857032904556
8.840088400884289	60.48905690650505
8.850088500885288	56.244299628870834
8.86008860088629	60.10149850913247
8.870088700887289	51.69072920917339
8.88008880088829	42.32604296119595
8.89008890088929	53.93677921871404
8.90008900089029	63.17167706293668
8.910089100891291	36.69385151692713
8.92008920089229	65.62947075876808
8.930089300893291	58.83290123289531
8.940089400894292	71.9949159442813
8.950089500895292	76.89326946408276
8.960089600896293	80.88073017855298
8.970089700897292	48.305253084603955
8.980089800898293	24.337351964786336
8.990089900899294	60.713246225554606
9.000090000900293	64.05296492050797
9.010090100901294	80.07009024364103
9.020090200902294	71.8515422203793
9.030090300903295	55.74681028233489
9.040090400904296	42.972319999898545
9.050090500905295	53.554734428755665
9.060090600906296	58.41024060599577
9.070090700907295	82.898827270607
9.080090800908296	34.14234295612699
9.090090900909296	91.39698007412034
9.100091000910297	88.14695679088925
9.110091100911298	54.81258949180545
9.120091200912297	65.1741967773473
9.130091300913298	65.90906246061776
9.140091400914297	66.72079955399
9.150091500915298	74.23045049470895
9.1600916009163	62.93617225351836
9.170091700917299	48.2341879051258
9.1800918009183	77.4944582181843
9.190091900919299	50.59145927579022
9.2000920009203	56.53435159099899
9.210092100921301	69.75332660636404
9.2200922009223	54.56977453901778
9.230092300923301	66.39569943398234
9.2400924009243	66.65025998809287
9.250092500925302	60.79156333585159
9.260092600926303	51.010773347825875
9.270092700927302	58.8284394687529
9.280092800928303	60.990487410812904
9.290092900929302	45.63164829130865
9.300093000930303	52.46286694263884
9.310093100931304	54.81325413086713
9.320093200932304	33.42866742916647
9.330093300933305	42.07613184417401
9.340093400934304	54.74337830783296
9.350093500935305	60.52447403796862
9.360093600936306	44.36951632504497
9.370093700937305	51.70936263094927
9.380093800938306	45.79499751500014
9.390093900939306	47.66448935473474
9.400094000940307	48.32637317449252
9.410094100941308	48.71188089115298
9.420094200942307	47.55235798212737
9.430094300943308	48.927284822005994
9.440094400944307	51.20456611347192
9.450094500945308	45.83122236455341
9.46009460094631	58.396875353047115
9.470094700947309	45.41635702738464
9.48009480094831	53.407745782940594
9.490094900949309	33.20243431864887
9.50009500095031	58.61073213152956
9.510095100951311	63.25747147460112
9.52009520095231	15.696741985540237
9.530095300953311	53.207028649233216
9.54009540095431	61.82794113940111
9.550095500955312	69.53134222357477
9.560095600956311	57.735040920849634
9.570095700957312	56.806843781771775
9.580095800958313	48.40668472163451
9.590095900959312	45.00678853866039
9.600096000960313	40.88601561157957
9.610096100961313	69.62901696157893
9.620096200962314	70.02192461804275
9.630096300963315	65.28344017895549
9.640096400964314	69.89043725386392
9.650096500965315	68.62191386330683
9.660096600966314	61.30565745667451
9.670096700967315	40.77770765375626
9.680096800968316	66.58766495471716
9.690096900969316	72.76514575997415
9.700097000970317	75.59949170982881
9.710097100971316	78.00356859796229
9.720097200972317	45.88604932838233
9.730097300973318	31.629604098530123
9.740097400974317	53.408618931419234
9.750097500975318	72.43155143824943
9.760097600976318	57.41332202580442
9.770097700977319	43.1619777846002
9.78009780097832	62.07482753427744
9.790097900979319	41.58941174654023
9.80009800098032	39.3556245633288
9.81009810098132	69.28506147741811
9.82009820098232	65.9877972487942
9.830098300983321	69.74080112178032
9.84009840098432	74.22192611997345
9.850098500985322	34.33238431400367
9.860098600986321	68.45787095695759
9.870098700987322	57.56989076425065
9.880098800988323	45.2847698277248
9.890098900989322	53.68577463334285
9.900099000990323	59.260394531495066
9.910099100991323	56.97864915193418
9.920099200992324	49.67655159146903
9.930099300993325	66.72348703378373
9.940099400994324	62.44921945532593
9.950099500995325	60.360842058754315
9.960099600996324	65.26786435672139
9.970099700997325	61.506339221403394
9.980099800998326	59.253033578341466
9.990099900999326	60.47233451544612
10.000100001000327	61.906632707103725
10.010100101001326	56.490518766604204
10.020100201002327	66.19801113731555
10.030100301003326	65.57549242729115
10.040100401004327	60.20952794484889
10.050100501005328	66.5748449531136
10.060100601006328	70.7107363897207
10.070100701007329	71.68560812284832
10.080100801008328	52.32612535684688
10.090100901009329	50.76885788781065
10.10010100101033	58.324471992702215
10.11010110101133	90.77308867646562
10.12010120101233	57.086717042733476
10.13010130101333	61.804635134151326
10.14010140101433	83.94613681457983
10.150101501015332	44.15498204940084
10.160101601016331	32.85164252528849
10.170101701017332	57.332547537776485
10.180101801018331	68.79832438198665
10.190101901019332	103.6828285862725
10.200102001020333	62.17602292705453
10.210102101021333	43.00543855273867
10.220102201022334	81.89890902855376
10.230102301023333	76.50077963762116
10.240102401024334	80.00251829087169
10.250102501025335	48.28949161739057
10.260102601026334	81.87202009215888
10.270102701027335	84.32050074397291
10.280102801028335	70.62476270583728
10.290102901029336	65.38353565922736
10.300103001030337	58.357310400355104
10.310103101031336	74.06708820883995
10.320103201032337	79.27390536594378
10.330103301033336	67.8518526721971
10.340103401034337	70.05595485154153
10.350103501035338	68.16812024498653
10.360103601036338	55.79946483641158
10.370103701037339	79.77308170587185
10.380103801038338	53.93800248728344
10.390103901039339	38.74894001770933
10.40010400104034	46.16222431598798
10.41010410104134	36.62615278142908
10.42010420104234	68.03313470580112
10.43010430104334	49.83081142875925
10.44010440104434	65.14035264671323
10.450104501045342	49.83684649802565
10.460104601046341	66.03540475164013
10.470104701047342	54.50055938448829
10.480104801048341	58.02543971969193
10.490104901049342	66.06579200144893
10.500105001050342	59.04987225791411
10.510105101051343	63.433393404737885
10.520105201052344	46.670849442765586
10.530105301053343	52.85532097232477
10.540105401054344	55.02383210165169
10.550105501055343	59.924571939470496
10.560105601056344	50.45341595951337
10.570105701057345	54.297961110940925
10.580105801058345	51.11862470745871
10.590105901059346	52.965995528465776
10.600106001060345	54.245198155125536
10.610106101061346	47.83860774826712
10.620106201062347	54.38535861941009
10.630106301063346	49.14491505375525
10.640106401064347	52.692663399618915
10.650106501065347	36.84849647401759
10.660106601066348	56.03281863181076
10.670106701067349	0.7961401007690949
10.680106801068348	32.992583381192105
10.690106901069349	56.348473203725156
10.700107001070348	62.049563584175225
10.71010710107135	60.23468473241301
10.72010720107235	13.04391913527841
10.73010730107335	58.821221308223635
10.74010740107435	58.97859942559379
10.75010750107535	59.30685578751776
10.760107601076351	63.55115547587911
10.770107701077352	60.91712546109625
10.780107801078351	50.664191277269204
10.790107901079352	65.2612363730722
10.800108001080352	62.4762659391441
10.810108101081353	69.52881209993821
10.820108201082354	74.63728705122615
10.830108301083353	69.79099117721783
10.840108401084354	80.31045709835749
10.850108501085353	60.96289133873286
10.860108601086354	48.366021881928255
10.870108701087355	44.2238483178068
10.880108801088355	72.75242199791106
10.890108901089356	54.364220130742034
10.900109001090355	66.92861129674947
10.910109101091356	63.50636373119624
10.920109201092357	46.641680843737106
10.930109301093356	61.523232717780985
10.940109401094357	71.44252161611512
10.950109501095357	50.36596519613659
10.960109601096358	46.30423681593612
10.970109701097357	59.162571748554775
10.980109801098358	74.89952428486818
10.990109901099359	53.92895886987004
11.000110001100358	52.56247657059531
11.01011010110136	69.34556613024692
11.020110201102359	44.51792933380741
11.03011030110336	56.457072861436004
11.04011040110436	37.634429499745885
11.05011050110536	60.359527356014546
11.060110601106361	40.65298154111585
11.07011070110736	45.77251609508565
11.080110801108361	52.75467066070388
11.090110901109362	65.13036793900423
11.100111001110362	68.22895716073204
11.110111101111363	56.95697945248461
11.120111201112362	64.9308326371806
11.130111301113363	52.89692482638318
11.140111401114364	55.934712666851254
11.150111501115363	59.04115684788281
11.160111601116364	55.29405212218635
11.170111701117364	57.46705539791594
11.180111801118365	57.94287375740688
11.190111901119366	53.51773603860954
11.200112001120365	59.316103775445725
11.210112101121366	62.143077949833845
11.220112201122365	71.67787098375419
11.230112301123366	66.46351069920868
11.240112401124367	53.91077672166076
11.250112501125367	59.52728246126126
11.260112601126368	62.45818148034215
11.270112701127367	65.18318726496268
11.280112801128368	59.726565867323956
11.290112901129369	76.8236452165664
11.300113001130368	54.898803036581015
11.31011310113137	80.59389986637517
11.320113201132369	65.35421172952073
11.33011330113337	85.26627853077915
11.34011340113437	83.60476506518341
11.35011350113537	58.812500543205616
11.360113601136371	81.48423183655666
11.37011370113737	50.54686930417867
11.380113801138371	70.795266154849
11.390113901139372	56.182233324239796
11.400114001140372	63.50820150011101
11.410114101141373	55.360785645453774
11.420114201142372	71.7052816411958
11.430114301143373	31.93268872090091
11.440114401144372	70.83940954172984
11.450114501145373	72.2684966112632
11.460114601146374	74.11087700145251
11.470114701147374	79.3980255291924
11.480114801148375	67.05040255990731
11.490114901149374	61.8820082211545
11.500115001150375	72.93569577964603
11.510115101151376	77.38816378178352
11.520115201152375	73.07695599792498
11.530115301153376	70.78239930274962
11.540115401154376	56.28084718270659
11.550115501155377	45.04830336876802
11.560115601156378	67.29767710333584
11.570115701157377	74.44825564413357
11.580115801158378	39.523800803604615
11.590115901159377	74.64675649517072
11.600116001160378	55.4847310093258
11.61011610116138	43.145811814113465
11.620116201162379	64.14065043807213
11.63011630116338	56.47482334582803
11.640116401164379	52.34308869771722
11.65011650116538	65.88141679659702
11.660116601166381	62.49561547185398
11.67011670116738	58.16767656410787
11.680116801168381	65.86743761990218
11.69011690116938	58.04697343542352
11.700117001170382	61.66604141174188
11.710117101171383	58.73404881663508
11.720117201172382	60.32846138623602
11.730117301173383	59.65368196116141
11.740117401174382	49.853909424427734
11.750117501175383	54.60537378161171
11.760117601176384	54.323622150311195
11.770117701177384	56.73134677986345
11.780117801178385	54.02289322423673
11.790117901179384	55.34039396438343
11.800118001180385	41.76580675408764
11.810118101181386	50.62283391020921
11.820118201182385	59.05917157549629
11.830118301183386	46.86499933271107
11.840118401184386	48.13737495574871
11.850118501185387	58.91433910184281
11.860118601186388	67.63454581089597
11.870118701187387	55.878514423999675
11.880118801188388	42.43848320637188
11.890118901189387	66.07056472213398
11.900119001190388	35.19170335215786
11.910119101191388	60.83273388698253
11.920119201192389	58.9508988518808
11.93011930119339	72.32953669284963
11.940119401194389	34.500517080318744
11.95011950119539	62.075710952935104
11.96011960119639	75.77405394070831
11.97011970119739	64.44217782932976
11.980119801198391	61.54424788645378
11.99011990119939	74.73283243114709
12.000120001200392	60.04140798984619
12.010120101201391	48.223456479216146
12.020120201202392	69.82099718414268
12.030120301203393	55.36777827494428
12.040120401204392	51.54168635249591
12.050120501205393	63.48212213639566
12.060120601206393	92.00549920741726
12.070120701207394	31.23112720597933
12.080120801208395	50.586826922127685
12.090120901209394	61.91471501650821
12.100121001210395	83.74033527023765
12.110121101211394	58.702807045678476
12.120121201212395	78.32739468248069
12.130121301213396	120.26857797025254
12.140121401214396	59.50331650999857
12.150121501215397	59.68165122595968
12.160121601216396	59.948793369107605
12.170121701217397	63.00199021493953
12.180121801218398	72.36069032474799
12.190121901219397	68.37013027752587
12.200122001220398	59.49526103074683
12.210122101221398	51.7935411484948
12.220122201222399	46.24167527696633
12.2301223012234	44.45366238674392
12.240122401224399	65.33264521638246
12.2501225012254	61.17576164304126
12.2601226012264	62.14520859545381
12.2701227012274	61.88487172536646
12.280122801228401	64.35398522715126
12.2901229012294	75.4636022045519
12.300123001230402	53.836143685604675
12.310123101231401	56.15048433566806
12.320123201232402	52.506517439920984
12.330123301233403	56.35410079475582
12.340123401234402	58.863291004451156
12.350123501235403	58.936359972651985
12.360123601236403	59.70963607633881
12.370123701237404	62.913916449363015
12.380123801238403	62.944315768800365
12.390123901239404	48.768861304032164
12.400124001240405	68.11879499334981
12.410124101241404	61.96043513910909
12.420124201242405	60.130333531913585
12.430124301243405	76.23406259836565
12.440124401244406	54.82028291474752
12.450124501245407	82.99290724469678
12.460124601246406	60.5801575607385
12.470124701247407	68.31012474590386
12.480124801248406	54.61840988338694
12.490124901249407	50.418985160617844
12.500125001250408	55.53150715013034
12.510125101251408	58.520430863726254
12.520125201252409	77.45520749565397
12.530125301253408	50.18376032491593
12.540125401254409	84.73486161960679
12.55012550125541	61.256192009721346
12.56012560125641	73.79480559760356
12.57012570125741	65.58691869316438
12.58012580125841	70.74250199435711
12.59012590125941	70.79472574285609
12.600126001260412	62.62019214176901
12.610126101261411	90.26467695392921
12.620126201262412	85.27197909114771
12.630126301263411	72.50253207586067
12.640126401264412	61.59959221838369
12.650126501265413	83.15563119717595
12.660126601266413	89.62920763096871
12.670126701267414	69.66632626107602
12.680126801268413	68.13761874134309
12.690126901269414	76.57843981473282
12.700127001270415	61.75549940726428
12.710127101271414	86.60880940158039
12.720127201272415	51.37340664051342
12.730127301273415	70.10556239802735
12.740127401274416	87.26683765029557
12.750127501275417	76.04035620060682
12.760127601276416	90.35680354598962
12.770127701277417	62.59880197065893
12.780127801278416	55.453725244454844
12.790127901279417	34.42266280956462
12.800128001280417	52.19850777988589
12.810128101281418	74.67523809493154
12.820128201282419	63.02425003596103
12.830128301283418	56.31320222176078
12.840128401284419	53.99124235853502
12.850128501285418	78.76668361977711
12.86012860128642	51.69073802195098
12.87012870128742	72.10267395383336
12.88012880128842	53.10904174352536
12.89012890128942	57.955677517159494
12.90012900129042	57.17282019998577
12.910129101291421	53.750249867020514
12.920129201292422	49.708697680740315
12.930129301293421	56.07311290484976
12.940129401294422	55.39749590063616
12.950129501295422	57.3395815998511
12.960129601296423	56.7182679727004
12.970129701297424	56.3567576940743
12.980129801298423	53.79805039587423
12.990129901299424	59.750500570809244
13.000130001300423	54.88760652532732
13.010130101301424	67.84162617111876
13.020130201302425	36.51203766051616
13.030130301303425	56.5496576748153
13.040130401304426	56.809182605733575
13.050130501305425	55.913137713107005
13.060130601306426	62.83488433026507
13.070130701307427	56.06689647939992
13.080130801308426	57.811773856088884
13.090130901309427	51.47328442496644
13.100131001310427	62.9767912825203
13.110131101311428	32.42354468708441
13.120131201312429	63.6738293585142
13.130131301313428	74.51226311999726
13.140131401314429	49.134637298250595
13.150131501315428	58.495217248681215
13.16013160131643	56.75890536874352
13.17013170131743	61.29248258828364
13.18013180131843	30.276799031612867
13.19013190131943	71.3193442458066
13.20013200132043	23.197038202000808
13.210132101321431	78.89550000411546
13.220132201322432	82.67871924780837
13.230132301323431	51.425687319892766
13.240132401324432	68.54076636803838
13.250132501325432	47.98055790616366
13.260132601326433	63.13684120164655
13.270132701327432	73.64248245373226
13.280132801328433	62.40654054770812
13.290132901329434	55.90285137160432
13.300133001330433	65.23129325130233
13.310133101331434	58.916650869196985
13.320133201332434	78.38307933540423
13.330133301333435	56.94799131555156
13.340133401334436	68.51731277332719
13.350133501335435	69.64887377023152
13.360133601336436	67.95619249283897
13.370133701337435	50.278242412341434
13.380133801338436	50.99765952858897
13.390133901339437	64.47482675534442
13.400134001340437	62.49845788580072
13.410134101341438	40.77437246108577
13.420134201342437	67.7639679433655
13.430134301343438	47.50080688192783
13.440134401344439	59.41081650569228
13.450134501345438	63.84078783997512
13.46013460134644	61.699570062453475
13.470134701347439	58.386101233120534
13.48013480134844	46.089832025624695
13.49013490134944	60.24197820153432
13.50013500135044	58.461668550446085
13.510135101351441	57.67249567375854
13.52013520135244	58.999592076910346
13.530135301353441	58.6340901640601
13.540135401354442	59.87319051982062
13.550135501355442	58.77306923759381
13.560135601356443	64.27812887141337
13.570135701357442	65.91046794889334
13.580135801358443	55.966864271998396
13.590135901359444	51.94317122248861
13.600136001360443	53.66542541868986
13.610136101361444	60.93271383944754
13.620136201362444	48.435132625494866
13.630136301363445	69.51894126887423
13.640136401364446	56.17679019094466
13.650136501365445	65.53069342155463
13.660136601366446	68.0114648795658
13.670136701367445	43.69110407275028
13.680136801368446	66.104832650779
13.690136901369447	63.128557311515486
13.700137001370447	72.32094701249977
13.710137101371448	42.44001487200317
13.720137201372447	86.0084949073448
13.730137301373448	77.03442897966482
13.740137401374447	71.54051131212832
13.750137501375448	84.973567976934
13.76013760137645	64.4732086941133
13.770137701377449	69.1235276643825
13.78013780137845	82.08652619639143
13.790137901379449	84.21298104034214
13.80013800138045	62.76672610542585
13.810138101381451	78.71115347734388
13.82013820138245	88.29322970665963
13.830138301383451	61.29559657005095
13.84013840138445	50.60667054732438
13.850138501385452	60.819793814828756
13.860138601386453	66.69426729665099
13.870138701387452	84.09325216619548
13.880138801388453	64.57196919491288
13.890138901389452	74.33082002673225
13.900139001390453	72.89940463237936
13.910139101391454	79.43751332249118
13.920139201392454	77.35299608142185
13.930139301393455	53.89603004476613
13.940139401394454	89.45016845917084
13.950139501395455	71.42694684918129
13.960139601396456	61.571449840416136
13.970139701397455	64.50197862302348
13.980139801398456	68.14433512931411
13.990139901399456	64.96281971549584
14.000140001400457	75.91402509111687
14.010140101401458	41.60142113375258
14.020140201402457	76.83231155812656
14.030140301403458	64.7024347985569
14.040140401404457	68.58372695870352
14.050140501405458	59.8614670238198
14.06014060140646	64.70038858081327
14.070140701407459	58.70716290953064
14.08014080140846	64.7167680117144
14.090140901409459	56.45780661803864
14.10014100141046	55.19817146555773
14.110141101411461	56.40644250371447
14.12014120141246	57.08294335831582
14.130141301413461	57.075611022423246
14.14014140141446	56.465441222169815
14.150141501415462	56.61715918431622
14.160141601416463	59.392961092967944
14.170141701417462	33.499463979749606
14.180141801418463	52.52862696797833
14.190141901419462	49.164997768005186
14.200142001420463	71.21762202704012
14.210142101421463	69.21844583132913
14.220142201422464	73.53277278135181
14.230142301423465	56.29986977990954
14.240142401424464	72.02836663843676
14.250142501425465	69.9833319348634
14.260142601426464	35.20029082034467
14.270142701427465	54.79219947983087
14.280142801428466	51.0802668924448
14.290142901429466	63.21831531878547
14.300143001430467	27.38836340446718
14.310143101431466	52.85979539250332
14.320143201432467	64.37604578357563
14.330143301433468	71.17161726288063
14.340143401434467	67.87268341041413
14.350143501435468	63.10779204088967
14.360143601436468	73.49314841065201
14.370143701437469	51.13310663324148
14.38014380143847	38.53552469942075
14.390143901439469	77.13646458432827
14.40014400144047	75.05499171637958
14.41014410144147	52.925068343577486
14.42014420144247	44.60040069619521
14.430144301443471	47.48684403975792
14.44014440144447	52.29470745903489
14.450144501445472	80.53194769866937
14.460144601446471	51.21550583951736
14.470144701447472	64.39087841166614
14.480144801448473	59.75195423583025
14.490144901449472	56.08067998175582
14.500145001450473	68.58599842759936
14.510145101451473	43.93760027223688
14.520145201452474	72.01234450932004
14.530145301453475	40.17315795034417
14.540145401454474	72.17939233583652
14.550145501455475	56.68817601520641
14.560145601456474	64.50351182390041
14.570145701457475	68.51402777703511
14.580145801458476	52.26831046075468
14.590145901459476	67.55392664173131
14.600146001460477	48.13903402923357
14.610146101461476	59.90521803253435
14.620146201462477	66.01571040948103
14.630146301463478	68.79363209788333
14.640146401464477	9.582952900350985
14.650146501465478	54.116390980328156
14.660146601466478	58.15048963177406
14.670146701467479	59.43417429280632
14.680146801468478	56.39062345799464
14.690146901469479	56.90886122261191
14.70014700147048	56.57644025687908
14.71014710147148	57.51417850653009
14.72014720147248	53.489510203726454
14.73014730147348	56.57024338506257
14.74014740147448	60.012524822797126
14.750147501475482	46.82014929478471
14.760147601476481	62.64978948484044
14.770147701477482	55.860261425572766
14.780147801478481	63.121335301962354
14.790147901479482	68.51119121727208
14.800148001480483	63.5648890267533
14.810148101481483	40.66900469696841
14.820148201482484	53.06060063861037
14.830148301483483	56.14129259450319
14.840148401484484	65.83732389088459
14.850148501485485	56.64228525680901
14.860148601486484	64.96940078896547
14.870148701487485	60.264965586426726
14.880148801488485	78.40878448805783
14.890148901489486	71.63192883564122
14.900149001490487	80.80838652992287
14.910149101491486	74.10995487777515
14.920149201492487	74.45368966587112
14.930149301493486	52.546167457902214
14.940149401494487	73.24317157120397
14.950149501495488	86.98714789180109
14.960149601496488	54.849551991869205
14.970149701497489	86.07484636223627
14.980149801498488	62.24669407281169
14.990149901499489	86.03630402662459
