0.0	nan
0.010000100001000326	9.425879940828043
0.020000200002000652	4.349020102917367
0.03000030000300098	-6.530099860972517
0.040000400004001305	-13.000262417028587
0.05000050000500163	-4.891779262857099
0.06000060000600196	-5.910858041447528
0.07000070000700229	-10.000802207390004
0.08000080000800261	0.872831114044096
0.09000090000900293	0.8452738844997137
0.10000100001000325	-2.906652878968998
0.11000110001100359	-0.9697505200811474
0.12000120001200391	-0.5244595536387913
0.13000130001300425	2.691268099435076
0.14000140001400457	0.5482221145233003
0.1500015000150049	1.7640968821845289
0.16000160001600522	4.106503304264575
0.17000170001700554	1.7197793966564938
0.18000180001800586	2.5668787136641558
0.1900019000190062	4.354961082959448
0.2000020000200065	1.6232911282136309
0.21000210002100686	4.661521864758704
0.22000220002200718	0.7290773629219882
0.2300023000230075	2.6354707008294067
0.24000240002400783	1.1961193218924473
0.2500025000250082	0.30116428195136274
0.2600026000260085	3.3683651562287626
0.2700027000270088	1.38225514668507
0.28000280002800915	2.2614305046604795
0.29000290002900947	2.8965474155737794
0.3000030000300098	2.1550066665152006
0.3100031000310101	2.837533101108544
0.32000320003201044	4.122927992033912
0.33000330003301076	4.96143826699818
0.3400034000340111	3.945481132730134
0.3500035000350114	3.9145814433132204
0.36000360003601173	5.95667747088221
0.37000370003701205	5.817560014715776
0.3800038000380124	6.204726289854224
0.3900039000390127	6.214759558527764
0.400004000040013	6.710524219081102
0.4100041000410134	6.55303366459433
0.4200042000420137	6.640977791688324
0.43000430004301404	7.147753179930378
0.44000440004401437	6.640234111205756
0.4500045000450147	7.512236332355886
0.460004600046015	8.013530732605174
0.47000470004701533	7.429863634283798
0.48000480004801566	7.491206307758149
0.490004900049016	7.618953200405141
0.5000050000500164	8.01259434297621
0.5100051000510166	7.843593302197259
0.520005200052017	7.940948941783582
0.5300053000530173	8.36977831710648
0.5400054000540176	7.586292119698047
0.5500055000550179	7.944558802938956
0.5600056000560183	6.708641208040273
0.5700057000570186	8.464314820278918
0.5800058000580189	8.691862473833039
0.5900059000590192	9.001098828911191
0.6000060000600196	9.43970640097313
0.6100061000610199	9.455698455798697
0.6200062000620202	9.945135561657013
0.6300063000630205	10.915234339829576
0.6400064000640209	11.50841365157824
0.6500065000650213	11.648604605640735
0.6600066000660215	12.526444169687636
0.6700067000670219	13.149099148161973
0.6800068000680222	13.833632974947081
0.6900069000690225	13.708089359267746
0.7000070000700228	14.356460071286051
0.7100071000710232	15.040056372257798
0.7200072000720235	14.920007602372632
0.7300073000730238	15.229858220312744
0.7400074000740241	15.563741748928043
0.7500075000750245	14.749499444206354
0.7600076000760247	16.201405971492484
0.7700077000770251	16.902328370737788
0.7800078000780254	16.46685258463236
0.7900079000790258	17.045427121226968
0.800008000080026	17.730033088541372
0.8100081000810264	17.79590522004502
0.8200082000820268	17.836134061693226
0.8300083000830271	18.490680905902067
0.8400084000840274	19.11430583217805
0.8500085000850277	19.63844096869249
0.8600086000860281	19.963031222661392
0.8700087000870284	20.69903755116805
0.8800088000880287	21.40459761137653
0.890008900089029	21.266561114649182
0.9000090000900294	21.778828231204752
0.9100091000910296	22.362062839319258
0.92000920009203	22.71977459942005
0.9300093000930303	23.363431779992034
0.9400094000940307	23.77272982721293
0.9500095000950309	24.04225334070842
0.9600096000960313	24.62763374628858
0.9700097000970317	25.35938372492001
0.980009800098032	25.809238410264435
0.9900099000990323	24.99429271637991
1.0000100001000327	26.925881476525493
1.0100101001010329	28.38511395460563
1.0200102001020332	24.508409260109417
1.0300103001030336	29.747533351796523
1.040010400104034	29.790065698479594
1.0500105001050342	31.039249807452624
1.0600106001060345	30.90412355338966
1.070010700107035	31.701959183624744
1.0800108001080353	31.403440289165548
1.0900109001090355	32.57477799590042
1.1000110001100358	19.613873122137335
1.1100111001110362	31.74526156344995
1.1200112001120366	35.32391760567225
1.130011300113037	33.82993639967526
1.1400114001140371	35.608307313386156
1.1500115001150375	36.13950478850744
1.1600116001160379	32.76105471392871
1.1700117001170383	38.10687891772131
1.1800118001180384	38.92738702589964
1.1900119001190388	40.13257301945405
1.2000120001200392	41.01626874355002
1.2100121001210395	36.599981283509976
1.2200122001220397	42.2647706735305
1.23001230012304	38.42850551328594
1.2400124001240405	44.28471953960079
1.2500125001250408	44.36579005866162
1.260012600126041	45.400685970662245
1.2700127001270414	46.51043382462682
1.2800128001280418	47.624469916952386
1.2900129001290421	47.96679771043491
1.3000130001300425	50.24064776369914
1.3100131001310427	50.934226556017194
1.320013200132043	47.70210610665413
1.3300133001330434	50.9385282375683
1.3400134001340438	51.95329697049246
1.350013500135044	52.67619615748774
1.3600136001360443	54.175702390802925
1.3700137001370447	54.57019809965345
1.380013800138045	55.536157669836925
1.3900139001390452	58.4529801409091
1.4000140001400456	58.76530887709497
1.410014100141046	50.51189765242787
1.4200142001420464	60.56604415948076
1.4300143001430465	63.52936843615692
1.440014400144047	62.839646154009436
1.4500145001450473	63.34108766413918
1.4600146001460477	65.8735348105889
1.470014700147048	67.27962252125668
1.4800148001480482	68.65500589315539
1.4900149001490486	70.43817704047976
1.500015000150049	71.38508269569418
1.5100151001510493	73.9807564872425
1.5200152001520495	74.7522548763475
1.5300153001530499	73.96460302426048
1.5400154001540503	77.17998432044082
1.5500155001550506	75.5384887211167
1.5600156001560508	80.58701954089689
1.5700157001570512	86.59315106064957
1.5800158001580515	87.9789748934564
1.590015900159052	86.14448049653049
1.600016000160052	89.10373935054695
1.6100161001610525	99.72872969471894
1.6200162001620528	95.6152949727658
1.6300163001630532	97.89722531001625
1.6400164001640536	107.1981837466287
1.6500165001650537	107.24757623804207
1.6600166001660541	55.36071878742245
1.6700167001670545	44.387584785035024
1.6800168001680549	95.53993117533106
1.690016900169055	120.14777574527125
1.7000170001700554	117.5295869738241
1.7100171001710558	104.8532639990841
1.7200172001720562	83.51238492070779
1.7300173001730563	119.37960165998979
1.7400174001740567	117.64523853013762
1.750017500175057	99.34585918038256
1.7600176001760575	94.6866279250289
1.7700177001770578	91.64990353950328
1.780017800178058	97.33758252638974
1.7900179001790584	91.15589075300002
1.8000180001800588	82.88812343128274
1.8100181001810591	103.19987025647488
1.8200182001820593	101.03408558494019
1.8300183001830597	98.06644614632393
1.84001840018406	94.76949757092254
1.8500185001850604	106.20898290499237
1.8600186001860606	92.91778021656407
1.870018700187061	93.4067087080874
1.8800188001880613	104.47869890153807
1.8900189001890617	93.2275653971727
1.9000190001900619	100.1539447549285
1.9100191001910622	93.45795890744115
1.9200192001920626	91.24891349722348
1.930019300193063	104.3526848952624
1.9400194001940634	91.73340127897315
1.9500195001950635	80.25562675390255
1.960019600196064	83.05732098794422
1.9700197001970643	89.08097213749834
1.9800198001980647	75.74157137307213
1.9900199001990648	80.80802116608783
2.0000200002000654	86.18249709507619
2.0100201002010656	105.59560707052958
2.0200202002020657	114.26384037768796
2.0300203002030663	103.04273101969599
2.0400204002040665	75.00374104089185
2.0500205002050667	88.63949880967206
2.0600206002060673	93.27120251685027
2.0700207002070674	96.70504421844359
2.080020800208068	105.48811067536248
2.090020900209068	80.52387976802454
2.1000210002100683	126.07556324459372
2.110021100211069	82.3862025550918
2.120021200212069	84.7589443019488
2.1300213002130697	75.58124358358985
2.14002140021407	82.97243490749528
2.15002150021507	74.94239343666307
2.1600216002160706	73.43436305202532
2.1700217002170707	72.08157006538488
2.180021800218071	122.91676115602364
2.1900219002190715	67.04702045405277
2.2000220002200717	38.905332059921534
2.2100221002210723	89.82877047145999
2.2200222002220724	44.18226674640419
2.2300223002230726	73.12360471155642
2.240022400224073	78.83389306360003
2.2500225002250733	73.84221395081534
2.260022600226074	46.563270512718695
2.270022700227074	26.7825830027633
2.2800228002280742	25.83073615950028
2.290022900229075	43.65757938811559
2.300023000230075	58.17455059913203
2.310023100231075	55.40532683437969
2.3200232002320758	59.33249337219107
2.330023300233076	67.34507849487757
2.3400234002340765	77.9037996569309
2.3500235002350767	63.68677998945362
2.360023600236077	75.7939185301759
2.3700237002370774	51.92085540801054
2.3800238002380776	91.67225032182034
2.3900239002390777	72.00134569030261
2.4000240002400783	46.60927727279992
2.4100241002410785	66.6180524343126
2.420024200242079	134.8382756000319
2.4300243002430792	53.82263324145988
2.4400244002440794	62.12337527467047
2.45002450024508	72.9644515961168
2.46002460024608	80.81070831610286
2.4700247002470808	75.45410495606642
2.480024800248081	86.93150070965497
2.490024900249081	60.31398476282396
2.5000250002500817	111.23444640482654
2.510025100251082	88.21489108941329
2.520025200252082	72.18810869914817
2.5300253002530826	67.06618346815273
2.5400254002540827	87.83391466602505
2.5500255002550833	82.34042723340889
2.5600256002560835	76.87458038178599
2.5700257002570837	89.30022282141569
2.5800258002580843	70.08110842508418
2.5900259002590844	107.1688852575594
2.600026000260085	76.65043195329321
2.610026100261085	104.64157738315669
2.6200262002620853	68.55174232579003
2.630026300263086	47.17764170030203
2.640026400264086	36.29402923647162
2.6500265002650862	47.66645669358524
2.660026600266087	61.60714005892263
2.670026700267087	60.29346030759351
2.6800268002680876	77.95697765663782
2.6900269002690878	55.75450393323067
2.700027000270088	71.61497414585227
2.7100271002710885	68.43117702781281
2.7200272002720887	73.58805474017184
2.7300273002730893	65.80022175032522
2.7400274002740894	62.33017810769762
2.7500275002750896	72.06962609891649
2.76002760027609	66.80262243667248
2.7700277002770903	29.675748822468588
2.7800278002780905	32.196031407337756
2.790027900279091	28.713612885794966
2.8000280002800912	38.673041244336176
2.810028100281092	51.99842878783767
2.820028200282092	56.71985120796596
2.830028300283092	44.727078300257844
2.8400284002840928	22.72857174760291
2.850028500285093	42.68955816629905
2.860028600286093	45.14785790273959
2.8700287002870937	36.485183587224085
2.880028800288094	32.55262314267464
2.8900289002890944	36.475637547377495
2.9000290002900946	34.64600873649527
2.9100291002910947	20.56486945374115
2.9200292002920953	28.342439164881604
2.9300293002930955	47.04049110212923
2.940029400294096	69.13500857506808
2.9500295002950963	53.686038994942905
2.9600296002960964	28.323207131096282
2.970029700297097	55.51372582561218
2.980029800298097	71.05174226128209
2.9900299002990973	52.35158432342801
3.000030000300098	36.94143832496755
3.010030100301098	61.70080361133317
3.0200302003020987	103.1510764049816
3.030030300303099	45.19520744054658
3.040030400304099	69.08161212989144
3.0500305003050996	58.15412929192536
3.0600306003060997	38.51568294012315
3.0700307003071003	97.06502783925623
3.0800308003081005	60.80481473995759
3.0900309003091007	39.46225729183494
3.1000310003101013	36.19227301844347
3.1100311003111014	59.311068161865194
3.1200312003121016	63.45658692445457
3.130031300313102	31.42028122279925
3.1400314003141023	79.62756215894858
3.150031500315103	35.87143219232945
3.160031600316103	34.11206535511226
3.1700317003171032	62.450197737289486
3.180031800318104	72.40897008174326
3.190031900319104	32.71186848085859
3.200032000320104	53.143361531791626
3.2100321003211048	79.57602545030676
3.220032200322105	49.00274448910821
3.2300323003231055	43.828016453318305
3.2400324003241057	52.70975542162658
3.250032500325106	66.1278205061073
3.2600326003261064	37.80936105587676
3.2700327003271066	51.29878795571893
3.280032800328107	59.59123333449032
3.2900329003291073	42.76343489481276
3.3000330003301075	73.23407131697064
3.310033100331108	61.25203819884746
3.3200332003321082	42.27658360078066
3.3300333003331084	72.07201844698663
3.340033400334109	25.766246282247682
3.350033500335109	50.56494275305787
3.3600336003361098	61.51439772614795
3.37003370033711	58.07423053242187
3.38003380033811	41.558066734738695
3.3900339003391107	47.175311539566096
3.400034000340111	52.3544084035773
3.4100341003411114	38.958301264084916
3.4200342003421116	13.511606079735275
3.4300343003431117	38.29086507689443
3.4400344003441123	39.52575597540695
3.4500345003451125	35.170905405950755
3.4600346003461127	22.594091673252475
3.4700347003471133	20.585183931208963
3.4800348003481134	26.855072686626674
3.490034900349114	21.12934178298346
3.500035000350114	27.50186818452698
3.5100351003511143	39.53083139077916
3.520035200352115	37.04024917558249
3.530035300353115	30.661886144539498
3.5400354003541157	10.218741960155796
3.550035500355116	46.57262196973845
3.560035600356116	49.161867341452556
3.5700357003571166	43.45140954017539
3.5800358003581167	40.457490369931094
3.590035900359117	45.62424429092711
3.6000360003601175	39.127794253416305
3.6100361003611177	37.770729957383104
3.6200362003621183	42.705590399569004
3.6300363003631184	39.02304841481063
3.6400364003641186	49.825226048698944
3.650036500365119	31.337727099965154
3.6600366003661193	40.447465779377765
3.6700367003671195	10.78839686456724
3.68003680036812	38.93676135032384
3.6900369003691202	42.14974698899499
3.700037000370121	47.9006074427952
3.710037100371121	58.50299695954896
3.720037200372121	60.32518428225517
3.7300373003731218	20.743832454069857
3.740037400374122	65.7442130702071
3.7500375003751225	67.24334952547278
3.7600376003761227	58.51896135084517
3.770037700377123	51.58482858571813
3.7800378003781234	58.44926520689456
3.7900379003791236	60.06514642697488
3.8000380003801237	42.434861462405436
3.8100381003811243	54.56948683042434
3.8200382003821245	4.559107880761627
3.830038300383125	62.26272836281668
3.8400384003841253	32.66981230375761
3.8500385003851254	67.72329055220273
3.860038600386126	54.75340725890689
3.870038700387126	49.74411201580219
3.8800388003881268	32.760501168172674
3.890038900389127	63.49837853995743
3.900039000390127	46.86814457484826
3.9100391003911277	43.808204532064735
3.920039200392128	50.402432498888324
3.930039300393128	51.857276102971774
3.9400394003941286	47.080505409377274
3.9500395003951287	34.26103360216881
3.9600396003961293	41.06732385342142
3.9700397003971295	23.55580403924315
3.9800398003981297	30.174754983355506
3.9900399003991303	31.62288874322411
4.000040000400131	33.85426485056159
4.010040100401131	36.09693622121495
4.020040200402131	-0.2040952588947765
4.030040300403131	25.42803898728843
4.0400404004041315	50.59122330544979
4.0500405004051325	40.77321828243797
4.060040600406133	29.752458184300135
4.070040700407133	33.80788816859429
4.080040800408133	34.254598296721845
4.090040900409133	28.48703669739229
4.100041000410133	32.662869783019616
4.110041100411134	41.417834854803026
4.1200412004121345	51.724191750815166
4.130041300413135	24.810924015665414
4.140041400414135	35.35744720004007
4.150041500415135	52.73274403721569
4.160041600416136	37.506817944674616
4.170041700417136	48.119406999235046
4.180041800418136	55.15001907935503
4.1900419004191365	28.014425402110493
4.200042000420137	66.674350680046
4.210042100421138	40.27304914686825
4.220042200422138	-3.565170593441183
4.230042300423138	65.81222633331562
4.240042400424138	60.178805341552305
4.250042500425138	58.43096869670436
4.260042600426139	47.70565502182333
4.2700427004271395	38.833457413065545
4.28004280042814	39.34982910842048
4.29004290042914	33.53853061132899
4.30004300043014	60.3668034464554
4.31004310043114	42.272700093966904
4.320043200432141	55.68065612032432
4.330043300433141	40.18590607916179
4.3400434004341415	86.08936759666975
4.350043500435142	68.4915764110448
4.360043600436142	70.00262150072408
4.370043700437143	44.62680748835901
4.380043800438143	60.46361101543771
4.390043900439143	63.82037011233659
4.400044000440143	142.0442604274704
4.4100441004411435	46.61632503679413
4.4200442004421445	61.14519685797481
4.430044300443145	67.659432443568
4.440044400444145	54.137408263343985
4.450044500445145	76.79026761702374
4.460044600446145	48.670502899088206
4.470044700447146	51.322657807422374
4.480044800448146	29.410406486247826
4.4900449004491465	52.37627439731335
4.500045000450147	31.204786252864338
4.510045100451147	54.493775811925524
4.520045200452148	33.317766576944685
4.530045300453148	29.312108497287653
4.540045400454148	43.82779717759765
4.550045500455148	26.84680205144031
4.5600456004561485	50.65368223596078
4.570045700457149	11.489049620153637
4.58004580045815	40.65724996363634
4.59004590045915	48.35683098567157
4.60004600046015	24.97524593586192
4.61004610046115	29.241613493775237
4.62004620046215	25.312682946968472
4.630046300463151	38.71435687579895
4.6400464004641515	35.42358404794643
4.650046500465152	32.159534082419405
4.660046600466152	28.115001032911422
4.670046700467152	28.5016192386267
4.680046800468153	27.785929712418735
4.690046900469153	27.190178592112865
4.700047000470153	32.399449046198626
4.7100471004711535	31.432259991866434
4.720047200472154	34.683664656466505
4.730047300473155	26.690927647443406
4.740047400474155	28.29523775368954
4.750047500475155	26.341415769206616
4.760047600476155	35.88524988424269
4.770047700477155	39.11751126028098
4.7800478004781555	33.89664272927802
4.7900479004791565	36.924906819013366
4.800048000480157	38.94812414871647
4.810048100481157	28.580759255270483
4.820048200482157	33.4504256477857
4.830048300483157	11.3724922911996
4.840048400484158	44.47790542424227
4.850048500485158	33.78732265065288
4.8600486004861585	13.961731119301735
4.870048700487159	51.4809191810587
4.880048800488159	27.57869357055053
4.89004890048916	30.1490510516332
4.90004900049016	28.361414786824852
4.91004910049116	39.976603513619175
4.92004920049216	25.345483037152768
4.9300493004931605	24.401123237212957
4.9400494004941615	50.096440140964745
4.950049500495162	45.03708668247082
4.960049600496162	19.173308875260123
4.970049700497162	38.002001448016614
4.980049800498162	18.019006316637025
4.990049900499163	50.666076291557104
5.000050000500163	37.478392763211374
5.0100501005011635	41.87032156180225
5.020050200502164	52.301721242964184
5.030050300503164	47.59721488206147
5.040050400504164	46.31454548248546
5.050050500505165	32.74824751575273
5.060050600506165	35.042053701094936
5.070050700507165	23.435527499861433
5.0800508005081655	40.70284091614211
5.090050900509166	49.31544415074221
5.100051000510167	39.03616262747629
5.110051100511167	53.41382486879163
5.120051200512167	29.4643750053213
5.130051300513167	43.464817754735606
5.140051400514167	42.195899989455384
5.150051500515168	13.804284721892252
5.1600516005161685	22.266729833794024
5.170051700517169	31.867511407785518
5.180051800518169	43.2178248916996
5.190051900519169	26.331086771442774
5.20005200052017	38.0851967341899
5.21005210052117	16.72704001163215
5.22005220052217	38.94991517821523
5.2300523005231705	35.01613639295722
5.240052400524171	34.50785145015253
5.250052500525171	36.54406166829352
5.260052600526172	35.46521077423617
5.270052700527172	36.000961163617326
5.280052800528172	33.75847026657097
5.290052900529172	22.136607444960436
5.3000530005301725	37.20978613853311
5.3100531005311735	25.187496968099637
5.320053200532174	44.60079590941222
5.330053300533174	47.93278653401824
5.340053400534174	49.87188801513433
5.350053500535174	49.87882345084583
5.360053600536175	34.97174243585212
5.370053700537175	47.15778949079704
5.3800538005381755	44.2356761177859
5.390053900539176	48.90612274490985
5.400054000540176	66.29777998696493
5.410054100541177	50.86716771318151
5.420054200542177	58.3774432982119
5.430054300543177	47.78119559563879
5.440054400544177	46.69758009876222
5.4500545005451775	47.21428966579583
5.4600546005461785	66.02149574835911
5.470054700547179	50.45124910986178
5.480054800548179	58.87255626653926
5.490054900549179	40.53631253105053
5.500055000550179	63.70197118370607
5.510055100551179	52.240597488716666
5.52005520055218	56.386959013911046
5.5300553005531805	46.84537857083973
5.540055400554181	50.811636857939924
5.550055500555181	39.990332050939564
5.560055600556181	51.94682962986075
5.570055700557182	40.648948570745375
5.580055800558182	48.56348250589633
5.590055900559182	68.99646412428174
5.6000560005601825	49.47834650349795
5.610056100561183	67.46927025767296
5.620056200562184	49.490182994822966
5.630056300563184	56.38065110635525
5.640056400564184	66.40659958952773
5.650056500565184	25.161161717269778
5.660056600566184	61.19652381913774
5.670056700567185	49.19767844948263
5.6800568005681855	54.165488306736755
5.690056900569186	45.186115036580176
5.700057000570186	35.55351113572448
5.710057100571186	45.53362035748244
5.720057200572186	56.17898133119091
5.730057300573187	42.29020831020849
5.740057400574187	41.35527951210318
5.7500575005751875	45.75800576914236
5.760057600576188	39.957003390656
5.770057700577188	26.744365808491956
5.780057800578189	26.3196433381915
5.790057900579189	38.155619001703805
5.800058000580189	42.789824557175265
5.810058100581189	25.026893418780556
5.8200582005821895	14.131930756543444
5.8300583005831905	29.793044960200827
5.840058400584191	33.832819141368894
5.850058500585191	31.022012110359725
5.860058600586191	30.06743972145139
5.870058700587191	31.03804753492596
5.880058800588192	33.44806666487821
5.890058900589192	32.90890257265617
5.9000590005901925	29.817172221850612
5.910059100591193	18.029436553470795
5.920059200592193	42.01791734738147
5.930059300593194	20.616176674952015
5.940059400594194	16.537876978534527
5.950059500595194	41.21919051082656
5.960059600596194	48.805958707743855
5.9700597005971945	21.264290491258322
5.980059800598195	29.834654789956293
5.990059900599196	44.72917182729952
6.000060000600196	25.641204488835346
6.010060100601196	45.88924007671961
6.020060200602196	37.77406813008831
6.030060300603196	49.38770388686043
6.040060400604197	25.58398126009737
6.0500605006051975	40.926394252841405
6.060060600606198	45.72950115610885
6.070060700607198	50.98771577777257
6.080060800608198	16.395329217094297
6.090060900609199	-4.3444731711953075
6.100061000610199	31.81752033664939
6.110061100611199	41.7139559475818
6.1200612006121995	43.1785070464528
6.1300613006132	29.398040929036334
6.140061400614201	49.6270149566055
6.150061500615201	34.46965149652236
6.160061600616201	58.71095422508314
6.170061700617201	27.232005841536953
6.180061800618201	37.74792995957513
6.1900619006192015	51.3473122972359
6.2000620006202025	39.87233298373574
6.210062100621203	25.78891291233421
6.220062200622203	54.57811862403579
6.230062300623203	29.28061068811876
6.240062400624203	31.113359491342692
6.250062500625204	35.8638039401987
6.260062600626204	32.421207918083596
6.2700627006272045	32.25140351254852
6.280062800628205	47.78217697492174
6.290062900629205	55.18692290743345
6.300063000630206	25.35725606900567
6.310063100631206	23.5801795386749
6.320063200632206	32.147878163873884
6.330063300633206	48.17298992578973
6.3400634006342065	43.10640188202758
6.3500635006352075	47.03721448250869
6.360063600636208	35.76248820825769
6.370063700637208	38.18656484825554
6.380063800638208	23.579918471779816
6.390063900639208	16.899998291569215
6.400064000640208	37.14610083304043
6.410064100641209	33.6896028488806
6.4200642006422095	26.9763637976253
6.43006430064321	33.50693233832152
6.44006440064421	33.28008631016584
6.45006450064521	33.81894184855762
6.460064600646211	32.11796596409083
6.470064700647211	32.45512835375249
6.480064800648211	39.14872404653958
6.4900649006492115	33.82737384698071
6.500065000650212	23.801536941173218
6.510065100651213	49.68725037982355
6.520065200652213	33.45027215478858
6.530065300653213	47.22330688619569
6.540065400654213	53.06037105674284
6.550065500655213	50.56423048901505
6.560065600656214	47.259973152665864
6.5700657006572145	32.70311198756393
6.580065800658215	29.205986331591056
6.590065900659215	43.21979222074272
6.600066000660215	56.70971669348831
6.610066100661216	58.37882095375552
6.620066200662216	48.03881480279347
6.630066300663216	39.880517995483736
6.6400664006642165	55.85039458378348
6.650066500665217	17.296969393157685
6.660066600666217	56.49416510438252
6.670066700667218	48.417151514046644
6.680066800668218	67.24706119321111
6.690066900669218	54.50894417705519
6.700067000670218	55.98877620024622
6.7100671006712185	28.80022335630906
6.7200672006722195	57.12013818234214
6.73006730067322	40.532601954596224
6.74006740067422	56.141065469441486
6.75006750067522	24.672845938752793
6.76006760067622	62.05308010949313
6.770067700677221	66.3757080064494
6.780067800678221	54.72351831052769
6.7900679006792215	68.43857754443295
6.800068000680222	42.939572875822435
6.810068100681222	55.28506943671202
6.820068200682223	32.719444348835
6.830068300683223	43.32168244311868
6.840068400684223	58.78378845553906
6.850068500685223	42.29087157449148
6.8600686006862235	33.48724193497349
6.870068700687224	39.46602047234969
6.880068800688225	45.72812586212837
6.890068900689225	21.65467444249272
6.900069000690225	35.722739257855636
6.910069100691225	59.15193726525695
6.920069200692225	42.26949893877336
6.930069300693226	43.42984656587402
6.9400694006942265	38.17050724960222
6.950069500695227	33.00070120421184
6.960069600696227	27.74379365278243
6.970069700697227	41.00187252358898
6.980069800698228	32.11254059794291
6.990069900699228	35.3768698809078
7.000070000700228	33.77522821817818
7.0100701007012285	33.94871635055734
7.020070200702229	31.05637963550319
7.03007030070323	33.112528858852905
7.04007040070423	31.81773624119306
7.05007050070523	31.531110112603123
7.06007060070623	39.67177699856953
7.07007070070723	27.548696462543116
7.080070800708231	41.38363323188563
7.0900709007092315	25.48231625895364
7.100071000710232	17.255670688942555
7.110071100711232	2.457260515628055
7.120071200712232	24.46627416464058
7.130071300713232	24.247952410583412
7.140071400714233	25.44386450782263
7.150071500715233	34.3634630957278
7.1600716007162335	34.694924585901575
7.170071700717234	39.750846724170835
7.180071800718234	33.527406996811955
7.190071900719235	49.769390740394954
7.200072000720235	34.49925182100738
7.210072100721235	49.803473110357835
7.220072200722235	36.60468975675877
7.2300723007232355	50.92531966566356
7.2400724007242365	29.676498365350625
7.250072500725237	38.08079718259636
7.260072600726237	29.624299165260133
7.270072700727237	42.39019681585955
7.280072800728237	24.186984713338713
7.290072900729238	43.94858036025653
7.300073000730238	7.9815671310832945
7.3100731007312385	29.110534252401358
7.320073200732239	52.1663339172176
7.330073300733239	34.0765711568772
7.340073400734239	47.48248765551979
7.35007350073524	51.83152599731546
7.36007360073624	56.72624175845662
7.37007370073724	21.917297420357315
7.3800738007382405	32.11145346053244
7.390073900739241	45.192033215517995
7.400074000740242	56.879201090422846
7.410074100741242	48.80728880241645
7.420074200742242	24.392910965269657
7.430074300743242	37.39237308177646
7.440074400744242	35.76782561832149
7.450074500745243	33.1365667970521
7.4600746007462435	41.88564664151646
7.470074700747244	28.74648014238523
7.480074800748244	42.68652405780634
7.490074900749244	47.01229913856675
7.500075000750245	43.94303463944691
7.510075100751245	42.41421910740833
7.520075200752245	18.063931282894767
7.5300753007532455	17.146908179831502
7.540075400754246	34.72776687520198
7.550075500755247	21.390685438679597
7.560075600756247	46.61467504582177
7.570075700757247	26.447405004437947
7.580075800758247	35.25012200371581
7.590075900759247	38.14544299630006
7.6000760007602475	32.07863231530563
7.6100761007612485	37.412933191297874
7.620076200762249	35.88660193058014
7.630076300763249	35.10181797821364
7.640076400764249	35.25341865310698
7.650076500765249	34.91616269939953
7.66007660076625	41.571171337162326
7.67007670076725	40.45433851696014
7.6800768007682505	29.163091949225706
7.690076900769251	44.60785150741176
7.700077000770251	26.323461278710205
7.710077100771252	27.73978761896649
7.720077200772252	43.06337866528571
7.730077300773252	45.15200667899579
7.740077400774252	48.908829373547896
7.7500775007752525	51.97316487032272
7.7600776007762535	57.25552864539789
7.770077700777254	60.4606417429958
7.780077800778254	16.47467358521382
7.790077900779254	30.600525098464658
7.800078000780254	59.89364862334588
7.810078100781254	51.32935453516533
7.820078200782255	53.41450209319153
7.8300783007832555	36.127366521744996
7.840078400784256	40.738400568094136
7.850078500785256	48.902084977445895
7.860078600786256	33.985085151124956
7.870078700787257	44.1579936246786
7.880078800788257	48.21182881658286
7.890078900789257	58.23843720732494
7.9000790007902575	36.31389277209654
7.910079100791258	59.11026557985388
7.920079200792259	65.27175288610013
7.930079300793259	34.533884592806615
7.940079400794259	39.89421148172065
7.950079500795259	47.643434480024226
7.960079600796259	17.64305326409252
7.97007970079726	47.26821468493384
7.9800798007982605	58.63437001587865
7.990079900799261	38.7697536797896
8.000080000800262	60.75082255407165
8.010080100801261	54.59303602483949
8.020080200802262	16.536337974640595
8.030080300803261	50.712110826864155
8.040080400804262	40.23944826036083
8.050080500805263	56.162782869815345
8.060080600806263	53.09374767300015
8.070080700807264	59.90049533788519
8.080080800808263	50.65274617146585
8.090080900809264	34.71178201141181
8.100081000810265	43.73433545279164
8.110081100811264	35.33453802824483
8.120081200812265	31.260521339955787
8.130081300813265	39.29009374592373
8.140081400814266	31.713140856864566
8.150081500815265	45.354141360072525
8.160081600816266	38.46661511306566
8.170081700817267	41.338181666905676
8.180081800818266	27.62025969029461
8.190081900819267	32.17834918969383
8.200082000820267	37.20388816764606
8.210082100821268	29.87993022312465
8.220082200822269	31.53075088713971
8.230082300823268	28.178365041887105
8.240082400824269	35.20608263004503
8.250082500825268	24.49045943546876
8.26008260082627	27.399162882934824
8.27008270082727	35.15621625482324
8.28008280082827	22.95318004141299
8.29008290082927	33.23308447893964
8.30008300083027	28.640230335648017
8.310083100831271	27.48947477270126
8.320083200832272	33.48012705777056
8.330083300833271	51.73521712183702
8.340083400834272	38.33729978435863
8.350083500835272	43.82603165836028
8.360083600836273	9.633649755230048
8.370083700837274	39.25360196591088
8.380083800838273	39.74555451859571
8.390083900839274	42.2875820938179
8.400084000840273	43.278552852788515
8.410084100841274	46.617600681987625
8.420084200842275	54.3258459485652
8.430084300843275	36.64597589476448
8.440084400844276	51.26335972063588
8.450084500845275	56.449991305551485
8.460084600846276	51.74487315012752
8.470084700847277	20.727682505287298
8.480084800848276	42.704994869873644
8.490084900849277	18.503626858910316
8.500085000850277	44.142858006790156
8.510085100851278	23.11816722721409
8.520085200852279	48.32234666029628
8.530085300853278	37.91073107074731
8.540085400854279	44.08664097983815
8.550085500855278	29.32735537629525
8.56008560085628	48.02707226806063
8.57008570085728	38.99139323638888
8.58008580085828	24.25192159288548
8.59008590085928	28.789504659209573
8.60008600086028	25.52154737604883
8.610086100861281	12.384613301887965
8.62008620086228	18.4278576002126
8.630086300863281	47.66129051389812
8.640086400864282	46.81802674770827
8.650086500865282	37.31190217227908
8.660086600866283	49.44648048358033
8.670086700867282	51.63865777458928
8.680086800868283	30.50233831980912
8.690086900869284	32.23827024458039
8.700087000870283	10.269380256926661
8.710087100871284	37.61092317265045
8.720087200872284	38.44247576812963
8.730087300873285	11.57150060296668
8.740087400874286	38.191762067726685
8.750087500875285	14.248212889659378
8.760087600876286	32.84637514030329
8.770087700877285	36.05167602211607
8.780087800878286	31.664782657951665
8.790087900879287	38.22791851600817
8.800088000880287	35.687118567433764
8.810088100881288	35.345855681770544
8.820088200882287	34.251651189300894
8.830088300883288	38.6746772834869
8.840088400884289	35.380467356504944
8.850088500885288	31.98973525976094
8.86008860088629	39.8848746272995
8.870088700887289	27.177984240607667
8.88008880088829	21.699600575118204
8.89008890088929	39.25942195110835
8.90008900089029	46.519589912086765
8.910089100891291	2.6189660163080677
8.92008920089229	35.395319077774445
8.930089300893291	41.89585299363022
8.940089400894292	56.1767929459152
8.950089500895292	58.32499470529971
8.960089600896293	45.87135726313164
8.970089700897292	39.36786273523691
8.980089800898293	-4.9558940400377605
8.990089900899294	37.95333901518671
9.000090000900293	51.56633041819565
9.010090100901294	57.02112992244681
9.020090200902294	47.128697284691484
9.030090300903295	38.76770575471152
9.040090400904296	43.19088841419664
9.050090500905295	50.052745030292094
9.060090600906296	42.912814081768836
9.070090700907295	51.275033441903446
9.080090800908296	34.614722286170476
9.090090900909296	69.3499701080583
9.100091000910297	50.46518402638969
9.110091100911298	52.110365158078224
9.120091200912297	62.10180608282539
9.130091300913298	55.41262444329159
9.140091400914297	58.219811441025975
9.150091500915298	69.56487408859316
9.1600916009163	44.2823534505346
9.170091700917299	30.677458230618523
9.1800918009183	61.965053870872005
9.190091900919299	37.488614635426515
9.2000920009203	38.034513816253074
9.210092100921301	52.954112384827084
9.2200922009223	36.266865524135326
9.230092300923301	46.6487292972446
9.2400924009243	55.7244100123917
9.250092500925302	57.25319657782687
9.260092600926303	42.940864013090895
9.270092700927302	48.9560689465153
9.280092800928303	39.578812826036696
9.290092900929302	36.536508755547814
9.300093000930303	41.43478530117474
9.310093100931304	33.02956988166593
9.320093200932304	14.89759501703965
9.330093300933305	22.46251135923397
9.340093400934304	38.12490362430337
9.350093500935305	41.74828535759083
9.360093600936306	27.356039156191173
9.370093700937305	36.46373463155872
9.380093800938306	29.99250732066584
9.390093900939306	31.16598799064267
9.400094000940307	31.67574875667483
9.410094100941308	31.65054957275859
9.420094200942307	31.29033827571766
9.430094300943308	31.562086054857687
9.440094400944307	34.32913001037769
9.450094500945308	27.288003221458837
9.46009460094631	41.84278224202349
9.470094700947309	29.586841651716167
9.48009480094831	35.35014500093847
9.490094900949309	15.488375133438758
9.50009500095031	40.51344388236149
9.510095100951311	44.85027250930979
9.52009520095231	-2.777935191218586
9.530095300953311	34.0809048615263
9.54009540095431	45.07369080676767
9.550095500955312	48.04538338944474
9.560095600956311	37.45091773478687
9.570095700957312	38.15892765144977
9.580095800958313	28.670974549226017
9.590095900959312	27.849278887130417
9.600096000960313	21.758385022631096
9.610096100961313	49.08878910360295
9.620096200962314	50.428774288805315
9.630096300963315	45.42957235772393
9.640096400964314	49.761260182462905
9.650096500965315	48.15270657888887
9.660096600966314	40.67755957566892
9.670096700967315	21.021197164736805
9.680096800968316	46.46758911017303
9.690096900969316	51.877173143643276
9.700097000970317	52.795207026136026
9.710097100971316	56.39718105631284
9.720097200972317	25.354268663321584
9.730097300973318	8.360717825103691
9.740097400974317	32.04640952149528
9.750097500975318	51.15013134041841
9.760097600976318	34.971547045848155
9.770097700977319	22.192532412301386
9.78009780097832	33.92725379055699
9.790097900979319	18.011361951931562
9.80009800098032	22.953092511958612
9.81009810098132	46.16559784979549
9.82009820098232	42.341753423985686
9.830098300983321	46.67101846758093
9.84009840098432	49.18504496175653
9.850098500985322	12.610516824146428
9.860098600986321	47.44826186040619
9.870098700987322	38.029620701915086
9.880098800988323	21.023567353047646
9.890098900989322	33.403395240064654
9.900099000990323	36.635851237836214
9.910099100991323	34.53876712752739
9.920099200992324	26.28336031631595
9.930099300993325	42.4669207438776
9.940099400994324	36.42358122418184
9.950099500995325	36.09122058661484
9.960099600996324	40.10549200662078
9.970099700997325	36.57620803217338
9.980099800998326	35.30424590591042
9.990099900999326	36.17992970146416
10.000100001000327	37.55721287616881
10.010100101001326	30.16475053839914
10.020100201002327	40.842046974480375
10.030100301003326	42.84462223215071
10.040100401004327	41.42339071269729
10.050100501005328	47.36436534285039
10.060100601006328	46.26556347600779
10.070100701007329	46.73230421031528
10.080100801008328	26.705701608635106
10.090100901009329	31.57660776621044
10.10010100101033	31.031314338250986
10.11010110101133	49.81990429588054
10.12010120101233	51.15514096113976
10.13010130101333	42.389560041879925
10.14010140101433	62.71789407851795
10.150101501015332	30.525884634881823
10.160101601016331	17.148888904655493
10.170101701017332	42.65944862539052
10.180101801018331	62.96101268108114
10.190101901019332	59.075694415218
10.200102001020333	47.85278284374706
10.210102101021333	36.683003392536584
10.220102201022334	56.189014420007545
10.230102301023333	50.36069808605742
10.240102401024334	59.39351692341853
10.250102501025335	38.26155445959203
10.260102601026334	56.5967632156823
10.270102701027335	56.66174304499128
10.280102801028335	48.633018005275545
10.290102901029336	44.93662658762238
10.300103001030337	42.396004558767
10.310103101031336	41.57662984005786
10.320103201032337	52.95607815424642
10.330103301033336	50.67163684378458
10.340103401034337	51.10721478142426
10.350103501035338	60.69191299279707
10.360103601036338	50.02202979806974
10.370103701037339	55.98241144102063
10.380103801038338	39.693511792469224
10.390103901039339	26.237802303467895
10.40010400104034	31.634243513865645
10.41010410104134	22.385176646148633
10.42010420104234	56.80199558269749
10.43010430104334	33.89894376906718
10.44010440104434	54.73574346770557
10.450104501045342	30.32868890452628
10.460104601046341	37.86752912995452
10.470104701047342	38.171480248712676
10.480104801048341	38.684526161109446
10.490104901049342	48.33156073314034
10.500105001050342	40.94275106487186
10.510105101051343	46.42683388549859
10.520105201052344	28.197315919817097
10.530105301053343	36.369384391636956
10.540105401054344	37.48803026400911
10.550105501055343	42.25173391384308
10.560105601056344	32.694682900081645
10.570105701057345	36.26620803697589
10.580105801058345	32.966526658049474
10.590105901059346	34.67885625286473
10.600106001060345	35.766347704158754
10.610106101061346	29.280392754566446
10.620106201062347	35.66752008236155
10.630106301063346	30.307300979794856
10.640106401064347	33.38105450472826
10.650106501065347	18.48602207903698
10.660106601066348	36.83180961146254
10.670106701067349	-18.808163409410074
10.680106801068348	13.176930710653686
10.690106901069349	36.37916592739243
10.700107001070348	42.79329078990245
10.71010710107135	42.47415409911232
10.72010720107235	-6.171411585982299
10.73010730107335	39.776480979124216
10.74010740107435	39.024879932617004
10.75010750107535	39.29638421803868
10.760107601076351	42.99795866872604
10.770107701077352	41.04526994212896
10.780107801078351	27.917129078681878
10.790107901079352	39.55209318784869
10.800108001080352	43.620188364514824
10.810108101081353	40.36202176549285
10.820108201082354	52.54902584607854
10.830108301083353	53.38063937711081
10.840108401084354	52.25985914896628
10.850108501085353	41.17798438453755
10.860108601086354	25.92567038520323
10.870108701087355	24.123662521605382
10.880108801088355	46.44596801133055
10.890108901089356	36.176860106320845
10.900109001090355	43.461579609753414
10.910109101091356	29.850510121718898
10.920109201092357	18.882145258111777
10.930109301093356	40.07331034583945
10.940109401094357	52.84350289969867
10.950109501095357	36.13619008062946
10.960109601096358	19.841870974380367
10.970109701097357	36.8005494520412
10.980109801098358	48.86675014995638
10.990109901099359	28.383082713508244
11.000110001100358	32.227144094512276
11.01011010110136	47.06406530923185
11.020110201102359	32.18803122892158
11.03011030110336	36.62732447377741
11.04011040110436	16.78057902661449
11.05011050110536	34.95895018323376
11.060110601106361	18.131971160936867
11.07011070110736	27.836950198741256
11.080110801108361	21.327297662246952
11.090110901109362	43.603629818315675
11.100111001110362	46.59831083205521
11.110111101111363	33.513625093377385
11.120111201112362	39.83950659578326
11.130111301113363	28.94923749981235
11.140111401114364	29.70968681041817
11.150111501115363	32.39417931268072
11.160111601116364	31.26766337976546
11.170111701117364	32.821076454614925
11.180111801118365	32.99729756387474
11.190111901119366	29.764316404182814
11.200112001120365	31.696666483882552
11.210112101121366	40.00887871432958
11.220112201122365	47.702947867194105
11.230112301123366	41.473305476499974
11.240112401124367	29.301778972217647
11.250112501125367	30.267172536036398
11.260112601126368	40.585666527555595
11.270112701127367	34.11182437979265
11.280112801128368	44.09990377052865
11.290112901129369	59.696523089864385
11.300113001130368	34.482097834073805
11.31011310113137	59.45294926364398
11.320113201132369	34.4543917762337
11.33011330113337	62.74362544970097
11.34011340113437	62.388178337211606
11.35011350113537	36.552810203720476
11.360113601136371	58.2339452391105
11.37011370113737	33.503834044111606
11.380113801138371	48.47726373513401
11.390113901139372	42.93937820249254
11.400114001140372	55.119558246455185
11.410114101141373	32.003043379510295
11.420114201142372	54.979217301635785
11.430114301143373	12.842675307753751
11.440114401144372	51.56719392145006
11.450114501145373	52.82313324251227
11.460114601146374	57.57390971581095
11.470114701147374	55.53581025233305
11.480114801148375	45.66687726357656
11.490114901149374	40.30097137519336
11.500115001150375	49.76797026956066
11.510115101151376	60.42279091193063
11.520115201152375	54.3088828361965
11.530115301153376	51.52021775094288
11.540115401154376	36.60401242153078
11.550115501155377	24.940774373040686
11.560115601156378	47.469405307986015
11.570115701157377	56.7630802112015
11.580115801158378	20.611497278503226
11.590115901159377	55.7424241463699
11.600116001160378	36.9687535229875
11.61011610116138	24.848502339545878
11.620116201162379	45.777179454617354
11.63011630116338	38.73554169885784
11.640116401164379	32.631313570750756
11.65011650116538	46.6299867879227
11.660116601166381	43.498767651800385
11.67011670116738	39.142095745715494
11.680116801168381	46.217009304928105
11.69011690116938	39.95726359235317
11.700117001170382	41.15367574529435
11.710117101171383	39.43620916035072
11.720117201172382	43.02931668728534
11.730117301173383	39.773183151519575
11.740117401174382	30.89174882030347
11.750117501175383	34.951773850785564
11.760117601176384	34.65724041217068
11.770117701177384	36.54504203120632
11.780117801178385	34.48718575587118
11.790117901179384	35.42230792919732
11.800118001180385	23.074006328665423
11.810118101181386	30.667360823266044
11.820118201182385	39.60904979496218
11.830118301183386	25.495766370780586
11.840118401184386	29.263696370557174
11.850118501185387	39.07209520507751
11.860118601186388	45.558027392581245
11.870118701187387	36.93207808957554
11.880118801188388	18.867713081567626
11.890118901189387	49.25659246456601
11.900119001190388	13.272479257353993
11.910119101191388	45.128270210131845
11.920119201192389	37.672480711797334
11.93011930119339	50.66489151282037
11.940119401194389	17.856505377274924
11.95011950119539	45.07663791468097
11.96011960119639	48.643326893960804
11.97011970119739	37.07815975404396
11.980119801198391	47.4607076251424
11.99011990119939	54.35146830714197
12.000120001200392	41.343482911933364
12.010120101201391	30.17636659171882
12.020120201202392	46.94703935790565
12.030120301203393	34.9556918215523
12.040120401204392	38.99881411552363
12.050120501205393	43.66175799103406
12.060120601206393	49.383598895675206
12.070120701207394	10.49970475752331
12.080120801208395	32.09884464686288
12.090120901209394	44.068451223293735
12.100121001210395	57.158802382471485
12.110121101211394	22.16863690896819
12.120121201212395	45.694848204174214
12.130121301213396	48.21910021760354
12.140121401214396	26.904095670774446
12.150121501215397	38.989698844503764
12.160121601216396	36.20891587977016
12.170121701217397	32.84930448600007
12.180121801218398	51.78177021298496
12.190121901219397	48.12154843479096
12.200122001220398	44.299610926079076
12.210122101221398	35.37567442456169
12.220122201222399	22.947778087705213
12.2301223012234	19.79171501814513
12.240122401224399	39.21436450485124
12.2501225012254	39.80323815173417
12.2601226012264	37.501853190107376
12.2701227012274	37.59754986202679
12.280122801228401	40.18719732411662
12.2901229012294	49.592970614811364
12.300123001230402	30.021595412064187
12.310123101231401	32.676538779504575
12.320123201232402	29.62112209977392
12.330123301233403	31.497802159899322
12.340123401234402	34.34377815343067
12.350123501235403	34.60045188174278
12.360123601236403	35.20563847225945
12.370123701237404	38.4825173503526
12.380123801238403	37.809741138033445
12.390123901239404	26.339946814417612
12.400124001240405	45.49719038332275
12.410124101241404	35.601783952635465
12.420124201242405	35.71498990628923
12.430124301243405	51.19138963900144
12.440124401244406	31.289516300193394
12.450124501245407	52.041686943691786
12.460124601246406	36.35620560890558
12.470124701247407	44.16564905335341
12.480124801248406	31.855658590640083
12.490124901249407	26.17047453408962
12.500125001250408	33.41270501809156
12.510125101251408	36.67578179226556
12.520125201252409	55.48255211447588
12.530125301253408	26.09870499338388
12.540125401254409	60.706518209593405
12.55012550125541	38.13192415458009
12.56012560125641	51.295183903637934
12.57012570125741	41.937933485139645
12.58012580125841	47.523178977262724
12.59012590125941	49.51696079037686
12.600126001260412	39.722864747274706
12.610126101261411	70.57568166512719
12.620126201262412	65.44567720694569
12.630126301263411	52.26245316236774
12.640126401264412	37.80857905883006
12.650126501265413	63.466325436847896
12.660126601266413	59.010691695558315
12.670126701267414	39.164523357090296
12.680126801268413	49.80639028805665
12.690126901269414	55.54083971127037
12.700127001270415	47.91422769949917
12.710127101271414	68.2871687825298
12.720127201272415	34.71950237483924
12.730127301273415	47.3186621627969
12.740127401274416	64.77685339228415
12.750127501275417	48.882272627571254
12.760127601276416	54.57496814385479
12.770127701277417	51.122869144951736
12.780127801278416	33.857501844258294
12.790127901279417	18.957404233796698
12.800128001280417	30.685494795064443
12.810128101281418	58.92354360659222
12.820128201282419	39.548813773674496
12.830128301283418	35.36446696623582
12.840128401284419	32.473916379829674
12.850128501285418	46.2704709841989
12.86012860128642	29.85689271612419
12.87012870128742	48.32816590505429
12.88012880128842	30.567390266226525
12.89012890128942	38.30501294684299
12.90012900129042	38.3531867805615
12.910129101291421	33.01892940722137
12.920129201292422	28.825668554812456
12.930129301293421	35.19767859732049
12.940129401294422	34.04488054899054
12.950129501295422	35.66990776676776
12.960129601296423	35.290047033201624
12.970129701297424	33.31737595058238
12.980129801298423	32.5827774376663
12.990129901299424	36.61608812738311
13.000130001300423	29.4380045404204
13.010130101301424	46.416799766578535
13.020130201302425	11.977934500356206
13.030130301303425	36.737491201659594
13.040130401304426	30.30615309227858
13.050130501305425	35.43325835142175
13.060130601306426	44.63586586504738
13.070130701307427	40.574914760528074
13.080130801308426	33.4785312674957
13.090130901309427	30.99608868815627
13.100131001310427	46.03079547129104
13.110131101311428	-1.6917230533346328
13.120131201312429	37.19967835143616
13.130131301313428	59.35537207668815
13.140131401314429	32.24789754483237
13.150131501315428	38.75383936607572
13.16013160131643	32.670843118381704
13.17013170131743	51.54263326268336
13.18013180131843	9.264609586385866
13.19013190131943	44.33844150275824
13.20013200132043	-3.2379837187042217
13.210132101321431	57.178578381284915
13.220132201322432	55.75893149764251
13.230132301323431	38.43122242642734
13.240132401324432	45.64180754864433
13.250132501325432	25.947738282096463
13.260132601326433	49.66999608004357
13.270132701327432	46.026898229366346
13.280132801328433	34.449581623522256
13.290132901329434	33.42640048527488
13.300133001330433	46.52329119098578
13.310133101331434	30.055243886439122
13.320133201332434	50.742904218496165
13.330133301333435	36.024982045311766
13.340133401334436	44.77528503665737
13.350133501335435	43.46877838790538
13.360133601336436	43.458481977774525
13.370133701337435	25.792814745263446
13.380133801338436	26.414426606083993
13.390133901339437	38.963324821045816
13.400134001340437	39.556657412066045
13.410134101341438	19.10331175313435
13.420134201342437	44.597523646344015
13.430134301343438	24.891552903729707
13.440134401344439	33.51569163344226
13.450134501345438	40.575300446092434
13.46013460134644	38.50832712967968
13.470134701347439	34.814180530594776
13.48013480134844	21.740975084942676
13.49013490134944	36.59483200951505
13.50013500135044	34.43605014185883
13.510135101351441	33.81419082684673
13.52013520135244	35.14752711186054
13.530135301353441	34.767797426259534
13.540135401354442	36.07454839816613
13.550135501355442	34.91564720662866
13.560135601356443	40.36254263461125
13.570135701357442	42.00150449205933
13.580135801358443	32.28044778624398
13.590135901359444	28.740396744134745
13.600136001360443	29.68134886901263
13.610136101361444	36.90466395893755
13.620136201362444	25.171376162304426
13.630136301363445	45.68347603695881
13.640136401364446	36.59894510838737
13.650136501365445	44.81999163967345
13.660136601366446	38.6355466602626
13.670136701367445	21.31126637185803
13.680136801368446	49.81069701172544
13.690136901369447	41.425230233738695
13.700137001370447	53.69829890261186
13.710137101371448	20.771945475896413
13.720137201372447	59.70600371348972
13.730137301373448	46.94824365927012
13.740137401374447	51.73370399499728
13.750137501375448	61.53980333821356
13.76013760137645	31.512303854497546
13.770137701377449	45.10024176209072
13.78013780137845	60.2763940196285
13.790137901379449	59.91776004620906
13.80013800138045	42.01884113862796
13.810138101381451	57.48754646751427
13.82013820138245	55.9601552621019
13.830138301383451	47.54301726324114
13.84013840138445	25.742753307284307
13.850138501385452	46.093480545850234
13.860138601386453	55.05587170112205
13.870138701387452	59.43389010253237
13.880138801388453	45.113104394124264
13.890138901389452	55.18064930866048
13.900139001390453	47.04181211873255
13.910139101391454	50.09447088355474
13.920139201392454	61.04644352463482
13.930139301393455	37.31982237559845
13.940139401394454	59.37798763841227
13.950139501395455	49.368952763963655
13.960139601396456	43.08441754837969
13.970139701397455	45.556681497586645
13.980139801398456	44.68116766788811
13.990139901399456	42.61724775011009
14.000140001400457	55.696447841319795
14.010140101401458	22.694185149731908
14.020140201402457	52.44068920764392
14.030140301403458	40.528868618217125
14.040140401404457	46.898149031217045
14.050140501405458	32.912330261019896
14.06014060140646	42.23752965645128
14.070140701407459	37.473116738245466
14.08014080140846	41.96369866029653
14.090140901409459	35.818429239772165
14.10014100141046	33.39404885137557
14.110141101411461	34.544191675420315
14.12014120141246	34.678689908973844
14.130141301413461	35.46192787732851
14.14014140141446	35.17520487300623
14.150141501415462	34.2546084983773
14.160141601416463	36.41731026497394
14.170141701417462	13.983392649606955
14.180141801418463	32.22099339856582
14.190141901419462	26.372749568373823
14.200142001420463	45.87627238070925
14.210142101421463	43.973761873253274
14.220142201422464	50.48486452240298
14.230142301423465	35.6918486968314
14.240142401424464	48.57989919693897
14.250142501425465	50.75869090020712
14.260142601426464	11.501683796697348
14.270142701427465	34.26734983288736
14.280142801428466	28.257083765887405
14.290142901429466	39.96385909054546
14.300143001430467	5.816553063923961
14.310143101431466	28.147452989701343
14.320143201432467	44.00040048672614
14.330143301433468	46.66079604839353
14.340143401434467	45.29382261238407
14.350143501435468	39.61689140300114
14.360143601436468	49.1027151173318
14.370143701437469	26.532990798098243
14.38014380143847	13.587352209102066
14.390143901439469	54.40929029669292
14.40014400144047	49.783615142821446
14.41014410144147	32.37022163470535
14.42014420144247	21.451480447483533
14.430144301443471	24.70441261252201
14.44014440144447	29.676610137817885
14.450144501445472	57.52150898469309
14.460144601446471	27.359228037967448
14.470144701447472	41.12153662289387
14.480144801448473	37.518110168033026
14.490144901449472	33.65420516402013
14.500145001450473	45.280881754338616
14.510145101451473	20.597941549532187
14.520145201452474	48.553146558275905
14.530145301453475	16.716566297826986
14.540145401454474	48.261811060012995
14.550145501455475	33.53117826695345
14.560145601456474	41.49605079827562
14.570145701457475	44.50728152345484
14.580145801458476	29.140865267915416
14.590145901459476	43.48405198545505
14.600146001460477	25.143171010173642
14.610146101461476	35.458645172416134
14.620146201462477	40.04299672454384
14.630146301463478	44.103150899962046
14.640146401464477	-13.586489086658519
14.650146501465478	30.614423740357267
14.660146601466478	36.51701233356158
14.670146701467479	35.789862404191865
14.680146801468478	33.46043023364879
14.690146901469479	33.97568438374878
14.70014700147048	33.59406914208904
14.71014710147148	34.3600573254019
14.72014720147248	30.372700310494842
14.73014730147348	33.20253456007526
14.74014740147448	36.869443255683095
14.750147501475482	21.82498590348504
14.760147601476481	40.3946159251151
14.770147701477482	27.919355551926664
14.780147801478481	39.48289457638879
14.790147901479482	48.9652540903032
14.800148001480483	43.44541694350223
14.810148101481483	19.734709145013873
14.820148201482484	28.610483878619235
14.830148301483483	33.73351707903912
14.840148401484484	47.88176205234374
14.850148501485485	32.413927577671416
14.860148601486484	41.66541763068403
14.870148701487485	41.93385788622236
14.880148801488485	57.20041753217907
14.890148901489486	47.304010234277996
14.900149001490487	55.85480020786158
14.910149101491486	49.935110031244584
14.920149201492487	34.889753965515226
14.930149301493486	34.62579978823944
14.940149401494487	54.8288300748504
14.950149501495488	60.65821412022469
14.960149601496488	46.18834080864612
14.970149701497489	69.08843236624055
14.980149801498488	40.92465762500324
14.990149901499489	63.37401018527171
