0.0	nan
0.010000100001000326	1.8930739141969386
0.020000200002000652	6.195004484906185
0.03000030000300098	-6.44671730217459
0.040000400004001305	-15.657215768678073
0.05000050000500163	-9.927009650087676
0.06000060000600196	-7.156975928531721
0.07000070000700229	-8.791157233832019
0.08000080000800261	-1.0856002442075132
0.09000090000900293	2.5865826764972297
0.10000100001000325	-3.231237545649471
0.11000110001100359	-2.4818892624045956
0.12000120001200391	-0.49520688283921965
0.13000130001300425	1.9631689006077588
0.14000140001400457	-1.0620970922998503
0.1500015000150049	1.0660928456711534
0.16000160001600522	1.8330263449648727
0.17000170001700554	2.664503083351341
0.18000180001800586	2.480884081242184
0.1900019000190062	3.269139786651424
0.2000020000200065	-0.6878219428120519
0.21000210002100686	4.445336420730178
0.22000220002200718	1.9839035332455401
0.2300023000230075	3.43588174330788
0.24000240002400783	4.5354531621473
0.2500025000250082	2.5434608419770584
0.2600026000260085	3.1957322764252667
0.2700027000270088	3.3139465084006616
0.28000280002800915	4.568380218794854
0.29000290002900947	2.531267882694294
0.3000030000300098	3.369406078017823
0.3100031000310101	4.6261255127079375
0.32000320003201044	4.9223154346720595
0.33000330003301076	4.210637635457308
0.3400034000340111	4.522110731953793
0.3500035000350114	5.949596769921768
0.36000360003601173	5.851878003376396
0.37000370003701205	5.482225912461894
0.3800038000380124	6.09037110834581
0.3900039000390127	7.764879616502546
0.400004000040013	6.264580291389157
0.4100041000410134	7.072607569012087
0.4200042000420137	8.23218358137905
0.43000430004301404	8.857575790575936
0.44000440004401437	9.047550085123616
0.4500045000450147	8.086552827608765
0.460004600046015	9.545302505511073
0.47000470004701533	10.047613756933789
0.48000480004801566	9.41748218588296
0.490004900049016	8.631628483326148
0.5000050000500164	9.963398006252007
0.5100051000510166	10.58960848146447
0.520005200052017	10.431254672398119
0.5300053000530173	10.49155241922243
0.5400054000540176	11.350004171950378
0.5500055000550179	11.831963546527861
0.5600056000560183	11.379734479483462
0.5700057000570186	12.94426497794357
0.5800058000580189	13.305135097878342
0.5900059000590192	14.028353958316371
0.6000060000600196	14.4500302402336
0.6100061000610199	15.469670875758222
0.6200062000620202	16.45397262013085
0.6300063000630205	17.312217195712854
0.6400064000640209	17.490198220202778
0.6500065000650213	18.74475062514048
0.6600066000660215	18.318040318992683
0.6700067000670219	19.839323511112056
0.6800068000680222	20.426633588005824
0.6900069000690225	21.707415767292368
0.7000070000700228	21.77446008014691
0.7100071000710232	22.498009401025374
0.7200072000720235	23.674654513089322
0.7300073000730238	23.959121598697845
0.7400074000740241	24.88966766968997
0.7500075000750245	25.618628453861913
0.7600076000760247	27.38810792032656
0.7700077000770251	28.256252412690024
0.7800078000780254	28.825790937826927
0.7900079000790258	29.987091106977505
0.800008000080026	31.937669303536797
0.8100081000810264	33.110392181147695
0.8200082000820268	33.67099837020809
0.8300083000830271	34.88058510303499
0.8400084000840274	36.83533967103374
0.8500085000850277	38.531918681536844
0.8600086000860281	40.04302742379013
0.8700087000870284	41.18846397798789
0.8800088000880287	42.06064742376718
0.890008900089029	43.91016566919681
0.9000090000900294	45.61505823657437
0.9100091000910296	46.721607949237885
0.92000920009203	48.4997831800505
0.9300093000930303	49.86038163716124
0.9400094000940307	52.620501406022335
0.9500095000950309	53.46531481977288
0.9600096000960313	56.18200547909532
0.9700097000970317	58.24617031206411
0.980009800098032	60.312950049656486
0.9900099000990323	60.53457134766346
1.0000100001000327	62.53530982231238
1.0100101001010329	62.76021035054997
1.0200102001020332	47.638649628310404
1.0300103001030336	64.98350250130295
1.040010400104034	73.31145690001757
1.0500105001050342	82.3627337165059
1.0600106001060345	83.58604606426405
1.070010700107035	82.48086157555467
1.0800108001080353	83.82694519044149
1.0900109001090355	78.5098006782727
1.1000110001100358	67.91102315193386
1.1100111001110362	75.09012800279585
1.1200112001120366	88.27017032240389
1.130011300113037	66.30934339019555
1.1400114001140371	70.08465397594803
1.1500115001150375	71.26212118232304
1.1600116001160379	64.9336706475098
1.1700117001170383	65.86495612407379
1.1800118001180384	65.30648964899767
1.1900119001190388	62.83111185700918
1.2000120001200392	61.57283649632018
1.2100121001210395	55.52041289675944
1.2200122001220397	62.58841083911955
1.23001230012304	57.93171945502321
1.2400124001240405	60.052133216621485
1.2500125001250408	59.577829058128756
1.260012600126041	59.44992265944103
1.2700127001270414	59.280509038821315
1.2800128001280418	59.66864063831969
1.2900129001290421	58.826111363737844
1.3000130001300425	60.38325027010795
1.3100131001310427	61.581896845673185
1.320013200132043	55.23845132813568
1.3300133001330434	58.568030712503024
1.3400134001340438	59.6969360329476
1.350013500135044	60.55645908822489
1.3600136001360443	60.60245374016659
1.3700137001370447	60.368926962645936
1.380013800138045	61.17829793848551
1.3900139001390452	61.9613143857129
1.4000140001400456	62.24331159946944
1.410014100141046	55.34102279442643
1.4200142001420464	64.60422302627977
1.4300143001430465	64.20342360177635
1.440014400144047	62.79521659872622
1.4500145001450473	64.03245308946971
1.4600146001460477	65.61647460048782
1.470014700147048	66.17677514435971
1.4800148001480482	67.4338882337694
1.4900149001490486	69.23901989300886
1.500015000150049	69.81073674795297
1.5100151001510493	71.15667056940656
1.5200152001520495	69.90336052184175
1.5300153001530499	70.8807184588243
1.5400154001540503	73.3291129816128
1.5500155001550506	76.67201147164462
1.5600156001560508	74.88752659080048
1.5700157001570512	75.68603388864227
1.5800158001580515	81.63519512983402
1.590015900159052	85.90607582599466
1.600016000160052	78.31369581084009
1.6100161001610525	81.73720761166297
1.6200162001620528	91.847038157116
1.6300163001630532	109.24506626229048
1.6400164001640536	81.46880393278582
1.6500165001650537	71.2469196297139
1.6600166001660541	28.297651945350765
1.6700167001670545	13.69286666998297
1.6800168001680549	63.721383425679996
1.690016900169055	81.24616476231928
1.7000170001700554	88.19958115490905
1.7100171001710558	92.31306354701135
1.7200172001720562	49.81786445583815
1.7300173001730563	88.6473109906742
1.7400174001740567	84.95862622154256
1.750017500175057	100.4326325159866
1.7600176001760575	91.82793281068194
1.7700177001770578	80.34176190557524
1.780017800178058	78.10010954014398
1.7900179001790584	86.02471467422578
1.8000180001800588	80.39876386212353
1.8100181001810591	75.23663842591829
1.8200182001820593	74.46877644933232
1.8300183001830597	81.9498093673251
1.84001840018406	78.2220812074266
1.8500185001850604	74.85271381694835
1.8600186001860606	74.8331688688952
1.870018700187061	61.50925582531671
1.8800188001880613	75.47705770600962
1.8900189001890617	71.39911046069425
1.9000190001900619	72.67910286358573
1.9100191001910622	79.48978894723669
1.9200192001920626	74.23969395974348
1.930019300193063	70.02674588059149
1.9400194001940634	65.42106094038579
1.9500195001950635	71.1787667407262
1.960019600196064	69.30884049979039
1.9700197001970643	66.46083706408274
1.9800198001980647	71.87440086218965
1.9900199001990648	74.15020988097928
2.0000200002000654	77.31080706675729
2.0100201002010656	65.53057407458371
2.0200202002020657	69.0297904298312
2.0300203002030663	73.39040774917366
2.0400204002040665	66.58678429276866
2.0500205002050667	63.472343446429015
2.0600206002060673	65.92751786433574
2.0700207002070674	80.64958501213435
2.080020800208068	80.80967722859913
2.090020900209068	73.39945983872086
2.1000210002100683	66.62939260934671
2.110021100211069	75.1385389893234
2.120021200212069	85.53436889712667
2.1300213002130697	65.91462198674321
2.14002140021407	65.17030967728454
2.15002150021507	69.07850491349244
2.1600216002160706	81.18646473246424
2.1700217002170707	58.49798164184659
2.180021800218071	57.201694967455595
2.1900219002190715	63.289019636756855
2.2000220002200717	50.20036277852682
2.2100221002210723	62.31833928573791
2.2200222002220724	46.061415572924865
2.2300223002230726	46.89483797436187
2.240022400224073	59.534561705168535
2.2500225002250733	47.90279752501916
2.260022600226074	30.499035970192807
2.270022700227074	7.48950308727175
2.2800228002280742	7.432633258986737
2.290022900229075	26.12749242978559
2.300023000230075	33.09655911730532
2.310023100231075	42.33453536832021
2.3200232002320758	45.43339162219294
2.330023300233076	54.566113500896265
2.3400234002340765	49.643297436376635
2.3500235002350767	51.22540712775049
2.360023600236077	53.34571453448451
2.3700237002370774	48.83269540081236
2.3800238002380776	66.46511613980994
2.3900239002390777	41.26566597884996
2.4000240002400783	40.06835117515237
2.4100241002410785	52.943012172847915
2.420024200242079	65.82226157556315
2.4300243002430792	46.990125682988065
2.4400244002440794	86.12488385617067
2.45002450024508	62.68372381423022
2.46002460024608	59.35288344347821
2.4700247002470808	58.66061781304279
2.480024800248081	55.49455444120384
2.490024900249081	63.213123812608764
2.5000250002500817	72.9660419756194
2.510025100251082	78.39881776777689
2.520025200252082	68.28600589857996
2.5300253002530826	55.54947202910076
2.5400254002540827	72.13477895738717
2.5500255002550833	74.21777031103811
2.5600256002560835	64.58618407056193
2.5700257002570837	58.56434152707321
2.5800258002580843	66.57530591116915
2.5900259002590844	65.7796003362536
2.600026000260085	61.727366776715066
2.610026100261085	63.328085985162055
2.6200262002620853	53.94954860392899
2.630026300263086	23.982364948915276
2.640026400264086	19.964211624237738
2.6500265002650862	31.021732202540218
2.660026600266087	39.568758322604616
2.670026700267087	43.423300673337735
2.6800268002680876	54.31775831176417
2.6900269002690878	35.79555150622228
2.700027000270088	47.92420535828332
2.7100271002710885	46.606880221595446
2.7200272002720887	50.84845307734743
2.7300273002730893	42.17931367092643
2.7400274002740894	38.87051361986072
2.7500275002750896	47.20399503373528
2.76002760027609	43.52256443489442
2.7700277002770903	6.6246322904003785
2.7800278002780905	7.737903474547914
2.790027900279091	0.45305613164548414
2.8000280002800912	15.409666837151367
2.810028100281092	25.26917086376223
2.820028200282092	28.9669023900566
2.830028300283092	15.244730420756161
2.8400284002840928	-5.53183406529597
2.850028500285093	15.552663289028205
2.860028600286093	14.087651064927982
2.8700287002870937	5.820702097959876
2.880028800288094	0.8197349992426465
2.8900289002890944	3.7281655801237066
2.9000290002900946	2.2672284381836416
2.9100291002910947	-15.100729675873218
2.9200292002920953	-6.150136549817359
2.9300293002930955	15.364298211909729
2.940029400294096	24.187181211304246
2.9500295002950963	14.10408328598263
2.9600296002960964	-5.01222496287676
2.970029700297097	23.22420967899168
2.980029800298097	23.78368392083662
2.9900299002990973	18.468402430859772
3.000030000300098	18.372342531127668
3.010030100301098	29.05685222535918
3.0200302003020987	20.342695224302467
3.030030300303099	25.77040366965351
3.040030400304099	25.40235612504223
3.0500305003050996	21.6803314618326
3.0600306003060997	16.630538210106444
3.0700307003071003	27.520360523380287
3.0800308003081005	21.36823184465774
3.0900309003091007	-2.8153344349305525
3.1000310003101013	19.700579369990265
3.1100311003111014	18.067588458911526
3.1200312003121016	36.507959056979765
3.130031300313102	6.410910175546114
3.1400314003141023	31.14380530688181
3.150031500315103	14.904758413795133
3.160031600316103	18.270712984887094
3.1700317003171032	26.853985752063135
3.180031800318104	40.17655943897126
3.190031900319104	14.353770580448366
3.200032000320104	35.09501821797089
3.2100321003211048	31.985010212481235
3.220032200322105	25.69299259172766
3.2300323003231055	37.26067853878327
3.2400324003241057	20.46744619432267
3.250032500325106	32.794819255042796
3.2600326003261064	27.527150198754914
3.2700327003271066	35.038657873886294
3.280032800328107	20.345096803471204
3.2900329003291073	25.74163476834238
3.3000330003301075	25.235559301453083
3.310033100331108	22.57939598163276
3.3200332003321082	27.970084544177215
3.3300333003331084	20.946830781081903
3.340033400334109	10.290502404688555
3.350033500335109	28.075445915551867
3.3600336003361098	34.48434544138617
3.37003370033711	22.616470780735234
3.38003380033811	14.26894929634391
3.3900339003391107	22.273120106130268
3.400034000340111	29.48234052915916
3.4100341003411114	12.744433981370067
3.4200342003421116	-12.804690252709841
3.4300343003431117	12.499411694103864
3.4400344003441123	16.33993530434439
3.4500345003451125	8.299698078596514
3.4600346003461127	0.3761807551739145
3.4700347003471133	-3.1030875618189224
3.4800348003481134	3.2611825657618785
3.490034900349114	-2.287479937328387
3.500035000350114	4.076011732831931
3.5100351003511143	14.67188244825007
3.520035200352115	14.738212177437314
3.530035300353115	8.483770019157014
3.5400354003541157	-13.475119611950428
3.550035500355116	27.172239266423386
3.560035600356116	23.13745349054337
3.5700357003571166	21.05782491608433
3.5800358003581167	17.664290780947926
3.590035900359117	24.103485705398885
3.6000360003601175	14.574577755133285
3.6100361003611177	17.082547243951105
3.6200362003621183	24.102828549782526
3.6300363003631184	17.109412929796054
3.6400364003641186	24.410718641722493
3.650036500365119	9.479744208087292
3.6600366003661193	16.453708565033736
3.6700367003671195	-8.960319905921295
3.68003680036812	14.924999010103132
3.6900369003691202	20.999457303589097
3.700037000370121	26.455080955594116
3.710037100371121	36.32830109032234
3.720037200372121	38.09850259279228
3.7300373003731218	-1.5689346800661697
3.740037400374122	43.39278412232403
3.7500375003751225	44.56867895610973
3.7600376003761227	35.532155258140406
3.770037700377123	29.10546851299726
3.7800378003781234	35.47367234194755
3.7900379003791236	36.2957440580235
3.8000380003801237	19.95745451094657
3.8100381003811243	31.48295537469408
3.8200382003821245	-20.6250350477705
3.830038300383125	40.92805193614015
3.8400384003841253	11.092882767306055
3.8500385003851254	40.84387288851835
3.860038600386126	32.16278759988215
3.870038700387126	23.2167314838682
3.8800388003881268	12.122742911478861
3.890038900389127	34.061609779055814
3.900039000390127	23.223055248089842
3.9100391003911277	22.38644381835806
3.920039200392128	24.822573409623832
3.930039300393128	24.274549914461918
3.9400394003941286	21.459290595464022
3.9500395003951287	10.903428199807543
3.9600396003961293	13.811871918572285
3.9700397003971295	-6.166126559536491
3.9800398003981297	2.9485251443368266
3.9900399003991303	4.081998064642029
4.000040000400131	4.42845887898002
4.010040100401131	9.31502823689994
4.020040200402131	-27.733359426297266
4.030040300403131	-2.792636235368172
4.0400404004041315	17.062157280911304
4.0500405004051325	11.319046623360926
4.060040600406133	-0.11467924051903428
4.070040700407133	1.66045559976594
4.080040800408133	2.15719708361492
4.090040900409133	-4.948517391893727
4.100041000410133	-0.5144067122027393
4.110041100411134	7.943068786252881
4.1200412004121345	17.536297857091338
4.130041300413135	-11.403321717678095
4.140041400414135	2.7191037272916008
4.150041500415135	10.472336775627372
4.160041600416136	10.56045540303296
4.170041700417136	8.803389974115575
4.180041800418136	19.44115120200656
4.1900419004191365	-12.52200869745689
4.200042000420137	23.0069459255
4.210042100421138	16.923347836874303
4.220042200422138	-36.76817703147952
4.230042300423138	29.54978603481131
4.240042400424138	26.255701881061746
4.250042500425138	12.030049893563048
4.260042600426139	10.914857919847444
4.2700427004271395	4.5555185233126
4.28004280042814	11.731476629187917
4.29004290042914	-2.4036163563888953
4.30004300043014	9.320650701832403
4.31004310043114	24.02597843352761
4.320043200432141	15.65429999652866
4.330043300433141	11.830996859227588
4.3400434004341415	24.061814100019035
4.350043500435142	19.942750219982326
4.360043600436142	26.386309811974808
4.370043700437143	20.000971631350478
4.380043800438143	20.50428758073347
4.390043900439143	30.75396743167131
4.400044000440143	21.94896731403523
4.4100441004411435	18.53935323972925
4.4200442004421445	18.479573525697468
4.430044300443145	24.504078793436037
4.440044400444145	26.380445201147605
4.450044500445145	19.40588393279515
4.460044600446145	18.812015449316316
4.470044700447146	20.87941529988381
4.480044800448146	3.793748462658117
4.4900449004491465	-5.188738663460018
4.500045000450147	8.420102016532763
4.510045100451147	20.493836053826932
4.520045200452148	4.9754931791932
4.530045300453148	-1.0338300301103558
4.540045400454148	14.329904402287761
4.550045500455148	-7.057459592878807
4.5600456004561485	21.042684417147402
4.570045700457149	-16.32688424156151
4.58004580045815	10.100806086356428
4.59004590045915	18.32134323137696
4.60004600046015	-2.47641844967984
4.61004610046115	-0.06242685055056284
4.62004620046215	-2.6707282068103955
4.630046300463151	11.233570903105317
4.6400464004641515	9.040776312644828
4.650046500465152	5.032103495968841
4.660046600466152	1.2386135472439785
4.670046700467152	1.9886210917613385
4.680046800468153	1.373617437481976
4.690046900469153	0.8599664663029729
4.700047000470153	6.676690380317502
4.7100471004711535	5.553357154214076
4.720047200472154	8.930711649349764
4.730047300473155	1.1934568765031883
4.740047400474155	2.9979327789411383
4.750047500475155	1.1168019771900535
4.760047600476155	10.631028608822445
4.770047700477155	14.18020826489998
4.7800478004781555	8.618576137124107
4.7900479004791565	12.154548225538008
4.800048000480157	14.201335194426616
4.810048100481157	4.135150094336162
4.820048200482157	7.555268453259985
4.830048300483157	-13.17056016269991
4.840048400484158	20.737602829214904
4.850048500485158	9.405012537033778
4.8600486004861585	-11.695264786756054
4.870048700487159	24.02668292849811
4.880048800488159	6.884452897525766
4.89004890048916	3.1183538476579544
4.90004900049016	5.144401579170999
4.91004910049116	15.18908898991511
4.92004920049216	2.025824618339752
4.9300493004931605	-2.804747938285177
4.9400494004941615	27.18995397620371
4.950049500495162	22.08798780379253
4.960049600496162	-4.8896639258052526
4.970049700497162	13.07315423583791
4.980049800498162	-6.511254684876296
4.990049900499163	26.487135647262644
5.000050000500163	11.719691829309575
5.0100501005011635	17.50088309354533
5.020050200502164	22.797733391506323
5.030050300503164	23.368443167486014
5.040050400504164	23.77781870322349
5.050050500505165	3.977773949313608
5.060050600506165	0.8841402256605084
5.070050700507165	3.2806519426159166
5.0800508005081655	17.928483229559426
5.090050900509166	21.607798014353666
5.100051000510167	14.861527460423856
5.110051100511167	21.853644589830488
5.120051200512167	-3.050141376710943
5.130051300513167	16.214583050263016
5.140051400514167	15.31479477841702
5.150051500515168	-14.275523014358768
5.1600516005161685	-10.288314526722118
5.170051700517169	4.126812135976819
5.180051800518169	17.68560271982151
5.190051900519169	-3.5820409183349144
5.20005200052017	2.6201992780405776
5.21005210052117	-11.805784595834497
5.22005220052217	9.109866426532076
5.2300523005231705	5.7209908869733805
5.240052400524171	3.1185181789287664
5.250052500525171	4.968555668271012
5.260052600526172	3.0031543876774154
5.270052700527172	3.0458547293785143
5.280052800528172	1.4406051141941003
5.290052900529172	-11.83024705107706
5.3000530005301725	1.3784266160709948
5.3100531005311735	-6.244406852455171
5.320053200532174	10.138629156602272
5.330053300533174	11.724538970797921
5.340053400534174	5.728184351059615
5.350053500535174	13.21804342444146
5.360053600536175	-2.959790377572038
5.370053700537175	7.570582203107941
5.3800538005381755	5.4782151024970975
5.390053900539176	14.006019596468077
5.400054000540176	19.72849270313276
5.410054100541177	15.186889468863559
5.420054200542177	17.369350965108506
5.430054300543177	12.043901574225657
5.440054400544177	9.707100895786027
5.4500545005451775	11.8769122062085
5.4600546005461785	29.47550651597838
5.470054700547179	13.931420663493302
5.480054800548179	15.822235647582568
5.490054900549179	3.65085745359341
5.500055000550179	18.37541459654633
5.510055100551179	6.63419040876004
5.52005520055218	21.28549315699386
5.5300553005531805	8.787716722399917
5.540055400554181	0.5155276757327953
5.550055500555181	1.4077732808883354
5.560055600556181	11.03670096483962
5.570055700557182	5.386089757085164
5.580055800558182	14.781454731720373
5.590055900559182	26.18105335724419
5.6000560005601825	9.65699611535048
5.610056100561183	27.567948406328956
5.620056200562184	15.453082966817107
5.630056300563184	16.26654519163437
5.640056400564184	29.091859932690426
5.650056500565184	-9.43845319482219
5.660056600566184	25.73971127081782
5.670056700567185	11.94822943043054
5.6800568005681855	19.990743599437387
5.690056900569186	11.622683827431457
5.700057000570186	2.2770671897311803
5.710057100571186	11.726750177416452
5.720057200572186	23.19953513289959
5.730057300573187	9.734657787749374
5.740057400574187	9.110236805133795
5.7500575005751875	14.396784385184324
5.760057600576188	8.595932017012721
5.770057700577188	-5.193842050483144
5.780057800578189	-4.06275651068003
5.790057900579189	7.6093519568001176
5.800058000580189	12.751748775680571
5.810058100581189	-4.935917450349771
5.8200582005821895	-15.184668636027313
5.8300583005831905	0.4215738726272906
5.840058400584191	4.730358864152065
5.850058500585191	2.2248959195452254
5.860058600586191	1.5673091752965258
5.870058700587191	2.768950219062184
5.880058800588192	5.307415357036765
5.890058900589192	5.46552714289542
5.9000590005901925	1.6879336371676081
5.910059100591193	-9.3942691636523
5.920059200592193	14.221414142087006
5.930059300593194	-7.883742167424848
5.940059400594194	-9.570740086659168
5.950059500595194	13.949393717162486
5.960059600596194	21.893917043000695
5.9700597005971945	-6.727654468534488
5.980059800598195	4.005567499504714
5.990059900599196	18.350416816566074
6.000060000600196	0.3204027287695334
6.010060100601196	18.461835862642474
6.020060200602196	9.833138871296038
6.030060300603196	23.144259272664332
6.040060400604197	-3.30327097434889
6.0500605006051975	16.160841051106978
6.060060600606198	17.347902264631852
6.070060700607198	27.947523790694426
6.080060800608198	-9.51740028181794
6.090060900609199	-27.757515089629788
6.100061000610199	6.052818969086614
6.110061100611199	18.2768731682484
6.1200612006121995	11.56253328464045
6.1300613006132	5.645042206264471
6.140061400614201	22.6096469923981
6.150061500615201	2.737152404350199
6.160061600616201	29.167876874025783
6.170061700617201	9.0705106730074
6.180061800618201	10.227229580147311
6.1900619006192015	25.365473922255898
6.2000620006202025	16.09070856924766
6.210062100621203	7.345312072806279
6.220062200622203	24.50789083161635
6.230062300623203	-1.321631298976994
6.240062400624203	-0.7432461281334767
6.250062500625204	14.051162076344303
6.260062600626204	2.599632250172094
6.2700627006272045	10.146576321791416
6.280062800628205	20.65793483593774
6.290062900629205	23.13423645792431
6.300063000630206	-4.169707229176565
6.310063100631206	-5.509611068983467
6.320063200632206	4.662650573245186
6.330063300633206	14.957165639398202
6.3400634006342065	16.80534032804879
6.3500635006352075	15.699436829563098
6.360063600636208	5.445726185328063
6.370063700637208	9.483137545635437
6.380063800638208	-7.9383747342350945
6.390063900639208	-10.696589178235095
6.400064000640208	5.0445425167758104
6.410064100641209	2.2298577891404245
6.4200642006422095	-4.958113389225588
6.43006430064321	1.8254966023641117
6.44006440064421	0.9130281854486476
6.45006450064521	1.1999690647024843
6.460064600646211	-0.743152807169006
6.470064700647211	-0.5048689975047056
6.480064800648211	6.219235935285617
6.4900649006492115	-0.5700482341534867
6.500065000650212	-10.419960883578895
6.510065100651213	13.687697715691494
6.520065200652213	-0.9439152964446046
6.530065300653213	9.828819369688011
6.540065400654213	13.084622133012376
6.550065500655213	12.994712349006406
6.560065600656214	8.268408147863472
6.5700657006572145	-5.290677159888331
6.580065800658215	-8.471719251211248
6.590065900659215	5.115096794004149
6.600066000660215	21.253017232256322
6.610066100661216	17.947230435900828
6.620066200662216	8.460782096996605
6.630066300663216	1.0879070994952558
6.6400664006642165	15.233922133143787
6.650066500665217	-23.407723410134118
6.660066600666217	17.615862567327273
6.670066700667218	5.766256193762915
6.680066800668218	27.45841573048835
6.690066900669218	14.132604840023905
6.700067000670218	15.260400077743556
6.7100671006712185	-11.74201201825875
6.7200672006722195	16.59766550139394
6.73006730067322	0.2709186054107876
6.74006740067422	16.014088449727048
6.75006750067522	-13.693598054937155
6.76006760067622	21.81086164884785
6.770067700677221	26.946145263900785
6.780067800678221	18.055681163026826
6.7900679006792215	29.803003308326698
6.800068000680222	-0.033076767082260365
6.810068100681222	17.45107333631322
6.820068200682223	-0.03680931754146913
6.830068300683223	7.873955701308886
6.840068400684223	17.37551963725849
6.850068500685223	5.541631405145359
6.8600686006862235	-0.7086713187010019
6.870068700687224	4.928990396911269
6.880068800688225	7.285128125468916
6.890068900689225	-10.629975707154639
6.900069000690225	1.1789811577014864
6.910069100691225	26.831121013032067
6.920069200692225	9.07380701520286
6.930069300693226	10.163117508876734
6.9400694006942265	5.195159242939646
6.950069500695227	1.7149543640667435
6.960069600696227	-2.5856320497336402
6.970069700697227	9.748736026454567
6.980069800698228	-0.12737121853545516
6.990069900699228	2.419395004672534
7.000070000700228	2.7679807391088316
7.0100701007012285	3.4346342211476064
7.020070200702229	0.9943882824684892
7.03007030070323	3.2710031647880276
7.04007040070423	2.0788590349453124
7.05007050070523	2.2756497163110243
7.06007060070623	10.305009712067104
7.07007070070723	-1.536592490321629
7.080070800708231	11.697530056172678
7.0900709007092315	-5.925257602275337
7.100071000710232	-9.249332852478668
7.110071100711232	-24.266396438062433
7.120071200712232	-2.1953805321628845
7.130071300713232	-3.9182130501327137
7.140071400714233	-4.007396381534175
7.150071500715233	6.557813741878166
7.1600716007162335	9.074589977153103
7.170071700717234	10.37793950038276
7.180071800718234	6.151032966734797
7.190071900719235	21.290888924106653
7.200072000720235	9.605138004127046
7.210072100721235	22.45495027582314
7.220072200722235	10.549497175585232
7.2300723007232355	22.657100081084064
7.2400724007242365	4.07171250341492
7.250072500725237	12.818963610318063
7.260072600726237	0.5071470537181403
7.270072700727237	17.249722934562612
7.280072800728237	-6.680472335475539
7.290072900729238	13.213380668911821
7.300073000730238	-18.94179463629242
7.3100731007312385	4.000632755202776
7.320073200732239	25.45271810713067
7.330073300733239	7.324241680483001
7.340073400734239	19.0316099463384
7.35007350073524	20.82751666663513
7.36007360073624	29.97727746144031
7.37007370073724	-1.2276831333458271
7.3800738007382405	8.578497998283192
7.390073900739241	17.83246328258722
7.400074000740242	25.22306544593259
7.410074100741242	19.235106352871323
7.420074200742242	0.8518704271074918
7.430074300743242	10.973195646567422
7.440074400744242	10.294772908781761
7.450074500745243	2.2949078881552754
7.4600746007462435	15.857291507735154
7.470074700747244	0.10636581665311903
7.480074800748244	12.40752308465313
7.490074900749244	14.65400759480772
7.500075000750245	14.515553886582673
7.510075100751245	12.93905523774205
7.520075200752245	-12.463185091587368
7.5300753007532455	-13.492054997937688
7.540075400754246	4.714170007155238
7.550075500755247	-9.255552278551207
7.560075600756247	16.07776279403472
7.570075700757247	-4.538967108679757
7.580075800758247	3.6119178231121443
7.590075900759247	6.967949008268285
7.6000760007602475	0.5448101135135717
7.6100761007612485	5.3889674161280094
7.620076200762249	3.4523103995228785
7.630076300763249	2.4079397273436984
7.640076400764249	2.185177148156156
7.650076500765249	1.5520932694718346
7.66007660076625	7.683253631237723
7.67007670076725	6.42977447401969
7.6800768007682505	-5.299304009595298
7.690076900769251	9.838324236590124
7.700077000770251	-8.754813875456374
7.710077100771252	-7.634324967435114
7.720077200772252	7.308711430195577
7.730077300773252	9.012084739948035
7.740077400774252	12.15038784634358
7.7500775007752525	15.960201897377102
7.7600776007762535	18.448452303478465
7.770077700777254	19.909121665434057
7.780077800778254	-22.136407682937424
7.790077900779254	-7.627753856034648
7.800078000780254	18.003169681150787
7.810078100781254	10.340651182652406
7.820078200782255	15.20088977676971
7.8300783007832555	-1.4148476815360231
7.840078400784256	0.5949563313867361
7.850078500785256	7.571858666077335
7.860078600786256	-6.333950306484657
7.870078700787257	2.5190827240126983
7.880078800788257	12.768373965274504
7.890078900789257	12.648399839748109
7.9000790007902575	-0.7708066611116883
7.910079100791258	21.79292340118541
7.920079200792259	20.354863841352714
7.930079300793259	0.8462294690736529
7.940079400794259	11.64084203500435
7.950079500795259	10.31661104372615
7.960079600796259	-29.166562932121884
7.97007970079726	13.997649169834705
7.9800798007982605	27.731469616465553
7.990079900799261	2.8631867498393224
8.000080000800262	24.917318048025017
8.010080100801261	13.6204662102473
8.020080200802262	-16.481049229017362
8.030080300803261	2.2256815109481245
8.040080400804262	6.342335570191542
8.050080500805263	25.323158483941224
8.060080600806263	17.173073307226737
8.070080700807264	19.61373167009125
8.080080800808263	12.415139678622207
8.090080900809264	1.7444940892372411
8.100081000810265	4.988336123688547
8.110081100811264	-1.6602924509223984
8.120081200812265	-1.4164641823897584
8.130081300813265	8.944956311664699
8.140081400814266	-0.8675307005593471
8.150081500815265	11.210593940237839
8.160081600816266	4.7260527488563175
8.170081700817267	10.883952568046576
8.180081800818266	-5.785573605213785
8.190081900819267	1.2768273106563373
8.200082000820267	6.277188004715087
8.210082100821268	-0.934155980962277
8.220082200822269	0.9276138251514173
8.230082300823268	-2.4826252463781837
8.240082400824269	4.848349513530636
8.250082500825268	-6.122648862201597
8.26008260082627	-3.52359007672013
8.27008270082727	7.287407971927564
8.28008280082827	-6.209842137353209
8.29008290082927	4.805412664961421
8.30008300083027	0.45251939314039513
8.310083100831271	-3.0858268687485713
8.320083200832272	4.791077740108035
8.330083300833271	24.02401751093752
8.340083400834272	11.717195902909783
8.350083500835272	18.023144028834036
8.360083600836273	-16.588636132960264
8.370083700837274	9.603150722612998
8.380083800838273	14.073557324026286
8.390083900839274	13.969869582406455
8.400084000840273	14.271831210594273
8.410084100841274	15.37229680492195
8.420084200842275	25.188158855059225
8.430084300843275	7.387400183242219
8.440084400844276	22.303066360125335
8.450084500845275	26.19230903240222
8.460084600846276	24.17647829559452
8.470084700847277	-6.7723447645905654
8.480084800848276	14.1117960023718
8.490084900849277	-8.95106143996635
8.500085000850277	15.329149949903268
8.510085100851278	-5.8677486464564526
8.520085200852279	19.632944821921004
8.530085300853278	10.5364234825852
8.540085400854279	17.430117786707665
8.550085500855278	2.9184363981765546
8.56008560085628	21.709216090594524
8.57008570085728	10.962470799537517
8.58008580085828	-4.603352997707708
8.59008590085928	0.994699226812606
8.60008600086028	-2.9682883289065893
8.610086100861281	-16.091119799284776
8.62008620086228	-10.13990129152687
8.630086300863281	19.32315866892371
8.640086400864282	18.10912916002038
8.650086500865282	8.575820120684668
8.660086600866283	20.16509504515782
8.670086700867282	22.525760096070304
8.680086800868283	0.8780203554501407
8.690086900869284	2.2726481823950637
8.700087000870283	-19.50304976858337
8.710087100871284	7.870629281914214
8.720087200872284	8.216078858993377
8.730087300873285	-19.430826811202014
8.740087400874286	7.793656377840196
8.750087500875285	-16.201687164606323
8.760087600876286	1.496209727634718
8.770087700877285	4.251466134302513
8.780087800878286	-0.002405455953516315
8.790087900879287	6.268313517263976
8.800088000880287	3.366973456004313
8.810088100881288	2.779290026286741
8.820088200882287	1.3578889856182386
8.830088300883288	5.258803076645688
8.840088400884289	2.497524651481977
8.850088500885288	-1.7528081630234829
8.86008860088629	5.638772787615095
8.870088700887289	-6.97605514387621
8.88008880088829	-12.718907659409604
8.89008890088929	0.7138780071254199
8.90008900089029	9.991455075626607
8.910089100891291	-27.25500652562534
8.92008920089229	1.9991421254777368
8.930089300893291	7.190003175055491
8.940089400894292	17.519027763436654
8.950089500895292	20.753781115086277
8.960089600896293	14.099772079387513
8.970089700897292	-0.5769852152918301
8.980089800898293	-40.72584063431737
8.990089900899294	-4.8037275692725
9.000090000900293	13.998760049084744
9.010090100901294	20.890573958013633
9.020090200902294	6.74512334233853
9.030090300903295	4.867549311622114
9.040090400904296	3.46223587341215
9.050090500905295	7.564371590371855
9.060090600906296	3.585079734536488
9.070090700907295	19.730394500767943
9.080090800908296	-9.536563583816717
9.090090900909296	25.45602444491893
9.100091000910297	7.87309067930297
9.110091100911298	11.172480631653077
9.120091200912297	15.367701477986694
9.130091300913298	17.242327407190363
9.140091400914297	19.51422496290379
9.150091500915298	28.333883816240505
9.1600916009163	7.632992549256616
9.170091700917299	-3.1267453138805856
9.1800918009183	26.128766865574676
9.190091900919299	-0.6311333080524212
9.2000920009203	4.743304453298884
9.210092100921301	15.586484570742444
9.2200922009223	2.313816657432065
9.230092300923301	3.578065315847207
9.2400924009243	22.21485585823712
9.250092500925302	19.269312037134895
9.260092600926303	7.6028225020192775
9.270092700927302	12.416764249651429
9.280092800928303	5.193679541249379
9.290092900929302	-0.3014905714353868
9.300093000930303	6.781899804796541
9.310093100931304	2.3874536983366395
9.320093200932304	-16.8785306161427
9.330093300933305	-9.271845748122068
9.340093400934304	7.004232432505437
9.350093500935305	10.63877067224197
9.360093600936306	-3.950453787588296
9.370093700937305	4.2290199753456195
9.380093800938306	-2.04169800190515
9.390093900939306	-0.17683267311788647
9.400094000940307	0.4863070250437415
9.410094100941308	0.8850400889640128
9.420094200942307	0.33993529584437765
9.430094300943308	0.5040048331368286
9.440094400944307	4.495709865790901
9.450094500945308	-2.9002447807226894
9.46009460094631	11.088341363612486
9.470094700947309	-1.2596697365518998
9.48009480094831	6.062889551320028
9.490094900949309	-13.075808637254006
9.50009500095031	11.166102290275154
9.510095100951311	16.905450148694605
9.52009520095231	-31.670212637600475
9.530095300953311	5.34964082582267
9.54009540095431	16.254807171205606
9.550095500955312	19.913545791672433
9.560095600956311	8.51577396091495
9.570095700957312	9.836270261993212
9.580095800958313	0.18237773318647513
9.590095900959312	-0.46798504477373115
9.600096000960313	-7.524889413780417
9.610096100961313	20.163485650537282
9.620096200962314	21.850187259062402
9.630096300963315	17.10373411396101
9.640096400964314	21.361776783615493
9.650096500965315	19.8020596242152
9.660096600966314	12.00148495740535
9.670096700967315	-7.40874343506987
9.680096800968316	17.77398164080729
9.690096900969316	23.320512586045695
9.700097000970317	25.330448756247115
9.710097100971316	27.723935009206567
9.720097200972317	-3.45466826445226
9.730097300973318	-18.60810809411659
9.740097400974317	4.111631462713497
9.750097500975318	22.514123068314714
9.760097600976318	5.547270344572135
9.770097700977319	-6.618743669881614
9.78009780097832	8.151911526914837
9.790097900979319	-13.25895245043182
9.80009800098032	-5.830191526085509
9.81009810098132	17.838264865170373
9.82009820098232	11.588186239439768
9.830098300983321	17.0340537230984
9.84009840098432	20.283421216721944
9.850098500985322	-16.049665213265257
9.860098600986321	17.317897572499596
9.870098700987322	9.052065384833734
9.880098800988323	-7.393224380271582
9.890098900989322	3.313332745784632
9.900099000990323	5.7064658281525125
9.910099100991323	2.392290502501087
9.920099200992324	-3.2513704071487104
9.930099300993325	10.977818195890627
9.940099400994324	3.8931102550811088
9.950099500995325	3.811475874362725
9.960099600996324	8.13437258136652
9.970099700997325	4.283923473491984
9.980099800998326	2.5316906475073733
9.990099900999326	3.3273955275493297
10.000100001000327	4.165500692915153
10.010100101001326	-2.5328482685965032
10.020100201002327	7.1992707346014475
10.030100301003326	10.146186692069682
10.040100401004327	6.112397901296502
10.050100501005328	11.6366873263452
10.060100601006328	11.435795698404261
10.070100701007329	12.37776611690644
10.080100801008328	-6.9397145224524595
10.090100901009329	-4.5012366596703375
10.10010100101033	-2.063030250197449
10.11010110101133	12.27159185193451
10.12010120101233	12.562888996517017
10.13010130101333	6.310973935853016
10.14010140101433	24.585441477010736
10.150101501015332	-8.853378036744207
10.160101601016331	-25.65537689638901
10.170101701017332	6.303687957057884
10.180101801018331	21.022943719601454
10.190101901019332	17.1286591568168
10.200102001020333	7.361508895162293
10.210102101021333	-0.7897829357525672
10.220102201022334	17.64003224967756
10.230102301023333	14.309446204489284
10.240102401024334	25.389289304088884
10.250102501025335	2.020853825268272
10.260102601026334	21.72152246455261
10.270102701027335	14.759343658361088
10.280102801028335	15.503906024086133
10.290102901029336	10.627253856892416
10.300103001030337	3.0616060249309376
10.310103101031336	3.6251919931470087
10.320103201032337	14.118271001580935
10.330103301033336	15.28119970513046
10.340103401034337	14.984508230232127
10.350103501035338	17.070873873259572
10.360103601036338	11.76207111977552
10.370103701037339	14.968635835339283
10.380103801038338	-0.46895137910256024
10.390103901039339	-10.72182454145786
10.40010400104034	-3.2767388941765248
10.41010410104134	-11.001092653074751
10.42010420104234	19.680556104890222
10.43010430104334	-2.7925633769941807
10.44010440104434	18.721848922940378
10.450104501045342	-5.6748237712630605
10.460104601046341	5.09321946629867
10.470104701047342	1.6321291395848962
10.480104801048341	4.617360255954938
10.490104901049342	15.855150743937786
10.500105001050342	7.302241702714798
10.510105101051343	13.486258917188648
10.520105201052344	-4.55107470778271
10.530105301053343	3.676659039577321
10.540105401054344	4.791658626601379
10.550105501055343	9.943583055827938
10.560105601056344	0.612041708701045
10.570105701057345	4.450329763608719
10.580105801058345	1.3772184284716331
10.590105901059346	3.312165385483959
10.600106001060345	4.6442293268474835
10.610106101061346	-1.643485550429155
10.620106201062347	4.902354005431865
10.630106301063346	-0.23364530945563144
10.640106401064347	3.1096904625044948
10.650106501065347	-11.80346758029375
10.660106601066348	6.958933602425922
10.670106701067349	-48.640718253835395
10.680106801068348	-16.516850663844437
10.690106901069349	6.070191500548391
10.700107001070348	13.332843913023696
10.71010710107135	13.146540247265559
10.72010720107235	-36.26053291890035
10.73010730107335	10.668132393160413
10.74010740107435	8.186277361819343
10.75010750107535	11.245741000099622
10.760107601076351	15.137325319904438
10.770107701077352	12.891720463559913
10.780107801078351	0.21837794127980353
10.790107901079352	10.905214786788862
10.800108001080352	15.192201830470099
10.810108101081353	10.963165941674403
10.820108201082354	25.06631961289484
10.830108301083353	25.946777056579055
10.840108401084354	23.79943479829647
10.850108501085353	12.1417947921757
10.860108601086354	-1.9714954281244792
10.870108701087355	-7.174181760918453
10.880108801088355	19.97087845616152
10.890108901089356	6.656876899369944
10.900109001090355	17.708496066946676
10.910109101091356	3.2497231826074677
10.920109201092357	-8.95116409297305
10.930109301093356	13.363570127161239
10.940109401094357	22.353051133583946
10.950109501095357	8.11061053319764
10.960109601096358	-13.112155959009945
10.970109701097357	7.575716893895833
10.980109801098358	18.329824770695165
10.990109901099359	-0.942006598544943
11.000110001100358	2.0008676551603397
11.01011010110136	17.767333740797383
11.020110201102359	2.0362536735591377
11.03011030110336	4.888092224662305
11.04011040110436	-17.39575712537127
11.05011050110536	5.6324444057876715
11.060110601106361	-12.170376645671212
11.07011070110736	-3.3450292236558945
11.080110801108361	-9.340342717143432
11.090110901109362	12.160325172187626
11.100111001110362	16.416714887772383
11.110111101111363	0.6072378168903046
11.120111201112362	8.854278969508663
11.130111301113363	-1.6117708604829504
11.140111401114364	-1.8539037456829912
11.150111501115363	0.38011565571418277
11.160111601116364	-1.059344887408667
11.170111701117364	0.18260222177193836
11.180111801118365	0.18123931363088308
11.190111901119366	-3.8890345891797984
11.200112001120365	-1.6093188988599152
11.210112101121366	6.5043238767635865
11.220112201122365	13.227076340008368
11.230112301123366	7.1824107146278084
11.240112401124367	-4.883629141427968
11.250112501125367	-4.444549153548755
11.260112601126368	8.662810411365955
11.270112701127367	-0.6118805221250553
11.280112801128368	5.560692393968626
11.290112901129369	24.23079814246991
11.300113001130368	2.164828830888998
11.31011310113137	21.76965055692177
11.320113201132369	-0.9462590459582733
11.33011330113337	24.627647960256997
11.34011340113437	23.447358919093613
11.35011350113537	-3.1208002577330314
11.360113601136371	21.03528820361329
11.37011370113737	-8.231057275963586
11.380113801138371	12.735545783439097
11.390113901139372	1.658422931699241
11.400114001140372	16.106122012102098
11.410114101141373	-7.424139248274863
11.420114201142372	15.199043456749504
11.430114301143373	-29.294552059454222
11.440114401144372	16.810015897121723
11.450114501145373	17.228124355284233
11.460114601146374	20.20295788583458
11.470114701147374	18.214870056676872
11.480114801148375	7.956760428745491
11.490114901149374	3.4992164102825307
11.500115001150375	12.647719975358811
11.510115101151376	23.641289090637525
11.520115201152375	15.769163780411246
11.530115301153376	14.569155639939453
11.540115401154376	-0.3060504397835802
11.550115501155377	-11.675574668746485
11.560115601156378	10.891033877097488
11.570115701157377	19.641510264172954
11.580115801158378	-16.082980167490483
11.590115901159377	19.54382832388545
11.600116001160378	1.0462657836826714
11.61011610116138	-10.884451856980192
11.620116201162379	10.032746727013588
11.63011630116338	3.8166184498241127
11.640116401164379	-1.6855256268432945
11.65011650116538	12.320920245008807
11.660116601166381	9.46779411972165
11.67011670116738	5.280457151135278
11.680116801168381	12.519754857363806
11.69011690116938	5.800799585852277
11.700117001170382	7.678003072734806
11.710117101171383	6.051348277571456
11.720117201172382	10.095729092976196
11.730117301173383	7.222430972091366
11.740117401174382	-1.4088325218156983
11.750117501175383	2.9400307386712905
11.760117601176384	2.817334263222733
11.770117701177384	4.827734805674185
11.780117801178385	3.124663038583426
11.790117901179384	3.992242360148923
11.800118001180385	-8.646029964955781
11.810118101181386	0.5649784427135126
11.820118201182385	8.607345956545362
11.830118301183386	-4.575815304318773
11.840118401184386	-0.9847311175492982
11.850118501185387	9.44083892412323
11.860118601186388	16.007311026211756
11.870118701187387	7.994514986681004
11.880118801188388	-10.029646455617366
11.890118901189387	19.134233992785095
11.900119001190388	-17.246540344444572
11.910119101191388	14.429674147063643
11.920119201192389	4.81179417786423
11.93011930119339	23.491459380000652
11.940119401194389	-13.537668545542346
11.95011950119539	13.081452782316104
11.96011960119639	18.97762742113284
11.97011970119739	10.570235449540645
11.980119801198391	19.626428678336858
11.99011990119939	27.47490443289303
12.000120001200392	8.377830375474428
12.010120101201391	-0.8823760187170575
12.020120201202392	18.09222737036391
12.030120301203393	8.294407373062175
12.040120401204392	7.528769195194744
12.050120501205393	15.756910466654663
12.060120601206393	21.007370136074325
12.070120701207394	-16.78432307803375
12.080120801208395	6.487915812677206
12.090120901209394	14.40413847919936
12.100121001210395	27.251424139843966
12.110121101211394	-7.202044500356499
12.120121201212395	17.892146475244108
12.130121301213396	24.446105805227763
12.140121401214396	-3.786359425546763
12.150121501215397	9.227823841076207
12.160121601216396	6.73822817549472
12.170121701217397	6.082889086207549
12.180121801218398	23.30802923071627
12.190121901219397	12.632372881894502
12.200122001220398	11.014685363769203
12.210122101221398	4.85379083548893
12.220122201222399	-5.414961705383209
12.2301223012234	-9.041294729341207
12.240122401224399	6.927351920187036
12.2501225012254	10.963233990619933
12.2601226012264	6.794806965546932
12.2701227012274	6.584856182744277
12.280122801228401	8.162454672299797
12.2901229012294	17.204906136138145
12.300123001230402	-2.0672815517730014
12.310123101231401	1.3482433580171789
12.320123201232402	-2.5595788498244185
12.330123301233403	-0.6171577401237187
12.340123401234402	1.853510187453465
12.350123501235403	1.8266270928700339
12.360123601236403	2.220568922535293
12.370123701237404	5.262889708029575
12.380123801238403	4.103049257857773
12.390123901239404	-8.056037527555164
12.400124001240405	11.17215034141946
12.410124101241404	1.7125578584594454
12.420124201242405	1.7893881091107127
12.430124301243405	15.58870916765018
12.440124401244406	-3.8325212581794337
12.450124501245407	16.999759069282526
12.460124601246406	0.40205492499177325
12.470124701247407	8.78153427384656
12.480124801248406	-3.1215792267281195
12.490124901249407	-9.80140296694968
12.500125001250408	-2.844951826704408
12.510125101251408	-0.13134901945886507
12.520125201252409	18.491353688197357
12.530125301253408	-11.146848778549284
12.540125401254409	22.998674913905298
12.55012550125541	0.8442161409627719
12.56012560125641	13.11063502138235
12.57012570125741	4.083541882474217
12.58012580125841	9.605272963058711
12.59012590125941	10.960740339383742
12.600126001260412	2.0857706581627644
12.610126101261411	32.084829966995514
12.620126201262412	26.236546097488457
12.630126301263411	14.018492823216748
12.640126401264412	-0.21168789434263197
12.650126501265413	24.808700118180205
12.660126601266413	18.776429047386838
12.670126701267414	1.5786244700250782
12.680126801268413	10.8266094508032
12.690126901269414	16.328770711855704
12.700127001270415	9.504205732631602
12.710127101271414	29.724329588224396
12.720127201272415	-1.635030820251875
12.730127301273415	10.458275304652203
12.740127401274416	32.09161199726649
12.750127501275417	14.606909868098924
12.760127601276416	17.772770673737103
12.770127701277417	14.276744514382127
12.780127801278416	-1.7832022577326234
12.790127901279417	-15.992337707059423
12.800128001280417	-2.592298444806809
12.810128101281418	23.99386912122639
12.820128201282419	3.8375776854883537
12.830128301283418	0.7457578465245189
12.840128401284419	-1.5145169031243781
12.850128501285418	13.20605673046298
12.86012860128642	-3.8140950226740484
12.87012870128742	14.047944531217182
12.88012880128842	-3.6753510824171474
12.89012890128942	4.725795868156932
12.90012900129042	5.564169363101895
12.910129101291421	-0.3105360476615307
12.920129201292422	-3.707642461808315
12.930129301293421	2.7269622547265273
12.940129401294422	2.035052846347221
12.950129501295422	3.508168437590967
12.960129601296423	3.891224894686768
12.970129701297424	1.6763124406474312
12.980129801298423	0.4664372481171094
12.990129901299424	6.257661430568807
13.000130001300423	-1.201955987990485
13.010130101301424	16.23843451236965
13.020130201302425	-18.069958185128097
13.030130301303425	5.930617211925784
13.040130401304426	2.639567042127723
13.050130501305425	7.054656585884388
13.060130601306426	15.536254020579166
13.070130701307427	9.33008809619294
13.080130801308426	3.7555275730698585
13.090130901309427	2.6930017888190427
13.100131001310427	14.789696749913087
13.110131101311428	-31.310781795051696
13.120131201312429	6.081344878914686
13.130131301313428	26.873616831503284
13.140131401314429	1.7646601417070913
13.150131501315428	9.200707660288787
13.16013160131643	5.009560651608564
13.17013170131743	18.331863575847677
13.18013180131843	-18.895708097519936
13.19013190131943	15.537726169673785
13.20013200132043	-32.158051337589455
13.210132101321431	22.686346387139917
13.220132201322432	27.361657081896
13.230132301323431	8.139900339267623
13.240132401324432	15.022115429095075
13.250132501325432	-2.989722694629291
13.260132601326433	20.896409386766017
13.270132701327432	18.26327358270369
13.280132801328433	6.801946331168786
13.290132901329434	6.207906196613289
13.300133001330433	18.26867533352561
13.310133101331434	1.7811308073496661
13.320133201332434	22.01077250692661
13.330133301333435	8.118729579228622
13.340133401334436	16.43884778423222
13.350133501335435	15.76164864728575
13.360133601336436	12.99023621174927
13.370133701337435	-4.22382538190902
13.380133801338436	-5.674365149312603
13.390133901339437	9.536183307366281
13.400134001340437	8.968804738395002
13.410134101341438	-11.111868406140037
13.420134201342437	13.701825581458111
13.430134301343438	-5.604114886020959
13.440134401344439	3.4431750655972584
13.450134501345438	9.597062508461706
13.46013460134644	7.599645992185398
13.470134701347439	3.3271906297750697
13.48013480134844	-9.6965932413568
13.49013490134944	4.779518511076366
13.50013500135044	2.388822055542498
13.510135101351441	1.6628726949749075
13.52013520135244	2.755975483374048
13.530135301353441	2.1576141946278216
13.540135401354442	3.218018710396034
13.550135501355442	1.8262718562456062
13.560135601356443	7.04662948489779
13.570135701357442	8.304178631978528
13.580135801358443	-1.5482935830178566
13.590135901359444	-5.622374053856568
13.600136001360443	-4.430826626894524
13.610136101361444	2.604577953111792
13.620136201362444	-9.673784414902348
13.630136301363445	10.942521174820643
13.640136401364446	0.274316750751188
13.650136501365445	8.765262379237933
13.660136601366446	3.9672222286763
13.670136701367445	-16.39895859761301
13.680136801368446	11.519139017629955
13.690136901369447	6.152152056826758
13.700137001370447	19.054549961613866
13.710137101371448	-15.270517264964342
13.720137201372447	21.08183989353618
13.730137301373448	11.572405599475958
13.740137401374447	14.744452731496162
13.750137501375448	23.08176464101205
13.76013760137645	-6.093293612865895
13.770137701377449	9.697587166375039
13.78013780137845	21.6690595042589
13.790137901379449	22.135419983235945
13.80013800138045	6.695364495207646
13.810138101381451	18.355159271364943
13.82013820138245	19.27326877052579
13.830138301383451	8.384823102728161
13.84013840138445	-13.156227410572948
13.850138501385452	6.551909274667507
13.860138601386453	13.246980914737907
13.870138701387452	19.360970302470268
13.880138801388453	6.484695711143162
13.890138901389452	18.87109255268551
13.900139001390453	11.051638927191497
13.910139101391454	11.964056782918826
13.920139201392454	26.74233848734514
13.930139301393455	-1.9805614891087655
13.940139401394454	22.41321389172178
13.950139501395455	12.487266900320035
13.960139601396456	8.181466428790284
13.970139701397455	8.070481101449955
13.980139801398456	11.147714977745427
13.990139901399456	6.163162589856304
14.000140001400457	21.914106448180128
14.010140101401458	-11.704904407548389
14.020140201402457	16.9921963071346
14.030140301403458	6.353246629082281
14.040140401404457	12.98973276445023
14.050140501405458	-0.8765935834738334
14.06014060140646	8.676581492618205
14.070140701407459	4.384495330024641
14.08014080140846	8.552375491250052
14.090140901409459	2.9959924926133192
14.10014100141046	0.7864646560938106
14.110141101411461	1.960039234518687
14.12014120141246	2.4381136846198554
14.130141301413461	3.2911547384767794
14.14014140141446	3.1382165130887616
14.150141501415462	2.0866085468055258
14.160141601416463	5.798553836820933
14.170141701417462	-17.829356067835974
14.180141801418463	0.5203474126413998
14.190141901419462	-5.598933188215585
14.200142001420463	16.143719962313675
14.210142101421463	13.072096796181734
14.220142201422464	20.92443563598752
14.230142301423465	6.580531021504722
14.240142401424464	20.95890812310685
14.250142501425465	19.243392333093972
14.260142601426464	-18.992262939670503
14.270142701427465	5.433337107284221
14.280142801428466	-1.2208419960397299
14.290142901429466	7.116281833520933
14.300143001430467	-24.477268950474524
14.310143101431466	-1.038336533613987
14.320143201432467	15.268147017458924
14.330143301433468	17.840273483317155
14.340143401434467	16.7943027187119
14.350143501435468	10.691351062794045
14.360143601436468	18.716000454286036
14.370143701437469	-2.968002917042519
14.38014380143847	-14.470362838933667
14.390143901439469	25.01921297710901
14.40014400144047	20.81184022168897
14.41014410144147	4.209505714300241
14.42014420144247	-6.289871494503541
14.430144301443471	-5.502892568231626
14.44014440144447	1.0772881663106868
14.450144501445472	29.281495425994
14.460144601446471	-1.9095706479265926
14.470144701447472	11.448493702252476
14.480144801448473	8.185348568251625
14.490144901449472	4.339934596336505
14.500145001450473	16.065190747051346
14.510145101451473	-8.866948034258414
14.520145201452474	18.882507292083268
14.530145301453475	-12.710576412835874
14.540145401454474	18.72266826794461
14.550145501455475	3.581850506314836
14.560145601456474	11.764598172403405
14.570145701457475	14.829324656617814
14.580145801458476	-0.8978181184123306
14.590145901459476	13.356922445029971
14.600146001460477	-5.100814618338112
14.610146101461476	5.0950288230420515
14.620146201462477	9.543068693132334
14.630146301463478	12.747201096083389
14.640146401464477	-45.02783845730772
14.650146501465478	-0.6157862498243981
14.660146601466478	5.023575131527044
14.670146701467479	4.483571752422995
14.680146801468478	1.0119875173393238
14.690146901469479	1.7022744806750856
14.70014700147048	1.2556429093448014
14.71014710147148	1.8331761668846327
14.72014720147248	-2.246319339170922
14.73014730147348	0.5514996700612484
14.74014740147448	3.6538406926078175
14.750147501475482	-11.03974102615862
14.760147601476481	5.978912310858329
14.770147701477482	-5.281312699149664
14.780147801478481	5.499415517834511
14.790147901479482	14.26749514140526
14.800148001480483	8.184107159952587
14.810148101481483	-15.710788763993564
14.820148201482484	-7.109162057882629
14.830148301483483	-2.0318895788261746
14.840148401484484	11.571353007568087
14.850148501485485	-0.4493161204567597
14.860148601486484	5.4550783720313145
14.870148701487485	4.201134067212278
14.880148801488485	20.213426915853525
14.890148901489486	8.27304268160597
14.900149001490487	19.907644683807913
14.910149101491486	11.630728599304339
14.920149201492487	-1.5111694930172155
14.930149301493486	-4.191402498425362
14.940149401494487	16.760902777921178
14.950149501495488	24.98427714402802
14.960149601496488	9.142155090247734
14.970149701497489	25.609807127511612
14.980149801498488	2.1775583924897863
14.990149901499489	29.59490614342803
