0.0	nan
0.010000100001000326	-3.6143031786251942
0.020000200002000652	4.480339886005512
0.03000030000300098	-3.2747265052062473
0.040000400004001305	-10.215623794531052
0.05000050000500163	5.518396794749247
0.06000060000600196	-1.4757315273909897
0.07000070000700229	-7.141968307439543
0.08000080000800261	4.073209330643426
0.09000090000900293	1.4805246436639465
0.10000100001000325	-2.8536288214027836
0.11000110001100359	1.461099928462904
0.12000120001200391	0.9280542927946516
0.13000130001300425	2.066355546648807
0.14000140001400457	1.0154627396836586
0.1500015000150049	1.420174867313108
0.16000160001600522	5.849633693545384
0.17000170001700554	1.7991800462682042
0.18000180001800586	5.296962121415292
0.1900019000190062	5.57846911747214
0.2000020000200065	3.1731301603017634
0.21000210002100686	8.932435013650949
0.22000220002200718	5.099070348744727
0.2300023000230075	6.7715309928625755
0.24000240002400783	8.742085253829906
0.2500025000250082	7.490113412022362
0.2600026000260085	9.641602942898638
0.2700027000270088	7.754905028936756
0.28000280002800915	10.208375834468523
0.29000290002900947	9.071702263720889
0.3000030000300098	11.13786269161478
0.3100031000310101	12.21479784459497
0.32000320003201044	13.196745551996052
0.33000330003301076	13.21890717535837
0.3400034000340111	14.75098579278905
0.3500035000350114	16.728451040931834
0.36000360003601173	17.844090482038588
0.37000370003701205	18.658455491021073
0.3800038000380124	19.101631312739666
0.3900039000390127	20.474114063220682
0.400004000040013	21.308733748382046
0.4100041000410134	21.35983972156046
0.4200042000420137	23.900268910285362
0.43000430004301404	25.515601195530962
0.44000440004401437	24.95903662444373
0.4500045000450147	26.443288960699217
0.460004600046015	26.039586043754998
0.47000470004701533	29.3254290931605
0.48000480004801566	28.746101227920846
0.490004900049016	28.582705313534394
0.5000050000500164	29.381227198623357
0.5100051000510166	30.73152605053638
0.520005200052017	31.02675157067529
0.5300053000530173	30.96558397992896
0.5400054000540176	30.315108115129732
0.5500055000550179	31.410814024312774
0.5600056000560183	30.178247234602367
0.5700057000570186	31.22742058217242
0.5800058000580189	31.99677295147648
0.5900059000590192	31.405937843860766
0.6000060000600196	32.15794307270582
0.6100061000610199	32.098262615621664
0.6200062000620202	32.00232784934049
0.6300063000630205	32.47356699679323
0.6400064000640209	32.45212939401226
0.6500065000650213	32.240916258958556
0.6600066000660215	33.499270853992925
0.6700067000670219	32.61689125882671
0.6800068000680222	34.04373304113135
0.6900069000690225	33.60661396582166
0.7000070000700228	34.00662753526557
0.7100071000710232	34.358635161958
0.7200072000720235	34.15417484068365
0.7300073000730238	34.316611866515444
0.7400074000740241	33.53512430038708
0.7500075000750245	32.66278416331626
0.7600076000760247	34.23354946880903
0.7700077000770251	34.46074604939398
0.7800078000780254	33.5956516149474
0.7900079000790258	34.27714646413499
0.800008000080026	34.80452343798163
0.8100081000810264	34.75286798374008
0.8200082000820268	34.618973042619984
0.8300083000830271	34.99732117515434
0.8400084000840274	35.08566310764233
0.8500085000850277	35.27941074203789
0.8600086000860281	35.461244420093784
0.8700087000870284	35.849578692237806
0.8800088000880287	36.67633812816418
0.890008900089029	36.64159994036098
0.9000090000900294	37.11374697680909
0.9100091000910296	37.33441947586237
0.92000920009203	37.88261249770434
0.9300093000930303	38.349691442965955
0.9400094000940307	38.945918269562874
0.9500095000950309	38.87069917071761
0.9600096000960313	39.38839794638619
0.9700097000970317	39.71033958293447
0.980009800098032	39.82633450660915
0.9900099000990323	39.17086116606704
1.0000100001000327	40.9554477231265
1.0100101001010329	41.14823677619161
1.0200102001020332	30.89434011122093
1.0300103001030336	42.29367973923518
1.040010400104034	42.620639507477115
1.0500105001050342	44.832631920465026
1.0600106001060345	45.596180135949034
1.070010700107035	45.371147540629465
1.0800108001080353	45.014466956698406
1.0900109001090355	46.60119700685637
1.1000110001100358	34.584446536168464
1.1100111001110362	45.70122857895156
1.1200112001120366	47.83858504277755
1.130011300113037	47.69569826207245
1.1400114001140371	50.10227054333769
1.1500115001150375	49.450875113116375
1.1600116001160379	46.786794658549695
1.1700117001170383	51.54258084921474
1.1800118001180384	53.55142416524267
1.1900119001190388	54.10641277718676
1.2000120001200392	55.00048411050856
1.2100121001210395	51.54961564805487
1.2200122001220397	57.49637256553809
1.23001230012304	54.71426392297686
1.2400124001240405	59.05547659726605
1.2500125001250408	59.31390410663541
1.260012600126041	60.94610052879962
1.2700127001270414	60.12533053124969
1.2800128001280418	61.55132365572073
1.2900129001290421	62.15730477947614
1.3000130001300425	64.68247626434604
1.3100131001310427	65.09951654553663
1.320013200132043	64.53630875637455
1.3300133001330434	68.397648754515
1.3400134001340438	69.08384625987104
1.350013500135044	69.72514275309625
1.3600136001360443	69.70210324035959
1.3700137001370447	71.32489343950118
1.380013800138045	73.50118519138024
1.3900139001390452	76.23786968208655
1.4000140001400456	73.58628821906545
1.410014100141046	67.20213519197407
1.4200142001420464	79.17167653330473
1.4300143001430465	83.58647523693644
1.440014400144047	80.15756880217809
1.4500145001450473	80.08179346468616
1.4600146001460477	85.81676438773242
1.470014700147048	89.67925741603736
1.4800148001480482	86.50636943219398
1.4900149001490486	84.9324380956871
1.500015000150049	90.6445256456251
1.5100151001510493	98.07163452452373
1.5200152001520495	94.33013697197235
1.5300153001530499	89.88791984059485
1.5400154001540503	97.3916634283379
1.5500155001550506	103.55080733269324
1.5600156001560508	97.81168962276823
1.5700157001570512	96.29013819814149
1.5800158001580515	103.65102697603162
1.590015900159052	130.21848410845132
1.600016000160052	92.62766826541393
1.6100161001610525	90.1592776206347
1.6200162001620528	93.31838247574021
1.6300163001630532	89.15546495721952
1.6400164001640536	79.7736300090074
1.6500165001650537	64.57871269087586
1.6600166001660541	19.210133854163182
1.6700167001670545	4.906681038064333
1.6800168001680549	54.85950248102144
1.690016900169055	73.72709998628528
1.7000170001700554	79.72757116439352
1.7100171001710558	76.82686047764425
1.7200172001720562	40.44541375722255
1.7300173001730563	85.99637403593138
1.7400174001740567	90.82610038292353
1.750017500175057	96.27294609755116
1.7600176001760575	95.7540571616989
1.7700177001770578	92.92610753394813
1.780017800178058	97.52107455634885
1.7900179001790584	96.31948099995358
1.8000180001800588	92.74089551954822
1.8100181001810591	95.54887186731331
1.8200182001820593	102.83037962214075
1.8300183001830597	103.28560883384648
1.84001840018406	103.19303730965805
1.8500185001850604	103.05443526668321
1.8600186001860606	96.7037287596721
1.870018700187061	84.09130018347234
1.8800188001880613	100.34480987695792
1.8900189001890617	97.3814366926816
1.9000190001900619	103.47426307937899
1.9100191001910622	98.54045956226317
1.9200192001920626	92.40272163050342
1.930019300193063	101.20751866280533
1.9400194001940634	93.180928535495
1.9500195001950635	124.65153451299322
1.960019600196064	95.63906696464232
1.9700197001970643	96.23895233103886
1.9800198001980647	89.9466860693594
1.9900199001990648	115.94525781194515
2.0000200002000654	91.56972172274811
2.0100201002010656	85.30753373730515
2.0200202002020657	93.68459862055677
2.0300203002030663	98.71181891892324
2.0400204002040665	104.87319129652877
2.0500205002050667	75.63964109039985
2.0600206002060673	88.03122621658733
2.0700207002070674	96.16883212497336
2.080020800208068	93.80313520724603
2.090020900209068	89.30912551794788
2.1000210002100683	75.34156328876117
2.110021100211069	88.03052510408399
2.120021200212069	96.49168904464976
2.1300213002130697	75.57265940695012
2.14002140021407	73.69902632872243
2.15002150021507	73.08075133474622
2.1600216002160706	82.26196988826159
2.1700217002170707	56.276441006606824
2.180021800218071	61.26598483222376
2.1900219002190715	59.22891806519773
2.2000220002200717	64.53693222095193
2.2100221002210723	62.866001147741194
2.2200222002220724	41.953722083694956
2.2300223002230726	46.51449591364858
2.240022400224073	54.14669179550777
2.2500225002250733	48.30814322297456
2.260022600226074	27.91858924209762
2.270022700227074	8.156089738005669
2.2800228002280742	6.5232877791488955
2.290022900229075	24.721643402683686
2.300023000230075	31.854951509455123
2.310023100231075	41.7863270876147
2.3200232002320758	48.131499925501394
2.330023300233076	49.18711925413025
2.3400234002340765	47.715847815698254
2.3500235002350767	52.61508694404995
2.360023600236077	57.45329952326505
2.3700237002370774	45.39102008794372
2.3800238002380776	60.22905292316045
2.3900239002390777	50.38487535151629
2.4000240002400783	40.27046306108098
2.4100241002410785	60.44570799980402
2.420024200242079	56.13181373321169
2.4300243002430792	74.63010559833461
2.4400244002440794	61.5318743634665
2.45002450024508	58.143837716938364
2.46002460024608	61.63158460234741
2.4700247002470808	48.210328644886786
2.480024800248081	59.5856432994376
2.490024900249081	63.205495041696445
2.5000250002500817	64.93591315544668
2.510025100251082	63.19396096701337
2.520025200252082	77.17530536879379
2.5300253002530826	63.77247806061983
2.5400254002540827	60.03211952239852
2.5500255002550833	67.29404645888474
2.5600256002560835	66.71577000582472
2.5700257002570837	64.75400933930455
2.5800258002580843	56.74599488035508
2.5900259002590844	61.069412361490585
2.600026000260085	66.63399096567443
2.610026100261085	56.50191138236256
2.6200262002620853	54.13258323569458
2.630026300263086	17.32296629544115
2.640026400264086	19.95699703983115
2.6500265002650862	30.91630523846004
2.660026600266087	36.391419391759584
2.670026700267087	42.46108376612735
2.6800268002680876	51.75432787089619
2.6900269002690878	33.44844205633661
2.700027000270088	45.97036338875722
2.7100271002710885	43.09888730607431
2.7200272002720887	47.39928740146944
2.7300273002730893	39.085112905678066
2.7400274002740894	35.67817575512189
2.7500275002750896	43.88102610925861
2.76002760027609	39.76229940780645
2.7700277002770903	3.093115658757688
2.7800278002780905	3.3629517604777903
2.790027900279091	-3.2179765037423813
2.8000280002800912	11.618278398473565
2.810028100281092	21.34083822999845
2.820028200282092	23.329261527446576
2.830028300283092	10.940430331385455
2.8400284002840928	-9.939021613014592
2.850028500285093	10.865135204586593
2.860028600286093	8.940990671621519
2.8700287002870937	0.3117594974182449
2.880028800288094	-4.496953487350941
2.8900289002890944	-1.879212362819003
2.9000290002900946	-3.192139221589319
2.9100291002910947	-20.417830574878877
2.9200292002920953	-12.451618804586346
2.9300293002930955	9.285983736382287
2.940029400294096	18.96252441996398
2.9500295002950963	8.99011027867956
2.9600296002960964	-12.542756430303331
2.970029700297097	17.348768351112295
2.980029800298097	17.806361683231714
2.9900299002990973	10.04512218410712
3.000030000300098	12.459165328344666
3.010030100301098	23.122054665963585
3.0200302003020987	17.5846223505164
3.030030300303099	17.758529640981365
3.040030400304099	14.03182769731516
3.0500305003050996	16.756535445760054
3.0600306003060997	8.230141310286518
3.0700307003071003	19.03880135270488
3.0800308003081005	13.006527798482548
3.0900309003091007	-5.29591366803606
3.1000310003101013	16.34640353152688
3.1100311003111014	13.225449015163175
3.1200312003121016	30.41704806277935
3.130031300313102	0.23607932071112736
3.1400314003141023	26.314860647623913
3.150031500315103	1.4288347023778745
3.160031600316103	14.89767386108219
3.1700317003171032	19.90724857164666
3.180031800318104	34.99057414970887
3.190031900319104	2.875860689821457
3.200032000320104	27.431895189987014
3.2100321003211048	30.553918117976647
3.220032200322105	19.188534820548437
3.2300323003231055	18.940378344911757
3.2400324003241057	24.142821992514214
3.250032500325106	31.31891492005184
3.2600326003261064	15.061332675162705
3.2700327003271066	26.637603052281026
3.280032800328107	18.323687197136827
3.2900329003291073	18.9370120189809
3.3000330003301075	22.003061821633178
3.310033100331108	18.609272850090342
3.3200332003321082	24.05215165885342
3.3300333003331084	11.910424069403783
3.340033400334109	4.136807425993807
3.350033500335109	25.927885234310168
3.3600336003361098	28.532868459161286
3.37003370033711	18.073519284133635
3.38003380033811	13.777901183505355
3.3900339003391107	14.477252907588868
3.400034000340111	25.846484290572402
3.4100341003411114	9.547944722613158
3.4200342003421116	-16.631361726876804
3.4300343003431117	8.98839784567323
3.4400344003441123	12.024478652877548
3.4500345003451125	5.809123931307925
3.4600346003461127	-2.850261376848688
3.4700347003471133	-6.640410723625721
3.4800348003481134	0.12274095057139577
3.490034900349114	-5.403494196956383
3.500035000350114	0.9820782568752718
3.5100351003511143	11.645513477034644
3.520035200352115	12.662766456343846
3.530035300353115	5.7251442828587145
3.5400354003541157	-17.00966653999987
3.550035500355116	24.71060464805591
3.560035600356116	20.956495446029244
3.5700357003571166	18.604236416138285
3.5800358003581167	13.686031500373122
3.590035900359117	23.527719307439995
3.6000360003601175	13.70674168520621
3.6100361003611177	16.277937717539775
3.6200362003621183	20.906524021929172
3.6300363003631184	14.644363517478297
3.6400364003641186	24.426438157892928
3.650036500365119	6.998167432600167
3.6600366003661193	13.92226163835959
3.6700367003671195	-11.340308560291971
3.68003680036812	13.67972932269148
3.6900369003691202	19.48931647304612
3.700037000370121	23.47313943054636
3.710037100371121	34.55880801855782
3.720037200372121	36.16927328520181
3.7300373003731218	-3.590699270621148
3.740037400374122	41.25257061049853
3.7500375003751225	42.52944193002294
3.7600376003761227	33.50123012176485
3.770037700377123	26.74749612249349
3.7800378003781234	33.90206473947148
3.7900379003791236	34.47539522300029
3.8000380003801237	16.803029382390132
3.8100381003811243	29.15521449334598
3.8200382003821245	-22.13739209556003
3.830038300383125	38.915623503635764
3.8400384003841253	8.549306752213695
3.8500385003851254	37.28315687088559
3.860038600386126	29.0678425149236
3.870038700387126	21.514095897438562
3.8800388003881268	8.682805372214109
3.890038900389127	30.395751811769767
3.900039000390127	20.292985347884738
3.9100391003911277	19.991115328842202
3.920039200392128	21.884003282066523
3.930039300393128	19.775109036924846
3.9400394003941286	18.597895651698618
3.9500395003951287	9.323769711988835
3.9600396003961293	12.15677624589857
3.9700397003971295	-11.652630721858754
3.9800398003981297	-0.2778613645398771
3.9900399003991303	0.8874683420143261
4.000040000400131	1.2338968852743453
4.010040100401131	5.172172325928703
4.020040200402131	-32.71135213089762
4.030040300403131	-6.310029529270295
4.0400404004041315	12.933160908199016
4.0500405004051325	5.62978117932286
4.060040600406133	-4.5942035915980215
4.070040700407133	-3.0500160014047113
4.080040800408133	-2.660325723471274
4.090040900409133	-9.532493792994982
4.100041000410133	-5.435912885038703
4.110041100411134	1.9011693761300126
4.1200412004121345	11.782240871961505
4.130041300413135	-16.19250814473634
4.140041400414135	-2.027543116611631
4.150041500415135	4.3637332901345625
4.160041600416136	4.596005655921392
4.170041700417136	3.4006352380356253
4.180041800418136	16.408646707020328
4.1900419004191365	-17.312312051907316
4.200042000420137	15.732145588933465
4.210042100421138	11.955455218204705
4.220042200422138	-41.703441164831126
4.230042300423138	24.182240877716072
4.240042400424138	14.144715595519022
4.250042500425138	6.93279076963087
4.260042600426139	6.799455025869796
4.2700427004271395	-4.11806173182619
4.28004280042814	4.514462960391319
4.29004290042914	-9.287169526728524
4.30004300043014	4.530237462407943
4.31004310043114	14.230278140319074
4.320043200432141	10.894173935034594
4.330043300433141	4.913216061237241
4.3400434004341415	20.38259570095722
4.350043500435142	14.384201302141207
4.360043600436142	21.21397946050241
4.370043700437143	14.340321930142668
4.380043800438143	14.944318929604647
4.390043900439143	24.814844201447972
4.400044000440143	15.028670469130958
4.4100441004411435	12.611680311222129
4.4200442004421445	15.612210684971249
4.430044300443145	18.708495594531826
4.440044400444145	19.139513259556264
4.450044500445145	13.344677630351544
4.460044600446145	12.417655755143842
4.470044700447146	17.212354729937285
4.480044800448146	-1.3379800985397556
4.4900449004491465	-10.85401159986996
4.500045000450147	3.528617376068954
4.510045100451147	15.132383513636874
4.520045200452148	0.2932068302790534
4.530045300453148	-4.911944413256432
4.540045400454148	9.426006339184955
4.550045500455148	-12.210249260345838
4.5600456004561485	17.003788984834518
4.570045700457149	-20.197646191198295
4.58004580045815	4.744536610632195
4.59004590045915	14.333468695739139
4.60004600046015	-7.307871795129925
4.61004610046115	-4.073509966770758
4.62004620046215	-6.422440893684719
4.630046300463151	7.2568585606796105
4.6400464004641515	5.366224118213254
4.650046500465152	1.288579444625814
4.660046600466152	-2.4310590861759356
4.670046700467152	-1.5432628899912046
4.680046800468153	-2.07695586001607
4.690046900469153	-2.5281786181923347
4.700047000470153	3.4618124044221714
4.7100471004711535	2.317708658575203
4.720047200472154	5.770095478356837
4.730047300473155	-1.9026728204050343
4.740047400474155	0.020698151441459853
4.750047500475155	-1.8099360529859143
4.760047600476155	7.814591331877757
4.770047700477155	11.39010410612089
4.7800478004781555	5.681924018217266
4.7900479004791565	9.411726741752004
4.800048000480157	11.630087478687742
4.810048100481157	1.070838423493831
4.820048200482157	4.993935169194706
4.830048300483157	-15.029087902417624
4.840048400484158	17.243662059645803
4.850048500485158	6.617187299280238
4.8600486004861585	-14.361493759408152
4.870048700487159	21.48735607234394
4.880048800488159	3.6272005893134986
4.89004890048916	-0.8971891138625201
4.90004900049016	3.787859186815997
4.91004910049116	12.679425291331281
4.92004920049216	-1.527817691643049
4.9300493004931605	-5.084726430691537
4.9400494004941615	25.80809106753729
4.950049500495162	21.35888936498412
4.960049600496162	-9.463239286660432
4.970049700497162	10.704224094004012
4.980049800498162	-6.93908787578882
4.990049900499163	22.909333985830273
5.000050000500163	6.923081033435988
5.0100501005011635	16.341038902973374
5.020050200502164	21.950604644216916
5.030050300503164	20.5562457810289
5.040050400504164	18.29522296219011
5.050050500505165	1.4939820480818309
5.060050600506165	-3.2041411954827566
5.070050700507165	2.036349223435619
5.0800508005081655	12.0712721481007
5.090050900509166	17.235889359254177
5.100051000510167	14.641660430727613
5.110051100511167	18.741344431398442
5.120051200512167	-5.630642022295843
5.130051300513167	14.514545212395182
5.140051400514167	11.158679697260766
5.150051500515168	-19.281457136224684
5.1600516005161685	-14.199117029418183
5.170051700517169	1.238852070605575
5.180051800518169	13.48200139780816
5.190051900519169	-6.31891938311405
5.20005200052017	0.18120271945468766
5.21005210052117	-16.69078589247762
5.22005220052217	4.897283270861111
5.2300523005231705	0.7427095326652922
5.240052400524171	-0.8594109442740132
5.250052500525171	0.6604279345287191
5.260052600526172	-1.5007193479532266
5.270052700527172	-1.522923195415996
5.280052800528172	-3.466010302391445
5.290052900529172	-16.673268313028835
5.3000530005301725	-2.6413840823521086
5.3100531005311735	-11.359299944433545
5.320053200532174	4.975164353914877
5.330053300533174	6.739485276351917
5.340053400534174	2.262610115844682
5.350053500535174	8.961055769691672
5.360053600536175	-8.610827120129416
5.370053700537175	2.316994967526048
5.3800538005381755	0.3292308869328125
5.390053900539176	9.34331585414789
5.400054000540176	15.339621428964916
5.410054100541177	10.029754293195227
5.420054200542177	11.351637368463958
5.430054300543177	5.365742118115104
5.440054400544177	3.85052975203746
5.4500545005451775	7.135419466720855
5.4600546005461785	23.86555745895035
5.470054700547179	3.7498271079937813
5.480054800548179	9.458266793013033
5.490054900549179	-3.100838052678528
5.500055000550179	14.001552918030672
5.510055100551179	1.4552193145981005
5.52005520055218	16.17217544054297
5.5300553005531805	3.948413215187624
5.540055400554181	-5.685833363478566
5.550055500555181	-4.159137489114713
5.560055600556181	6.9384864203247485
5.570055700557182	-0.2514591071359811
5.580055800558182	8.830580963315983
5.590055900559182	19.52081858216687
5.6000560005601825	3.3352354174384073
5.610056100561183	22.555737668942143
5.620056200562184	9.193833984848926
5.630056300563184	11.429953664861783
5.640056400564184	24.05977771598934
5.650056500565184	-14.31472362017375
5.660056600566184	20.083810066329377
5.670056700567185	6.90583037682057
5.6800568005681855	14.707647566823312
5.690056900569186	6.757251140823718
5.700057000570186	-3.0140799665947298
5.710057100571186	6.7470351816547
5.720057200572186	18.519100393723566
5.730057300573187	4.994960725085579
5.740057400574187	4.461148618474585
5.7500575005751875	9.810121273068349
5.760057600576188	4.110030521850576
5.770057700577188	-9.670352163581725
5.780057800578189	-8.486382624084408
5.790057900579189	3.4882563042892336
5.800058000580189	8.7124458594839
5.810058100581189	-9.356972143988456
5.8200582005821895	-19.129402814604198
5.8300583005831905	-3.5729010773576606
5.840058400584191	0.8884535246101861
5.850058500585191	-1.5910136700242368
5.860058600586191	-2.1492740738904774
5.870058700587191	-0.9163680268075974
5.880058800588192	1.5699202754542456
5.890058900589192	1.9384562939766339
5.9000590005901925	-1.3091031165662157
5.910059100591193	-13.052356244068454
5.920059200592193	11.017338372817806
5.930059300593194	-10.775064666121848
5.940059400594194	-12.204983561929527
5.950059500595194	10.385423620380005
5.960059600596194	18.548218499080033
5.9700597005971945	-10.579494503169501
5.980059800598195	0.4542643664342919
5.990059900599196	15.827999499198139
6.000060000600196	-2.992672264505584
6.010060100601196	14.562299975004715
6.020060200602196	7.319260281987133
6.030060300603196	20.039316977350737
6.040060400604197	-5.041881177252799
6.0500605006051975	15.007037859883736
6.060060600606198	12.924508748108934
6.070060700607198	24.477861484792058
6.080060800608198	-9.790265428922588
6.090060900609199	-28.781003964247613
6.100061000610199	3.0880945705056213
6.110061100611199	16.451174428012482
6.1200612006121995	6.9118426024190125
6.1300613006132	1.470611917000513
6.140061400614201	20.12304226572457
6.150061500615201	1.2147290081616862
6.160061600616201	25.7584405687165
6.170061700617201	6.777606942336794
6.180061800618201	4.399699463118321
6.1900619006192015	24.650102481998083
6.2000620006202025	13.783350259693991
6.210062100621203	1.504729061988852
6.220062200622203	22.44837379019834
6.230062300623203	-4.113357785007182
6.240062400624203	-3.336437007134167
6.250062500625204	11.263054057540158
6.260062600626204	-0.6409694790311855
6.2700627006272045	7.040619536335815
6.280062800628205	17.154155209490156
6.290062900629205	20.219346634270313
6.300063000630206	-7.2029460573859625
6.310063100631206	-9.029448047022612
6.320063200632206	1.5805625408811677
6.330063300633206	10.97954920658083
6.3400634006342065	12.076694879741368
6.3500635006352075	12.512804475225613
6.360063600636208	1.8225178243387004
6.370063700637208	6.132333083870053
6.380063800638208	-12.003621052816241
6.390063900639208	-14.939163961382087
6.400064000640208	1.4358794551219518
6.410064100641209	-1.6729232772086917
6.4200642006422095	-9.036351336576615
6.43006430064321	-2.3762487177959626
6.44006440064421	-3.2882316874448434
6.45006450064521	-3.171499897252037
6.460064600646211	-5.090627251932137
6.470064700647211	-4.904160197034316
6.480064800648211	1.319144290123972
6.4900649006492115	-4.966200966289846
6.500065000650212	-15.047683590828498
6.510065100651213	9.227235012433113
6.520065200652213	-6.089773940881311
6.530065300653213	5.2112900582076
6.540065400654213	8.274559950185994
6.550065500655213	8.072856766935706
6.560065600656214	2.6262937205097217
6.5700657006572145	-10.087427674664637
6.580065800658215	-13.48299772695454
6.590065900659215	0.13331345431551447
6.600066000660215	15.675990438664458
6.610066100661216	13.064895730421618
6.620066200662216	3.0054527180116977
6.630066300663216	-4.098125915494156
6.6400664006642165	9.827598479299539
6.650066500665217	-28.95219780600813
6.660066600666217	12.56900819393289
6.670066700667218	0.3018940199828543
6.680066800668218	21.781122359546455
6.690066900669218	8.609599173659706
6.700067000670218	9.672050459339895
6.7100671006712185	-17.1747558913295
6.7200672006722195	11.142481886237483
6.73006730067322	-5.16476574890405
6.74006740067422	10.532045807187767
6.75006750067522	-19.202272930406085
6.76006760067622	16.214205805233668
6.770067700677221	21.33345993404945
6.780067800678221	12.652848920511174
6.7900679006792215	24.65568856699833
6.800068000680222	-5.495423793190447
6.810068100681222	11.960495768217866
6.820068200682223	-5.729282736747662
6.830068300683223	3.045159690151283
6.840068400684223	12.206558558596448
6.850068500685223	0.011637064388134244
6.8600686006862235	-5.986653697323906
6.870068700687224	-0.08006397466077252
6.880068800688225	2.6061837405372263
6.890068900689225	-15.600096211025516
6.900069000690225	-3.610792903031698
6.910069100691225	22.52366572503568
6.920069200692225	4.744725097633833
6.930069300693226	6.68188467552831
6.9400694006942265	0.3496668493126359
6.950069500695227	-2.396137064559474
6.960069600696227	-7.195702373778211
6.970069700697227	5.164931854494382
6.980069800698228	-4.532506445573692
6.990069900699228	-1.6157831346284792
7.000070000700228	-1.1886947570220177
7.0100701007012285	-0.5530338340839387
7.020070200702229	-3.1890346336522017
7.03007030070323	-0.7231088542554865
7.04007040070423	-1.8110726985661334
7.05007050070523	-1.5077718365592174
7.06007060070623	6.481722301735715
7.07007070070723	-4.98769346166231
7.080070800708231	8.077391045213487
7.0900709007092315	-9.211183198191693
7.100071000710232	-12.90504293298399
7.110071100711232	-28.613524816334518
7.120071200712232	-5.152924495836875
7.130071300713232	-7.1137376501525695
7.140071400714233	-7.809143801519561
7.150071500715233	3.1079717545071235
7.1600716007162335	7.351932612542489
7.170071700717234	7.3842199085382445
7.180071800718234	1.8434364427238887
7.190071900719235	17.37589059293279
7.200072000720235	5.780928780040269
7.210072100721235	20.23290241165029
7.220072200722235	7.919098801358794
7.2300723007232355	18.328220361157886
7.2400724007242365	2.288182215894192
7.250072500725237	11.285963058154282
7.260072600726237	-2.1548140383025642
7.270072700727237	15.548439297226675
7.280072800728237	-10.032312409540685
7.290072900729238	9.256448374662186
7.300073000730238	-21.715066462004803
7.3100731007312385	-0.7150086666197863
7.320073200732239	24.40085405958848
7.330073300733239	4.567809656790101
7.340073400734239	13.26106670665698
7.35007350073524	18.47619635691518
7.36007360073624	28.889601609414413
7.37007370073724	-4.721290665577307
7.3800738007382405	4.282100587433117
7.390073900739241	15.87519184824775
7.400074000740242	21.949353295517867
7.410074100741242	15.51066939069879
7.420074200742242	-3.474664005173041
7.430074300743242	7.352083028363307
7.440074400744242	6.277065548556938
7.450074500745243	-0.7793762770720382
7.4600746007462435	12.527252277348778
7.470074700747244	-2.511093114875998
7.480074800748244	9.122831597969943
7.490074900749244	10.702229011651816
7.500075000750245	11.394627721371785
7.510075100751245	9.543352503099667
7.520075200752245	-15.72771803785405
7.5300753007532455	-16.732259353027963
7.540075400754246	1.5336050211640082
7.550075500755247	-12.980337770331344
7.560075600756247	12.339393420394117
7.570075700757247	-8.51288324925156
7.580075800758247	-0.393884180581208
7.590075900759247	2.988167396790196
7.6000760007602475	-3.5718406191609997
7.6100761007612485	1.1790713812700393
7.620076200762249	-0.7347837259232682
7.630076300763249	-1.8491461665206839
7.640076400764249	-2.1279467603440443
7.650076500765249	-2.819456055897891
7.66007660076625	3.2368876951122902
7.67007670076725	1.9466682677269254
7.6800768007682505	-9.853607577488232
7.690076900769251	5.244341014367688
7.700077000770251	-13.42589627269109
7.710077100771252	-12.384365406851995
7.720077200772252	2.617718138417853
7.730077300773252	4.215339304137755
7.740077400774252	7.093763685317051
7.7500775007752525	11.015412018272604
7.7600776007762535	13.269350915458302
7.770077700777254	15.260101701466658
7.780077800778254	-27.112371682148318
7.790077900779254	-12.538003721489435
7.800078000780254	12.878832913823208
7.810078100781254	6.016820640438093
7.820078200782255	9.831016817026503
7.8300783007832555	-6.937039091730411
7.840078400784256	-4.306857211283081
7.850078500785256	2.2899426667791554
7.860078600786256	-11.599711160240211
7.870078700787257	-3.693319896540708
7.880078800788257	7.610469115477261
7.890078900789257	8.090347932363809
7.9000790007902575	-6.569511452343424
7.910079100791258	15.896184512440673
7.920079200792259	15.301481969346778
7.930079300793259	-4.570091073806046
7.940079400794259	5.7317912341267565
7.950079500795259	4.080165629009612
7.960079600796259	-32.63691364477164
7.97007970079726	8.795517974212219
7.9800798007982605	23.516671008019696
7.990079900799261	-0.11488407121988436
8.000080000800262	19.774300788566556
8.010080100801261	8.0278570542208
8.020080200802262	-21.924589461084384
8.030080300803261	-2.6463108419273795
8.040080400804262	1.1827369136701378
8.050080500805263	19.62695809349917
8.060080600806263	11.546641042586884
8.070080700807264	14.891900507705243
8.080080800808263	7.011229254540293
8.090080900809264	-2.746297677297808
8.100081000810265	0.6582114471352456
8.110081100811264	-6.718852425455156
8.120081200812265	-6.115544134425926
8.130081300813265	4.938315924368194
8.140081400814266	-5.343473039494129
8.150081500815265	6.676952457498161
8.160081600816266	0.5016943707468982
8.170081700817267	6.718033703606282
8.180081800818266	-9.841024068577198
8.190081900819267	-2.851272720148013
8.200082000820267	2.1785941443568952
8.210082100821268	-4.930884789512161
8.220082200822269	-3.0032246665748983
8.230082300823268	-6.311981087122817
8.240082400824269	1.0159476021320413
8.250082500825268	-9.784045007993827
8.26008260082627	-7.268534187707014
8.27008270082727	3.7635556205380523
8.28008280082827	-10.020620360479628
8.29008290082927	0.6553545298918487
8.30008300083027	-3.386564495667672
8.310083100831271	-6.271537631104472
8.320083200832272	0.6364989488394716
8.330083300833271	20.95128087570906
8.340083400834272	7.909251357382827
8.350083500835272	14.195777907866017
8.360083600836273	-20.054675241109575
8.370083700837274	5.955698988713489
8.380083800838273	11.464131261984098
8.390083900839274	9.410097551454443
8.400084000840273	11.474172931492577
8.410084100841274	12.646641282050505
8.420084200842275	22.734548609114366
8.430084300843275	4.613871385408586
8.440084400844276	19.539827309280437
8.450084500845275	24.51185312002715
8.460084600846276	21.314426557278153
8.470084700847277	-10.830015397287083
8.480084800848276	11.215880557760237
8.490084900849277	-12.084572979663763
8.500085000850277	12.987853901488101
8.510085100851278	-8.728350970198875
8.520085200852279	16.265530854114882
8.530085300853278	7.668704884681879
8.540085400854279	14.543880120827795
8.550085500855278	-0.5199749629672551
8.56008560085628	18.511823880932358
8.57008570085728	7.892800056894793
8.58008580085828	-7.519679974217385
8.59008590085928	-2.4721781098000037
8.60008600086028	-6.177823750340307
8.610086100861281	-19.373097773319724
8.62008620086228	-13.542092578938924
8.630086300863281	15.809416841394357
8.640086400864282	14.939621135742545
8.650086500865282	5.2244423338684465
8.660086600866283	16.714741930305614
8.670086700867282	18.970834549347554
8.680086800868283	-2.6761164712981858
8.690086900869284	-1.2998286067189226
8.700087000870283	-23.211722747374306
8.710087100871284	4.2188563439586195
8.720087200872284	4.528396324854562
8.730087300873285	-23.148646797064455
8.740087400874286	3.8219549611961625
8.750087500875285	-20.122346357407114
8.760087600876286	-2.3782279115225644
8.770087700877285	0.3317737092700152
8.780087800878286	-4.130041300007718
8.790087900879287	2.1395027602254166
8.800088000880287	-0.812577667432593
8.810088100881288	-1.476856576151495
8.820088200882287	-2.9625323724910118
8.830088300883288	0.9111465248688907
8.840088400884289	-2.048731865490635
8.850088500885288	-6.251876240604976
8.86008860088629	1.189687041981576
8.870088700887289	-11.436416531028788
8.88008880088829	-16.90127797925738
8.89008890088929	-3.6888738449580365
8.90008900089029	5.233078839640599
8.910089100891291	-31.996891567120084
8.92008920089229	-2.9216157574974084
8.930089300893291	2.8056777740179304
8.940089400894292	12.686876067529791
8.950089500895292	15.002291662915303
8.960089600896293	9.232780221149179
8.970089700897292	-5.923723597716859
8.980089800898293	-46.77053121992473
8.990089900899294	-9.350080648304784
9.000090000900293	7.896449778965377
9.010090100901294	16.393362158104136
9.020090200902294	1.804707069397424
9.030090300903295	-0.5854057719081956
9.040090400904296	-2.162635642088563
9.050090500905295	4.760105288050086
9.060090600906296	-1.2795773166244058
9.070090700907295	14.596662471066143
9.080090800908296	-13.344221862926306
9.090090900909296	19.942520346284372
9.100091000910297	3.208419690845707
9.110091100911298	6.499026993847398
9.120091200912297	9.798370983241195
9.130091300913298	11.792722485044424
9.140091400914297	14.046003336461265
9.150091500915298	23.023927811045425
9.1600916009163	2.8687858875448136
9.170091700917299	-9.537869334930752
9.1800918009183	21.69665396778301
9.190091900919299	-6.606218438577305
9.2000920009203	0.7675099107249289
9.210092100921301	10.786357129558878
9.2200922009223	-3.078438698013153
9.230092300923301	-0.9358102287929498
9.2400924009243	17.18861999628322
9.250092500925302	14.496928597619272
9.260092600926303	2.936333779301685
9.270092700927302	7.403394230323491
9.280092800928303	0.28273632804902293
9.290092900929302	-5.115112147456933
9.300093000930303	2.330028789005777
9.310093100931304	-2.567294131471921
9.320093200932304	-21.234859086841407
9.330093300933305	-13.483548597282896
9.340093400934304	2.7235817652792185
9.350093500935305	6.332763096813659
9.360093600936306	-8.068568314643851
9.370093700937305	0.008984483149695384
9.380093800938306	-6.186513510429153
9.390093900939306	-4.223816736892908
9.400094000940307	-3.4967600394730556
9.410094100941308	-3.052065915156298
9.420094200942307	-3.6003247512613052
9.430094300943308	-3.380176872784436
9.440094400944307	0.5664236057426313
9.450094500945308	-6.562609767476942
9.46009460094631	7.608130924696365
9.470094700947309	-4.840084936020366
9.48009480094831	2.2755428777111977
9.490094900949309	-16.826127959183033
9.50009500095031	7.293454800468427
9.510095100951311	13.716403663671178
9.52009520095231	-35.01376685873298
9.530095300953311	2.1385428122101473
9.54009540095431	13.012964977771997
9.550095500955312	16.66600228137296
9.560095600956311	5.089279173814918
9.570095700957312	6.709573754493716
9.580095800958313	-3.1620402701875183
9.590095900959312	-3.5073720270896374
9.600096000960313	-10.688743803146577
9.610096100961313	17.090219978668557
9.620096200962314	18.579336704942452
9.630096300963315	14.02083436063077
9.640096400964314	18.267121558487577
9.650096500965315	16.796068446430173
9.660096600966314	8.994494928250228
9.670096700967315	-10.622734559871137
9.680096800968316	14.897973239959011
9.690096900969316	20.334620240329222
9.700097000970317	22.067664040294936
9.710097100971316	24.507958351765843
9.720097200972317	-6.36358044918428
9.730097300973318	-22.066815527377283
9.740097400974317	1.0320633858134085
9.750097500975318	18.979791296639554
9.760097600976318	2.5426677496185595
9.770097700977319	-9.806300182771686
9.78009780097832	4.411892305776005
9.790097900979319	-16.550804814375137
9.80009800098032	-8.87084934167903
9.81009810098132	14.3814163178179
9.82009820098232	8.323650170336297
9.830098300983321	13.917059548276015
9.84009840098432	17.070214558593868
9.850098500985322	-20.06603680198538
9.860098600986321	13.806903509478225
9.870098700987322	5.133991089016262
9.880098800988323	-11.196066954779576
9.890098900989322	-0.16611457748329078
9.900099000990323	1.5446147483639823
9.910099100991323	-1.1282365464719974
9.920099200992324	-6.943373382448217
9.930099300993325	7.132434556776391
9.940099400994324	0.03985396291149608
9.950099500995325	-0.22303314037492183
9.960099600996324	4.011335256437969
9.970099700997325	0.3297811873674356
9.980099800998326	-1.516354213115234
9.990099900999326	-0.8159566232949187
10.000100001000327	-0.07158874193346201
10.010100101001326	-6.861079376708386
10.020100201002327	2.836583921673011
10.030100301003326	5.968384342587646
10.040100401004327	1.297586373947852
10.050100501005328	7.032347353827885
10.060100601006328	6.75159719941375
10.070100701007329	8.255103496002633
10.080100801008328	-10.981098605175614
10.090100901009329	-9.29109103610571
10.10010100101033	-6.795628736382405
10.11010110101133	7.0990293620961795
10.12010120101233	7.791152945781115
10.13010130101333	1.453288541906742
10.14010140101433	19.479115793925697
10.150101501015332	-12.205287864948348
10.160101601016331	-30.70479386725968
10.170101701017332	1.4399676756753927
10.180101801018331	15.479702944699062
10.190101901019332	12.022889526905233
10.200102001020333	2.035012953265128
10.210102101021333	-6.595536085542307
10.220102201022334	11.367442956537694
10.230102301023333	9.815316813664397
10.240102401024334	20.483275176174114
10.250102501025335	-3.9674816496241068
10.260102601026334	15.811623877776755
10.270102701027335	10.393540889442798
10.280102801028335	9.72466825891304
10.290102901029336	6.887450166194591
10.300103001030337	-2.0742948219793074
10.310103101031336	-0.829618038247506
10.320103201032337	9.252609790988584
10.330103301033336	9.775721587980508
10.340103401034337	10.445294050679616
10.350103501035338	13.143161640292783
10.360103601036338	8.189622227968586
10.370103701037339	9.473283033521213
10.380103801038338	-5.9796113063591285
10.390103901039339	-16.035807680021325
10.40010400104034	-8.709448933027453
10.41010410104134	-14.93376335087855
10.42010420104234	14.72568845338806
10.43010430104334	-7.9399372323806245
10.44010440104434	14.072189579105375
10.450104501045342	-10.374905262910724
10.460104601046341	0.5869477307701798
10.470104701047342	-2.795991012661531
10.480104801048341	0.3080269859752615
10.490104901049342	10.988229049805073
10.500105001050342	2.889579613009492
10.510105101051343	8.983126422514731
10.520105201052344	-8.771757737111564
10.530105301053343	-0.4620828746697337
10.540105401054344	0.5000406554542577
10.550105501055343	5.712019499098341
10.560105601056344	-3.534336789999041
10.570105701057345	0.3215225413921564
10.580105801058345	-2.6916140089358134
10.590105901059346	-0.7043320829943321
10.600106001060345	0.6696462113940863
10.610106101061346	-5.564091544404958
10.620106201062347	1.0243306517395216
10.630106301063346	-4.07990102205743
10.640106401064347	-0.6856870155486061
10.650106501065347	-15.583736944084986
10.660106601066348	3.2780861632650424
10.670106701067349	-52.28359949889357
10.680106801068348	-20.079526977023704
10.690106901069349	2.4419141098366337
10.700107001070348	9.724425405318643
10.71010710107135	9.371669328270938
10.72010720107235	-39.252023897388284
10.73010730107335	7.461554493804291
10.74010740107435	4.751155176931557
10.75010750107535	7.658959516812806
10.760107601076351	11.71814975220338
10.770107701077352	9.583178510105355
10.780107801078351	-3.039187196121073
10.790107901079352	8.614314118536218
10.800108001080352	12.737520950878409
10.810108101081353	7.571099796208452
10.820108201082354	21.237294436961665
10.830108301083353	22.631600896030818
10.840108401084354	20.40098849899928
10.850108501085353	9.557762185086528
10.860108601086354	-5.0076175737430795
10.870108701087355	-9.420424872454976
10.880108801088355	16.628580683949103
10.890108901089356	2.844980760293802
10.900109001090355	14.259371732230974
10.910109101091356	-0.8865207210973408
10.920109201092357	-11.937183846966743
10.930109301093356	9.761010415745915
10.940109401094357	19.065040061333388
10.950109501095357	4.864655494834036
10.960109601096358	-15.52488183740345
10.970109701097357	3.5699378227336576
10.980109801098358	15.478760067955962
10.990109901099359	-3.3638066806374662
11.000110001100358	-0.9660163181199345
11.01011010110136	14.358494901899483
11.020110201102359	-2.8825668156824333
11.03011030110336	0.7462286691348418
11.04011040110436	-20.7684549889435
11.05011050110536	1.8245037169979241
11.060110601106361	-15.921291507401714
11.07011070110736	-7.3760696657210225
11.080110801108361	-12.683720667343893
11.090110901109362	7.935235028831447
11.100111001110362	12.571959243490587
11.110111101111363	-3.078851305468157
11.120111201112362	4.888922042907439
11.130111301113363	-5.567975851735545
11.140111401114364	-5.779211835424766
11.150111501115363	-3.6963471242933643
11.160111601116364	-5.121523170912247
11.170111701117364	-3.9328923609528643
11.180111801118365	-3.957777666760425
11.190111901119366	-8.079639547783096
11.200112001120365	-6.01356463199819
11.210112101121366	2.3910021173777904
11.220112201122365	9.15331475528076
11.230112301123366	2.5526164580228925
11.240112401124367	-9.613668401654904
11.250112501125367	-8.938439487594156
11.260112601126368	4.141574198906368
11.270112701127367	-5.362134665803733
11.280112801128368	1.3829183288858615
11.290112901129369	19.961496138422753
11.300113001130368	-3.001302142794633
11.31011310113137	16.345354977586332
11.320113201132369	-5.172096214381299
11.33011330113337	19.85991087949865
11.34011340113437	18.502169854743947
11.35011350113537	-8.588248441912864
11.360113601136371	16.089013701368497
11.37011370113737	-13.162384806722766
11.380113801138371	7.613958494901336
11.390113901139372	-3.0935940433022955
11.400114001140372	9.852350376543212
11.410114101141373	-11.730090845817783
11.420114201142372	10.033722438230983
11.430114301143373	-33.93356363149416
11.440114401144372	11.94737682926683
11.450114501145373	11.910747453746865
11.460114601146374	15.237360559709266
11.470114701147374	13.171956507739818
11.480114801148375	3.154907219790758
11.490114901149374	-1.1078007365687117
11.500115001150375	7.699630119727328
11.510115101151376	18.559554958812964
11.520115201152375	11.106547862052931
11.530115301153376	9.373204313614732
11.540115401154376	-5.143872850858294
11.550115501155377	-16.461114595642954
11.560115601156378	6.0131761484058375
11.570115701157377	14.785244969701854
11.580115801158378	-20.8069527317468
11.590115901159377	14.864064546988342
11.600116001160378	-3.7180194171494345
11.61011610116138	-15.594553758225334
11.620116201162379	5.313112577571253
11.63011630116338	-0.8116113665325848
11.640116401164379	-6.294444323407698
11.65011650116538	7.6631832987707265
11.660116601166381	4.955980562559792
11.67011670116738	0.8501466753233666
11.680116801168381	8.219958318822872
11.69011690116938	1.5763784755777897
11.700117001170382	3.3237983378233094
11.710117101171383	1.7259771896785017
11.720117201172382	5.941247346952411
11.730117301173383	3.000509947319137
11.740117401174382	-5.527008167006324
11.750117501175383	-1.1641783389833134
11.760117601176384	-1.2334305364947844
11.770117701177384	0.8310260347289835
11.780117801178385	-0.8077536690603851
11.790117901179384	0.11137874779562233
11.800118001180385	-12.563403096037664
11.810118101181386	-3.3281468379812162
11.820118201182385	5.105007727345655
11.830118301183386	-8.40000911583031
11.840118401184386	-5.2350678512170745
11.850118501185387	5.786049255170552
11.860118601186388	12.491233167292222
11.870118701187387	4.464851399520326
11.880118801188388	-13.810910600432804
11.890118901189387	15.928454050046161
11.900119001190388	-20.534039732733465
11.910119101191388	10.442155791413823
11.920119201192389	1.0070094299129435
11.93011930119339	20.524433557534536
11.940119401194389	-17.705398298135883
11.95011950119539	10.309663483834486
11.96011960119639	15.369810074972285
11.97011970119739	7.675546811833808
11.980119801198391	16.636419725869867
11.99011990119939	23.986948146149917
12.000120001200392	4.8933847169261195
12.010120101201391	-3.785075263234398
12.020120201202392	14.039138895867948
12.030120301203393	4.04236779427044
12.040120401204392	4.4276244990588784
12.050120501205393	13.11786114147875
12.060120601206393	18.91406164588125
12.070120701207394	-19.99057730513209
12.080120801208395	3.454683745322692
12.090120901209394	12.040635204207913
12.100121001210395	24.75641543538703
12.110121101211394	-11.1751920730901
12.120121201212395	15.022257762923575
12.130121301213396	20.40144753110616
12.140121401214396	-8.052530085379043
12.150121501215397	5.871208321112468
12.160121601216396	4.234049316527664
12.170121701217397	2.2138850428578145
12.180121801218398	18.9863068457825
12.190121901219397	9.901943086658951
12.200122001220398	8.624481601668576
12.210122101221398	1.7369320656478788
12.220122201222399	-9.18086809065552
12.2301223012234	-13.593175978781124
12.240122401224399	2.985632490585796
12.2501225012254	6.753260989718768
12.2601226012264	2.6977766769954923
12.2701227012274	2.6948142293029806
12.280122801228401	4.147880408135704
12.2901229012294	13.590273111326715
12.300123001230402	-5.61790346565577
12.310123101231401	-2.580167613500175
12.320123201232402	-6.693285296493096
12.330123301233403	-4.714456663838006
12.340123401234402	-2.2397526560158547
12.350123501235403	-2.3281599744176233
12.360123601236403	-1.996053553478312
12.370123701237404	0.9424475224456292
12.380123801238403	-0.1529062851015124
12.390123901239404	-12.27466012982927
12.400124001240405	6.8946935381262735
12.410124101241404	-2.6433517870360856
12.420124201242405	-2.7989841918110474
12.430124301243405	10.96722692659126
12.440124401244406	-8.28965147429412
12.450124501245407	12.546876071843428
12.460124601246406	-4.370843004117115
12.470124701247407	4.092171016587581
12.480124801248406	-7.68520051719372
12.490124901249407	-14.855482184435898
12.500125001250408	-7.583734579556739
12.510125101251408	-4.893549702224816
12.520125201252409	13.670937581427053
12.530125301253408	-15.793644052764247
12.540125401254409	18.153391791210414
12.55012550125541	-4.052432858406972
12.56012560125641	8.179975328153015
12.57012570125741	-0.8646709003759818
12.58012580125841	4.666732440677849
12.59012590125941	6.094573360315506
12.600126001260412	-2.973219919346068
12.610126101261411	27.121609781003578
12.620126201262412	21.21459498725994
12.630126301263411	9.131147329683786
12.640126401264412	-5.004063001110877
12.650126501265413	19.81571566942615
12.660126601266413	13.74978356349376
12.670126701267414	-3.12488991038353
12.680126801268413	5.86086673145894
12.690126901269414	11.533507820448497
12.700127001270415	4.350656328535788
12.710127101271414	24.581977319563393
12.720127201272415	-6.836596838254747
12.730127301273415	6.372537561329679
12.740127401274416	27.236966884000562
12.750127501275417	9.37637006529183
12.760127601276416	12.365032751887284
12.770127701277417	9.74633418322902
12.780127801278416	-6.945575444497645
12.790127901279417	-20.546351231320795
12.800128001280417	-6.842412796870041
12.810128101281418	19.52481960430768
12.820128201282419	-0.16488984619047906
12.830128301283418	-3.908866995041737
12.840128401284419	-6.064757257026184
12.850128501285418	8.881746545173204
12.86012860128642	-8.333839411491896
12.87012870128742	9.852591211281318
12.88012880128842	-7.9146406828720846
12.89012890128942	0.3466716197835605
12.90012900129042	1.3024011708416856
12.910129101291421	-4.647301805890783
12.920129201292422	-7.930036666791035
12.930129301293421	-1.369139489571575
12.940129401294422	-2.0300237167687407
12.950129501295422	-0.4747956710147166
12.960129601296423	0.13580465317291615
12.970129701297424	-2.167654331878411
12.980129801298423	-3.173669858414149
12.990129901299424	2.3680988900732958
13.000130001300423	-5.334369897791129
13.010130101301424	12.476333998344492
13.020130201302425	-21.9209260547886
13.030130301303425	1.7097196271813544
13.040130401304426	-1.3416031084478335
13.050130501305425	3.1033490442803195
13.060130601306426	12.062724429779081
13.070130701307427	6.510491044329643
13.080130801308426	-0.015821560972675803
13.090130901309427	-1.7431165932315897
13.100131001310427	11.063527391524545
13.110131101311428	-34.159520345144784
13.120131201312429	2.480092564474782
13.130131301313428	23.981788463262234
13.140131401314429	-1.9556522461691834
13.150131501315428	5.891708773041772
13.16013160131643	1.971128767775005
13.17013170131743	15.328794625262972
13.18013180131843	-21.73540095179113
13.19013190131943	12.722875540661683
13.20013200132043	-36.198923365021145
13.210132101321431	19.639414384352218
13.220132201322432	23.968695567031272
13.230132301323431	5.618428492166568
13.240132401324432	11.849372897266658
13.250132501325432	-6.781432580186419
13.260132601326433	17.83197086241677
13.270132701327432	15.338084431069888
13.280132801328433	3.2099837157660107
13.290132901329434	2.338018549393612
13.300133001330433	14.675759772956779
13.310133101331434	-1.350918279946882
13.320133201332434	17.719827675327032
13.330133301333435	4.771810220550084
13.340133401334436	13.138657630839022
13.350133501335435	12.684962175152593
13.360133601336436	9.728492166305815
13.370133701337435	-7.803912766173133
13.380133801338436	-8.859623180595968
13.390133901339437	6.315190385605096
13.400134001340437	5.355694650164528
13.410134101341438	-14.825506737471136
13.420134201342437	10.11567986322435
13.430134301343438	-9.418758058689992
13.440134401344439	-0.3915642182515038
13.450134501345438	5.796822805474317
13.46013460134644	3.7327479039280353
13.470134701347439	-0.5093255969221021
13.48013480134844	-13.5972328400003
13.49013490134944	0.8303858803711165
13.50013500135044	-1.577498124803798
13.510135101351441	-2.3591338796766115
13.52013520135244	-1.3114957592421783
13.530135301353441	-1.956088845373427
13.540135401354442	-0.9396605876073416
13.550135501355442	-2.373767763208453
13.560135601356443	2.805650563957926
13.570135701357442	4.0311434483013935
13.580135801358443	-5.920414880719433
13.590135901359444	-9.95940251075209
13.600136001360443	-8.853434254719375
13.610136101361444	-1.8848868243689787
13.620136201362444	-13.917617015165902
13.630136301363445	6.3984293120723565
13.640136401364446	-4.293139650822181
13.650136501365445	4.176876663495651
13.660136601366446	-0.7036762230063833
13.670136701367445	-21.05514523918107
13.680136801368446	6.979257630908024
13.690136901369447	1.3184765820200963
13.700137001370447	14.391151180896829
13.710137101371448	-20.46184900714378
13.720137201372447	16.539299410834175
13.730137301373448	7.205030126647549
13.740137401374447	9.17506017383657
13.750137501375448	16.594401227197093
13.76013760137645	-10.97957904679908
13.770137701377449	5.0653798895785025
13.78013780137845	16.73308042166566
13.790137901379449	16.7728621990726
13.80013800138045	1.6686265789037185
13.810138101381451	13.075476501662395
13.82013820138245	14.706525385187946
13.830138301383451	3.9424816097076008
13.84013840138445	-17.006088572873242
13.850138501385452	2.7253482255986508
13.860138601386453	7.676785449529998
13.870138701387452	13.578571586153341
13.880138801388453	1.1360716815296887
13.890138901389452	14.325133699568056
13.900139001390453	5.964089424725773
13.910139101391454	7.017302468413349
13.920139201392454	22.54782989421938
13.930139301393455	-6.783980577983252
13.940139401394454	16.886956034573927
13.950139501395455	7.637147559456414
13.960139601396456	3.054098948429525
13.970139701397455	3.6175609648964433
13.980139801398456	6.724105012908116
13.990139901399456	1.1472212016994927
14.000140001400457	17.688557729271334
14.010140101401458	-16.260386093472665
14.020140201402457	12.021769613381593
14.030140301403458	2.239277748851062
14.040140401404457	8.65232367135472
14.050140501405458	-4.754611979072627
14.06014060140646	4.324402214594101
14.070140701407459	0.16757605524547278
14.08014080140846	4.240684405590706
14.090140901409459	-1.3819438890131426
14.10014100141046	-3.418286738310288
14.110141101411461	-2.1605908767264808
14.12014120141246	-1.6684760695779293
14.130141301413461	-0.7831120354687137
14.14014140141446	-0.764134218593237
14.150141501415462	-2.0634670041828813
14.160141601416463	1.9058534076420675
14.170141701417462	-21.593233206216134
14.180141801418463	-3.3170496004705865
14.190141901419462	-9.475425893568616
14.200142001420463	12.314510600318897
14.210142101421463	9.4415516868291
14.220142201422464	16.735712315645213
14.230142301423465	3.1430214009603574
14.240142401424464	17.938054425985257
14.250142501425465	16.093448021321556
14.260142601426464	-22.282116347510968
14.270142701427465	1.870796520248409
14.280142801428466	-3.9614807821138998
14.290142901429466	3.9025813048120046
14.300143001430467	-28.36392708619418
14.310143101431466	-4.695813665603557
14.320143201432467	11.699914848116274
14.330143301433468	14.531712806181385
14.340143401434467	13.036584639187812
14.350143501435468	7.387869100905343
14.360143601436468	15.445289490728443
14.370143701437469	-6.484956938987756
14.38014380143847	-17.82502045435744
14.390143901439469	21.645774947065096
14.40014400144047	17.84700668848576
14.41014410144147	0.5846228099413701
14.42014420144247	-9.579507424239187
14.430144301443471	-8.553346229974492
14.44014440144447	-2.2725007965911304
14.450144501445472	25.848371430918945
14.460144601446471	-5.269641616891376
14.470144701447472	8.10160727023086
14.480144801448473	4.9078356675691985
14.490144901449472	0.9870122778086108
14.500145001450473	12.634885970592059
14.510145101451473	-12.279609391616644
14.520145201452474	15.470275149765683
14.530145301453475	-16.138298560379706
14.540145401454474	15.269443862484087
14.550145501455475	0.08985724968987366
14.560145601456474	8.291178976662074
14.570145701457475	11.296903527347773
14.580145801458476	-4.4973246579936355
14.590145901459476	9.613696644535574
14.600146001460477	-8.79240917039314
14.610146101461476	1.5663425440743604
14.620146201462477	5.982387433299411
14.630146301463478	8.785399234461435
14.640146401464477	-48.80914697878044
14.650146501465478	-4.477528743025551
14.660146601466478	1.145160644290513
14.670146701467479	0.6139844590131935
14.680146801468478	-2.9893729283161936
14.690146901469479	-2.3553823685679096
14.70014700147048	-2.7917447564575535
14.71014710147148	-2.2909472300450675
14.72014720147248	-6.361742578431139
14.73014730147348	-3.570816304328234
14.74014740147448	-0.398007381819032
14.750147501475482	-15.284181603296394
14.760147601476481	1.6720190445305312
14.770147701477482	-9.448173673932718
14.780147801478481	1.3560133382459145
14.790147901479482	10.202480866836536
14.800148001480483	3.444809061343874
14.810148101481483	-19.80714628858094
14.820148201482484	-10.931727112107506
14.830148301483483	-6.822046498496603
14.840148401484484	6.851235960715843
14.850148501485485	-6.025644621445447
14.860148601486484	0.6478830110880144
14.870148701487485	-0.7115194840807386
14.880148801488485	15.207598213724847
14.890148901489486	3.3661229255386953
14.900149001490487	14.464108617872435
14.910149101491486	7.3899678083422815
14.920149201492487	-6.26078474521829
14.930149301493486	-9.62600772886073
14.940149401494487	12.547622874571307
14.950149501495488	19.795175055032793
14.960149601496488	3.6169925137963554
14.970149701497489	20.952514638583903
14.980149801498488	-3.027525490297575
14.990149901499489	24.795048374911968
