0.0	nan
0.010000100001000326	-0.6855581507187327
0.020000200002000652	5.320579820279423
0.03000030000300098	-1.993957835831259
0.040000400004001305	-7.9233493500472205
0.05000050000500163	5.954828172695934
0.06000060000600196	0.018745368729954484
0.07000070000700229	-4.796431171856848
0.08000080000800261	3.5061284544660154
0.09000090000900293	3.2424024315776263
0.10000100001000325	-2.4717689502211555
0.11000110001100359	3.9158244962715636
0.12000120001200391	1.7632634068088073
0.13000130001300425	4.209297329201517
0.14000140001400457	2.108402448418824
0.1500015000150049	3.857405560902644
0.16000160001600522	7.04539622943981
0.17000170001700554	5.676724636387954
0.18000180001800586	5.546539498907298
0.1900019000190062	8.542696362916388
0.2000020000200065	2.6628655881526333
0.21000210002100686	13.50956525506459
0.22000220002200718	5.75684158480301
0.2300023000230075	8.79634051202449
0.24000240002400783	13.679435326770967
0.2500025000250082	6.8878696492563565
0.2600026000260085	13.858366398810425
0.2700027000270088	10.233500839874216
0.28000280002800915	12.856207748084476
0.29000290002900947	13.089172664358363
0.3000030000300098	12.93647891577138
0.3100031000310101	15.865368810863458
0.32000320003201044	16.70811870286701
0.33000330003301076	16.515305242622432
0.3400034000340111	18.49721467178647
0.3500035000350114	19.015833689621505
0.36000360003601173	20.472854615043122
0.37000370003701205	21.12929210547767
0.3800038000380124	22.978146841336976
0.3900039000390127	23.271410955292886
0.400004000040013	22.757659736124523
0.4100041000410134	23.7379078621396
0.4200042000420137	24.314141266884878
0.43000430004301404	25.84561908040199
0.44000440004401437	24.97244249883998
0.4500045000450147	27.144168119268045
0.460004600046015	26.292418218270623
0.47000470004701533	26.33018957196802
0.48000480004801566	26.633991130514673
0.490004900049016	26.217017472927942
0.5000050000500164	27.09123501468947
0.5100051000510166	25.958994645801283
0.520005200052017	26.912097823220662
0.5300053000530173	26.461093928685592
0.5400054000540176	27.177706225048855
0.5500055000550179	25.8537631215725
0.5600056000560183	26.155685407020766
0.5700057000570186	26.74614669173059
0.5800058000580189	27.65768572336744
0.5900059000590192	26.726913102776763
0.6000060000600196	27.14082936269845
0.6100061000610199	27.22332463489784
0.6200062000620202	26.952130211191925
0.6300063000630205	27.267094534879895
0.6400064000640209	28.02697952449369
0.6500065000650213	27.776761906061495
0.6600066000660215	28.182631996174266
0.6700067000670219	28.486727501515343
0.6800068000680222	28.69027650092978
0.6900069000690225	29.57893069922175
0.7000070000700228	29.714436910868084
0.7100071000710232	30.35631221074047
0.7200072000720235	31.108474290248225
0.7300073000730238	31.704181802340088
0.7400074000740241	32.40903099198489
0.7500075000750245	32.20980200212535
0.7600076000760247	34.04512976518122
0.7700077000770251	35.22040960424092
0.7800078000780254	35.98155744970159
0.7900079000790258	36.47425531222098
0.800008000080026	38.13545275541755
0.8100081000810264	39.3063160135414
0.8200082000820268	40.18597021104958
0.8300083000830271	41.24653464472938
0.8400084000840274	42.10452719982403
0.8500085000850277	43.5227827539324
0.8600086000860281	44.340268479742534
0.8700087000870284	45.4441945048682
0.8800088000880287	46.44532203493872
0.890008900089029	47.72433479699571
0.9000090000900294	48.44968729508608
0.9100091000910296	50.23973710658077
0.92000920009203	50.252506055767434
0.9300093000930303	51.79036949723513
0.9400094000940307	52.56009032848431
0.9500095000950309	53.30441130604972
0.9600096000960313	54.43711124711739
0.9700097000970317	55.33559805765267
0.980009800098032	56.209425370686425
0.9900099000990323	56.269895065056865
1.0000100001000327	57.92167098168595
1.0100101001010329	59.34494474866855
1.0200102001020332	72.45010739763926
1.0300103001030336	60.704758462512984
1.040010400104034	62.30956647569246
1.0500105001050342	63.47013688859047
1.0600106001060345	63.41639536905711
1.070010700107035	65.05551963804082
1.0800108001080353	65.15745159869869
1.0900109001090355	65.57809332034284
1.1000110001100358	53.1480043223805
1.1100111001110362	64.6683642249698
1.1200112001120366	72.13798544911022
1.130011300113037	67.01693143617658
1.1400114001140371	68.36642963111944
1.1500115001150375	70.23393320804134
1.1600116001160379	65.02847790347582
1.1700117001170383	71.80949014129513
1.1800118001180384	72.07275106549837
1.1900119001190388	72.68020887251149
1.2000120001200392	73.42603348917608
1.2100121001210395	68.9856031401379
1.2200122001220397	73.9188018638967
1.23001230012304	71.15863200232312
1.2400124001240405	76.85010085021919
1.2500125001250408	79.03042780997474
1.260012600126041	81.23352722538583
1.2700127001270414	82.38901462761856
1.2800128001280418	83.18586617418575
1.2900129001290421	83.17026226167464
1.3000130001300425	84.73453482013485
1.3100131001310427	89.09884403020666
1.320013200132043	79.3023662946748
1.3300133001330434	87.0550202197677
1.3400134001340438	85.35536411961965
1.350013500135044	87.63514516110943
1.3600136001360443	88.69150556749213
1.3700137001370447	93.7223899193276
1.380013800138045	94.39732867475405
1.3900139001390452	98.8505730469175
1.4000140001400456	97.48376235140597
1.410014100141046	91.09632348817993
1.4200142001420464	98.34611982856252
1.4300143001430465	100.51415929420007
1.440014400144047	98.89672601243998
1.4500145001450473	96.12638105115686
1.4600146001460477	102.31252119400264
1.470014700147048	104.41173469365485
1.4800148001480482	107.34993916855929
1.4900149001490486	111.90509206526933
1.500015000150049	111.19180365129094
1.5100151001510493	118.08910594307642
1.5200152001520495	114.38834049367303
1.5300153001530499	111.54363173310698
1.5400154001540503	117.37250305434844
1.5500155001550506	117.72594754866392
1.5600156001560508	122.1954784030161
1.5700157001570512	133.1343232349037
1.5800158001580515	124.55507779455714
1.590015900159052	125.25937057843987
1.600016000160052	124.56077450571877
1.6100161001610525	126.51657198500848
1.6200162001620528	130.26917831227894
1.6300163001630532	153.03859154596506
1.6400164001640536	134.00013008107555
1.6500165001650537	116.95305465544068
1.6600166001660541	75.39998358030122
1.6700167001670545	60.29775983332872
1.6800168001680549	110.21201055246706
1.690016900169055	127.97231156696633
1.7000170001700554	131.21125699659132
1.7100171001710558	137.87648338338698
1.7200172001720562	97.2732226474746
1.7300173001730563	131.84301193208367
1.7400174001740567	133.62167982612021
1.750017500175057	144.1550136526332
1.7600176001760575	135.269094437251
1.7700177001770578	123.97661069145188
1.780017800178058	126.36285564039099
1.7900179001790584	125.02614690379744
1.8000180001800588	140.04484141414562
1.8100181001810591	117.8923001463986
1.8200182001820593	121.82450163286154
1.8300183001830597	125.11823427283507
1.84001840018406	134.08248893013888
1.8500185001850604	121.29916835195567
1.8600186001860606	117.59959728399748
1.870018700187061	96.91182099596391
1.8800188001880613	145.2769087320433
1.8900189001890617	112.5547734639125
1.9000190001900619	121.30911511067038
1.9100191001910622	128.0339131406201
1.9200192001920626	94.44556627528135
1.930019300193063	137.1625515965809
1.9400194001940634	103.47293389150855
1.9500195001950635	119.95546083593338
1.960019600196064	108.33986609552193
1.9700197001970643	116.53232989000796
1.9800198001980647	107.19804958149194
1.9900199001990648	124.71420250974701
2.0000200002000654	113.10120753042908
2.0100201002010656	110.10686577582858
2.0200202002020657	102.32147928661783
2.0300203002030663	116.08091515520674
2.0400204002040665	105.47783490851569
2.0500205002050667	105.93101613223176
2.0600206002060673	116.93621431919024
2.0700207002070674	103.92907860448035
2.080020800208068	104.17818502187457
2.090020900209068	109.32340636577585
2.1000210002100683	116.6615857911449
2.110021100211069	133.23624312245937
2.120021200212069	106.60985475048093
2.1300213002130697	107.4820287291581
2.14002140021407	110.17280118551108
2.15002150021507	112.37044194660106
2.1600216002160706	103.2706926774171
2.1700217002170707	86.10283279465901
2.180021800218071	107.29064617270988
2.1900219002190715	105.36321165860022
2.2000220002200717	79.88503880730282
2.2100221002210723	142.89911641462402
2.2200222002220724	106.53981393589997
2.2300223002230726	95.73323793564767
2.240022400224073	90.3652841708266
2.2500225002250733	106.7875123621193
2.260022600226074	70.2772548176901
2.270022700227074	56.310798516211555
2.2800228002280742	54.428691414685574
2.290022900229075	71.381652397881
2.300023000230075	84.17109710330617
2.310023100231075	81.35229933157254
2.3200232002320758	102.80032933308313
2.330023300233076	92.65499554086729
2.3400234002340765	103.92526681831542
2.3500235002350767	83.29618276835161
2.360023600236077	91.666438925237
2.3700237002370774	83.85187096843211
2.3800238002380776	118.0522705043487
2.3900239002390777	73.50214613403239
2.4000240002400783	103.65256776586584
2.4100241002410785	96.11101658312052
2.420024200242079	124.35420480119528
2.4300243002430792	74.50251475431966
2.4400244002440794	87.16248768755331
2.45002450024508	96.94891831857603
2.46002460024608	82.00228956737544
2.4700247002470808	77.48200601036841
2.480024800248081	123.28539139054573
2.490024900249081	104.8327920573571
2.5000250002500817	112.76482105539117
2.510025100251082	81.941754476933
2.520025200252082	113.29427420369794
2.5300253002530826	91.79239248031024
2.5400254002540827	105.6442534774949
2.5500255002550833	90.4009756058451
2.5600256002560835	87.36886878795276
2.5700257002570837	97.35790047112734
2.5800258002580843	113.9231459619798
2.5900259002590844	96.67771558820755
2.600026000260085	95.57142325293515
2.610026100261085	110.25516684368765
2.6200262002620853	80.75255412441473
2.630026300263086	92.21115214673667
2.640026400264086	60.30424857642885
2.6500265002650862	62.37360023411313
2.660026600266087	89.69342712614396
2.670026700267087	91.74345971524242
2.6800268002680876	88.51226903448172
2.6900269002690878	82.52775389001006
2.700027000270088	89.5686014849319
2.7100271002710885	82.31795173982208
2.7200272002720887	91.63943266956771
2.7300273002730893	84.7143414941449
2.7400274002740894	79.41491932970547
2.7500275002750896	88.8451797037788
2.76002760027609	83.5207275256795
2.7700277002770903	43.29952325103321
2.7800278002780905	48.13660037644173
2.790027900279091	41.40326032909989
2.8000280002800912	56.00445841163491
2.810028100281092	60.12958432577682
2.820028200282092	66.06749469754621
2.830028300283092	51.716946189603505
2.8400284002840928	33.32620476293422
2.850028500285093	52.93700296643735
2.860028600286093	51.029091962467895
2.8700287002870937	43.000626826492656
2.880028800288094	37.91275444630708
2.8900289002890944	41.274513678945915
2.9000290002900946	36.6866070532039
2.9100291002910947	20.64922423979613
2.9200292002920953	30.665781349295006
2.9300293002930955	52.15239634526243
2.940029400294096	57.02910855557027
2.9500295002950963	45.759681069935645
2.9600296002960964	27.542171625604116
2.970029700297097	62.0140319274688
2.980029800298097	60.17614345851731
2.9900299002990973	48.863737950349986
3.000030000300098	52.61394786580065
3.010030100301098	76.91299267442768
3.0200302003020987	52.36528632263798
3.030030300303099	68.5492433790428
3.040030400304099	52.05188892830473
3.0500305003050996	71.67673268068702
3.0600306003060997	37.571985309038546
3.0700307003071003	53.044364275693496
3.0800308003081005	61.926932631490345
3.0900309003091007	32.08412214037423
3.1000310003101013	30.384728075379417
3.1100311003111014	39.25459127890244
3.1200312003121016	74.85995565892937
3.130031300313102	35.532315477308366
3.1400314003141023	61.55612679310088
3.150031500315103	48.00250700552744
3.160031600316103	37.750876279725716
3.1700317003171032	71.80717320674974
3.180031800318104	84.34158741141131
3.190031900319104	35.68177323544889
3.200032000320104	110.17968368314594
3.2100321003211048	75.99289878488823
3.220032200322105	64.08721588610605
3.2300323003231055	53.69439623556374
3.2400324003241057	54.034806532240374
3.250032500325106	59.20394583278189
3.2600326003261064	73.10483574222941
3.2700327003271066	62.98295287131901
3.280032800328107	47.02456927616302
3.2900329003291073	59.9822875461069
3.3000330003301075	43.95116416786011
3.310033100331108	43.751861473079096
3.3200332003321082	88.33127776601798
3.3300333003331084	51.5827220441838
3.340033400334109	31.171909536193084
3.350033500335109	61.109452093551354
3.3600336003361098	63.40178562871009
3.37003370033711	58.78153013864597
3.38003380033811	51.58476672858524
3.3900339003391107	59.33244238008794
3.400034000340111	80.39296049254708
3.4100341003411114	50.628172206975314
3.4200342003421116	27.37169217498975
3.4300343003431117	49.673860463929216
3.4400344003441123	55.65101392913041
3.4500345003451125	46.56568913052017
3.4600346003461127	39.221292692934426
3.4700347003471133	33.85041754071823
3.4800348003481134	40.91448543461459
3.490034900349114	35.662575303389424
3.500035000350114	41.992350622232514
3.5100351003511143	52.01711394757785
3.520035200352115	54.26471016378786
3.530035300353115	49.06557730151364
3.5400354003541157	19.92058415764649
3.550035500355116	70.50519650169987
3.560035600356116	64.62749508910422
3.5700357003571166	60.68609681052033
3.5800358003581167	51.980546987156714
3.590035900359117	72.54192321565131
3.6000360003601175	47.504644048148755
3.6100361003611177	54.28198812259819
3.6200362003621183	63.14769592559491
3.6300363003631184	50.81121228676258
3.6400364003641186	66.05819061407175
3.650036500365119	54.38475804458551
3.6600366003661193	51.33412075453062
3.6700367003671195	27.011347062704147
3.68003680036812	51.2797569895592
3.6900369003691202	56.895672838682934
3.700037000370121	69.01718839170938
3.710037100371121	77.10902483380266
3.720037200372121	76.55972654471029
3.7300373003731218	35.62140283878556
3.740037400374122	82.50066036875239
3.7500375003751225	83.34742082283876
3.7600376003761227	73.96453750454629
3.770037700377123	67.52258883913953
3.7800378003781234	74.98191193484098
3.7900379003791236	74.58477740457498
3.8000380003801237	60.4029262270597
3.8100381003811243	67.66531901639796
3.8200382003821245	22.663782617731385
3.830038300383125	83.94808038133242
3.8400384003841253	48.23977299651225
3.8500385003851254	75.49655698233838
3.860038600386126	66.15337417090808
3.870038700387126	66.3646838846225
3.8800388003881268	43.03359193839713
3.890038900389127	70.68408626035976
3.900039000390127	64.65949411434568
3.9100391003911277	62.205035406851984
3.920039200392128	54.01557122757267
3.930039300393128	59.17235342023891
3.9400394003941286	54.82515783647885
3.9500395003951287	48.81434019481382
3.9600396003961293	49.544646689170904
3.9700397003971295	29.630115251301305
3.9800398003981297	42.56631182524171
3.9900399003991303	38.33948269056562
4.000040000400131	45.24800625099822
4.010040100401131	45.111579373757344
4.020040200402131	6.332386420476756
4.030040300403131	32.684654097665344
4.0400404004041315	52.23008680182378
4.0500405004051325	46.315767356241935
4.060040600406133	35.23200842317083
4.070040700407133	36.42643625711557
4.080040800408133	37.21712933281896
4.090040900409133	28.823299676291725
4.100041000410133	35.846580988906915
4.110041100411134	42.10440900258629
4.1200412004121345	49.333457458749145
4.130041300413135	26.671153883823937
4.140041400414135	34.95121797178237
4.150041500415135	38.83985950974196
4.160041600416136	42.746434941494954
4.170041700417136	41.05805773296745
4.180041800418136	51.724464592710206
4.1900419004191365	17.948008299797447
4.200042000420137	57.433195165618194
4.210042100421138	63.563822088232655
4.220042200422138	-6.606441639257337
4.230042300423138	60.33362500627422
4.240042400424138	60.53590682928257
4.250042500425138	48.512626230381684
4.260042600426139	53.260350296721725
4.2700427004271395	40.70756067778369
4.28004280042814	50.321394850720225
4.29004290042914	35.60299357559689
4.30004300043014	47.64219791850108
4.31004310043114	53.975509904800866
4.320043200432141	40.907395762226905
4.330043300433141	51.72052054871167
4.3400434004341415	52.9340043046273
4.350043500435142	43.238667411753404
4.360043600436142	51.72337183531882
4.370043700437143	41.83238712638945
4.380043800438143	45.25937989040497
4.390043900439143	55.46769364195125
4.400044000440143	51.081204687746315
4.4100441004411435	49.31105933620469
4.4200442004421445	58.75651691610928
4.430044300443145	51.25439638160152
4.440044400444145	49.15854423707485
4.450044500445145	57.82520225979754
4.460044600446145	56.97278482776726
4.470044700447146	60.99363299653572
4.480044800448146	32.517986361449466
4.4900449004491465	41.32928492425432
4.500045000450147	37.27071533295296
4.510045100451147	51.71748007944826
4.520045200452148	43.457755887077546
4.530045300453148	39.60455022078344
4.540045400454148	47.614241110344835
4.550045500455148	27.33916139293114
4.5600456004561485	55.63246745620982
4.570045700457149	17.883659717511634
4.58004580045815	42.61457613590712
4.59004590045915	52.56064003697875
4.60004600046015	31.500875492688316
4.61004610046115	36.974223839889746
4.62004620046215	32.38585312535496
4.630046300463151	46.064229215507396
4.6400464004641515	43.58940002268625
4.650046500465152	40.25808310732543
4.660046600466152	36.703558056568895
4.670046700467152	37.63906627728117
4.680046800468153	37.18235760571808
4.690046900469153	36.559901066099386
4.700047000470153	42.62149668635627
4.7100471004711535	41.19983317362601
4.720047200472154	45.362539580405574
4.730047300473155	37.22275628452677
4.740047400474155	39.21765875900282
4.750047500475155	37.316472935541604
4.760047600476155	47.24740135656792
4.770047700477155	51.301065725632235
4.7800478004781555	45.12981891538301
4.7900479004791565	48.397346616773156
4.800048000480157	52.236271958758515
4.810048100481157	41.93590061702747
4.820048200482157	42.008892081990716
4.830048300483157	22.940046952292096
4.840048400484158	55.46264444105543
4.850048500485158	45.46777606108153
4.8600486004861585	22.383971158974763
4.870048700487159	63.98095327988501
4.880048800488159	47.35052058308087
4.89004890048916	35.58317016123694
4.90004900049016	39.57168415282937
4.91004910049116	57.56593583883496
4.92004920049216	41.14188684704075
4.9300493004931605	32.5484948777226
4.9400494004941615	62.679187886588146
4.950049500495162	57.01072410581903
4.960049600496162	27.805116103102325
4.970049700497162	59.92947594913305
4.980049800498162	36.93288371368572
4.990049900499163	59.37043801845333
5.000050000500163	37.223977641298376
5.0100501005011635	51.234000185315125
5.020050200502164	57.54925193536376
5.030050300503164	57.575468306511965
5.040050400504164	54.76430831011309
5.050050500505165	36.38553902499267
5.060050600506165	48.465458575858804
5.070050700507165	34.92870967406049
5.0800508005081655	52.96297055731454
5.090050900509166	62.38510327158356
5.100051000510167	58.761163235800836
5.110051100511167	50.62795464184907
5.120051200512167	46.01913305636617
5.130051300513167	52.92042722819675
5.140051400514167	47.16457419577515
5.150051500515168	16.19665037896349
5.1600516005161685	21.74822229283802
5.170051700517169	36.064948351931186
5.180051800518169	58.83995144265529
5.190051900519169	35.08610171021347
5.20005200052017	41.74657009684619
5.21005210052117	19.902169195672037
5.22005220052217	42.0785500728067
5.2300523005231705	41.115711930093504
5.240052400524171	37.468728206566745
5.250052500525171	39.63496318600876
5.260052600526172	37.54742669188019
5.270052700527172	37.14895163789287
5.280052800528172	36.13812439642237
5.290052900529172	23.916223545724602
5.3000530005301725	33.89375514938164
5.3100531005311735	26.3018715267618
5.320053200532174	44.01440671185992
5.330053300533174	44.240947560919224
5.340053400534174	45.24400882043082
5.350053500535174	47.30854012070062
5.360053600536175	26.69064134081939
5.370053700537175	46.393290087777906
5.3800538005381755	44.00589878580103
5.390053900539176	48.198288308684695
5.400054000540176	52.34969803766035
5.410054100541177	50.91169643492033
5.420054200542177	48.72718248237162
5.430054300543177	51.65370832100171
5.440054400544177	43.712568394165984
5.4500545005451775	36.33907680193529
5.4600546005461785	58.672027401306536
5.470054700547179	42.05706619491051
5.480054800548179	45.28616690638442
5.490054900549179	38.76916853223085
5.500055000550179	53.450252229152596
5.510055100551179	38.50326882447425
5.52005520055218	51.16746751620725
5.5300553005531805	41.43970413602629
5.540055400554181	31.1321273596857
5.550055500555181	31.091582801683767
5.560055600556181	44.72534572170268
5.570055700557182	40.601370775749636
5.580055800558182	44.427714067653625
5.590055900559182	52.722230376365026
5.6000560005601825	43.459846378989795
5.610056100561183	64.3001339537408
5.620056200562184	43.278351800412395
5.630056300563184	50.24722864859689
5.640056400564184	61.12132722751192
5.650056500565184	27.629992556291242
5.660056600566184	62.594942214989686
5.670056700567185	45.80243160122378
5.6800568005681855	52.968293840018895
5.690056900569186	44.630541616002745
5.700057000570186	36.81676911391558
5.710057100571186	45.06695732698958
5.720057200572186	56.41972884084635
5.730057300573187	43.40948956660334
5.740057400574187	42.821101628593304
5.7500575005751875	48.20750229813246
5.760057600576188	43.136249915158196
5.770057700577188	28.73454384177407
5.780057800578189	30.04038742500271
5.790057900579189	41.87776368845518
5.800058000580189	47.0079570236061
5.810058100581189	29.693142612312542
5.8200582005821895	19.234379222733107
5.8300583005831905	34.633297012443
5.840058400584191	39.64508357043612
5.850058500585191	36.70962436402464
5.860058600586191	36.248349007594
5.870058700587191	37.41660234253989
5.880058800588192	40.29310041445372
5.890058900589192	41.880557195711944
5.9000590005901925	36.46733204678008
5.910059100591193	25.655235573165484
5.920059200592193	48.77273230589541
5.930059300593194	27.689223870047204
5.940059400594194	25.10801752594287
5.950059500595194	48.46106353432171
5.960059600596194	55.24772649855688
5.9700597005971945	23.997138608611635
5.980059800598195	43.32753723107572
5.990059900599196	59.10141952264383
6.000060000600196	37.64943401368211
6.010060100601196	50.054923756032466
6.020060200602196	46.82169544312053
6.030060300603196	59.57506503739601
6.040060400604197	26.812009773630283
6.0500605006051975	54.501602508486805
6.060060600606198	54.31160855799007
6.070060700607198	62.997012258719614
6.080060800608198	25.539337257706574
6.090060900609199	6.525423634485157
6.100061000610199	39.959724987871105
6.110061100611199	55.87335560711481
6.1200612006121995	39.219343012881545
6.1300613006132	32.91798192144135
6.140061400614201	60.217833884987314
6.150061500615201	33.38683523966234
6.160061600616201	69.92157531857127
6.170061700617201	41.03251085296953
6.180061800618201	41.79892763099454
6.1900619006192015	64.16329688085413
6.2000620006202025	66.06014754116579
6.210062100621203	42.411660443569644
6.220062200622203	56.64767581343028
6.230062300623203	46.279016884649344
6.240062400624203	26.692796485220185
6.250062500625204	46.30683514603038
6.260062600626204	39.68565922243339
6.2700627006272045	50.75307834133481
6.280062800628205	51.836235824342694
6.290062900629205	63.77800446980258
6.300063000630206	33.42355249543669
6.310063100631206	37.24220316072549
6.320063200632206	36.95566629664725
6.330063300633206	49.28317056739611
6.3400634006342065	55.149945614152315
6.3500635006352075	49.71876923774746
6.360063600636208	34.818349771283756
6.370063700637208	45.98196746254499
6.380063800638208	26.249212892649766
6.390063900639208	23.275205757605242
6.400064000640208	40.11074878053142
6.410064100641209	34.95609142785077
6.4200642006422095	29.126214615775517
6.43006430064321	35.81107183295547
6.44006440064421	34.364968168245895
6.45006450064521	35.0507664498892
6.460064600646211	33.07105390898236
6.470064700647211	33.32146089714272
6.480064800648211	38.38567178805002
6.4900649006492115	32.141708500681794
6.500065000650212	23.091004904924322
6.510065100651213	47.93727376971986
6.520065200652213	31.951442549620698
6.530065300653213	42.47090951632785
6.540065400654213	46.6529679184139
6.550065500655213	45.09733005698109
6.560065600656214	39.38976244966331
6.5700657006572145	29.610508393918767
6.580065800658215	25.90150617542768
6.590065900659215	33.44096472474942
6.600066000660215	51.95072382446769
6.610066100661216	52.32303050385027
6.620066200662216	40.461372917543734
6.630066300663216	33.2144411415957
6.6400664006642165	51.66343476470237
6.650066500665217	10.26364734479188
6.660066600666217	49.96577723283702
6.670066700667218	38.246438799804544
6.680066800668218	60.34540228458142
6.690066900669218	46.29897637176876
6.700067000670218	47.71050495016834
6.7100671006712185	21.167555671987206
6.7200672006722195	49.05278439084727
6.73006730067322	32.77327382662762
6.74006740067422	48.604939755062304
6.75006750067522	19.18660173707976
6.76006760067622	54.449362956223005
6.770067700677221	61.124599440859924
6.780067800678221	49.89895662315601
6.7900679006792215	61.350596019733906
6.800068000680222	34.63689272510984
6.810068100681222	52.85227549272747
6.820068200682223	33.34909164265881
6.830068300683223	40.22025709338579
6.840068400684223	49.1069845359601
6.850068500685223	37.44567006164703
6.8600686006862235	30.959247458197115
6.870068700687224	36.510939469950216
6.880068800688225	41.215456666143716
6.890068900689225	23.058797085348676
6.900069000690225	34.59502041613005
6.910069100691225	63.627028788573654
6.920069200692225	41.463815085687536
6.930069300693226	40.986059271127004
6.9400694006942265	38.19439374982899
6.950069500695227	38.445565222138676
6.960069600696227	30.595837753359525
6.970069700697227	41.159392501392226
6.980069800698228	34.302293533776705
6.990069900699228	36.495393127000064
7.000070000700228	36.32243716329103
7.0100701007012285	37.59099696970678
7.020070200702229	34.82999691606561
7.03007030070323	37.735707719295284
7.04007040070423	36.433678610498035
7.05007050070523	36.64055237442498
7.06007060070623	45.39262768642818
7.07007070070723	33.36549653755251
7.080070800708231	45.79484797448656
7.0900709007092315	27.393455045174875
7.100071000710232	25.313931970277068
7.110071100711232	9.268702538248029
7.120071200712232	35.30172237647975
7.130071300713232	30.47257504936387
7.140071400714233	28.367658983725313
7.150071500715233	41.03076121927321
7.1600716007162335	43.197830486413366
7.170071700717234	45.57082357159424
7.180071800718234	48.650073112999145
7.190071900719235	57.936244297768376
7.200072000720235	44.60584082833454
7.210072100721235	63.154268572581536
7.220072200722235	37.61944017674505
7.2300723007232355	61.458578198756406
7.2400724007242365	37.855980183878
7.250072500725237	48.64911874990675
7.260072600726237	33.627869062868626
7.270072700727237	69.10167877723096
7.280072800728237	30.849708989884935
7.290072900729238	44.52785636351677
7.300073000730238	15.407640153695937
7.3100731007312385	33.92400205251561
7.320073200732239	60.17183582496139
7.330073300733239	40.48726078852974
7.340073400734239	50.83441376263317
7.35007350073524	58.61378141133584
7.36007360073624	68.3975797806399
7.37007370073724	23.27392055087565
7.3800738007382405	41.96970194347325
7.390073900739241	60.049998723860426
7.400074000740242	60.724601008625406
7.410074100741242	51.423371768313075
7.420074200742242	28.96160150965184
7.430074300743242	49.68680738779457
7.440074400744242	43.50645212823428
7.450074500745243	41.087981848771285
7.4600746007462435	49.092762280557395
7.470074700747244	36.53227224968978
7.480074800748244	45.9707008258876
7.490074900749244	48.83786890135205
7.500075000750245	51.2392634282663
7.510075100751245	46.53141144478363
7.520075200752245	23.476808216709582
7.5300753007532455	21.97363935414074
7.540075400754246	41.66488018560377
7.550075500755247	24.788240534536435
7.560075600756247	51.60693413616046
7.570075700757247	29.89983336249111
7.580075800758247	36.58025397923942
7.590075900759247	40.902707937838024
7.6000760007602475	34.49577353837707
7.6100761007612485	39.32838949574976
7.620076200762249	37.21341199957759
7.630076300763249	36.091210858523134
7.640076400764249	35.82141539201908
7.650076500765249	35.12230597852404
7.66007660076625	41.18209011446995
7.67007670076725	39.680062920418784
7.6800768007682505	28.042896506702775
7.690076900769251	43.053679049487926
7.700077000770251	24.51155649344868
7.710077100771252	25.557760103757488
7.720077200772252	40.0874756935243
7.730077300773252	41.49679898187586
7.740077400774252	44.28399031136863
7.7500775007752525	48.335763123553704
7.7600776007762535	50.860182242119336
7.770077700777254	51.83993932017741
7.780077800778254	10.374474706035253
7.790077900779254	25.621903582062597
7.800078000780254	50.21444917822242
7.810078100781254	42.307801170388906
7.820078200782255	47.61531492995553
7.8300783007832555	31.66036821616777
7.840078400784256	33.94672423746184
7.850078500785256	42.70626594697352
7.860078600786256	27.331365379526655
7.870078700787257	29.98493304175091
7.880078800788257	45.354200641749394
7.890078900789257	46.75552535800535
7.9000790007902575	30.40558598120541
7.910079100791258	51.33781471570623
7.920079200792259	56.45832514931073
7.930079300793259	41.90360543819969
7.940079400794259	40.5171606472529
7.950079500795259	45.451028191906225
7.960079600796259	9.268451938975984
7.97007970079726	47.26548100839179
7.9800798007982605	61.88921662361356
7.990079900799261	37.73498080468369
8.000080000800262	54.13717719586143
8.010080100801261	42.45079811204703
8.020080200802262	16.167830658836063
8.030080300803261	34.31420869631744
8.040080400804262	37.124705107279645
8.050080500805263	55.850297400158254
8.060080600806263	51.330132783023735
8.070080700807264	51.808403761553976
8.080080800808263	44.540224244399745
8.090080900809264	33.90889050359792
8.100081000810265	38.03244539197188
8.110081100811264	32.099861381917165
8.120081200812265	33.114636166519425
8.130081300813265	41.68814592924693
8.140081400814266	30.08322347613328
8.150081500815265	44.96659821234042
8.160081600816266	37.068435367683264
8.170081700817267	45.98879390990309
8.180081800818266	27.1717138752881
8.190081900819267	34.98635764657408
8.200082000820267	40.16998313342832
8.210082100821268	33.0956716089461
8.220082200822269	34.85369586197275
8.230082300823268	31.930755253294112
8.240082400824269	38.88041078553605
8.250082500825268	27.399805094776653
8.26008260082627	30.247480401530456
8.27008270082727	42.43359633475045
8.28008280082827	28.43681309106913
8.29008290082927	36.98637532079122
8.30008300083027	35.63271240433288
8.310083100831271	34.69311785921051
8.320083200832272	42.858057149490676
8.330083300833271	58.980383045513044
8.340083400834272	48.34040735320734
8.350083500835272	51.78570098572048
8.360083600836273	16.052167502391463
8.370083700837274	40.88538493046751
8.380083800838273	52.55055495650933
8.390083900839274	46.13527927810707
8.400084000840273	50.035042647866234
8.410084100841274	51.92313951668095
8.420084200842275	60.07411048989878
8.430084300843275	41.06635471838292
8.440084400844276	55.938632322550895
8.450084500845275	63.327887337186176
8.460084600846276	59.91406983096782
8.470084700847277	28.39821282166688
8.480084800848276	45.39773188164495
8.490084900849277	22.256680492780458
8.500085000850277	46.39495066216505
8.510085100851278	29.614008520115828
8.520085200852279	55.118664808271134
8.530085300853278	44.89296986970852
8.540085400854279	52.80250039549379
8.550085500855278	39.258968436039986
8.56008560085628	56.829273455667824
8.57008570085728	46.83468771830818
8.58008580085828	31.122568393288145
8.59008590085928	34.95114009271089
8.60008600086028	31.736146843808214
8.610086100861281	20.20502546651772
8.62008620086228	26.014440244613777
8.630086300863281	53.74867110794385
8.640086400864282	52.98094187007866
8.650086500865282	43.316989406040754
8.660086600866283	54.81774027300869
8.670086700867282	57.13612486227129
8.680086800868283	35.493843084726414
8.690086900869284	36.66507877107757
8.700087000870283	14.79470298215233
8.710087100871284	42.45364074965644
8.720087200872284	42.843089313846356
8.730087300873285	14.631514016535233
8.740087400874286	41.5865476190937
8.750087500875285	17.514255499935533
8.760087600876286	35.94924205113767
8.770087700877285	38.76145490802638
8.780087800878286	34.22317276646207
8.790087900879287	40.25116609522865
8.800088000880287	37.13750150359665
8.810088100881288	36.58157388263464
8.820088200882287	35.06110915357447
8.830088300883288	39.19054974546687
8.840088400884289	36.57288028247501
8.850088500885288	31.223704793941884
8.86008860088629	39.36739132000328
8.870088700887289	25.80457926774734
8.88008880088829	21.46979358761958
8.89008890088929	35.01776518307501
8.90008900089029	43.491069290598
8.910089100891291	4.4359753577363294
8.92008920089229	33.953219218281355
8.930089300893291	40.783443264092845
8.940089400894292	49.2979518953744
8.950089500895292	53.81485666070035
8.960089600896293	47.08091804077961
8.970089700897292	29.549117853084283
8.980089800898293	-10.933513835238088
8.990089900899294	31.437510801366738
9.000090000900293	41.286818504734136
9.010090100901294	55.09145265687707
9.020090200902294	41.91522579597423
9.030090300903295	37.36330054372529
9.040090400904296	37.021578784832535
9.050090500905295	35.522096780413534
9.060090600906296	34.18247683968621
9.070090700907295	49.6209188454202
9.080090800908296	26.199692609737166
9.090090900909296	65.75095133086141
9.100091000910297	46.41210922210709
9.110091100911298	39.23083627006273
9.120091200912297	42.35002558958899
9.130091300913298	46.51855437250642
9.140091400914297	55.68704081266763
9.150091500915298	69.14570902946942
9.1600916009163	34.97735374681551
9.170091700917299	32.60666678750592
9.1800918009183	63.90464783083992
9.190091900919299	33.32142079170048
9.2000920009203	32.424135042775276
9.210092100921301	48.6235666008827
9.2200922009223	33.043720834564766
9.230092300923301	38.41368719231793
9.2400924009243	52.31150693516452
9.250092500925302	58.38978914205221
9.260092600926303	40.65897778826623
9.270092700927302	43.94562214043205
9.280092800928303	39.410943369919934
9.290092900929302	31.05504536334677
9.300093000930303	41.22886950927176
9.310093100931304	35.952972542521664
9.320093200932304	15.740221894408423
9.330093300933305	23.253589017437942
9.340093400934304	39.763342671788386
9.350093500935305	44.12380997744276
9.360093600936306	29.668553408673375
9.370093700937305	37.66488021425711
9.380093800938306	31.58913521281592
9.390093900939306	33.32590629197793
9.400094000940307	34.05562345151127
9.410094100941308	34.39037701481115
9.420094200942307	34.37066795190055
9.430094300943308	33.96131430642364
9.440094400944307	37.62834389393213
9.450094500945308	30.20008225992559
9.46009460094631	45.50360053761899
9.470094700947309	33.7546383097885
9.48009480094831	41.63178351992727
9.490094900949309	20.12551018397853
9.50009500095031	45.33975293039686
9.510095100951311	51.91102008694432
9.52009520095231	1.8966625182996304
9.530095300953311	41.17794567828081
9.54009540095431	51.83400517320929
9.550095500955312	54.61630874215906
9.560095600956311	42.054247100032065
9.570095700957312	43.96245924409532
9.580095800958313	34.12554814105526
9.590095900959312	34.114836036882146
9.600096000960313	28.068464036781197
9.610096100961313	54.76411311733838
9.620096200962314	56.30496430418515
9.630096300963315	51.809220159969925
9.640096400964314	56.0342260453151
9.650096500965315	54.50870958744946
9.660096600966314	47.04711350935911
9.670096700967315	27.958419405093455
9.680096800968316	52.22260004322685
9.690096900969316	59.070244845423
9.700097000970317	60.57542840253801
9.710097100971316	62.03386694453853
9.720097200972317	31.29970336548129
9.730097300973318	15.588811053735238
9.740097400974317	39.27557842475618
9.750097500975318	57.709345296076215
9.760097600976318	40.35148722571456
9.770097700977319	28.0548908609736
9.78009780097832	42.09243781929853
9.790097900979319	21.936857736217284
9.80009800098032	30.34956022624699
9.81009810098132	50.273231389760575
9.82009820098232	47.961901001537846
9.830098300983321	51.85585540286583
9.84009840098432	54.18291934254756
9.850098500985322	19.503002720782757
9.860098600986321	50.856527700976166
9.870098700987322	42.068612138455826
9.880098800988323	25.931040970137833
9.890098900989322	36.131954896482284
9.900099000990323	39.23074623859837
9.910099100991323	35.06535974268634
9.920099200992324	29.938024702751083
9.930099300993325	43.86953424471917
9.940099400994324	37.570940937736886
9.950099500995325	38.347037150109536
9.960099600996324	42.65935920172208
9.970099700997325	37.70846352929206
9.980099800998326	36.39760455207648
9.990099900999326	37.06028693465792
10.000100001000327	37.949473259872356
10.010100101001326	31.106200030313204
10.020100201002327	40.26311473106016
10.030100301003326	43.62564352221812
10.040100401004327	40.71165018060163
10.050100501005328	46.99958587507171
10.060100601006328	42.21831462288098
10.070100701007329	43.6748870272112
10.080100801008328	26.649892581533468
10.090100901009329	29.775329897479075
10.10010100101033	30.010638158842998
10.11010110101133	42.026612412144054
10.12010120101233	49.10169081506827
10.13010130101333	38.154549992739376
10.14010140101433	57.019768363171515
10.150101501015332	27.27874019206859
10.160101601016331	13.516189889485998
10.170101701017332	34.123128097982814
10.180101801018331	51.72732223637082
10.190101901019332	48.5720206774284
10.200102001020333	38.17195560387622
10.210102101021333	28.171243691169575
10.220102201022334	49.3403712858437
10.230102301023333	54.69567944318879
10.240102401024334	62.176166606959335
10.250102501025335	32.08131970279277
10.260102601026334	49.99683299392793
10.270102701027335	49.55498417860563
10.280102801028335	47.77403181952373
10.290102901029336	43.64589285597669
10.300103001030337	35.62629209641857
10.310103101031336	36.77304661148693
10.320103201032337	42.23059574026702
10.330103301033336	44.90950691220661
10.340103401034337	46.08474126562201
10.350103501035338	50.24590294109076
10.360103601036338	46.71002828872165
10.370103701037339	50.725988233596034
10.380103801038338	35.113295693526936
10.390103901039339	19.626261622881
10.40010400104034	27.629920315178257
10.41010410104134	21.386121585219858
10.42010420104234	55.13506763638673
10.43010430104334	31.2704781739993
10.44010440104434	53.45220672518605
10.450104501045342	27.595161351561607
10.460104601046341	37.790859431803135
10.470104701047342	35.5453284565679
10.480104801048341	36.26919942059528
10.490104901049342	49.870836224857314
10.500105001050342	40.99787662634513
10.510105101051343	46.65655871408214
10.520105201052344	29.068882481772874
10.530105301053343	37.12113601662767
10.540105401054344	38.37420652950718
10.550105501055343	43.64974744870206
10.560105601056344	34.32095643639388
10.570105701057345	38.157949387903734
10.580105801058345	35.10282567094809
10.590105901059346	37.0989705399781
10.600106001060345	38.426409648229686
10.610106101061346	32.316893090932965
10.620106201062347	38.81865497904824
10.630106301063346	33.72055370672463
10.640106401064347	37.06844876500064
10.650106501065347	22.054263821011087
10.660106601066348	40.84721254815486
10.670106701067349	-14.466037706626125
10.680106801068348	17.371186528361047
10.690106901069349	39.84988956275033
10.700107001070348	47.39884537577514
10.71010710107135	47.74220734845236
10.72010720107235	-2.136469506050396
10.73010730107335	45.195145688891515
10.74010740107435	42.478195378477125
10.75010750107535	45.42842056245778
10.760107601076351	48.40020761760658
10.770107701077352	47.574400057310605
10.780107801078351	36.9256818777086
10.790107901079352	44.112996476356805
10.800108001080352	50.502042496458024
10.810108101081353	45.83718200050099
10.820108201082354	57.90418135428113
10.830108301083353	56.13319353266064
10.840108401084354	54.695665034561515
10.850108501085353	45.414523162202315
10.860108601086354	34.45226904218364
10.870108701087355	29.391838669089584
10.880108801088355	52.77840055843719
10.890108901089356	40.232319313516506
10.900109001090355	50.858374572038
10.910109101091356	38.41345758587767
10.920109201092357	27.837133613469486
10.930109301093356	54.147801097602304
10.940109401094357	60.12954129747714
10.950109501095357	41.556295904034606
10.960109601096358	19.671557041714895
10.970109701097357	43.61114001166872
10.980109801098358	51.94279755981656
10.990109901099359	32.03062610166538
11.000110001100358	36.67047660896355
11.01011010110136	54.88757322952959
11.020110201102359	33.34809145734473
11.03011030110336	36.97826298609029
11.04011040110436	18.411461824790813
11.05011050110536	39.21586512620164
11.060110601106361	20.348016306371985
11.07011070110736	32.08198329306801
11.080110801108361	25.120867178676207
11.090110901109362	47.141166083366755
11.100111001110362	49.372162203247115
11.110111101111363	33.525222784685646
11.120111201112362	42.5600679411446
11.130111301113363	31.335698799801236
11.140111401114364	31.643929243335037
11.150111501115363	33.913662671422166
11.160111601116364	32.525767470032854
11.170111701117364	33.6086230071841
11.180111801118365	33.53930469781327
11.190111901119366	29.14919187097731
11.200112001120365	31.607356860859884
11.210112101121366	40.08612388234855
11.220112201122365	46.784171702496714
11.230112301123366	40.76165724620592
11.240112401124367	28.864435909307907
11.250112501125367	29.12839738835256
11.260112601126368	43.37860017958302
11.270112701127367	32.23604224221197
11.280112801128368	37.15336327093487
11.290112901129369	56.18871566616677
11.300113001130368	34.060233966589166
11.31011310113137	52.235331609823824
11.320113201132369	32.34892378390729
11.33011330113337	59.21028674706797
11.34011340113437	57.61871946560833
11.35011350113537	28.343082227354063
11.360113601136371	53.88776073984411
11.37011370113737	24.18250556376768
11.380113801138371	45.251792140724085
11.390113901139372	36.175737712326956
11.400114001140372	49.66611768760146
11.410114101141373	23.883445435319796
11.420114201142372	45.52185300805989
11.430114301143373	2.0399420834991493
11.440114401144372	49.4967247153808
11.450114501145373	49.39777586865114
11.460114601146374	54.32439639570166
11.470114701147374	50.587087992716064
11.480114801148375	39.57950152244222
11.490114901149374	34.89180944693019
11.500115001150375	45.31100738945491
11.510115101151376	57.15997637383641
11.520115201152375	49.020580322170645
11.530115301153376	47.08958681493151
11.540115401154376	33.66192233790523
11.550115501155377	21.4463672773377
11.560115601156378	43.27048320778375
11.570115701157377	52.376451500405814
11.580115801158378	16.97947336893648
11.590115901159377	52.40315310931889
11.600116001160378	34.21465535919728
11.61011610116138	22.16870304793198
11.620116201162379	42.660716995373605
11.63011630116338	37.05077807522076
11.640116401164379	31.281513716329382
11.65011650116538	45.31402043308106
11.660116601166381	42.78127870587049
11.67011670116738	38.29169878029835
11.680116801168381	46.23562094125514
11.69011690116938	39.44946615768943
11.700117001170382	41.63224065400247
11.710117101171383	39.60486865671133
11.720117201172382	43.64781473982618
11.730117301173383	40.384615904522924
11.740117401174382	32.05935428958116
11.750117501175383	36.60843341988341
11.760117601176384	36.50136051872419
11.770117701177384	38.66970838888234
11.780117801178385	36.771655440098264
11.790117901179384	38.092600247480526
11.800118001180385	25.651849371052858
11.810118101181386	35.09982326757682
11.820118201182385	42.52863022793684
11.830118301183386	28.924188715774847
11.840118401184386	33.704631361380955
11.850118501185387	43.4121725486714
11.860118601186388	49.60709362616872
11.870118701187387	44.27468742825788
11.880118801188388	26.60604646723708
11.890118901189387	54.01324947178556
11.900119001190388	15.993894466695952
11.910119101191388	49.39996582043195
11.920119201192389	37.57794039818344
11.93011930119339	58.59664785441909
11.940119401194389	19.719497825097516
11.95011950119539	49.29131933171629
11.96011960119639	49.4963579770693
11.97011970119739	42.64364148118572
11.980119801198391	50.91230422091492
11.99011990119939	58.47692848036681
12.000120001200392	41.775437384653735
12.010120101201391	29.845305372140416
12.020120201202392	52.83915632447866
12.030120301203393	43.62762364968928
12.040120401204392	46.31558325151632
12.050120501205393	50.54272974101493
12.060120601206393	57.284037385651075
12.070120701207394	17.586682746983605
12.080120801208395	39.73953615554609
12.090120901209394	49.59992891102585
12.100121001210395	70.38738736316574
12.110121101211394	27.978490937596394
12.120121201212395	51.044619964641065
12.130121301213396	56.01429485701045
12.140121401214396	28.59517711333563
12.150121501215397	42.90348255703072
12.160121601216396	42.72030458670637
12.170121701217397	39.22775965845689
12.180121801218398	58.3360478021416
12.190121901219397	46.10329049982268
12.200122001220398	45.090171848746124
12.210122101221398	39.96229208261386
12.220122201222399	27.145284724409716
12.2301223012234	23.66185791727871
12.240122401224399	39.63530723322213
12.2501225012254	45.39902405679487
12.2601226012264	40.81370506554872
12.2701227012274	40.8901216045868
12.280122801228401	43.32031035549226
12.2901229012294	51.632321096315536
12.300123001230402	31.844918070538284
12.310123101231401	35.12306036798914
12.320123201232402	30.669862190829782
12.330123301233403	33.23217038034697
12.340123401234402	35.553427608906944
12.350123501235403	35.360117038423475
12.360123601236403	35.710729152253734
12.370123701237404	38.671831324684085
12.380123801238403	37.483100552804636
12.390123901239404	25.02041090355666
12.400124001240405	44.04298179252432
12.410124101241404	34.45149181575686
12.420124201242405	34.75703623037898
12.430124301243405	49.0420328383329
12.440124401244406	28.897006290980897
12.450124501245407	50.4079226499175
12.460124601246406	34.00511058526028
12.470124701247407	40.93978535541548
12.480124801248406	29.59219519024699
12.490124901249407	23.842260189080967
12.500125001250408	30.8561541437444
12.510125101251408	32.51468482415076
12.520125201252409	51.31693472220845
12.530125301253408	21.581830609437787
12.540125401254409	55.43893314556713
12.55012550125541	33.13433881978021
12.56012560125641	45.789666045101306
12.57012570125741	36.46741065239029
12.58012580125841	41.829146707071736
12.59012590125941	43.59162652184635
12.600126001260412	34.504088342049165
12.610126101261411	64.82119038039558
12.620126201262412	58.324648031555675
12.630126301263411	45.918573861114474
12.640126401264412	32.61082206225193
12.650126501265413	58.194705845091725
12.660126601266413	51.430940133905246
12.670126701267414	34.957091528081094
12.680126801268413	42.4800591396732
12.690126901269414	47.93123254396775
12.700127001270415	41.15269983423618
12.710127101271414	61.93560948877727
12.720127201272415	31.64248639606096
12.730127301273415	44.00583460334312
12.740127401274416	63.6079458344504
12.750127501275417	46.552568072661415
12.760127601276416	48.65141537797642
12.770127701277417	49.34256473069411
12.780127801278416	32.566444229999924
12.790127901279417	18.540878850613353
12.800128001280417	30.03974242197354
12.810128101281418	58.01430863519091
12.820128201282419	39.478663469593094
12.830128301283418	32.61278706367155
12.840128401284419	30.75889447849999
12.850128501285418	47.323813446620605
12.86012860128642	28.005902185511182
12.87012870128742	47.170105543585926
12.88012880128842	29.656638865687256
12.89012890128942	37.419514575870245
12.90012900129042	39.044831120695896
12.910129101291421	33.00161106629895
12.920129201292422	29.812256630414826
12.930129301293421	36.1634792712654
12.940129401294422	35.54728900126233
12.950129501295422	36.9662449271181
12.960129601296423	37.72607919071888
12.970129701297424	35.6113865285536
12.980129801298423	34.901968432139405
12.990129901299424	39.95147536136407
13.000130001300423	33.51583354644222
13.010130101301424	51.349518981771254
13.020130201302425	16.072628345179595
13.030130301303425	40.13946375206068
13.040130401304426	35.395885693462326
13.050130501305425	39.347145848308564
13.060130601306426	53.08828587418838
13.070130701307427	45.76586448934252
13.080130801308426	35.00294462907908
13.090130901309427	32.983567052941275
13.100131001310427	47.03446779944758
13.110131101311428	9.56677223179977
13.120131201312429	39.372931830295684
13.130131301313428	61.891509529665065
13.140131401314429	34.100598608745315
13.150131501315428	44.02999983224165
13.16013160131643	38.62228729089391
13.17013170131743	53.12555771721782
13.18013180131843	15.226909314315092
13.19013190131943	48.61186730739657
13.20013200132043	1.0720817230535402
13.210132101321431	54.554692715655996
13.220132201322432	61.65344922842102
13.230132301323431	42.60345643830377
13.240132401324432	48.47144444257051
13.250132501325432	34.16384800129618
13.260132601326433	56.931510571752625
13.270132701327432	52.67530508676396
13.280132801328433	41.646451279051746
13.290132901329434	36.678484582579024
13.300133001330433	51.78304284937345
13.310133101331434	35.97965560957606
13.320133201332434	56.35902818010016
13.330133301333435	42.34501365053672
13.340133401334436	51.955138896237145
13.350133501335435	49.38928530693127
13.360133601336436	45.90256262026183
13.370133701337435	29.711916441539735
13.380133801338436	28.47521619687818
13.390133901339437	43.58253558364886
13.400134001340437	43.55905039109039
13.410134101341438	24.370921889821222
13.420134201342437	47.50077627150107
13.430134301343438	27.832780770383597
13.440134401344439	38.353837737377134
13.450134501345438	44.07521031519904
13.46013460134644	41.4985538244705
13.470134701347439	37.222670120801546
13.48013480134844	24.15717483979366
13.49013490134944	38.73499490271334
13.50013500135044	36.334912917659956
13.510135101351441	35.5348234358064
13.52013520135244	36.516358803414725
13.530135301353441	35.885973523620144
13.540135401354442	36.91474011933651
13.550135501355442	35.47346543623828
13.560135601356443	40.63644116454368
13.570135701357442	41.979060123072
13.580135801358443	31.94128562159749
13.590135901359444	27.74714017594822
13.600136001360443	28.999078620150804
13.610136101361444	35.756869791743554
13.620136201362444	24.25487063646942
13.630136301363445	44.671649526773855
13.640136401364446	34.694138490702905
13.650136501365445	41.96814367747884
13.660136601366446	36.53091328094694
13.670136701367445	17.603720955275133
13.680136801368446	44.61159625988822
13.690136901369447	37.27030714144497
13.700137001370447	50.27984071589714
13.710137101371448	17.791128811878426
13.720137201372447	54.42534377768531
13.730137301373448	42.776986325344176
13.740137401374447	46.638583803404046
13.750137501375448	56.43460655211931
13.76013760137645	27.812108981846826
13.770137701377449	42.98817208815008
13.78013780137845	52.143788612308036
13.790137901379449	56.234603320402655
13.80013800138045	38.50242605323994
13.810138101381451	48.55093670778124
13.82013820138245	48.630893127330296
13.830138301383451	40.38958183782271
13.84013840138445	20.535328636799054
13.850138501385452	40.182621376446995
13.860138601386453	43.445360578147515
13.870138701387452	51.011343306926385
13.880138801388453	37.66153048403178
13.890138901389452	51.603696141575256
13.900139001390453	43.00001030068982
13.910139101391454	42.74808113708072
13.920139201392454	60.36183376398752
13.930139301393455	31.911540707716473
13.940139401394454	57.558846815503856
13.950139501395455	48.098293503708575
13.960139601396456	39.99158921056121
13.970139701397455	39.727046095142626
13.980139801398456	43.61479322547627
13.990139901399456	38.55800938375181
14.000140001400457	56.40334652680622
14.010140101401458	22.523154531943316
14.020140201402457	49.30298061235243
14.030140301403458	37.1865583214595
14.040140401404457	47.36273402569876
14.050140501405458	32.67167074343523
14.06014060140646	43.19740014459694
14.070140701407459	38.29393484030327
14.08014080140846	42.055200865996696
14.090140901409459	35.95037798796401
14.10014100141046	34.22894100744222
14.110141101411461	35.306697362041994
14.12014120141246	35.79265442914873
14.130141301413461	36.724915875798665
14.14014140141446	36.05893122827872
14.150141501415462	34.700381199717334
14.160141601416463	39.84297593684578
14.170141701417462	16.523629374858057
14.180141801418463	35.375447933639
14.190141901419462	27.783126604592567
14.200142001420463	51.48941494952903
14.210142101421463	46.65657485820514
14.220142201422464	54.791005698311295
14.230142301423465	40.6923128875033
14.240142401424464	56.365379003607266
14.250142501425465	56.13456432524002
14.260142601426464	16.63028067009838
14.270142701427465	39.883411157624394
14.280142801428466	33.9845618081118
14.290142901429466	39.93289270087153
14.300143001430467	5.049283046771141
14.310143101431466	33.48897528900538
14.320143201432467	50.35736897080152
14.330143301433468	52.57553509882187
14.340143401434467	49.769739303713
14.350143501435468	44.72088982466429
14.360143601436468	52.296822577306614
14.370143701437469	31.196522650121373
14.38014380143847	19.181673727170647
14.390143901439469	60.849887983849115
14.40014400144047	54.397093572951164
14.41014410144147	37.396780072004084
14.42014420144247	30.025295073971662
14.430144301443471	28.739772393893876
14.44014440144447	33.8053247199488
14.450144501445472	63.17286007009419
14.460144601446471	32.458639338103794
14.470144701447472	45.35037732556663
14.480144801448473	41.800393926858796
14.490144901449472	38.224786732674886
14.500145001450473	50.17429239229928
14.510145101451473	25.56902573027426
14.520145201452474	52.81519864815689
14.530145301453475	21.181421013554946
14.540145401454474	52.54800006571122
14.550145501455475	37.683522276356676
14.560145601456474	46.05928297546131
14.570145701457475	48.93851027809258
14.580145801458476	33.337106844582884
14.590145901459476	47.88791250763622
14.600146001460477	29.20248642000682
14.610146101461476	39.57086867227938
14.620146201462477	43.98032368208646
14.630146301463478	46.32865822160435
14.640146401464477	-11.430560409214575
14.650146501465478	33.14877326791102
14.660146601466478	38.83220835346744
14.670146701467479	38.741083261699
14.680146801468478	34.696134479966844
14.690146901469479	35.17031998927634
14.70014700147048	34.88802575054539
14.71014710147148	35.38120530852994
14.72014720147248	31.27208975270586
14.73014730147348	34.18503941386269
14.74014740147448	37.8504488678901
14.750147501475482	23.408470346754612
14.760147601476481	40.951519068431104
14.770147701477482	28.614241412080197
14.780147801478481	38.86831062566366
14.790147901479482	47.452218840672714
14.800148001480483	41.06925297613784
14.810148101481483	16.592380124031084
14.820148201482484	30.795243431394425
14.830148301483483	34.803248770291674
14.840148401484484	44.57435697128065
14.850148501485485	29.65599164411973
14.860148601486484	37.11449031878218
14.870148701487485	37.47800727144427
14.880148801488485	49.854528534971664
14.890148901489486	41.906222844754474
14.900149001490487	54.41325274184779
14.910149101491486	42.94626657304672
14.920149201492487	30.84422953798884
14.930149301493486	27.22392527316983
14.940149401494487	49.58990684264391
14.950149501495488	56.20573598832653
14.960149601496488	42.54455002718622
14.970149701497489	59.35272270990704
14.980149801498488	34.88804002693771
14.990149901499489	60.669662705219444
