0.0	nan
0.010000100001000326	2.798670222459262
0.020000200002000652	5.385205282960522
0.03000030000300098	1.1930735584131464
0.040000400004001305	-3.4883324981907333
0.05000050000500163	12.173515105632955
0.06000060000600196	3.4202501867737887
0.07000070000700229	2.005070399069684
0.08000080000800261	12.3478888368408
0.09000090000900293	8.495730618581394
0.10000100001000325	4.188240989905807
0.11000110001100359	9.906233273104483
0.12000120001200391	8.221859279717108
0.13000130001300425	9.910770163296142
0.14000140001400457	5.022577800211138
0.1500015000150049	9.115131976275212
0.16000160001600522	9.206350233868179
0.17000170001700554	8.123477658919773
0.18000180001800586	8.577888258641151
0.1900019000190062	12.093542705702601
0.2000020000200065	7.6904621791615
0.21000210002100686	13.465941556095382
0.22000220002200718	10.180770922827712
0.2300023000230075	9.046976921585921
0.24000240002400783	16.995760445800762
0.2500025000250082	9.060896566407862
0.2600026000260085	11.990871298452783
0.2700027000270088	12.324959261447177
0.28000280002800915	11.427563718688425
0.29000290002900947	12.434885967680003
0.3000030000300098	10.77176072954124
0.3100031000310101	11.767376752128353
0.32000320003201044	14.008712445143708
0.33000330003301076	12.317407846552577
0.3400034000340111	12.713569296513718
0.3500035000350114	13.107356505684116
0.36000360003601173	14.050562546372415
0.37000370003701205	15.747559915611118
0.3800038000380124	14.588623138974498
0.3900039000390127	14.705145565513437
0.400004000040013	14.83452549736565
0.4100041000410134	15.5395200495853
0.4200042000420137	16.762236501298947
0.43000430004301404	17.373379718794574
0.44000440004401437	16.904323047207004
0.4500045000450147	18.829757087942394
0.460004600046015	17.921019657391923
0.47000470004701533	19.0077900847984
0.48000480004801566	19.062681124619175
0.490004900049016	18.39238508321957
0.5000050000500164	19.466583497071305
0.5100051000510166	19.878620521932106
0.520005200052017	19.846066260967646
0.5300053000530173	19.913293454481174
0.5400054000540176	19.91819055160466
0.5500055000550179	20.11074240512257
0.5600056000560183	19.265539678115026
0.5700057000570186	20.469415385204965
0.5800058000580189	22.049154535874894
0.5900059000590192	21.13922605473782
0.6000060000600196	22.275689973744115
0.6100061000610199	22.901764958123987
0.6200062000620202	23.62541558034123
0.6300063000630205	24.040189453498424
0.6400064000640209	24.039579306467942
0.6500065000650213	24.83528120196255
0.6600066000660215	25.932110138068055
0.6700067000670219	25.842626484766843
0.6800068000680222	27.021824684366372
0.6900069000690225	27.706851707871873
0.7000070000700228	28.093285689576486
0.7100071000710232	28.808058466666825
0.7200072000720235	29.03908697391434
0.7300073000730238	29.099868752507533
0.7400074000740241	29.586020213948313
0.7500075000750245	28.716917824156837
0.7600076000760247	30.38837649572894
0.7700077000770251	30.324241878154858
0.7800078000780254	30.922332634134573
0.7900079000790258	31.83826345593947
0.800008000080026	31.992875436220324
0.8100081000810264	32.45346481080465
0.8200082000820268	32.4093918793541
0.8300083000830271	32.72961411764537
0.8400084000840274	33.04546214209031
0.8500085000850277	33.59600826619702
0.8600086000860281	33.36041190942921
0.8700087000870284	33.978564611698374
0.8800088000880287	34.45838783655122
0.890008900089029	34.98072452925148
0.9000090000900294	34.97418562664783
0.9100091000910296	35.58155151407129
0.92000920009203	36.3549166088008
0.9300093000930303	36.08052080349918
0.9400094000940307	36.81075083376302
0.9500095000950309	37.43958393497393
0.9600096000960313	37.810378636600966
0.9700097000970317	37.74597934981333
0.980009800098032	38.388333006544066
0.9900099000990323	37.297929036693326
1.0000100001000327	39.012521813027405
1.0100101001010329	38.94348245577564
1.0200102001020332	41.10936833796809
1.0300103001030336	39.84778822925046
1.040010400104034	40.82588294883997
1.0500105001050342	42.30578592833
1.0600106001060345	41.5331011879738
1.070010700107035	41.972689289917106
1.0800108001080353	43.182495324234054
1.0900109001090355	43.747826606908546
1.1000110001100358	32.520394136472135
1.1100111001110362	43.0837271294537
1.1200112001120366	44.067637456322664
1.130011300113037	45.78763094528524
1.1400114001140371	46.86785177724112
1.1500115001150375	45.44803174458748
1.1600116001160379	43.660464950191034
1.1700117001170383	48.293334344912886
1.1800118001180384	49.912508372684115
1.1900119001190388	49.56853702058719
1.2000120001200392	51.15726183325427
1.2100121001210395	47.94419097824711
1.2200122001220397	53.246108125915825
1.23001230012304	49.539943835844234
1.2400124001240405	53.179304541680935
1.2500125001250408	54.150297795452
1.260012600126041	54.79851191588561
1.2700127001270414	55.88823503352485
1.2800128001280418	57.46786394962213
1.2900129001290421	58.9629831533357
1.3000130001300425	60.2915941340204
1.3100131001310427	59.45832794593997
1.320013200132043	64.13354769745982
1.3300133001330434	62.04541215220468
1.3400134001340438	63.097772685409986
1.350013500135044	65.1377803241337
1.3600136001360443	64.76526110740039
1.3700137001370447	66.0059900010565
1.380013800138045	67.8867410925484
1.3900139001390452	67.98445720516534
1.4000140001400456	72.77574641316149
1.410014100141046	63.17153873157255
1.4200142001420464	73.20116112059046
1.4300143001430465	73.90794853557546
1.440014400144047	75.62308629906495
1.4500145001450473	77.69953667572074
1.4600146001460477	78.37007983423447
1.470014700147048	78.78705692110206
1.4800148001480482	82.84465434501783
1.4900149001490486	84.64419192263183
1.500015000150049	86.26769625822627
1.5100151001510493	86.22525593208815
1.5200152001520495	88.59859731793628
1.5300153001530499	90.57709525697132
1.5400154001540503	89.99766571498745
1.5500155001550506	97.6361535007364
1.5600156001560508	98.70581828693591
1.5700157001570512	104.33071506113548
1.5800158001580515	98.66199330380668
1.590015900159052	99.01987034330585
1.600016000160052	115.48546599356123
1.6100161001610525	122.86521505686258
1.6200162001620528	104.38742658147306
1.6300163001630532	97.04640567835912
1.6400164001640536	100.86531215072242
1.6500165001650537	83.01368560615232
1.6600166001660541	36.00110177588442
1.6700167001670545	21.975519430289825
1.6800168001680549	71.80921677946841
1.690016900169055	91.13807786318903
1.7000170001700554	96.3697380705644
1.7100171001710558	91.80998856342568
1.7200172001720562	57.00041324154186
1.7300173001730563	105.2957573055683
1.7400174001740567	114.54743182132417
1.750017500175057	98.39257706990719
1.7600176001760575	106.15486876888234
1.7700177001770578	149.46178632436693
1.780017800178058	106.57207322041013
1.7900179001790584	98.86864133822232
1.8000180001800588	98.74009340506822
1.8100181001810591	132.64778577677248
1.8200182001820593	108.00121044513776
1.8300183001830597	97.1917662653272
1.84001840018406	103.09860039969571
1.8500185001850604	137.00913060109343
1.8600186001860606	106.97519401200186
1.870018700187061	76.82589867854165
1.8800188001880613	102.73216329619491
1.8900189001890617	112.84796511470603
1.9000190001900619	110.91682989063014
1.9100191001910622	96.49556134093619
1.9200192001920626	86.45846495817626
1.930019300193063	134.3659751221825
1.9400194001940634	104.51165208578577
1.9500195001950635	93.7868037098245
1.960019600196064	94.56374507985156
1.9700197001970643	107.10933611302626
1.9800198001980647	102.34162299150563
1.9900199001990648	91.48251737241486
2.0000200002000654	89.04169208276976
2.0100201002010656	105.42346847609684
2.0200202002020657	97.40294838222312
2.0300203002030663	103.05983710296667
2.0400204002040665	86.7215651464438
2.0500205002050667	98.16807453013615
2.0600206002060673	108.53133325385853
2.0700207002070674	101.54949554049932
2.080020800208068	80.57228704574507
2.090020900209068	103.85359774088316
2.1000210002100683	101.40070367837423
2.110021100211069	81.59060400135242
2.120021200212069	81.28962998098585
2.1300213002130697	111.26337958410959
2.14002140021407	132.8320215157617
2.15002150021507	99.4711863751448
2.1600216002160706	69.50942620008911
2.1700217002170707	80.16435972124827
2.180021800218071	90.86682129909292
2.1900219002190715	74.41906717133769
2.2000220002200717	63.27141248729705
2.2100221002210723	69.66816614420587
2.2200222002220724	71.36782288941828
2.2300223002230726	57.75817013214301
2.240022400224073	72.47250482672132
2.2500225002250733	64.53359230190462
2.260022600226074	44.640838384762446
2.270022700227074	24.4181175478083
2.2800228002280742	22.850245177351827
2.290022900229075	40.5412008297901
2.300023000230075	44.21569941756868
2.310023100231075	60.61529668468559
2.3200232002320758	65.82079572475183
2.330023300233076	61.799392974404064
2.3400234002340765	71.33713466678216
2.3500235002350767	57.51073322116358
2.360023600236077	83.13121683377096
2.3700237002370774	64.03308325561284
2.3800238002380776	62.26336018076604
2.3900239002390777	60.557038587709705
2.4000240002400783	70.2240562649899
2.4100241002410785	62.60785755670373
2.420024200242079	67.1392195981696
2.4300243002430792	69.6987508192716
2.4400244002440794	85.80094366479626
2.45002450024508	71.1979614800832
2.46002460024608	64.4258472480798
2.4700247002470808	57.65735217500325
2.480024800248081	95.09746187405703
2.490024900249081	65.61135304654123
2.5000250002500817	73.7937855629724
2.510025100251082	106.1018617760235
2.520025200252082	77.28634698868447
2.5300253002530826	71.66206355429193
2.5400254002540827	80.84768915472387
2.5500255002550833	114.68913220779018
2.5600256002560835	78.71990392618147
2.5700257002570837	73.08570596172859
2.5800258002580843	86.1937193403701
2.5900259002590844	70.3151941676395
2.600026000260085	84.5241426805045
2.610026100261085	78.28878175230544
2.6200262002620853	65.27582863893372
2.630026300263086	32.74969347666458
2.640026400264086	39.26670251408819
2.6500265002650862	39.12607614470109
2.660026600266087	50.1363367971884
2.670026700267087	52.68237108667263
2.6800268002680876	69.67249645167438
2.6900269002690878	46.90156288032098
2.700027000270088	57.04450510638357
2.7100271002710885	57.633880705080955
2.7200272002720887	62.58329694892627
2.7300273002730893	53.00268314214113
2.7400274002740894	49.4389406229172
2.7500275002750896	57.795830203131025
2.76002760027609	53.46917128144389
2.7700277002770903	16.800991198398375
2.7800278002780905	17.45236176929567
2.790027900279091	10.922407854501186
2.8000280002800912	24.725226467091773
2.810028100281092	35.29743840694983
2.820028200282092	37.13220138103763
2.830028300283092	24.82708158436457
2.8400284002840928	3.332491601262704
2.850028500285093	24.709677556253915
2.860028600286093	22.182028651338083
2.8700287002870937	14.312814492526263
2.880028800288094	9.015194859413745
2.8900289002890944	11.68235029916591
2.9000290002900946	10.582685528290165
2.9100291002910947	-7.273564028217643
2.9200292002920953	0.6198257666371219
2.9300293002930955	23.190533605274997
2.940029400294096	32.468017938738924
2.9500295002950963	22.80571634250751
2.9600296002960964	-0.20509512836060395
2.970029700297097	32.859800246986424
2.980029800298097	31.390366386666756
2.9900299002990973	29.589440314639237
3.000030000300098	25.720900022911266
3.010030100301098	36.04058433290008
3.0200302003020987	29.018680820026873
3.030030300303099	31.655316653226983
3.040030400304099	26.07252774659481
3.0500305003050996	29.84631701705346
3.0600306003060997	23.428272141843983
3.0700307003071003	33.59585937401851
3.0800308003081005	20.972318371785224
3.0900309003091007	4.676049600903678
3.1000310003101013	34.32089729353253
3.1100311003111014	25.62183522301498
3.1200312003121016	40.95917358409113
3.130031300313102	9.691137831067003
3.1400314003141023	45.15193489486228
3.150031500315103	16.24022773271672
3.160031600316103	24.28476900557049
3.1700317003171032	27.3889075590133
3.180031800318104	53.383100807425656
3.190031900319104	18.507849340588898
3.200032000320104	39.278337131974816
3.2100321003211048	40.711040172231286
3.220032200322105	38.743033182436044
3.2300323003231055	40.66234428869035
3.2400324003241057	29.249748903542518
3.250032500325106	41.81601825184793
3.2600326003261064	32.78030345926035
3.2700327003271066	48.454075912683685
3.280032800328107	22.688438733357867
3.2900329003291073	35.66010195664473
3.3000330003301075	34.53162608628372
3.310033100331108	28.110831668549114
3.3200332003321082	38.722879084410366
3.3300333003331084	28.514481669827187
3.340033400334109	16.704183039121684
3.350033500335109	35.9846594241793
3.3600336003361098	41.70347546155131
3.37003370033711	30.26818649229006
3.38003380033811	28.366509616118826
3.3900339003391107	28.273212009161444
3.400034000340111	38.854942238562025
3.4100341003411114	24.19917185140464
3.4200342003421116	-2.093031763668189
3.4300343003431117	23.746264825985993
3.4400344003441123	25.54626993150168
3.4500345003451125	19.012066627790027
3.4600346003461127	11.247181841974584
3.4700347003471133	6.628665858795243
3.4800348003481134	13.880317825880352
3.490034900349114	8.492604264568815
3.500035000350114	14.706093652701506
3.5100351003511143	25.107007796017584
3.520035200352115	26.48047222423627
3.530035300353115	18.664563265850806
3.5400354003541157	-3.041936944434783
3.550035500355116	39.20176880516809
3.560035600356116	34.48496148357153
3.5700357003571166	31.996417810770613
3.5800358003581167	27.707634783018367
3.590035900359117	39.7075594290633
3.6000360003601175	25.099886672913648
3.6100361003611177	28.431151681654626
3.6200362003621183	35.24843098853778
3.6300363003631184	28.27125974177883
3.6400364003641186	37.16439298280856
3.650036500365119	18.45520782324142
3.6600366003661193	29.8524388409554
3.6700367003671195	2.2999127923617655
3.68003680036812	28.022632010031113
3.6900369003691202	31.36304211089097
3.700037000370121	38.06321058824288
3.710037100371121	46.51226030881746
3.720037200372121	50.31044796957286
3.7300373003731218	10.201531900921692
3.740037400374122	54.79041859776024
3.7500375003751225	55.88846947832956
3.7600376003761227	46.880485528468824
3.770037700377123	40.19608737178657
3.7800378003781234	47.327331437072566
3.7900379003791236	47.37977833073014
3.8000380003801237	30.825690497310188
3.8100381003811243	42.77694259748461
3.8200382003821245	-8.904667057180623
3.830038300383125	52.37375591968635
3.8400384003841253	24.52780891973659
3.8500385003851254	49.381467286965744
3.860038600386126	40.72861688205489
3.870038700387126	34.02922747334055
3.8800388003881268	20.5226054363928
3.890038900389127	43.91307845722271
3.900039000390127	29.493677594943335
3.9100391003911277	33.87740728863258
3.920039200392128	34.044860307569905
3.930039300393128	33.11815280596808
3.9400394003941286	31.667222145128708
3.9500395003951287	22.156785131527563
3.9600396003961293	24.884913141552893
3.9700397003971295	-0.02872215869803529
3.9800398003981297	14.137543408999774
3.9900399003991303	14.84808800262176
4.000040000400131	13.023780405242062
4.010040100401131	19.274106500883146
4.020040200402131	-20.239694977896626
4.030040300403131	7.492804340300646
4.0400404004041315	26.188871368295292
4.0500405004051325	18.49504260191669
4.060040600406133	8.315729185184123
4.070040700407133	9.765448504055243
4.080040800408133	10.088753472121272
4.090040900409133	3.385372353053731
4.100041000410133	7.481870155644356
4.110041100411134	14.728228085594498
4.1200412004121345	25.486177430900767
4.130041300413135	-3.115885456628611
4.140041400414135	11.237381558178933
4.150041500415135	15.270529167089688
4.160041600416136	17.109532056615773
4.170041700417136	17.624134155172275
4.180041800418136	28.830757228051468
4.1900419004191365	-3.6553622700068527
4.200042000420137	29.39774994621504
4.210042100421138	24.821777384526335
4.220042200422138	-29.35050470741235
4.230042300423138	36.18747272021118
4.240042400424138	25.965505029565595
4.250042500425138	18.578474810631793
4.260042600426139	15.022995253461065
4.2700427004271395	9.960180902059223
4.28004280042814	19.351094219454207
4.29004290042914	5.056633747532317
4.30004300043014	14.173703111729957
4.31004310043114	28.70838849359107
4.320043200432141	22.917657980564737
4.330043300433141	18.274678147203854
4.3400434004341415	33.55949599543424
4.350043500435142	27.37925177464849
4.360043600436142	38.0744230006083
4.370043700437143	25.77331680678328
4.380043800438143	27.930410788831182
4.390043900439143	35.86660337533424
4.400044000440143	33.068470012682944
4.4100441004411435	23.735395955600886
4.4200442004421445	27.32403461892235
4.430044300443145	32.235269066719674
4.440044400444145	29.832983490455785
4.450044500445145	23.91358688103639
4.460044600446145	26.59241638020504
4.470044700447146	27.665418928347904
4.480044800448146	10.936338981652362
4.4900449004491465	2.406282190767279
4.500045000450147	15.74106286028998
4.510045100451147	30.887569825490388
4.520045200452148	11.911401334238926
4.530045300453148	5.023860732025103
4.540045400454148	21.998034540181834
4.550045500455148	1.2388265077353862
4.5600456004561485	29.665988818372377
4.570045700457149	-7.588503880536027
4.58004580045815	18.248165491262046
4.59004590045915	27.660569378320453
4.60004600046015	6.09110832504401
4.61004610046115	8.99293663369068
4.62004620046215	6.565505059440195
4.630046300463151	19.917610666085633
4.6400464004641515	18.126657782322457
4.650046500465152	13.945854464182114
4.660046600466152	10.527002291643154
4.670046700467152	11.292994722530132
4.680046800468153	10.778360024742751
4.690046900469153	10.433883895557331
4.700047000470153	16.208712390433405
4.7100471004711535	15.161406554238146
4.720047200472154	18.606399452586214
4.730047300473155	10.924839348376556
4.740047400474155	12.791060544648992
4.750047500475155	11.014537565387911
4.760047600476155	20.56470644424535
4.770047700477155	24.160355216965403
4.7800478004781555	18.771316446443276
4.7900479004791565	22.305814499465225
4.800048000480157	24.081850768923122
4.810048100481157	14.016702408411414
4.820048200482157	17.744767145956597
4.830048300483157	-2.6467309160050734
4.840048400484158	29.929247093515702
4.850048500485158	18.5023167204711
4.8600486004861585	-0.5668723732784344
4.870048700487159	35.372843892163004
4.880048800488159	16.035455316337515
4.89004890048916	12.63383012563452
4.90004900049016	16.665673421505268
4.91004910049116	24.003701192369405
4.92004920049216	12.54803420691853
4.9300493004931605	6.579334317984737
4.9400494004941615	37.246932500382
4.950049500495162	34.96689076087301
4.960049600496162	3.5728698535160888
4.970049700497162	22.702849632062584
4.980049800498162	3.680739100769784
4.990049900499163	35.7914203425334
5.000050000500163	23.577726014594447
5.0100501005011635	27.33222872031009
5.020050200502164	36.65838453429697
5.030050300503164	33.723672857238014
5.040050400504164	29.48098539507681
5.050050500505165	15.646224793648408
5.060050600506165	12.72034844476469
5.070050700507165	14.894640649540083
5.0800508005081655	26.8096825096513
5.090050900509166	30.026258661383505
5.100051000510167	27.06577395218057
5.110051100511167	31.524662795332226
5.120051200512167	6.773903854654167
5.130051300513167	24.354733585926784
5.140051400514167	23.959614102833402
5.150051500515168	-7.3545493638753605
5.1600516005161685	0.34640053710555235
5.170051700517169	11.767110332631544
5.180051800518169	24.460424658111762
5.190051900519169	6.15178831624658
5.20005200052017	11.206628900734584
5.21005210052117	-4.047756936693249
5.22005220052217	17.179852873425506
5.2300523005231705	13.682101833634574
5.240052400524171	11.498628555069306
5.250052500525171	13.107118908376979
5.260052600526172	10.896098780452533
5.270052700527172	10.955661978202274
5.280052800528172	9.229719714642576
5.290052900529172	-4.435793524191958
5.3000530005301725	9.317312393122995
5.3100531005311735	1.2692351623340312
5.320053200532174	16.284314410378176
5.330053300533174	19.57868601717639
5.340053400534174	12.453445669202365
5.350053500535174	21.43082172870211
5.360053600536175	3.4074138394854514
5.370053700537175	14.694831442255357
5.3800538005381755	11.923142738464364
5.390053900539176	19.260000329952874
5.400054000540176	25.87576689612634
5.410054100541177	22.98605087633544
5.420054200542177	22.906601772358464
5.430054300543177	20.7217952543016
5.440054400544177	16.716111242861643
5.4500545005451775	22.45497988939314
5.4600546005461785	35.64000475671186
5.470054700547179	18.743362663318035
5.480054800548179	20.415017275099917
5.490054900549179	11.746727062820288
5.500055000550179	25.464058454313147
5.510055100551179	13.226838175349684
5.52005520055218	28.51945387310645
5.5300553005531805	18.390335967930014
5.540055400554181	7.026869309043615
5.550055500555181	7.268903375624567
5.560055600556181	18.738965721546837
5.570055700557182	13.548167945830906
5.580055800558182	20.73652747542877
5.590055900559182	32.36343326983023
5.6000560005601825	16.274780529842136
5.610056100561183	34.06629955681768
5.620056200562184	22.086019726569535
5.630056300563184	23.05229063355635
5.640056400564184	36.28730018042216
5.650056500565184	-1.4769918615180513
5.660056600566184	32.65084958407617
5.670056700567185	18.99330539447314
5.6800568005681855	27.713917112227705
5.690056900569186	19.14995536110376
5.700057000570186	9.501276078466208
5.710057100571186	19.055540316323032
5.720057200572186	31.018402254169
5.730057300573187	17.487532090172063
5.740057400574187	16.952156832327468
5.7500575005751875	22.273893516897893
5.760057600576188	16.572983048376326
5.770057700577188	2.9068957308407026
5.780057800578189	3.9876440193097897
5.790057900579189	15.985508643451336
5.800058000580189	21.22068150414874
5.810058100581189	3.133106644891218
5.8200582005821895	-6.820011471817925
5.8300583005831905	8.869978116876737
5.840058400584191	13.370572197081456
5.850058500585191	10.915102033330776
5.860058600586191	10.338656814194529
5.870058700587191	11.42551826673782
5.880058800588192	14.094056645689005
5.890058900589192	14.572523814941357
5.9000590005901925	10.941948579942542
5.910059100591193	-0.27911411544917564
5.920059200592193	23.157672669677186
5.930059300593194	1.8654670814753822
5.940059400594194	0.07600288654524737
5.950059500595194	23.262088791825544
5.960059600596194	31.180412296135387
5.9700597005971945	3.338032728694656
5.980059800598195	14.277143827883663
5.990059900599196	28.02962026584518
6.000060000600196	8.432142121394177
6.010060100601196	27.94843436694086
6.020060200602196	19.624043030395704
6.030060300603196	32.26870803388404
6.040060400604197	7.595779598879955
6.0500605006051975	27.926485872681056
6.060060600606198	24.64676439394072
6.070060700607198	34.17028476344479
6.080060800608198	2.306408260826395
6.090060900609199	-17.16032239773534
6.100061000610199	14.219671623637442
6.110061100611199	28.021280751667543
6.1200612006121995	20.62158889226163
6.1300613006132	15.315331635793758
6.140061400614201	32.05865346991039
6.150061500615201	13.291298281146341
6.160061600616201	37.092686556610715
6.170061700617201	23.849725161387045
6.180061800618201	19.0114683368071
6.1900619006192015	33.00440785131829
6.2000620006202025	23.901131343713114
6.210062100621203	17.554134302486993
6.220062200622203	33.59264267825572
6.230062300623203	5.6804691201857995
6.240062400624203	9.269310087326916
6.250062500625204	26.042735641028568
6.260062600626204	12.281264409795554
6.2700627006272045	21.3478707810892
6.280062800628205	29.82866920550857
6.290062900629205	31.63199049521478
6.300063000630206	4.960366687604165
6.310063100631206	3.526636904743827
6.320063200632206	13.79069407904357
6.330063300633206	24.4067762148063
6.3400634006342065	24.164665007032145
6.3500635006352075	24.7841353665799
6.360063600636208	13.08361682279768
6.370063700637208	17.88927825973164
6.380063800638208	1.2375808171324614
6.390063900639208	-2.6528099164784815
6.400064000640208	13.510545448237975
6.410064100641209	10.454516828208893
6.4200642006422095	3.4125355567824007
6.43006430064321	9.886315387492521
6.44006440064421	8.821089382760151
6.45006450064521	9.06591084987207
6.460064600646211	7.146644688463588
6.470064700647211	7.152474416777753
6.480064800648211	13.56088521060458
6.4900649006492115	6.925396659629971
6.500065000650212	-2.7866790105310737
6.510065100651213	21.189078834551736
6.520065200652213	6.810685227172718
6.530065300653213	17.451857115385234
6.540065400654213	20.654468005826224
6.550065500655213	20.2634560952624
6.560065600656214	15.240548754394387
6.5700657006572145	1.7163380470653278
6.580065800658215	-1.3580975222122655
6.590065900659215	12.710855880564067
6.600066000660215	28.693345907750604
6.610066100661216	25.02488911724589
6.620066200662216	15.616079792279494
6.630066300663216	7.86733991656884
6.6400664006642165	22.087113154847774
6.650066500665217	-16.665377995381654
6.660066600666217	24.721470319990992
6.670066700667218	12.313218564878055
6.680066800668218	33.673442655103614
6.690066900669218	21.06409797513671
6.700067000670218	22.02391691058562
6.7100671006712185	-4.879594467097644
6.7200672006722195	23.360031082629757
6.73006730067322	7.103135446074191
6.74006740067422	22.78978751911044
6.75006750067522	-7.0189758580445565
6.76006760067622	28.382163354475253
6.770067700677221	33.697546420023954
6.780067800678221	25.07311619021284
6.7900679006792215	37.40824252471928
6.800068000680222	7.123418872462295
6.810068100681222	24.87097098678202
6.820068200682223	6.737562690439778
6.830068300683223	15.971633074101035
6.840068400684223	24.302569032699353
6.850068500685223	11.606787443026858
6.8600686006862235	6.435605338414338
6.870068700687224	11.97054377670688
6.880068800688225	14.773456010205333
6.890068900689225	-3.228424816139209
6.900069000690225	8.294864196777407
6.910069100691225	33.73257163390075
6.920069200692225	16.689811873942887
6.930069300693226	18.061390434633182
6.9400694006942265	12.407648758499944
6.950069500695227	10.19384715653493
6.960069600696227	5.428547433976026
6.970069700697227	17.540889226563895
6.980069800698228	7.583356474245996
6.990069900699228	10.912538797544343
7.000070000700228	11.143668949480261
7.0100701007012285	11.875115915098668
7.020070200702229	9.197736922675757
7.03007030070323	11.683971738073417
7.04007040070423	10.561453452645393
7.05007050070523	10.894471556924268
7.06007060070623	18.622122042279493
7.07007070070723	7.339948539488382
7.080070800708231	20.581502495837228
7.0900709007092315	3.22779229466707
7.100071000710232	-0.3978348123972979
7.110071100711232	-15.694925299747167
7.120071200712232	7.87646194261046
7.130071300713232	5.457562591691361
7.140071400714233	4.4423315768472476
7.150071500715233	13.761350853139943
7.1600716007162335	17.2843266048055
7.170071700717234	19.77533468726253
7.180071800718234	14.678718363274074
7.190071900719235	30.614975739668736
7.200072000720235	19.581243691492805
7.210072100721235	34.25192725948876
7.220072200722235	18.46440910593993
7.2300723007232355	31.926035896995085
7.2400724007242365	14.49543829552619
7.250072500725237	23.57679059918571
7.260072600726237	10.801892575226724
7.270072700727237	27.137086973839786
7.280072800728237	1.8694520759728317
7.290072900729238	21.35209355643191
7.300073000730238	-11.001971856365879
7.3100731007312385	11.006140647953025
7.320073200732239	35.804312636119775
7.330073300733239	17.141394574620534
7.340073400734239	26.468598699090666
7.35007350073524	33.56146872534202
7.36007360073624	40.65841880805571
7.37007370073724	8.326850111158834
7.3800738007382405	14.059762326081518
7.390073900739241	28.06695212280314
7.400074000740242	36.272100255240375
7.410074100741242	27.29150413199704
7.420074200742242	9.4909525999576
7.430074300743242	20.112534681528693
7.440074400744242	18.972576841731623
7.450074500745243	12.188300812998207
7.4600746007462435	24.255319694907715
7.470074700747244	8.64424781902324
7.480074800748244	20.36167160276559
7.490074900749244	23.288844345128652
7.500075000750245	23.705870935457014
7.510075100751245	21.28485481499949
7.520075200752245	-3.005087711026809
7.5300753007532455	-4.547122870118126
7.540075400754246	13.443184567988501
7.550075500755247	-1.0324716264845282
7.560075600756247	24.646355859363222
7.570075700757247	3.969029486824214
7.580075800758247	11.999088496514755
7.590075900759247	15.346690671196717
7.6000760007602475	8.755535484770853
7.6100761007612485	13.340380013035965
7.620076200762249	11.426786965055046
7.630076300763249	10.333450353745341
7.640076400764249	10.054917039995377
7.650076500765249	9.323573729703567
7.66007660076625	15.400393976373316
7.67007670076725	14.16616791447639
7.6800768007682505	2.3113086398083347
7.690076900769251	17.385841121287083
7.700077000770251	-1.3125243127042103
7.710077100771252	-0.21484627443382018
7.720077200772252	14.694917050277303
7.730077300773252	16.44193554978956
7.740077400774252	19.23787750336299
7.7500775007752525	23.012987528672426
7.7600776007762535	25.70087135153096
7.770077700777254	27.259904942029575
7.780077800778254	-15.091888167780708
7.790077900779254	-0.4352915399998637
7.800078000780254	25.794922960904923
7.810078100781254	17.221674122959502
7.820078200782255	21.75754719846113
7.8300783007832555	5.343848498634432
7.840078400784256	7.841915581849361
7.850078500785256	14.742014250078565
7.860078600786256	0.5046139982747586
7.870078700787257	9.099987739403755
7.880078800788257	19.317290359874473
7.890078900789257	20.298961126626516
7.9000790007902575	5.734117697165121
7.910079100791258	27.780299905924114
7.920079200792259	26.916848237726892
7.930079300793259	7.816723593672393
7.940079400794259	15.762749278630654
7.950079500795259	16.865325011315132
7.960079600796259	-21.01510574618835
7.97007970079726	20.860932148085652
7.9800798007982605	37.38349687838801
7.990079900799261	11.241016744058431
8.000080000800262	32.18375503794542
8.010080100801261	21.02410993301276
8.020080200802262	-9.756484164873669
8.030080300803261	9.546550194815886
8.040080400804262	13.447813366019531
8.050080500805263	32.83980970997421
8.060080600806263	23.480020070862224
8.070080700807264	28.003386448206367
8.080080800808263	19.286261013952732
8.090080900809264	8.283220379870697
8.100081000810265	13.56717689856093
8.110081100811264	6.321018202763476
8.120081200812265	5.987462869470919
8.130081300813265	17.284469872372878
8.140081400814266	6.108729962322179
8.150081500815265	18.71412711373585
8.160081600816266	12.456187847679393
8.170081700817267	19.156004217495266
8.180081800818266	2.1493406622278677
8.190081900819267	9.373872421436332
8.200082000820267	14.533787835425812
8.210082100821268	7.091312832018676
8.220082200822269	9.207794909532959
8.230082300823268	5.878841073077565
8.240082400824269	13.190958522375483
8.250082500825268	2.1787060106070566
8.26008260082627	5.0781751870601575
8.27008270082727	16.42262516103732
8.28008280082827	2.4336491688991577
8.29008290082927	13.517624753601188
8.30008300083027	9.039380913261834
8.310083100831271	5.94231673571491
8.320083200832272	12.15610559800028
8.330083300833271	33.01571595223648
8.340083400834272	19.37479057025273
8.350083500835272	26.72375327658111
8.360083600836273	-8.367321138429942
8.370083700837274	18.37890490236211
8.380083800838273	22.328509690505324
8.390083900839274	23.016110272677675
8.400084000840273	22.45190984144073
8.410084100841274	24.77216768496906
8.420084200842275	34.478963590864254
8.430084300843275	16.5969673185365
8.440084400844276	31.741822164894916
8.450084500845275	35.905769408696436
8.460084600846276	34.76413958231358
8.470084700847277	1.8610804535766854
8.480084800848276	23.384765152738243
8.490084900849277	0.8518747477964894
8.500085000850277	25.30720060173391
8.510085100851278	3.8867493715664154
8.520085200852279	28.632605167027595
8.530085300853278	19.348000910921034
8.540085400854279	26.92429077111652
8.550085500855278	12.485082997314331
8.56008560085628	31.13254032117653
8.57008570085728	19.583876704650073
8.58008580085828	4.625215682631534
8.59008590085928	9.744070017111627
8.60008600086028	5.729123460165978
8.610086100861281	-7.0259942268672715
8.62008620086228	-1.3626247455953797
8.630086300863281	27.90435063693711
8.640086400864282	26.775000335948853
8.650086500865282	17.416940575801824
8.660086600866283	28.919167866585937
8.670086700867282	31.17026557033093
8.680086800868283	9.516136597054311
8.690086900869284	10.932893456784992
8.700087000870283	-11.033046948106064
8.710087100871284	16.271318108136196
8.720087200872284	16.436935171641775
8.730087300873285	-11.03407842517451
8.740087400874286	16.134753131340535
8.750087500875285	-8.086642047168702
8.760087600876286	9.887999211257187
8.770087700877285	12.523687620638567
8.780087800878286	8.062317661516502
8.790087900879287	14.309110541088847
8.800088000880287	11.295007002732284
8.810088100881288	10.679590500559065
8.820088200882287	9.150096302501137
8.830088300883288	13.04371397224451
8.840088400884289	10.211909863906596
8.850088500885288	6.037302290282284
8.86008860088629	12.873269236731403
8.870088700887289	0.4267998782756042
8.88008880088829	-4.937255614547295
8.89008890088929	8.592090363041658
8.90008900089029	16.952003103029682
8.910089100891291	-20.23012253346147
8.92008920089229	9.930581162165891
8.930089300893291	15.033425172014121
8.940089400894292	24.571038894860184
8.950089500895292	27.242073861429702
8.960089600896293	21.371198473055028
8.970089700897292	5.990627499712876
8.980089800898293	-34.8497460868045
8.990089900899294	3.322664982503824
9.000090000900293	21.04897540029559
9.010090100901294	29.430792312618014
9.020090200902294	13.578367770817044
9.030090300903295	12.167067197194639
9.040090400904296	9.692237517366022
9.050090500905295	15.814865614338252
9.060090600906296	9.668045498033633
9.070090700907295	24.903592226902767
9.080090800908296	-1.4357217350794984
9.090090900909296	31.12116376390197
9.100091000910297	13.439586470405825
9.110091100911298	19.6995942681262
9.120091200912297	22.913248019676978
9.130091300913298	26.47310770953647
9.140091400914297	25.48385795485412
9.150091500915298	34.978692161105585
9.1600916009163	14.442302495062878
9.170091700917299	3.8875389145834016
9.1800918009183	35.25789823573005
9.190091900919299	8.014677918680187
9.2000920009203	11.995608218970604
9.210092100921301	21.831986972542207
9.2200922009223	10.974249411933963
9.230092300923301	10.563510988272697
9.2400924009243	28.778994826447185
9.250092500925302	24.714013879008125
9.260092600926303	14.72546454900641
9.270092700927302	18.245735623198623
9.280092800928303	12.762959044106813
9.290092900929302	7.240056879350727
9.300093000930303	14.216153283786287
9.310093100931304	9.299632342363283
9.320093200932304	-8.578068266207548
9.330093300933305	-1.56837652915609
9.340093400934304	14.925018428366892
9.350093500935305	18.422802446094156
9.360093600936306	4.304143759620568
9.370093700937305	12.214560144195893
9.380093800938306	6.04377888999753
9.390093900939306	7.98186530935776
9.400094000940307	8.644591202287481
9.410094100941308	9.029765928401147
9.420094200942307	8.553067191099741
9.430094300943308	8.79009798286277
9.440094400944307	12.876452886318054
9.450094500945308	5.41532347089848
9.46009460094631	19.699560532443392
9.470094700947309	7.495971293181464
9.48009480094831	14.711477401044492
9.490094900949309	-4.3067799148276285
9.50009500095031	19.88864222568079
9.510095100951311	24.80814398123432
9.52009520095231	-23.018491042729988
9.530095300953311	14.546359056579906
9.54009540095431	25.373115106767443
9.550095500955312	28.788184371910972
9.560095600956311	17.414784402975435
9.570095700957312	18.879389147788316
9.580095800958313	8.742987610599608
9.590095900959312	8.713892653751522
9.600096000960313	1.5937886377159765
9.610096100961313	29.224519698784725
9.620096200962314	30.703647247828407
9.630096300963315	26.08230399920678
9.640096400964314	30.40523549818036
9.650096500965315	28.864129403068436
9.660096600966314	21.206581339960657
9.670096700967315	1.6141389405138926
9.680096800968316	26.99601505134266
9.690096900969316	32.16701006065709
9.700097000970317	34.09533633319608
9.710097100971316	36.82658188542632
9.720097200972317	5.736205343312275
9.730097300973318	-10.215025020613993
9.740097400974317	13.82346713719265
9.750097500975318	31.883883624022214
9.760097600976318	14.600914303523286
9.770097700977319	2.5537238954839583
9.78009780097832	17.150504318794976
9.790097900979319	-4.4955930759705796
9.80009800098032	2.944787513662858
9.81009810098132	26.38179293324004
9.82009820098232	20.003433967099934
9.830098300983321	26.039389936158436
9.84009840098432	29.095735441224935
9.850098500985322	-8.079428970016092
9.860098600986321	26.193664419913855
9.870098700987322	17.058370939916326
9.880098800988323	0.47096211687133427
9.890098900989322	11.735412751310461
9.900099000990323	13.282140621708056
9.910099100991323	11.146174819740857
9.920099200992324	5.109524441800627
9.930099300993325	18.973258804944184
9.940099400994324	12.274005605356223
9.950099500995325	12.27161507753231
9.960099600996324	16.350193691558644
9.970099700997325	12.407868480264757
9.980099800998326	10.588030807057958
9.990099900999326	11.25521076198708
10.000100001000327	12.062293947521669
10.010100101001326	5.345469809599483
10.020100201002327	14.929325359184745
10.030100301003326	18.101486966197154
10.040100401004327	13.570146390086284
10.050100501005328	19.372040162176997
10.060100601006328	19.017686017645165
10.070100701007329	20.42147399904076
10.080100801008328	1.5265484227031423
10.090100901009329	2.384549484833101
10.10010100101033	5.796016310542585
10.11010110101133	19.16682685441957
10.12010120101233	19.0775930926587
10.13010130101333	14.192494392163146
10.14010140101433	30.879384666565695
10.150101501015332	-0.9586056729816379
10.160101601016331	-19.229440929023067
10.170101701017332	12.711819085133301
10.180101801018331	27.06959964307912
10.190101901019332	22.74162050229438
10.200102001020333	14.472229617941341
10.210102101021333	5.555072143067155
10.220102201022334	25.341995671351288
10.230102301023333	23.101226399245792
10.240102401024334	32.10977672629882
10.250102501025335	9.501023591262575
10.260102601026334	28.766787521568464
10.270102701027335	22.65416686886734
10.280102801028335	22.573944926534548
10.290102901029336	18.435630530960797
10.300103001030337	10.375321956983763
10.310103101031336	10.952206812936131
10.320103201032337	19.59822379474307
10.330103301033336	22.993817789493445
10.340103401034337	22.232152467117235
10.350103501035338	25.529602916844798
10.360103601036338	20.196430775605215
10.370103701037339	21.890143491805777
10.380103801038338	6.54126385728002
10.390103901039339	-4.13632104699344
10.40010400104034	3.1124454781068205
10.41010410104134	-3.804836370932149
10.42010420104234	25.91208634144872
10.43010430104334	4.198224242838159
10.44010440104434	25.34427262208408
10.450104501045342	2.1127012077587155
10.460104601046341	12.631699103152476
10.470104701047342	9.181649161150132
10.480104801048341	12.392810326217663
10.490104901049342	23.175106440869452
10.500105001050342	14.881466181145557
10.510105101051343	21.258331390512527
10.520105201052344	3.33469403397236
10.530105301053343	11.776671170509806
10.540105401054344	12.699148576672014
10.550105501055343	17.89375087901499
10.560105601056344	8.621761303647101
10.570105701057345	12.475037484089212
10.580105801058345	9.4537569066833
10.590105901059346	11.447263785368737
10.600106001060345	12.820980797459663
10.610106101061346	6.58897635827714
10.620106201062347	13.186927721159446
10.630106301063346	8.06092629195374
10.640106401064347	11.449652067332321
10.650106501065347	-3.4761810997492772
10.660106601066348	15.469464512045343
10.670106701067349	-40.03046202701254
10.680106801068348	-7.931004615824671
10.690106901069349	14.626244873821754
10.700107001070348	22.0754042900876
10.71010710107135	21.62905221704172
10.72010720107235	-27.273545313108535
10.73010730107335	19.579433494487755
10.74010740107435	17.125670555730604
10.75010750107535	19.645454813110533
10.760107601076351	23.203495715594496
10.770107701077352	21.258894512776923
10.780107801078351	9.10057115493498
10.790107901079352	20.96490086738684
10.800108001080352	24.58543492589987
10.810108101081353	20.305628525184947
10.820108201082354	32.90798738303526
10.830108301083353	35.40957407981492
10.840108401084354	32.323916249009145
10.850108501085353	21.076047865923943
10.860108601086354	8.501206845983775
10.870108701087355	3.7992833911405888
10.880108801088355	29.248104880130377
10.890108901089356	13.793298768691562
10.900109001090355	25.633871748749804
10.910109101091356	10.447083696722885
10.920109201092357	-1.4632931954006687
10.930109301093356	22.233448027959767
10.940109401094357	31.090158445468802
10.950109501095357	17.35170756325743
10.960109601096358	-4.15966796497884
10.970109701097357	15.273231811049177
10.980109801098358	27.06368542226724
10.990109901099359	8.581859281989379
11.000110001100358	12.316365157042137
11.01011010110136	26.79749316074271
11.020110201102359	9.460956026672378
11.03011030110336	13.99251962690461
11.04011040110436	-7.8249883884077525
11.05011050110536	14.067458567425588
11.060110601106361	-3.944051014795556
11.07011070110736	4.795949361689552
11.080110801108361	-0.3107726606610521
11.090110901109362	19.83312682674368
11.100111001110362	24.41612948243957
11.110111101111363	8.802990983720187
11.120111201112362	16.73689775621715
11.130111301113363	6.746360330211023
11.140111401114364	6.254886634731519
11.150111501115363	8.416276396989971
11.160111601116364	6.928930706053119
11.170111701117364	8.125325416935283
11.180111801118365	8.028886691657483
11.190111901119366	3.9066309747304775
11.200112001120365	6.3802795344491425
11.210112101121366	14.521011384543305
11.220112201122365	20.990711474340532
11.230112301123366	14.816881477321754
11.240112401124367	2.4311876309654035
11.250112501125367	3.013619460762484
11.260112601126368	15.43473135263502
11.270112701127367	6.832949393542021
11.280112801128368	13.59794452225159
11.290112901129369	31.99647379377238
11.300113001130368	9.457439060194563
11.31011310113137	28.14168300529573
11.320113201132369	7.145033620834511
11.33011330113337	31.027939439943385
11.34011340113437	30.963202692301383
11.35011350113537	3.2933539995941685
11.360113601136371	28.35520338610524
11.37011370113737	-0.36974576574013307
11.380113801138371	19.62332805839407
11.390113901139372	8.784514793085997
11.400114001140372	23.004318193674916
11.410114101141373	-0.7449504178720375
11.420114201142372	22.535394271636015
11.430114301143373	-20.91762000393696
11.440114401144372	23.272341579296974
11.450114501145373	23.80401363739115
11.460114601146374	26.89881014370902
11.470114701147374	25.284177247220352
11.480114801148375	14.892049943822508
11.490114901149374	10.710890975738321
11.500115001150375	19.683931614052906
11.510115101151376	30.612144869482606
11.520115201152375	23.35014446681089
11.530115301153376	21.420172478188846
11.540115401154376	6.7066406127482106
11.550115501155377	-4.34719429161876
11.560115601156378	17.962748877332597
11.570115701157377	26.72888779704681
11.580115801158378	-8.823574760223751
11.590115901159377	26.806190905372556
11.600116001160378	8.37287060680074
11.61011610116138	-3.5519257124991697
11.620116201162379	17.258373928408627
11.63011630116338	11.312906471066777
11.640116401164379	5.678697159241333
11.65011650116538	19.76300910129426
11.660116601166381	17.09860867265638
11.67011670116738	12.7822566373222
11.680116801168381	20.253997667620812
11.69011690116938	13.773682061911998
11.700117001170382	15.346054404548365
11.710117101171383	13.911139302626692
11.720117201172382	17.88194112097968
11.730117301173383	15.112424391806998
11.740117401174382	6.565337962214216
11.750117501175383	10.922993952216439
11.760117601176384	10.84777312090678
11.770117701177384	12.897188961489535
11.780117801178385	11.198840833646635
11.790117901179384	12.323357965134583
11.800118001180385	-0.6158374264729883
11.810118101181386	8.876115655306634
11.820118201182385	17.162839458084935
11.830118301183386	3.7121823885341882
11.840118401184386	7.340927637254372
11.850118501185387	17.65772664678974
11.860118601186388	24.589327767558366
11.870118701187387	15.97013704907669
11.880118801188388	-0.8562281806847746
11.890118901189387	27.78804697610547
11.900119001190388	-8.941018922952274
11.910119101191388	23.210024713024197
11.920119201192389	13.330286039315098
11.93011930119339	31.680008402217037
11.940119401194389	-5.569822486033729
11.95011950119539	22.008082262507386
11.96011960119639	28.256461983799742
11.97011970119739	19.11204252091517
11.980119801198391	28.54325077042098
11.99011990119939	36.005767087724045
12.000120001200392	18.24054868861339
12.010120101201391	6.820331613192602
12.020120201202392	28.34563288810362
12.030120301203393	16.61117649379682
12.040120401204392	17.22205865827633
12.050120501205393	24.622207874489035
12.060120601206393	31.693706122575904
12.070120701207394	-8.731071400374704
12.080120801208395	13.962911432561523
12.090120901209394	24.295346592552644
12.100121001210395	34.97630200495344
12.110121101211394	0.39583407487054817
12.120121201212395	27.192494483764744
12.130121301213396	32.60085569261601
12.140121401214396	4.312516143373063
12.150121501215397	20.05203975028871
12.160121601216396	16.540075759676796
12.170121701217397	15.515729422334294
12.180121801218398	29.355102747630205
12.190121901219397	22.553462633755345
12.200122001220398	20.867184122766268
12.210122101221398	12.42372673123711
12.220122201222399	3.195834041857477
12.2301223012234	-1.1406676204191672
12.240122401224399	15.246976433981118
12.2501225012254	19.451374157726253
12.2601226012264	14.385920272753813
12.2701227012274	14.913774670435874
12.280122801228401	16.322357177587953
12.2901229012294	25.83456965833331
12.300123001230402	6.2313251230502
12.310123101231401	9.233076916051676
12.320123201232402	5.582301983035669
12.330123301233403	7.279047886672695
12.340123401234402	9.808200979004392
12.350123501235403	9.707563341814218
12.360123601236403	10.027797840761494
12.370123701237404	12.976574453676879
12.380123801238403	11.850082179590329
12.390123901239404	-0.2876719012014262
12.400124001240405	18.78886215553862
12.410124101241404	9.55637134687411
12.420124201242405	9.414258350098422
12.430124301243405	23.317725226385146
12.440124401244406	4.105678840309704
12.450124501245407	24.510805571389565
12.460124601246406	7.783738849373049
12.470124701247407	15.82466969983171
12.480124801248406	4.295367115370578
12.490124901249407	-2.4490140224439125
12.500125001250408	4.451724005304387
12.510125101251408	7.128121712103376
12.520125201252409	25.60439219041844
12.530125301253408	-3.914309371101453
12.540125401254409	30.13254764644728
12.55012550125541	7.866142652704581
12.56012560125641	20.223675891907664
12.57012570125741	11.13054660428716
12.58012580125841	16.785914353674723
12.59012590125941	18.259848127189482
12.600126001260412	9.121679812694302
12.610126101261411	39.240567137626634
12.620126201262412	33.222835893773684
12.630126301263411	21.26983094749707
12.640126401264412	6.851154748721637
12.650126501265413	32.04243188483835
12.660126601266413	25.85473904669054
12.670126701267414	8.796396741763441
12.680126801268413	18.476648927445865
12.690126901269414	23.02435899371263
12.700127001270415	15.802225715963516
12.710127101271414	36.484540911677136
12.720127201272415	5.501704932277895
12.730127301273415	18.235052014644214
12.740127401274416	38.472082851045215
12.750127501275417	21.362430823817764
12.760127601276416	24.644937418119188
12.770127701277417	21.961632346331672
12.780127801278416	5.250396120269114
12.790127901279417	-9.437005598557233
12.800128001280417	5.066570402268292
12.810128101281418	32.16949505213174
12.820128201282419	11.575235106857361
12.830128301283418	8.362913707889225
12.840128401284419	5.626609063634106
12.850128501285418	21.04692949469596
12.86012860128642	3.9666687704958687
12.87012870128742	22.05399617821599
12.88012880128842	3.8961068455978918
12.89012890128942	12.6938621525363
12.90012900129042	13.387599495517577
12.910129101291421	7.406470238130314
12.920129201292422	4.2402040863466715
12.930129301293421	10.678173697927711
12.940129401294422	10.046055553793275
12.950129501295422	11.574650659881701
12.960129601296423	12.311280268717574
12.970129701297424	10.072532595119583
12.980129801298423	8.800147739900053
12.990129901299424	14.585081070644598
13.000130001300423	7.191726315096839
13.010130101301424	24.58441649302978
13.020130201302425	-10.223680687840538
13.030130301303425	13.527714554962452
13.040130401304426	10.408091380143556
13.050130501305425	14.404781161282063
13.060130601306426	24.27438103638899
13.070130701307427	18.2638145503126
13.080130801308426	12.901780728122883
13.090130901309427	11.061000757835204
13.100131001310427	23.20176495750213
13.110131101311428	-22.11356104137204
13.120131201312429	15.085519838737012
13.130131301313428	35.22782262439395
13.140131401314429	10.323640707378662
13.150131501315428	17.6362424319456
13.16013160131643	13.231627168491737
13.17013170131743	28.939751725160722
13.18013180131843	-8.824588313171926
13.19013190131943	24.22547521396667
13.20013200132043	-23.727800150439027
13.210132101321431	31.341120372252032
13.220132201322432	36.09861724131384
13.230132301323431	18.745184819409783
13.240132401324432	24.426698336362737
13.250132501325432	3.703225360944038
13.260132601326433	28.583179503866287
13.270132701327432	26.3463504046043
13.280132801328433	15.685775276413226
13.290132901329434	14.284308504276904
13.300133001330433	27.875205558578752
13.310133101331434	10.397322865822403
13.320133201332434	30.763638061297844
13.330133301333435	16.921805153461488
13.340133401334436	24.913346936203297
13.350133501335435	24.155537983061773
13.360133601336436	21.60654520522722
13.370133701337435	4.741046115525508
13.380133801338436	3.796654480200238
13.390133901339437	18.651283219462357
13.400134001340437	17.334165338735986
13.410134101341438	-2.588245228203299
13.420134201342437	22.30216983467315
13.430134301343438	2.597654148748699
13.440134401344439	11.588611070400189
13.450134501345438	17.78595691662999
13.46013460134644	15.833181820290893
13.470134701347439	11.53667005675692
13.48013480134844	-1.527537381254307
13.49013490134944	12.860909461278965
13.50013500135044	10.465484021673056
13.510135101351441	9.673188915833755
13.52013520135244	10.726765208783045
13.530135301353441	10.081717422549751
13.540135401354442	11.08804731758608
13.550135501355442	9.658887870804765
13.560135601356443	14.862258829058913
13.570135701357442	16.07522953488098
13.580135801358443	6.139566500509282
13.590135901359444	1.972144539619429
13.600136001360443	3.2659408485444557
13.610136101361444	10.065964385223571
13.620136201362444	-2.02782960734697
13.630136301363445	18.393317088178694
13.640136401364446	7.419541273136535
13.650136501365445	15.917120511853653
13.660136601366446	11.230906119356701
13.670136701367445	-8.966773960804218
13.680136801368446	19.338151246037217
13.690136901369447	13.885888509319294
13.700137001370447	26.394247079279857
13.710137101371448	-8.777486714560826
13.720137201372447	28.12774286153559
13.730137301373448	19.721154228951406
13.740137401374447	22.329181493624912
13.750137501375448	29.25906332566668
13.76013760137645	1.764315906116917
13.770137701377449	16.77390146893894
13.78013780137845	28.796850812550524
13.790137901379449	28.364825998085365
13.80013800138045	13.724867857777847
13.810138101381451	24.877648065384893
13.82013820138245	26.520531559490674
13.830138301383451	15.50917620750145
13.84013840138445	-4.786429862666966
13.850138501385452	14.35877358505999
13.860138601386453	20.472410144411082
13.870138701387452	26.65347928560261
13.880138801388453	12.629040843392827
13.890138901389452	24.856169298794484
13.900139001390453	18.953358580003282
13.910139101391454	18.031277347017287
13.920139201392454	34.19796127236127
13.930139301393455	5.076918342046675
13.940139401394454	28.77413173898622
13.950139501395455	18.480572936896404
13.960139601396456	15.130500967122869
13.970139701397455	14.56642769795774
13.980139801398456	19.03549098691797
13.990139901399456	13.179851603706206
14.000140001400457	29.811492961509604
14.010140101401458	-4.361066300126741
14.020140201402457	24.291432050482673
14.030140301403458	14.717427769271286
14.040140401404457	20.836015823013827
14.050140501405458	7.689894074456896
14.06014060140646	16.773850379974235
14.070140701407459	12.447966103646337
14.08014080140846	16.12787423382994
14.090140901409459	10.572844272817546
14.10014100141046	8.575733844955009
14.110141101411461	9.900564508904788
14.12014120141246	10.401448439524149
14.130141301413461	11.156209072141662
14.14014140141446	11.038895223617697
14.150141501415462	10.092547168245373
14.160141601416463	14.047882692820847
14.170141701417462	-9.07794639088158
14.180141801418463	8.641001677639862
14.190141901419462	3.0537212834973144
14.200142001420463	24.0526877675832
14.210142101421463	21.849882529708665
14.220142201422464	28.846865653013296
14.230142301423465	14.677716875100769
14.240142401424464	29.790077157506737
14.250142501425465	28.25613335529898
14.260142601426464	-10.150165772563353
14.270142701427465	14.556058515096124
14.280142801428466	8.472584092309276
14.290142901429466	16.998680692883553
14.300143001430467	-16.367932058140198
14.310143101431466	7.492518941366149
14.320143201432467	23.70612863844914
14.330143301433468	26.77553453029143
14.340143401434467	24.9320481478525
14.350143501435468	18.64118664141357
14.360143601436468	27.85377979158462
14.370143701437469	5.16217403503943
14.38014380143847	-5.584882144728555
14.390143901439469	33.729250380313346
14.40014400144047	29.82736735528259
14.41014410144147	12.628722135262207
14.42014420144247	2.4612710736826435
14.430144301443471	3.315942815567154
14.44014440144447	9.71510467890701
14.450144501445472	37.81334946130372
14.460144601446471	6.933832588214784
14.470144701447472	20.260815408303905
14.480144801448473	17.020085669915243
14.490144901449472	13.055005430503611
14.500145001450473	24.849104593592585
14.510145101451473	-0.26799277156608176
14.520145201452474	27.567452872232675
14.530145301453475	-4.0447663924914545
14.540145401454474	27.277676448019815
14.550145501455475	12.133028836005863
14.560145601456474	20.167067920975615
14.570145701457475	23.39271199113382
14.580145801458476	7.613132072942839
14.590145901459476	21.611435304491692
14.600146001460477	3.0733549144486165
14.610146101461476	13.47635151978886
14.620146201462477	18.081158155069883
14.630146301463478	21.061575016262367
14.640146401464477	-36.81344480211376
14.650146501465478	7.583125800495479
14.660146601466478	13.451235024412593
14.670146701467479	12.591480087866646
14.680146801468478	9.17659538693481
14.690146901469479	9.76295377333717
14.70014700147048	9.251796171621127
14.71014710147148	9.711827442893956
14.72014720147248	5.666078205455114
14.73014730147348	8.49122127684778
14.74014740147448	11.82199708583178
14.750147501475482	-3.022554927321756
14.760147601476481	13.846467179702488
14.770147701477482	2.3761405220680305
14.780147801478481	13.432557611611008
14.790147901479482	21.684890730450533
14.800148001480483	15.625089548423114
14.810148101481483	-8.678200064398098
14.820148201482484	1.6900112692256164
14.830148301483483	5.19069091819674
14.840148401484484	19.080376557951045
14.850148501485485	6.006878403882551
14.860148601486484	12.31474689036649
14.870148701487485	12.510774047005317
14.880148801488485	27.44974125708251
14.890148901489486	14.513265274934504
14.900149001490487	27.458755899540087
14.910149101491486	18.32687390414283
14.920149201492487	6.991498821464309
14.930149301493486	3.5698366618413515
14.940149401494487	24.827060455390612
14.950149501495488	32.34679737319398
14.960149601496488	15.309566272708203
14.970149701497489	32.33819124270704
14.980149801498488	8.963690061189041
14.990149901499489	34.93121095351102
