0.0	nan
0.010000100001000326	4.482754045797934
0.020000200002000652	7.0432449697628865
0.03000030000300098	1.0235513912673502
0.040000400004001305	-10.809826757352866
0.05000050000500163	-0.023346839901926063
0.06000060000600196	-7.191448900358864
0.07000070000700229	-1.4526981450943712
0.08000080000800261	-1.9617910859244574
0.09000090000900293	6.074546568629158
0.10000100001000325	-3.3860285921435804
0.11000110001100359	-4.248156257612173
0.12000120001200391	1.7558640434824326
0.13000130001300425	-0.1261592792879827
0.14000140001400457	-0.4483221873090115
0.1500015000150049	1.2497494931675988
0.16000160001600522	1.4194852516313656
0.17000170001700554	2.6835078714985783
0.18000180001800586	2.464320626237552
0.1900019000190062	4.416260460510005
0.2000020000200065	3.1780514345902198
0.21000210002100686	2.323832671330402
0.22000220002200718	5.946035039752148
0.2300023000230075	5.051857090015228
0.24000240002400783	5.799992147384083
0.2500025000250082	4.344940552045148
0.2600026000260085	5.186162593616688
0.2700027000270088	6.570656762063959
0.28000280002800915	6.30286557389503
0.29000290002900947	6.642402553153184
0.3000030000300098	7.035132714153478
0.3100031000310101	5.881694737555417
0.32000320003201044	7.027275649183805
0.33000330003301076	6.504757604674011
0.3400034000340111	5.895440864426522
0.3500035000350114	6.047734453780181
0.36000360003601173	6.852258003539941
0.37000370003701205	6.331551067580557
0.3800038000380124	6.2430458446238895
0.3900039000390127	6.763744638264505
0.400004000040013	7.081581735183797
0.4100041000410134	7.609087715591913
0.4200042000420137	7.45662163868142
0.43000430004301404	8.090843564509358
0.44000440004401437	8.434315347999897
0.4500045000450147	8.16583101502528
0.460004600046015	7.925339257940736
0.47000470004701533	8.86455767871464
0.48000480004801566	8.841078334900022
0.490004900049016	9.436217286547178
0.5000050000500164	8.455242501213435
0.5100051000510166	9.473277302806164
0.520005200052017	9.41908062283096
0.5300053000530173	9.536731669021332
0.5400054000540176	9.162315712774063
0.5500055000550179	9.56238096235615
0.5600056000560183	8.875410031114683
0.5700057000570186	9.086451420737772
0.5800058000580189	9.657831847337079
0.5900059000590192	10.324772987279555
0.6000060000600196	10.263561400562539
0.6100061000610199	9.855275513608904
0.6200062000620202	9.93832347499858
0.6300063000630205	10.030910068536006
0.6400064000640209	10.854142392608331
0.6500065000650213	10.519777816718161
0.6600066000660215	10.160377826147533
0.6700067000670219	10.772168113654589
0.6800068000680222	10.744063145861787
0.6900069000690225	10.831624263316039
0.7000070000700228	10.476834446440366
0.7100071000710232	10.278759601442564
0.7200072000720235	10.671548212241644
0.7300073000730238	11.109993687396905
0.7400074000740241	10.843882900748463
0.7500075000750245	10.778761440860965
0.7600076000760247	10.819031102060126
0.7700077000770251	10.884679563361274
0.7800078000780254	10.929380663011827
0.7900079000790258	11.25264338347317
0.800008000080026	11.603875865099056
0.8100081000810264	11.219934658511775
0.8200082000820268	11.718546565508
0.8300083000830271	11.650315208299356
0.8400084000840274	12.4425925764379
0.8500085000850277	12.612140813217646
0.8600086000860281	12.196405698360469
0.8700087000870284	12.365526576077645
0.8800088000880287	12.474187219341601
0.890008900089029	12.991586172737412
0.9000090000900294	12.99901438055289
0.9100091000910296	13.486846399950723
0.92000920009203	13.374520999727084
0.9300093000930303	13.347591207417794
0.9400094000940307	14.135720078064482
0.9500095000950309	14.5019801210218
0.9600096000960313	14.40139357993199
0.9700097000970317	14.134860167721127
0.980009800098032	15.011281699694944
0.9900099000990323	14.103468794478237
1.0000100001000327	15.459688719903877
1.0100101001010329	15.048708110415163
1.0200102001020332	17.04817454737451
1.0300103001030336	15.91479364767482
1.040010400104034	16.18195296076798
1.0500105001050342	17.228316789169295
1.0600106001060345	16.6406191446752
1.070010700107035	16.615626074704284
1.0800108001080353	17.565506949958447
1.0900109001090355	18.25994704996513
1.1000110001100358	9.864019691490723
1.1100111001110362	17.98836930621797
1.1200112001120366	17.135039359673403
1.130011300113037	18.62416602634367
1.1400114001140371	19.81811633531732
1.1500115001150375	18.712753162134465
1.1600116001160379	17.679623742939867
1.1700117001170383	21.009717655357434
1.1800118001180384	20.97780380174098
1.1900119001190388	21.16025330355965
1.2000120001200392	22.39684858937072
1.2100121001210395	19.15411895512057
1.2200122001220397	24.035587858967407
1.23001230012304	20.533147503447385
1.2400124001240405	23.866200008115815
1.2500125001250408	23.853495803422184
1.260012600126041	24.423008899411744
1.2700127001270414	25.08815297565776
1.2800128001280418	26.14619256366257
1.2900129001290421	25.590196990519853
1.3000130001300425	26.17928920758547
1.3100131001310427	25.921436925136117
1.320013200132043	27.958838481334098
1.3300133001330434	27.65993567636696
1.3400134001340438	29.662997283646337
1.350013500135044	28.857972643304908
1.3600136001360443	30.145033492715907
1.3700137001370447	30.05445542078232
1.380013800138045	31.65617823704636
1.3900139001390452	31.468089417047395
1.4000140001400456	32.556594963803065
1.410014100141046	25.527168356038317
1.4200142001420464	35.49930222168743
1.4300143001430465	34.51636956804318
1.440014400144047	35.214983348229524
1.4500145001450473	35.867766254815244
1.4600146001460477	37.405764527670925
1.470014700147048	38.58370590681525
1.4800148001480482	40.73357609521103
1.4900149001490486	40.73688257313487
1.500015000150049	41.48268104069785
1.5100151001510493	44.08824337967354
1.5200152001520495	44.08773259654785
1.5300153001530499	45.48554689807273
1.5400154001540503	47.15990830811691
1.5500155001550506	51.043029432781736
1.5600156001560508	49.573949217000084
1.5700157001570512	51.813178739635795
1.5800158001580515	53.8447730612375
1.590015900159052	58.52885747770872
1.600016000160052	57.22443790584619
1.6100161001610525	61.37429670729816
1.6200162001620528	66.90581488028934
1.6300163001630532	78.6689316993238
1.6400164001640536	70.30974858758074
1.6500165001650537	58.78341287194451
1.6600166001660541	21.654103721479906
1.6700167001670545	6.687859330984513
1.6800168001680549	56.75839479827084
1.690016900169055	73.77243631140388
1.7000170001700554	73.44165983583964
1.7100171001710558	97.11508081312985
1.7200172001720562	49.49247389676074
1.7300173001730563	80.73329743906176
1.7400174001740567	62.3007320140292
1.750017500175057	65.45900747266344
1.7600176001760575	64.16039838405013
1.7700177001770578	58.77530096755375
1.780017800178058	56.11000683634114
1.7900179001790584	59.199134358521306
1.8000180001800588	54.57845401122328
1.8100181001810591	53.977724395774565
1.8200182001820593	53.17965854002473
1.8300183001830597	51.474233395932735
1.84001840018406	51.472281101512685
1.8500185001850604	52.616194360921334
1.8600186001860606	50.55949736723827
1.870018700187061	31.518354238105523
1.8800188001880613	48.71381727046923
1.8900189001890617	46.46296850925927
1.9000190001900619	43.6453839818758
1.9100191001910622	44.85552316250607
1.9200192001920626	39.752441137171225
1.930019300193063	44.38132717103786
1.9400194001940634	45.4470139883715
1.9500195001950635	38.825253865241656
1.960019600196064	43.40789276395432
1.9700197001970643	45.80968320054575
1.9800198001980647	44.5458977503999
1.9900199001990648	42.26805775755247
2.0000200002000654	37.970737634536285
2.0100201002010656	46.26816133244558
2.0200202002020657	36.92346032985243
2.0300203002030663	41.143631340647
2.0400204002040665	38.94774897182434
2.0500205002050667	42.05436548927841
2.0600206002060673	39.781644382844114
2.0700207002070674	36.51090691194574
2.080020800208068	41.32446699255836
2.090020900209068	43.67534858611913
2.1000210002100683	43.12058371842749
2.110021100211069	43.124091555016456
2.120021200212069	39.12250838158037
2.1300213002130697	33.746723017955695
2.14002140021407	37.34154363232834
2.15002150021507	39.23866045045794
2.1600216002160706	43.092238731805296
2.1700217002170707	44.14755393397198
2.180021800218071	46.042852326315995
2.1900219002190715	51.422688948533796
2.2000220002200717	15.711692726202823
2.2100221002210723	48.11803266949574
2.2200222002220724	78.42420992837555
2.2300223002230726	59.26484870752468
2.240022400224073	32.84431042429086
2.2500225002250733	45.33529867823328
2.260022600226074	48.41420479027811
2.270022700227074	14.247379894324451
2.2800228002280742	11.577105126865398
2.290022900229075	40.21014623370385
2.300023000230075	26.700781273581306
2.310023100231075	32.039561892799306
2.3200232002320758	48.45452446445807
2.330023300233076	49.60666515686047
2.3400234002340765	42.782026712859896
2.3500235002350767	29.894416558789455
2.360023600236077	48.17382826837346
2.3700237002370774	48.049528815326696
2.3800238002380776	53.656588436962004
2.3900239002390777	31.585610394345753
2.4000240002400783	26.715039044081696
2.4100241002410785	53.13472996892334
2.420024200242079	56.50020591591026
2.4300243002430792	41.66579003683451
2.4400244002440794	43.96085538680739
2.45002450024508	61.49295168714218
2.46002460024608	55.59601111642528
2.4700247002470808	32.40064776078513
2.480024800248081	54.05731536424218
2.490024900249081	61.93246105679418
2.5000250002500817	67.67760102200985
2.510025100251082	41.53736462371987
2.520025200252082	41.3602077543877
2.5300253002530826	51.38570709054289
2.5400254002540827	58.686796517746714
2.5500255002550833	45.276354384843735
2.5600256002560835	46.97821085205971
2.5700257002570837	69.75778970418116
2.5800258002580843	80.7750691096374
2.5900259002590844	64.88095865531872
2.600026000260085	48.85921093937962
2.610026100261085	69.9675738233901
2.6200262002620853	59.067641489654534
2.630026300263086	25.164699575221686
2.640026400264086	28.095503490818857
2.6500265002650862	33.74346411451016
2.660026600266087	38.059852846231095
2.670026700267087	53.23236432228372
2.6800268002680876	52.01904607459793
2.6900269002690878	35.469488555613395
2.700027000270088	52.467196536242575
2.7100271002710885	50.86212885204713
2.7200272002720887	51.765774798366714
2.7300273002730893	43.47287715521104
2.7400274002740894	40.48461771837431
2.7500275002750896	48.45388207842201
2.76002760027609	45.8069024159626
2.7700277002770903	7.144297055872167
2.7800278002780905	7.259316412121222
2.790027900279091	1.117423573619472
2.8000280002800912	15.706525996298499
2.810028100281092	26.7008493848527
2.820028200282092	28.12050427056603
2.830028300283092	15.11058651617384
2.8400284002840928	-6.04563592421861
2.850028500285093	15.594279415744362
2.860028600286093	13.563513822871549
2.8700287002870937	4.16488786297819
2.880028800288094	-0.16824490492657565
2.8900289002890944	2.598972729904261
2.9000290002900946	0.33166416683703426
2.9100291002910947	-15.124582926366934
2.9200292002920953	-9.08654101419054
2.9300293002930955	12.535776775521008
2.940029400294096	22.07029664156212
2.9500295002950963	16.489576871258922
2.9600296002960964	-9.650644643197479
2.970029700297097	18.772336895209936
2.980029800298097	23.60175245703931
2.9900299002990973	19.157889210079848
3.000030000300098	9.862777201346015
3.010030100301098	24.90705647665462
3.0200302003020987	15.343016100042583
3.030030300303099	21.694075990864345
3.040030400304099	23.501251942287087
3.0500305003050996	14.725971285239932
3.0600306003060997	6.77982388416624
3.0700307003071003	24.5567251199157
3.0800308003081005	33.58673324703389
3.0900309003091007	-7.784527159761566
3.1000310003101013	0.7803190813368032
3.1100311003111014	41.881833858655526
3.1200312003121016	36.69900967867997
3.130031300313102	0.5797719850083161
3.1400314003141023	16.26349012306511
3.150031500315103	36.62919380385623
3.160031600316103	25.969953219412947
3.1700317003171032	9.976391855890462
3.180031800318104	36.153980184046844
3.190031900319104	16.085648403433087
3.200032000320104	39.589288404702046
3.2100321003211048	26.26445059392522
3.220032200322105	14.082956404056473
3.2300323003231055	36.85511234614367
3.2400324003241057	17.121130695091466
3.250032500325106	38.43749463508022
3.2600326003261064	13.537748695855601
3.2700327003271066	32.557550780024684
3.280032800328107	49.28828088194993
3.2900329003291073	8.988055377298457
3.3000330003301075	27.282796263334845
3.310033100331108	29.01072813677498
3.3200332003321082	27.567079066072385
3.3300333003331084	14.421923152065752
3.340033400334109	7.84632024832494
3.350033500335109	27.196726590094567
3.3600336003361098	43.516651309565596
3.37003370033711	17.686877254078997
3.38003380033811	12.275815906042109
3.3900339003391107	21.650066788705768
3.400034000340111	33.98793623500971
3.4100341003411114	8.769564183958556
3.4200342003421116	-10.15973983942212
3.4300343003431117	16.919266525930865
3.4400344003441123	15.352193405337607
3.4500345003451125	11.248469682873164
3.4600346003461127	1.1099293848029408
3.4700347003471133	-1.2548617448442858
3.4800348003481134	5.236758684299331
3.490034900349114	0.03977343642017924
3.500035000350114	6.285029229390162
3.5100351003511143	15.959682653932038
3.520035200352115	17.86594908261522
3.530035300353115	12.202053685666602
3.5400354003541157	-10.724135028646517
3.550035500355116	28.096958542951892
3.560035600356116	24.433763634611353
3.5700357003571166	31.432597489010256
3.5800358003581167	17.37173064968432
3.590035900359117	25.809575275974705
3.6000360003601175	20.568185662161156
3.6100361003611177	19.824358039367485
3.6200362003621183	31.001174532347218
3.6300363003631184	16.76881803108996
3.6400364003641186	27.94141735453095
3.650036500365119	13.899931760556893
3.6600366003661193	21.87459177533357
3.6700367003671195	-6.1524117148363375
3.68003680036812	17.29003347783455
3.6900369003691202	26.28353843911863
3.700037000370121	29.774514415837853
3.710037100371121	39.96831084773157
3.720037200372121	41.2950465887986
3.7300373003731218	2.761440605264958
3.740037400374122	47.10701609429597
3.7500375003751225	48.233038485611594
3.7600376003761227	39.34483708534658
3.770037700377123	32.958511250144156
3.7800378003781234	38.58963142993341
3.7900379003791236	40.81377231889534
3.8000380003801237	22.683477205955555
3.8100381003811243	36.10755752956661
3.8200382003821245	-18.12455961602685
3.830038300383125	44.82108131993631
3.8400384003841253	13.298005831284579
3.8500385003851254	44.300746900527194
3.860038600386126	34.535638097129684
3.870038700387126	24.471931172149276
3.8800388003881268	15.751659698378788
3.890038900389127	37.69132252417815
3.900039000390127	23.03639916803498
3.9100391003911277	27.276058895374145
3.920039200392128	23.220525269972494
3.930039300393128	29.70726711888562
3.9400394003941286	22.931700169722614
3.9500395003951287	13.25973164002441
3.9600396003961293	15.906782858313592
3.9700397003971295	-4.767426383547394
3.9800398003981297	6.627657594707889
3.9900399003991303	4.782491144574658
4.000040000400131	4.544028225445123
4.010040100401131	11.093634653910252
4.020040200402131	-26.823531905144545
4.030040300403131	-1.533145118971161
4.0400404004041315	17.827087036552715
4.0500405004051325	10.98164125002502
4.060040600406133	0.41198849459247383
4.070040700407133	1.8753837752931097
4.080040800408133	2.3085796539928034
4.090040900409133	-4.927918028623386
4.100041000410133	-0.5533962617402736
4.110041100411134	8.159719003826268
4.1200412004121345	15.674664078947986
4.130041300413135	-13.470251459755453
4.140041400414135	6.495302570118878
4.150041500415135	7.345737559101894
4.160041600416136	6.940433656769443
4.170041700417136	9.112621763995813
4.180041800418136	20.042926569434048
4.1900419004191365	-11.093543441685433
4.200042000420137	22.487392374239036
4.210042100421138	10.644845639598495
4.220042200422138	-34.0509231068087
4.230042300423138	32.23199222676577
4.240042400424138	18.467794459239585
4.250042500425138	11.9158851117012
4.260042600426139	5.763989657039214
4.2700427004271395	11.754526322415973
4.28004280042814	8.571258759118855
4.29004290042914	-10.672689671204804
4.30004300043014	8.115913568205134
4.31004310043114	24.845669808796462
4.320043200432141	15.972101592070354
4.330043300433141	1.6622547565124908
4.3400434004341415	26.17274189803545
4.350043500435142	27.480464940461633
4.360043600436142	20.529833674384854
4.370043700437143	16.524325978810246
4.380043800438143	15.735212386893101
4.390043900439143	39.84670698916925
4.400044000440143	19.67265435354661
4.4100441004411435	12.981755860558549
4.4200442004421445	24.100099144725053
4.430044300443145	23.905073292831027
4.440044400444145	22.349111965892625
4.450044500445145	16.77045261119212
4.460044600446145	18.109306687521798
4.470044700447146	23.937660631231758
4.480044800448146	2.537805196689743
4.4900449004491465	-5.397649162225687
4.500045000450147	5.217608040670283
4.510045100451147	19.99679170982996
4.520045200452148	8.910074962791285
4.530045300453148	-2.189553818242709
4.540045400454148	14.051410529643197
4.550045500455148	-7.747741876143713
4.5600456004561485	23.338871094046755
4.570045700457149	-15.34091248987325
4.58004580045815	8.302276064326188
4.59004590045915	19.90351652271749
4.60004600046015	-2.0517888536195783
4.61004610046115	1.9873547054440095
4.62004620046215	-1.95484684161429
4.630046300463151	12.431030208879289
4.6400464004641515	10.443064115352913
4.650046500465152	6.517689805957428
4.660046600466152	2.7975158685046977
4.670046700467152	3.6984295543818826
4.680046800468153	3.1969529316245247
4.690046900469153	2.7523896521771944
4.700047000470153	8.807730756484833
4.7100471004711535	7.704534068977071
4.720047200472154	11.249021397161723
4.730047300473155	3.4710006263830238
4.740047400474155	5.504145237547844
4.750047500475155	3.6818618705208075
4.760047600476155	13.212613603844291
4.770047700477155	16.944324590267385
4.7800478004781555	11.136601129291478
4.7900479004791565	15.477462029481638
4.800048000480157	16.742164900271938
4.810048100481157	6.890227770477534
4.820048200482157	10.752080742760258
4.830048300483157	-10.014040801536192
4.840048400484158	23.085540047694113
4.850048500485158	13.462702101332782
4.8600486004861585	-6.9761359460905
4.870048700487159	27.341857344654752
4.880048800488159	8.956484488009668
4.89004890048916	7.1716157313474085
4.90004900049016	7.983322584010908
4.91004910049116	19.046460874019086
4.92004920049216	4.9892269895802075
4.9300493004931605	1.9186108833379978
4.9400494004941615	30.117230558719275
4.950049500495162	25.683741511059683
4.960049600496162	-1.6308148961444482
4.970049700497162	16.63587066156553
4.980049800498162	-4.564842190436951
4.990049900499163	30.35239680982836
5.000050000500163	16.33662944711736
5.0100501005011635	16.856190807608684
5.020050200502164	30.906389989662046
5.030050300503164	24.11895611990813
5.040050400504164	26.588067930127806
5.050050500505165	5.149095635220609
5.060050600506165	-2.1184512849648547
5.070050700507165	10.049850072677629
5.0800508005081655	22.866394393361215
5.090050900509166	22.179953200592504
5.100051000510167	17.28664273227994
5.110051100511167	24.680443905785765
5.120051200512167	0.5347646509360893
5.130051300513167	18.382036180427914
5.140051400514167	14.903825650940323
5.150051500515168	-14.810985134591217
5.1600516005161685	-6.371784171633208
5.170051700517169	5.319243960586991
5.180051800518169	17.537883553495973
5.190051900519169	-1.779494548973204
5.20005200052017	5.576949806680311
5.21005210052117	-10.372600383176996
5.22005220052217	9.680592376273408
5.2300523005231705	6.49111993183274
5.240052400524171	4.43756348692023
5.250052500525171	5.801252678459228
5.260052600526172	3.764245556109185
5.270052700527172	3.6941892065328887
5.280052800528172	1.6610468026129612
5.290052900529172	-11.641721148813438
5.3000530005301725	1.643282199117406
5.3100531005311735	-5.148077224102839
5.320053200532174	9.399805281706422
5.330053300533174	10.958567362751774
5.340053400534174	7.55016486048189
5.350053500535174	12.515738779437923
5.360053600536175	-3.081119439551207
5.370053700537175	7.141626680243986
5.3800538005381755	4.564150374080821
5.390053900539176	13.928243354930869
5.400054000540176	20.538356785383144
5.410054100541177	14.420186620545131
5.420054200542177	18.77076087700205
5.430054300543177	9.848204426260978
5.440054400544177	8.745443142176745
5.4500545005451775	13.614032141448286
5.4600546005461785	29.034348730084798
5.470054700547179	10.22277092203589
5.480054800548179	14.89757310265335
5.490054900549179	2.4883755010322477
5.500055000550179	18.729320040691672
5.510055100551179	4.777775730473451
5.52005520055218	21.61871379014346
5.5300553005531805	9.225253585557724
5.540055400554181	-1.6982176457920621
5.550055500555181	-1.7777254261556947
5.560055600556181	13.182750308035928
5.570055700557182	4.851239873063461
5.580055800558182	12.351277086941522
5.590055900559182	25.03680230488439
5.6000560005601825	8.372014220029323
5.610056100561183	28.84035353212943
5.620056200562184	12.919850405071648
5.630056300563184	15.969457383398353
5.640056400564184	28.924428589037134
5.650056500565184	-9.005812965746179
5.660056600566184	25.722225024600203
5.670056700567185	11.431047793444359
5.6800568005681855	20.12370951495667
5.690056900569186	11.66721487049936
5.700057000570186	1.8328092146422963
5.710057100571186	11.795483728016245
5.720057200572186	23.57580252616668
5.730057300573187	10.078904379287307
5.740057400574187	9.587167316160471
5.7500575005751875	14.91047809736063
5.760057600576188	9.245442209629523
5.770057700577188	-4.5528140394659795
5.780057800578189	-3.20524519379558
5.790057900579189	8.561414833098274
5.800058000580189	13.959653372319423
5.810058100581189	-4.096017418742033
5.8200582005821895	-14.021835149761372
5.8300583005831905	1.7529087392465823
5.840058400584191	6.033594879643651
5.850058500585191	3.805071567294982
5.860058600586191	3.1986323055979433
5.870058700587191	4.579260867099268
5.880058800588192	7.0540668330302685
5.890058900589192	7.29088305302797
5.9000590005901925	3.783426687030233
5.910059100591193	-7.329425206705353
5.920059200592193	16.60590748033014
5.930059300593194	-6.439637117156963
5.940059400594194	-6.173310179838267
5.950059500595194	15.662728336989963
5.960059600596194	24.264758135320907
5.9700597005971945	-5.068773528577766
5.980059800598195	6.2472732700937375
5.990059900599196	21.459175814834403
6.000060000600196	4.063699285728666
6.010060100601196	18.361215841343487
6.020060200602196	13.774961251107195
6.030060300603196	25.82254834939512
6.040060400604197	1.0138022641435163
6.0500605006051975	18.767266395142894
6.060060600606198	20.584279040801615
6.070060700607198	30.68093908438628
6.080060800608198	-5.4539589630109235
6.090060900609199	-23.678853513125183
6.100061000610199	8.783254451856381
6.110061100611199	22.188525488358124
6.1200612006121995	12.202093222053275
6.1300613006132	7.410542043974656
6.140061400614201	28.069643771173197
6.150061500615201	6.0567770339205005
6.160061600616201	30.78098607670483
6.170061700617201	11.708654997888537
6.180061800618201	9.930312975135857
6.1900619006192015	28.642990230615133
6.2000620006202025	19.316102410030147
6.210062100621203	10.210289292381914
6.220062200622203	28.307625134351785
6.230062300623203	0.31131716527028136
6.240062400624203	3.5492551819496283
6.250062500625204	19.29865356828244
6.260062600626204	4.666479559635931
6.2700627006272045	15.341756868803325
6.280062800628205	20.80669957304246
6.290062900629205	26.11067380594394
6.300063000630206	-0.9203993073349603
6.310063100631206	-4.338343096578245
6.320063200632206	7.172954326755892
6.330063300633206	16.375432482817512
6.3400634006342065	18.381731268695823
6.3500635006352075	17.249610587620108
6.360063600636208	6.47049844621405
6.370063700637208	12.030833057372513
6.380063800638208	-5.842368188961939
6.390063900639208	-9.512081041530221
6.400064000640208	5.959020642869108
6.410064100641209	3.92528298116994
6.4200642006422095	-3.681693749471397
6.43006430064321	2.951533868913382
6.44006440064421	1.934155548506015
6.45006450064521	2.1005957854313433
6.460064600646211	0.2666672010678339
6.470064700647211	0.22078104837711376
6.480064800648211	6.774170290529838
6.4900649006492115	0.19016259683069056
6.500065000650212	-10.09062528689998
6.510065100651213	14.00975077945837
6.520065200652213	-0.9766312646214027
6.530065300653213	10.386276580104418
6.540065400654213	13.509924997563846
6.550065500655213	12.793851398779962
6.560065600656214	8.92503946817934
6.5700657006572145	-5.109009462495884
6.580065800658215	-8.921800566043732
6.590065900659215	4.617679111173423
6.600066000660215	20.598872742233645
6.610066100661216	18.14677371928156
6.620066200662216	8.213765764048736
6.630066300663216	0.47202441911187293
6.6400664006642165	14.650121876431966
6.650066500665217	-23.745152847213753
6.660066600666217	17.45552610384301
6.670066700667218	5.164262760567263
6.680066800668218	26.647653721693032
6.690066900669218	13.745289789004604
6.700067000670218	14.882447818342815
6.7100671006712185	-12.279181621096546
6.7200672006722195	16.138552922077274
6.73006730067322	-0.27435656770143285
6.74006740067422	15.347515980045062
6.75006750067522	-14.15470531996618
6.76006760067622	21.558245742115076
6.770067700677221	26.47956744328573
6.780067800678221	17.97792119360687
6.7900679006792215	29.442728197395542
6.800068000680222	-0.04451212918788964
6.810068100681222	16.5313532953653
6.820068200682223	-1.1126780787899444
6.830068300683223	8.437499402906791
6.840068400684223	17.119399527443786
6.850068500685223	5.054635766425707
6.8600686006862235	-1.2814985695100343
6.870068700687224	5.492953660181403
6.880068800688225	7.660101443504508
6.890068900689225	-10.402317364649416
6.900069000690225	1.5668334984417644
6.910069100691225	26.999325383973666
6.920069200692225	10.313041620487425
6.930069300693226	10.64481638662799
6.9400694006942265	5.410825634496065
6.950069500695227	2.786324327121858
6.960069600696227	-1.8450982778482825
6.970069700697227	10.513989900669413
6.980069800698228	0.9481037439034168
6.990069900699228	3.573193345835677
7.000070000700228	4.3752563225299586
7.0100701007012285	4.872055004025444
7.020070200702229	2.325850912018956
7.03007030070323	4.647930174201213
7.04007040070423	3.583685029678154
7.05007050070523	3.867759662517873
7.06007060070623	11.825101399559253
7.07007070070723	0.3972477109668286
7.080070800708231	13.58811589979203
7.0900709007092315	-3.9360690078978764
7.100071000710232	-7.026690472719821
7.110071100711232	-22.286769170717527
7.120071200712232	-0.23974887031565612
7.130071300713232	-1.8592890829125075
7.140071400714233	-2.4208913444774542
7.150071500715233	9.241890826226184
7.1600716007162335	11.302000125408995
7.170071700717234	13.839036593410734
7.180071800718234	7.962541278384111
7.190071900719235	23.935064124531593
7.200072000720235	12.647281571196501
7.210072100721235	25.29024783164201
7.220072200722235	13.42538153571757
7.2300723007232355	25.775215507603118
7.2400724007242365	11.061687316033817
7.250072500725237	15.76405349970857
7.260072600726237	4.122559907507908
7.270072700727237	22.685681704030543
7.280072800728237	-4.650193777170192
7.290072900729238	14.613758326957914
7.300073000730238	-15.142072487440089
7.3100731007312385	7.298155642285011
7.320073200732239	26.559318297537136
7.330073300733239	8.762787061731462
7.340073400734239	20.10415157628287
7.35007350073524	23.41320243717108
7.36007360073624	33.566737189564144
7.37007370073724	1.6310722829193345
7.3800738007382405	9.576851620700431
7.390073900739241	21.069018511954088
7.400074000740242	27.97965888446457
7.410074100741242	20.689249277897552
7.420074200742242	0.9038374374098233
7.430074300743242	12.61156215847197
7.440074400744242	13.709063007503444
7.450074500745243	5.528527288596971
7.4600746007462435	17.44030102886344
7.470074700747244	3.2608897563543273
7.480074800748244	13.91292851688935
7.490074900749244	17.042579877771587
7.500075000750245	16.218092731636013
7.510075100751245	15.065325614968687
7.520075200752245	-10.362834480763855
7.5300753007532455	-11.390033726309941
7.540075400754246	7.223431888519308
7.550075500755247	-7.232522899167834
7.560075600756247	17.766625116376296
7.570075700757247	-2.7229109967155005
7.580075800758247	5.0697649359987285
7.590075900759247	8.394731918805034
7.6000760007602475	1.8832758526818594
7.6100761007612485	6.65416048506146
7.620076200762249	4.687646007875997
7.630076300763249	3.54936833007949
7.640076400764249	3.2489685700866726
7.650076500765249	2.553872887700419
7.66007660076625	8.598059845472017
7.67007670076725	7.269318334031492
7.6800768007682505	-4.501278612125275
7.690076900769251	10.518642416423027
7.700077000770251	-8.143920491944515
7.710077100771252	-7.123396748041284
7.720077200772252	7.8725398559414375
7.730077300773252	9.506475275936488
7.740077400774252	12.398154485770185
7.7500775007752525	16.29571875350565
7.7600776007762535	18.535240716074554
7.770077700777254	20.61865017050726
7.780077800778254	-21.594623988218807
7.790077900779254	-7.633552348171551
7.800078000780254	18.255637172337714
7.810078100781254	10.601995029308869
7.820078200782255	15.003179768270607
7.8300783007832555	-1.7896503580949934
7.840078400784256	0.9789498677490654
7.850078500785256	7.3055957731048435
7.860078600786256	-6.28397705875986
7.870078700787257	1.5512010831920626
7.880078800788257	11.688387111061111
7.890078900789257	13.00376375481123
7.9000790007902575	-0.9314704488980204
7.910079100791258	20.543634754985185
7.920079200792259	20.83963238825398
7.930079300793259	-1.194412800556411
7.940079400794259	11.122540479976605
7.950079500795259	9.686162101765591
7.960079600796259	-26.963181737851155
7.97007970079726	13.89847358338991
7.9800798007982605	29.213502192515712
7.990079900799261	3.209571615517766
8.000080000800262	23.96193939914152
8.010080100801261	12.355202379665439
8.020080200802262	-16.999011137103174
8.030080300803261	3.1500882357820825
8.040080400804262	5.995880890333985
8.050080500805263	24.802945034180823
8.060080600806263	17.626238986727774
8.070080700807264	21.45309651569687
8.080080800808263	12.562145280017491
8.090080900809264	1.9324095958411505
8.100081000810265	4.962283889498964
8.110081100811264	-2.101781254596819
8.120081200812265	-0.22949737527309436
8.130081300813265	10.812248563751732
8.140081400814266	0.735347862816851
8.150081500815265	11.667893747094068
8.160081600816266	5.905777433905366
8.170081700817267	12.833137262881767
8.180081800818266	-4.933334059246193
8.190081900819267	2.8397346040972713
8.200082000820267	7.667059726460596
8.210082100821268	0.4115542390217789
8.220082200822269	2.4369665258236117
8.230082300823268	-0.8999094932112632
8.240082400824269	6.430640005387493
8.250082500825268	-4.369280172945077
8.26008260082627	-1.6347489509763231
8.27008270082727	9.092649882532415
8.28008280082827	-4.6915556533094085
8.29008290082927	6.749614175806645
8.30008300083027	2.8991091102440807
8.310083100831271	-1.0406533599921952
8.320083200832272	5.795959663717699
8.330083300833271	26.49006054730406
8.340083400834272	14.036773560273549
8.350083500835272	19.872512144741794
8.360083600836273	-14.540358939292418
8.370083700837274	11.553148718337997
8.380083800838273	16.987784860559202
8.390083900839274	16.64811093390429
8.400084000840273	17.26255813798801
8.410084100841274	18.4219062041617
8.420084200842275	28.157882215740543
8.430084300843275	11.145912608567096
8.440084400844276	24.171957978348292
8.450084500845275	30.268917937823844
8.460084600846276	27.57804099764543
8.470084700847277	-3.806097073541565
8.480084800848276	16.90943508579462
8.490084900849277	-7.730198488042595
8.500085000850277	18.411217310242147
8.510085100851278	-2.9226570964550653
8.520085200852279	22.39073929008884
8.530085300853278	12.324428555740884
8.540085400854279	19.87391347528509
8.550085500855278	5.029903402590974
8.56008560085628	23.957428652353734
8.57008570085728	13.687511738097207
8.58008580085828	-1.7292850525596555
8.59008590085928	3.3022809113639147
8.60008600086028	-0.38906377596906583
8.610086100861281	-13.755825191519564
8.62008620086228	-7.86206677437849
8.630086300863281	21.509244152705232
8.640086400864282	20.508706484406797
8.650086500865282	10.809139454864246
8.660086600866283	22.325627965160248
8.670086700867282	24.544284711946148
8.680086800868283	2.855276454288479
8.690086900869284	4.294506703642536
8.700087000870283	-17.645855389872743
8.710087100871284	9.69244586017901
8.720087200872284	9.981367860307627
8.730087300873285	-17.729158887800494
8.740087400874286	9.469357486474749
8.750087500875285	-14.674681085458927
8.760087600876286	3.124542698927495
8.770087700877285	5.842999810169854
8.780087800878286	1.3153714009802426
8.790087900879287	7.570442319280992
8.800088000880287	4.5750343849611586
8.810088100881288	3.9112964962360186
8.820088200882287	2.399814235605063
8.830088300883288	6.224696637380634
8.840088400884289	3.3441631845995308
8.850088500885288	-0.9545902194185675
8.86008860088629	6.428905563409493
8.870088700887289	-6.184745125998415
8.88008880088829	-11.709116754612564
8.89008890088929	1.7906823695177447
8.90008900089029	10.466719024202531
8.910089100891291	-26.976811575523975
8.92008920089229	2.6319894908065202
8.930089300893291	7.875471722377166
8.940089400894292	18.82045671095933
8.950089500895292	20.275043268037706
8.960089600896293	13.471005618722515
8.970089700897292	-0.4332172428967798
8.980089800898293	-41.33898917251324
8.990089900899294	-3.1815866314108234
9.000090000900293	13.279072647406087
9.010090100901294	21.031181604406147
9.020090200902294	8.465666495781916
9.030090300903295	4.924730944687199
9.040090400904296	2.228860447559112
9.050090500905295	10.633968653259492
9.060090600906296	4.385512552437056
9.070090700907295	18.646353878934377
9.080090800908296	-9.520814551875457
9.090090900909296	24.842909920323937
9.100091000910297	10.477751774821916
9.110091100911298	10.692127641861916
9.120091200912297	14.296587902073625
9.130091300913298	16.660158561564828
9.140091400914297	21.198582667087646
9.150091500915298	27.150069864823895
9.1600916009163	6.567019692565646
9.170091700917299	-3.015213096942464
9.1800918009183	25.63618447666695
9.190091900919299	-0.2988043951304563
9.2000920009203	3.7862227155549864
9.210092100921301	14.910873139619639
9.2200922009223	2.984319186344145
9.230092300923301	4.0974719545038765
9.2400924009243	22.01448330164726
9.250092500925302	19.326371812470903
9.260092600926303	8.228782654344807
9.270092700927302	13.245982784898747
9.280092800928303	5.693781286329022
9.290092900929302	0.43539463516230087
9.300093000930303	8.186946581752277
9.310093100931304	3.395100047722605
9.320093200932304	-15.624967845596712
9.330093300933305	-8.15122740752715
9.340093400934304	7.875148170449009
9.350093500935305	11.906348870161807
9.360093600936306	-2.7530838333765426
9.370093700937305	5.45844397746768
9.380093800938306	-0.6511580751717085
9.390093900939306	1.1897928068005648
9.400094000940307	1.9829525600654918
9.410094100941308	2.4322700791672847
9.420094200942307	1.9471024209259662
9.430094300943308	2.169779488907655
9.440094400944307	6.21256154454076
9.450094500945308	-1.1713027882933036
9.46009460094631	13.1100976749632
9.470094700947309	0.9446580477928228
9.48009480094831	8.150077876705309
9.490094900949309	-11.263944020566854
9.50009500095031	13.515234517585693
9.510095100951311	19.165893201996315
9.52009520095231	-29.918964140553364
9.530095300953311	7.55583537258174
9.54009540095431	18.62063009712384
9.550095500955312	22.3617574116847
9.560095600956311	10.50506297102067
9.570095700957312	12.478104886629671
9.580095800958313	2.7915092003782678
9.590095900959312	2.0034629418944183
9.600096000960313	-4.625770261080507
9.610096100961313	22.838598879276155
9.620096200962314	24.379751807649605
9.630096300963315	19.730285397188165
9.640096400964314	23.96123635132039
9.650096500965315	22.48866547125585
9.660096600966314	14.704793541683376
9.670096700967315	-4.799183614552502
9.680096800968316	20.529067310350936
9.690096900969316	25.729546683447467
9.700097000970317	28.10979622941915
9.710097100971316	30.452997117495208
9.720097200972317	-0.43962739281659036
9.730097300973318	-16.293650929923388
9.740097400974317	6.76185546295489
9.750097500975318	25.063627759217923
9.760097600976318	7.739099706210525
9.770097700977319	-4.109307191817077
9.78009780097832	10.060871273700755
9.790097900979319	-10.351209112538712
9.80009800098032	-3.1040451930149833
9.81009810098132	20.160863531359222
9.82009820098232	14.248924940671719
9.830098300983321	19.030760058603814
9.84009840098432	22.96841825139739
9.850098500985322	-15.086618524400206
9.860098600986321	19.765737302506572
9.870098700987322	10.697746918904961
9.880098800988323	-5.631192533472248
9.890098900989322	5.274480716659378
9.900099000990323	6.998531196376619
9.910099100991323	4.819145840521272
9.920099200992324	-1.6444343609337109
9.930099300993325	12.734527485913016
9.940099400994324	5.565079562443986
9.950099500995325	5.396240341297025
9.960099600996324	9.509857362814746
9.970099700997325	5.713265081994012
9.980099800998326	3.894800662035799
9.990099900999326	4.602013823516274
10.000100001000327	5.332266027363073
10.010100101001326	-1.3094157626380172
10.020100201002327	8.055746967911794
10.030100301003326	11.325261506596105
10.040100401004327	6.600011408731905
10.050100501005328	12.133123856883657
10.060100601006328	12.406061365659571
10.070100701007329	13.369831744294874
10.080100801008328	-6.328400444141159
10.090100901009329	-4.0641774572746225
10.10010100101033	-1.5067026289769885
10.11010110101133	12.180285286866454
10.12010120101233	13.543066197420037
10.13010130101333	6.695189792465146
10.14010140101433	23.625039889617273
10.150101501015332	-8.25803744415039
10.160101601016331	-25.399871202126093
10.170101701017332	6.923802001842593
10.180101801018331	19.93931802189736
10.190101901019332	16.801219288870218
10.200102001020333	8.225132846869993
10.210102101021333	-1.4240998422092737
10.220102201022334	16.85607785257369
10.230102301023333	16.29446468067029
10.240102401024334	25.00723218879391
10.250102501025335	1.4870646514975474
10.260102601026334	21.357186736280237
10.270102701027335	16.012895982923183
10.280102801028335	16.379205515256448
10.290102901029336	11.4253987693364
10.300103001030337	3.3395694967861584
10.310103101031336	4.2011893287589865
10.320103201032337	14.366641363153178
10.330103301033336	16.213415340940838
10.340103401034337	15.733062917038051
10.350103501035338	18.551484037851154
10.360103601036338	12.439189198636884
10.370103701037339	14.726464011590144
10.380103801038338	-0.13164332579978008
10.390103901039339	-10.905447832250541
10.40010400104034	-3.662289581464088
10.41010410104134	-10.570091468361754
10.42010420104234	19.90509601182131
10.43010430104334	-2.6577228786501483
10.44010440104434	18.992586790574578
10.450104501045342	-4.743111027416352
10.460104601046341	5.6385291254442915
10.470104701047342	2.6200764640270395
10.480104801048341	5.6789594514206065
10.490104901049342	16.30722079685044
10.500105001050342	8.118004266005325
10.510105101051343	14.452152038429233
10.520105201052344	-3.3207570862022884
10.530105301053343	4.818374171046367
10.540105401054344	5.9051902983343085
10.550105501055343	11.169865655892663
10.560105601056344	1.8705067473900265
10.570105701057345	5.781669685192233
10.580105801058345	2.786218478937236
10.590105901059346	4.7956358150328695
10.600106001060345	6.202467825117699
10.610106101061346	-0.05764053658072735
10.620106201062347	6.548559031562555
10.630106301063346	1.489928498484357
10.640106401064347	4.879895805669179
10.650106501065347	-9.991140733813735
10.660106601066348	8.96513187842401
10.670106701067349	-46.75993615745587
10.680106801068348	-14.557813206806589
10.690106901069349	8.009380697319148
10.700107001070348	15.767682388998084
10.71010710107135	15.341282729683563
10.72010720107235	-34.005251957114076
10.73010730107335	13.068492828997906
10.74010740107435	10.39403914412434
10.75010750107535	13.573375327179399
10.760107601076351	17.138655264317787
10.770107701077352	15.711681663194298
10.780107801078351	2.5922402328055734
10.790107901079352	13.730445187282044
10.800108001080352	18.532247255579048
10.810108101081353	13.043925400609218
10.820108201082354	26.821663078585395
10.830108301083353	27.833326246141816
10.840108401084354	26.374618783559555
10.850108501085353	14.05800309184549
10.860108601086354	1.397273695559484
10.870108701087355	-4.256360926038376
10.880108801088355	21.643255896723904
10.890108901089356	7.9292894161061955
10.900109001090355	20.387763340836567
10.910109101091356	4.692439647962177
10.920109201092357	-5.211272962978707
10.930109301093356	16.364533065736058
10.940109401094357	26.164707903198366
10.950109501095357	11.276365002998837
10.960109601096358	-9.680053410582941
10.970109701097357	10.464315773147291
10.980109801098358	20.68193801031863
10.990109901099359	1.5149300973717288
11.000110001100358	4.713520849385294
11.01011010110136	19.714877256784156
11.020110201102359	2.7658160709192328
11.03011030110336	5.64221232531913
11.04011040110436	-14.742188334141233
11.05011050110536	8.525824790577893
11.060110601106361	-11.079994933126587
11.07011070110736	-1.9273981087056777
11.080110801108361	-7.353487566280599
11.090110901109362	13.939104785623334
11.100111001110362	17.531501010589697
11.110111101111363	2.493471318049691
11.120111201112362	10.364961563959357
11.130111301113363	0.020525224300686862
11.140111401114364	-0.219367026587404
11.150111501115363	1.697402857287591
11.160111601116364	0.3411099607049991
11.170111701117364	1.5153245651487248
11.180111801118365	1.4737263110847076
11.190111901119366	-2.633077648037318
11.200112001120365	-0.267799577992357
11.210112101121366	7.983168715252638
11.220112201122365	14.2703280111175
11.230112301123366	7.89523535222579
11.240112401124367	-4.390032338503068
11.250112501125367	-3.729101819868356
11.260112601126368	9.494263146353909
11.270112701127367	-0.28105605229696334
11.280112801128368	6.618740106196129
11.290112901129369	24.589597249808303
11.300113001130368	2.3529172954737794
11.31011310113137	21.955592231916498
11.320113201132369	-0.21751249517238813
11.33011330113337	24.56883372380098
11.34011340113437	23.684511730132105
11.35011350113537	-3.03037035419814
11.360113601136371	21.69955137376954
11.37011370113737	-7.63177123653803
11.380113801138371	12.34918825027212
11.390113901139372	2.0725024416764506
11.400114001140372	15.708810891306483
11.410114101141373	-7.216764983480143
11.420114201142372	15.443555792367802
11.430114301143373	-28.38752223168189
11.440114401144372	17.541562229916668
11.450114501145373	17.195262747719358
11.460114601146374	20.58611633932237
11.470114701147374	18.33102289870577
11.480114801148375	8.642905707999997
11.490114901149374	4.311287694927644
11.500115001150375	13.025219588674043
11.510115101151376	23.631044153169775
11.520115201152375	16.315106137069964
11.530115301153376	14.66604809193511
11.540115401154376	-0.11299374102109548
11.550115501155377	-11.332784664053667
11.560115601156378	11.19365319143129
11.570115701157377	19.98952877733713
11.580115801158378	-15.609845524690405
11.590115901159377	20.04558100482755
11.600116001160378	1.562001904365918
11.61011610116138	-10.331348872823218
11.620116201162379	10.641350765587722
11.63011630116338	4.519303888626399
11.640116401164379	-1.1085112067878697
11.65011650116538	12.926997445165922
11.660116601166381	10.344976454925456
11.67011670116738	6.167047631241017
11.680116801168381	13.607173403078555
11.69011690116938	6.864189845212476
11.700117001170382	8.82354523308763
11.710117101171383	7.175198544141221
11.720117201172382	11.23467234502797
11.730117301173383	8.45163017721882
11.740117401174382	-0.07569860029653097
11.750117501175383	4.277440905231063
11.760117601176384	4.253087445948309
11.770117701177384	6.3491615963602275
11.780117801178385	4.61651994444585
11.790117901179384	5.574825193193893
11.800118001180385	-7.085200012393146
11.810118101181386	2.0888148868587786
11.820118201182385	10.553215436888822
11.830118301183386	-3.0473097860794334
11.840118401184386	0.3230348815900977
11.850118501185387	11.635777710997296
11.860118601186388	17.971803354822523
11.870118701187387	9.55452322262328
11.880118801188388	-7.894512121447393
11.890118901189387	21.70952263423995
11.900119001190388	-15.072046112772105
11.910119101191388	16.183656413105552
11.920119201192389	7.260755428067338
11.93011930119339	26.032963005037242
11.940119401194389	-11.731313856138534
11.95011950119539	15.692841927629432
11.96011960119639	20.90712450448333
11.97011970119739	12.921428245150397
11.980119801198391	22.335604188774177
11.99011990119939	29.95698560968955
12.000120001200392	11.036452242024398
12.010120101201391	2.4329354606345026
12.020120201202392	20.911058702730617
12.030120301203393	9.343884833390437
12.040120401204392	10.675883684698686
12.050120501205393	18.826264258801903
12.060120601206393	23.87244415684674
12.070120701207394	-14.131312471480324
12.080120801208395	8.227097959182343
12.090120901209394	16.818850332796917
12.100121001210395	30.976001035629153
12.110121101211394	-4.477875045105638
12.120121201212395	20.564548481691087
12.130121301213396	26.283537692875633
12.140121401214396	-2.3387251427571787
12.150121501215397	12.852601790932534
12.160121601216396	9.251625690397626
12.170121701217397	7.80719461540317
12.180121801218398	24.447727484133406
12.190121901219397	15.509043143027727
12.200122001220398	14.06378602382882
12.210122101221398	6.4608912524315
12.220122201222399	-3.85099328786478
12.2301223012234	-7.118561463504744
12.240122401224399	9.556499571899812
12.2501225012254	12.094854550809103
12.2601226012264	8.046096107340615
12.2701227012274	8.404556367647391
12.280122801228401	9.606966611353082
12.2901229012294	19.32716194332952
12.300123001230402	-0.2752117788262158
12.310123101231401	2.9553680699768075
12.320123201232402	-1.2648480992979414
12.330123301233403	0.7259991526163772
12.340123401234402	3.2270117453548735
12.350123501235403	3.1126710102518707
12.360123601236403	3.4320555198397362
12.370123701237404	6.344531402879519
12.380123801238403	5.299990260110495
12.390123901239404	-6.895108296447744
12.400124001240405	12.20243784965608
12.410124101241404	2.6248750062399036
12.420124201242405	2.641616540951466
12.430124301243405	16.548969233602147
12.440124401244406	-2.9402356352569208
12.450124501245407	17.970212379174917
12.460124601246406	0.903720117648076
12.470124701247407	9.069802016290478
12.480124801248406	-2.386775277623048
12.490124901249407	-9.359242607678988
12.500125001250408	-2.2208362137920097
12.510125101251408	0.22481260397911246
12.520125201252409	18.963759342982843
12.530125301253408	-10.690062522860055
12.540125401254409	23.447945534408788
12.55012550125541	1.1593062452150213
12.56012560125641	13.407866184818417
12.57012570125741	4.416839184270289
12.58012580125841	9.928181402368994
12.59012590125941	11.373365144774722
12.600126001260412	2.308224163249043
12.610126101261411	32.32481558868036
12.620126201262412	26.282106431565794
12.630126301263411	14.324669608822617
12.640126401264412	0.15406608195390534
12.650126501265413	25.151718778348815
12.660126601266413	19.06460778319743
12.670126701267414	1.8425693356143467
12.680126801268413	10.764415609645084
12.690126901269414	16.822684859343028
12.700127001270415	9.619884598828035
12.710127101271414	29.560892369940735
12.720127201272415	-1.4517000707910557
12.730127301273415	11.195299868387785
12.740127401274416	32.15341742441721
12.750127501275417	14.869510715754007
12.760127601276416	18.399412892406513
12.770127701277417	15.238251429186949
12.780127801278416	-1.3027683507829475
12.790127901279417	-15.172842590590019
12.800128001280417	-1.5146251637671895
12.810128101281418	25.39583461921185
12.820128201282419	4.643364927968533
12.830128301283418	0.9071121944608064
12.840128401284419	-1.0304614431731511
12.850128501285418	14.5292543121641
12.86012860128642	-2.9146817822766855
12.87012870128742	15.305348312505634
12.88012880128842	-2.3787861023563592
12.89012890128942	5.698688214834967
12.90012900129042	6.792964169096709
12.910129101291421	0.7133805362673001
12.920129201292422	-2.5022037703433044
12.930129301293421	4.0775860719689145
12.940129401294422	3.4583968458513783
12.950129501295422	5.049942628180896
12.960129601296423	5.514453045329706
12.970129701297424	3.2169960510941507
12.980129801298423	2.2128095594981128
12.990129901299424	7.6095612250578375
13.000130001300423	0.5100241576299002
13.010130101301424	18.133233086770257
13.020130201302425	-15.835301333507841
13.030130301303425	7.637187174319989
13.040130401304426	4.364543239665724
13.050130501305425	8.635801066664683
13.060130601306426	17.555545515075156
13.070130701307427	11.709738417943027
13.080130801308426	6.040190776470255
13.090130901309427	4.138798135207411
13.100131001310427	17.034864318421658
13.110131101311428	-28.64247233568531
13.120131201312429	8.610703700605866
13.130131301313428	29.491932317186425
13.140131401314429	3.6585546898455745
13.150131501315428	10.352439175875414
13.16013160131643	8.825675161427217
13.17013170131743	21.786919324452366
13.18013180131843	-15.987907356494938
13.19013190131943	17.395461898525735
13.20013200132043	-29.892110336521068
13.210132101321431	25.683884131711366
13.220132201322432	29.792757434370614
13.230132301323431	10.83423669809712
13.240132401324432	17.20515965155034
13.250132501325432	-0.8538028667908216
13.260132601326433	22.823697330639003
13.270132701327432	19.92605567869689
13.280132801328433	8.550301115774559
13.290132901329434	7.826982603069275
13.300133001330433	20.70511866175098
13.310133101331434	4.785991141457899
13.320133201332434	23.62412475697532
13.330133301333435	10.341833139717918
13.340133401334436	19.151986162151108
13.350133501335435	18.314790032703815
13.360133601336436	15.753790781399198
13.370133701337435	-1.7948167399679134
13.380133801338436	-2.5858666830248898
13.390133901339437	11.971014218450799
13.400134001340437	10.771183848173553
13.410134101341438	-9.322267439221326
13.420134201342437	15.701469875506644
13.430134301343438	-3.910845463060839
13.440134401344439	5.417381144329612
13.450134501345438	11.467637500964411
13.46013460134644	9.222445661784354
13.470134701347439	4.973392990647779
13.48013480134844	-8.140499777140667
13.49013490134944	6.340419437491683
13.50013500135044	3.908334188056827
13.510135101351441	3.127397702886638
13.52013520135244	4.156799030252022
13.530135301353441	3.4986634349751813
13.540135401354442	4.499736649473905
13.550135501355442	3.0539020919258637
13.560135601356443	8.233685166569325
13.570135701357442	9.402023491777406
13.580135801358443	-0.555386287138537
13.590135901359444	-4.6796188443142315
13.600136001360443	-3.4728239454137935
13.610136101361444	3.4311435175568015
13.620136201362444	-8.654038166594399
13.630136301363445	11.785450882705453
13.640136401364446	0.8401512213348186
13.650136501365445	9.536289752524844
13.660136601366446	4.638682270532819
13.670136701367445	-15.56919430467594
13.680136801368446	12.63363548210063
13.690136901369447	6.6651780949724815
13.700137001370447	19.314568698491
13.710137101371448	-15.044181630326536
13.720137201372447	21.50515364081241
13.730137301373448	12.717800195937551
13.740137401374447	15.167872726537883
13.750137501375448	22.20538569949203
13.76013760137645	-5.4027330717669155
13.770137701377449	9.92850473864775
13.78013780137845	22.446200845234276
13.790137901379449	22.210545283853875
13.80013800138045	6.752512417110494
13.810138101381451	18.03146903571014
13.82013820138245	19.019078056196744
13.830138301383451	9.72091229967964
13.84013840138445	-11.394340432881682
13.850138501385452	7.028356086723805
13.860138601386453	12.491419057913893
13.870138701387452	19.37898618407066
13.880138801388453	7.0774551089801925
13.890138901389452	18.099630051047534
13.900139001390453	11.331057859200497
13.910139101391454	12.28723882574277
13.920139201392454	27.88748486025739
13.930139301393455	-1.0306856993683031
13.940139401394454	22.54297825668536
13.950139501395455	12.891328878674951
13.960139601396456	8.390448526764013
13.970139701397455	8.546516622257942
13.980139801398456	11.716667585638204
13.990139901399456	5.965780298536733
14.000140001400457	22.90723347334861
14.010140101401458	-10.88175864209449
14.020140201402457	17.149238420510244
14.030140301403458	7.751571770701191
14.040140401404457	14.279229589001186
14.050140501405458	0.49488676361641576
14.06014060140646	9.812790139514792
14.070140701407459	5.593834443505901
14.08014080140846	9.53668646005377
14.090140901409459	4.002156331726021
14.10014100141046	2.1271268397338923
14.110141101411461	3.3332353211719514
14.12014120141246	3.846215944505468
14.130141301413461	4.666148753946699
14.14014140141446	4.590179606856112
14.150141501415462	3.512964586578667
14.160141601416463	7.567172360627202
14.170141701417462	-16.078194510972416
14.180141801418463	2.449828702090441
14.190141901419462	-3.7756968481047193
14.200142001420463	17.967409031703223
14.210142101421463	15.096067166995404
14.220142201422464	22.510353148806363
14.230142301423465	8.23051788352829
14.240142401424464	23.315877622594893
14.250142501425465	21.456162280489576
14.260142601426464	-16.981546326068443
14.270142701427465	8.368395260649988
14.280142801428466	1.7727255614836628
14.290142901429466	9.615193400433386
14.300143001430467	-22.879492524194795
14.310143101431466	1.4910110427224368
14.320143201432467	17.427512895308148
14.330143301433468	19.908849604006456
14.340143401434467	18.915785685881378
14.350143501435468	12.775301795551943
14.360143601436468	21.6265170312474
14.370143701437469	-0.627620906145572
14.38014380143847	-11.596225682412857
14.390143901439469	27.65970197938956
14.40014400144047	23.381954824696276
14.41014410144147	6.128548768791521
14.42014420144247	-3.924859069894012
14.430144301443471	-2.6554795857875435
14.44014440144447	3.1806404343695274
14.450144501445472	31.633557593873512
14.460144601446471	0.5790061023190677
14.470144701447472	13.886751601962029
14.480144801448473	10.602511828368334
14.490144901449472	6.651903284024853
14.500145001450473	18.43054251894502
14.510145101451473	-6.568588826255725
14.520145201452474	21.195268004702186
14.530145301453475	-10.458380821729806
14.540145401454474	20.866207273638356
14.550145501455475	5.7234259891465475
14.560145601456474	13.940319680280872
14.570145701457475	16.990807590666286
14.580145801458476	1.2823656550916005
14.590145901459476	15.321844508201819
14.600146001460477	-3.2853923666672364
14.610146101461476	7.040815198495288
14.620146201462477	11.606653698813187
14.630146301463478	14.393973095285881
14.640146401464477	-43.173739824544356
14.650146501465478	1.1013295888569123
14.660146601466478	6.589816231556953
14.670146701467479	6.161875765653489
14.680146801468478	2.505857280007417
14.690146901469479	3.153042251082929
14.70014700147048	2.6719154718215834
14.71014710147148	3.1571936916042684
14.72014720147248	-0.9579321395783184
14.73014730147348	1.8395064531291871
14.74014740147448	5.033156143604267
14.750147501475482	-9.818783447099772
14.760147601476481	6.976139943136661
14.770147701477482	-4.229938568261738
14.780147801478481	6.447329224567563
14.790147901479482	15.679896400541208
14.800148001480483	9.088901941504819
14.810148101481483	-14.83216635999791
14.820148201482484	-5.632042202074372
14.830148301483483	-1.645326033257628
14.840148401484484	12.46199859140554
14.850148501485485	-0.5046453581097147
14.860148601486484	5.5825639130958296
14.870148701487485	4.6783906588223845
14.880148801488485	21.280043027637017
14.890148901489486	7.804314387690697
14.900149001490487	20.448452545178636
14.910149101491486	12.460082735332143
14.920149201492487	-0.7338651154525906
14.930149301493486	-4.094349268765801
14.940149401494487	16.316114181030606
14.950149501495488	23.982303244709573
14.960149601496488	9.401386896992582
14.970149701497489	26.785144867214175
14.980149801498488	2.8682103956827167
14.990149901499489	29.803506147042945
