0.0	nan
0.010000100001000326	8.22303854909706
0.020000200002000652	7.244097747872725
0.03000030000300098	-4.503100876938274
0.040000400004001305	-13.291583450717358
0.05000050000500163	-10.43643500578213
0.06000060000600196	-8.51966100184522
0.07000070000700229	-4.856253944234303
0.08000080000800261	-1.2113079402280331
0.09000090000900293	4.602993013607641
0.10000100001000325	-2.84421883446998
0.11000110001100359	-2.363300258999793
0.12000120001200391	-0.29305991244424423
0.13000130001300425	2.1943722842937228
0.14000140001400457	0.33473421078271065
0.1500015000150049	2.555116035913647
0.16000160001600522	2.6871407853958016
0.17000170001700554	4.512992638902157
0.18000180001800586	3.3578474771626716
0.1900019000190062	5.157175261914686
0.2000020000200065	0.6514221051793443
0.21000210002100686	6.236537768045723
0.22000220002200718	4.066636973578657
0.2300023000230075	4.58633128691661
0.24000240002400783	6.889596202592604
0.2500025000250082	4.274313607643775
0.2600026000260085	5.967764290428279
0.2700027000270088	5.459779742468769
0.28000280002800915	5.71233972966373
0.29000290002900947	5.368529420385385
0.3000030000300098	5.732905539650147
0.3100031000310101	5.778787715833533
0.32000320003201044	6.752021139100436
0.33000330003301076	6.894231643007248
0.3400034000340111	6.582384206218692
0.3500035000350114	7.0642595140331625
0.36000360003601173	7.7561153589633784
0.37000370003701205	8.614386597566057
0.3800038000380124	8.354832806449519
0.3900039000390127	8.394257668661998
0.400004000040013	8.38515742547296
0.4100041000410134	8.97209605363618
0.4200042000420137	8.87148101241858
0.43000430004301404	9.350524744797783
0.44000440004401437	8.400999067208836
0.4500045000450147	9.81380309567112
0.460004600046015	9.648157299669768
0.47000470004701533	9.441377352690996
0.48000480004801566	8.9802531081052
0.490004900049016	8.775909691398969
0.5000050000500164	9.352662096319536
0.5100051000510166	9.440043551295426
0.520005200052017	9.462667212100122
0.5300053000530173	9.440393999689146
0.5400054000540176	9.332620802453006
0.5500055000550179	9.438317879710988
0.5600056000560183	9.176104124873863
0.5700057000570186	9.77297273655844
0.5800058000580189	10.19276312278967
0.5900059000590192	10.100920078235443
0.6000060000600196	11.096134023020394
0.6100061000610199	10.971636245017763
0.6200062000620202	10.900183881439725
0.6300063000630205	11.70034001511622
0.6400064000640209	12.046220240206129
0.6500065000650213	12.149032239711355
0.6600066000660215	12.317985738838159
0.6700067000670219	12.619401684887055
0.6800068000680222	13.250693586902933
0.6900069000690225	13.30755000398168
0.7000070000700228	13.499926617892966
0.7100071000710232	13.702340655637384
0.7200072000720235	13.871578321528506
0.7300073000730238	14.137727191754088
0.7400074000740241	14.335862752936617
0.7500075000750245	14.654281387686801
0.7600076000760247	15.387033469765242
0.7700077000770251	15.735286114851158
0.7800078000780254	14.955049668075082
0.7900079000790258	15.848196725925813
0.800008000080026	16.253235577764844
0.8100081000810264	16.51836172233038
0.8200082000820268	16.85456788444752
0.8300083000830271	17.790668740159557
0.8400084000840274	17.95259756161045
0.8500085000850277	18.49049840000188
0.8600086000860281	18.366629949001716
0.8700087000870284	19.045351447373154
0.8800088000880287	19.240319497970656
0.890008900089029	19.537661377814327
0.9000090000900294	20.422713121363618
0.9100091000910296	21.01766632620399
0.92000920009203	21.110209803141267
0.9300093000930303	21.489739795170426
0.9400094000940307	22.291252824084417
0.9500095000950309	22.375112148379603
0.9600096000960313	22.855274671513126
0.9700097000970317	23.3207728402961
0.980009800098032	24.07854783111656
0.9900099000990323	23.176055466157955
1.0000100001000327	24.733855160122435
1.0100101001010329	25.23603031881251
1.0200102001020332	28.86110309981405
1.0300103001030336	26.59531558613407
1.040010400104034	27.43218131292986
1.0500105001050342	28.44158392709564
1.0600106001060345	28.981507989907236
1.070010700107035	28.991819184546397
1.0800108001080353	29.115727622286826
1.0900109001090355	30.24654602581618
1.1000110001100358	20.71372688694943
1.1100111001110362	30.52925723491178
1.1200112001120366	30.916424914248587
1.130011300113037	30.89634568963379
1.1400114001140371	33.38848896539736
1.1500115001150375	33.24272797503592
1.1600116001160379	32.99647170167286
1.1700117001170383	35.57560318193104
1.1800118001180384	36.38616088121782
1.1900119001190388	36.81130114178249
1.2000120001200392	38.930418875137356
1.2100121001210395	34.62430429256308
1.2200122001220397	40.26985753895716
1.23001230012304	37.01831417173286
1.2400124001240405	41.91610698406667
1.2500125001250408	40.77369203124079
1.260012600126041	41.87283689161067
1.2700127001270414	41.642321960907466
1.2800128001280418	43.58024668425117
1.2900129001290421	42.85651400140347
1.3000130001300425	44.87409309700115
1.3100131001310427	44.57157332917689
1.320013200132043	43.408873349869545
1.3300133001330434	46.184064120080265
1.3400134001340438	47.893000910253484
1.350013500135044	47.80249068979314
1.3600136001360443	49.251393536715824
1.3700137001370447	49.6090392406743
1.380013800138045	51.29223344348463
1.3900139001390452	52.86070654695658
1.4000140001400456	53.10803226138585
1.410014100141046	44.695535837762385
1.4200142001420464	54.36550391691019
1.4300143001430465	55.51503991118484
1.440014400144047	55.302734053266015
1.4500145001450473	56.202955475643414
1.4600146001460477	58.997272138231175
1.470014700147048	61.9201836971417
1.4800148001480482	62.941734724322544
1.4900149001490486	61.98192615679739
1.500015000150049	64.12236611694065
1.5100151001510493	65.469846731716
1.5200152001520495	68.38424125504697
1.5300153001530499	67.23406426482555
1.5400154001540503	69.09470344437055
1.5500155001550506	68.5636190357033
1.5600156001560508	70.8877311305985
1.5700157001570512	76.30872562562021
1.5800158001580515	78.41776725330615
1.590015900159052	81.99918771334346
1.600016000160052	84.43498294878201
1.6100161001610525	90.85426307586675
1.6200162001620528	88.07045320480955
1.6300163001630532	99.62467330826667
1.6400164001640536	103.35035733412637
1.6500165001650537	88.10531913595962
1.6600166001660541	53.0427294714766
1.6700167001670545	38.31116204807577
1.6800168001680549	88.12632916763428
1.690016900169055	106.44678601370822
1.7000170001700554	104.09574083913289
1.7100171001710558	123.15192629006853
1.7200172001720562	72.80543997255506
1.7300173001730563	105.52894792029906
1.7400174001740567	95.9212948782659
1.750017500175057	93.062354894566
1.7600176001760575	93.77542564534845
1.7700177001770578	87.63731344990049
1.780017800178058	86.2641555284723
1.7900179001790584	86.10744336213621
1.8000180001800588	82.27786329145894
1.8100181001810591	93.19105500077843
1.8200182001820593	90.22942484161618
1.8300183001830597	91.1985623190344
1.84001840018406	92.09941236955876
1.8500185001850604	87.91246851369057
1.8600186001860606	90.33631833442163
1.870018700187061	68.50230907357225
1.8800188001880613	90.18764994342399
1.8900189001890617	92.49615506036449
1.9000190001900619	76.8263725246634
1.9100191001910622	88.69270788833823
1.9200192001920626	80.91109551946984
1.930019300193063	82.43988419768154
1.9400194001940634	73.13192670202922
1.9500195001950635	78.87420649878405
1.960019600196064	83.16869832973829
1.9700197001970643	88.25234993052668
1.9800198001980647	81.07365937221381
1.9900199001990648	118.92097911997747
2.0000200002000654	107.07747274332428
2.0100201002010656	78.4342268601105
2.0200202002020657	97.77594635759212
2.0300203002030663	85.5457706727228
2.0400204002040665	85.4851229768364
2.0500205002050667	92.30395833342573
2.0600206002060673	87.04319392956037
2.0700207002070674	80.84514352837584
2.080020800208068	78.44580653944045
2.090020900209068	92.99892917585917
2.1000210002100683	73.76682084913709
2.110021100211069	87.77862447813551
2.120021200212069	74.05344643163966
2.1300213002130697	77.91391899073312
2.14002140021407	75.0689308074186
2.15002150021507	68.78294053909462
2.1600216002160706	63.98731839579712
2.1700217002170707	59.406279817591106
2.180021800218071	58.03716215257524
2.1900219002190715	52.59647682777359
2.2000220002200717	29.88218287215664
2.2100221002210723	72.26836319893415
2.2200222002220724	56.85546682703634
2.2300223002230726	63.133018836653385
2.240022400224073	75.424394329647
2.2500225002250733	64.1119635877613
2.260022600226074	44.73426343195741
2.270022700227074	29.42678584232491
2.2800228002280742	26.29975483134109
2.290022900229075	45.08827796813271
2.300023000230075	50.36949804958382
2.310023100231075	54.20480301266303
2.3200232002320758	63.08746045544396
2.330023300233076	102.82028415547163
2.3400234002340765	66.84832932798031
2.3500235002350767	58.43849878406795
2.360023600236077	71.95465425313854
2.3700237002370774	63.41254256492646
2.3800238002380776	81.2804333222278
2.3900239002390777	49.44250256310388
2.4000240002400783	49.547053082782796
2.4100241002410785	82.7842967376174
2.420024200242079	75.56903757866183
2.4300243002430792	51.123524808071465
2.4400244002440794	64.49757247501336
2.45002450024508	67.27437129987322
2.46002460024608	72.99857319269978
2.4700247002470808	84.30545570398493
2.480024800248081	74.79166010386794
2.490024900249081	69.07208280092966
2.5000250002500817	90.876022722303
2.510025100251082	80.4223642190704
2.520025200252082	65.66970083511113
2.5300253002530826	75.0654843775997
2.5400254002540827	80.78764235054267
2.5500255002550833	71.01091581809098
2.5600256002560835	72.343942246838
2.5700257002570837	68.72543359938007
2.5800258002580843	80.91200133531117
2.5900259002590844	74.60103890050486
2.600026000260085	73.3900934701227
2.610026100261085	80.76762958786507
2.6200262002620853	71.53725193885606
2.630026300263086	43.7557419477443
2.640026400264086	29.508569983233702
2.6500265002650862	44.41688316172741
2.660026600266087	55.436418742295395
2.670026700267087	53.67164882307327
2.6800268002680876	74.21289592065835
2.6900269002690878	51.02410853670202
2.700027000270088	65.30677455463407
2.7100271002710885	60.713588055426406
2.7200272002720887	67.1774330637174
2.7300273002730893	58.73455871837528
2.7400274002740894	54.66344459942686
2.7500275002750896	63.5429848500789
2.76002760027609	59.25252308061912
2.7700277002770903	20.964711930649187
2.7800278002780905	23.514957068282826
2.790027900279091	18.689916159167872
2.8000280002800912	28.887237019711915
2.810028100281092	40.543275501087514
2.820028200282092	44.97634074299484
2.830028300283092	33.085637282179256
2.8400284002840928	9.083958512415267
2.850028500285093	30.97094705129391
2.860028600286093	30.639206161170065
2.8700287002870937	21.985652259218963
2.880028800288094	16.751891938496865
2.8900289002890944	19.8613744352665
2.9000290002900946	17.423848782263363
2.9100291002910947	3.089120427676203
2.9200292002920953	8.601853833302052
2.9300293002930955	30.946985207107193
2.940029400294096	39.27131801852145
2.9500295002950963	35.45988437519638
2.9600296002960964	8.576813458427974
2.970029700297097	39.79313195258058
2.980029800298097	38.36853797375638
2.9900299002990973	51.259716866544935
3.000030000300098	23.2209254980315
3.010030100301098	46.36372546955214
3.0200302003020987	34.116487595870055
3.030030300303099	38.4585660573365
3.040030400304099	41.66813494492936
3.0500305003050996	48.3988145959486
3.0600306003060997	22.92945180546706
3.0700307003071003	32.50342487738183
3.0800308003081005	46.95249339911744
3.0900309003091007	7.730913208186211
3.1000310003101013	19.58343220473428
3.1100311003111014	38.70745014061315
3.1200312003121016	42.76568645401409
3.130031300313102	42.434856837391145
3.1400314003141023	43.66061334985733
3.150031500315103	26.274674954644233
3.160031600316103	28.491556573698332
3.1700317003171032	32.246975168709895
3.180031800318104	65.15042078052059
3.190031900319104	30.190202772029323
3.200032000320104	59.17355308393415
3.2100321003211048	43.55164760582257
3.220032200322105	52.83462550367305
3.2300323003231055	53.488508145051576
3.2400324003241057	39.90459734872394
3.250032500325106	36.904707964059774
3.2600326003261064	49.16382104906284
3.2700327003271066	67.28394218409046
3.280032800328107	32.615591053978214
3.2900329003291073	37.6591972414723
3.3000330003301075	57.00864767158097
3.310033100331108	39.544310351689965
3.3200332003321082	35.52623488722839
3.3300333003331084	35.73877743379102
3.340033400334109	35.14791707365047
3.350033500335109	39.82367662676082
3.3600336003361098	45.41453997226302
3.37003370033711	38.24341440776703
3.38003380033811	32.51272911093435
3.3900339003391107	40.577634940606345
3.400034000340111	40.702092572914744
3.4100341003411114	27.394169324607056
3.4200342003421116	4.078846829680391
3.4300343003431117	31.11011693681956
3.4400344003441123	28.99232718167223
3.4500345003451125	25.12049733174899
3.4600346003461127	18.53933402830266
3.4700347003471133	12.604640616111235
3.4800348003481134	19.13051020984745
3.490034900349114	13.557033518085262
3.500035000350114	19.50560170731681
3.5100351003511143	30.644729287978354
3.520035200352115	31.588044104763604
3.530035300353115	24.154837815133103
3.5400354003541157	0.8141083259435651
3.550035500355116	42.10669423158719
3.560035600356116	41.018944711541046
3.5700357003571166	34.82251907659116
3.5800358003581167	34.082687470525705
3.590035900359117	37.22510017136937
3.6000360003601175	33.28702550756253
3.6100361003611177	32.89106527379583
3.6200362003621183	36.912547789553976
3.6300363003631184	31.653782595600774
3.6400364003641186	39.23184275333167
3.650036500365119	26.382292743102223
3.6600366003661193	29.159747589080077
3.6700367003671195	6.813461631366711
3.68003680036812	30.6575689742254
3.6900369003691202	36.09991867561277
3.700037000370121	39.97933196303239
3.710037100371121	50.79702026988558
3.720037200372121	54.98920438246059
3.7300373003731218	12.225068073323385
3.740037400374122	58.75143886109788
3.7500375003751225	59.24989599888765
3.7600376003761227	50.20455185791896
3.770037700377123	43.12350340170035
3.7800378003781234	51.27973839133617
3.7900379003791236	51.93180941440385
3.8000380003801237	33.39013085988072
3.8100381003811243	45.83821624635177
3.8200382003821245	-3.193262257520147
3.830038300383125	56.06124431076048
3.8400384003841253	23.18104037868789
3.8500385003851254	56.83235341797133
3.860038600386126	44.9624388277099
3.870038700387126	39.04102179657496
3.8800388003881268	25.0493542694226
3.890038900389127	49.23698118430554
3.900039000390127	38.57431708345469
3.9100391003911277	37.69469476433884
3.920039200392128	41.34940057400619
3.930039300393128	35.23997182571036
3.9400394003941286	34.71769548900289
3.9500395003951287	26.32980708052667
3.9600396003961293	30.20305385613621
3.9700397003971295	6.805713815174677
3.9800398003981297	18.116464036630568
3.9900399003991303	19.405171082507128
4.000040000400131	19.88495249224186
4.010040100401131	22.797974575898394
4.020040200402131	-10.877599032647398
4.030040300403131	11.680536254520446
4.0400404004041315	30.99544019278513
4.0500405004051325	25.99506491372039
4.060040600406133	14.949067115202165
4.070040700407133	15.93878627772594
4.080040800408133	16.786060329986878
4.090040900409133	10.487386306830219
4.100041000410133	13.344627944768874
4.110041100411134	23.490687597771288
4.1200412004121345	32.422328092925156
4.130041300413135	2.5057366495830453
4.140041400414135	19.386066787629805
4.150041500415135	23.840381265789464
4.160041600416136	29.254801502696054
4.170041700417136	22.63294906111871
4.180041800418136	34.66259889260388
4.1900419004191365	2.7735700981622635
4.200042000420137	34.95554607147147
4.210042100421138	32.36683471377768
4.220042200422138	-25.39525791594203
4.230042300423138	48.434706105497355
4.240042400424138	41.00051883067843
4.250042500425138	29.00759549853274
4.260042600426139	27.885156332810066
4.2700427004271395	19.93658495666747
4.28004280042814	24.270591682712645
4.29004290042914	6.721165723643078
4.30004300043014	24.7990979808415
4.31004310043114	37.956592322651716
4.320043200432141	33.100032694778506
4.330043300433141	21.003179335957775
4.3400434004341415	36.90902696316231
4.350043500435142	33.36638401395069
4.360043600436142	46.31415919356594
4.370043700437143	28.270555899069166
4.380043800438143	32.16740858720554
4.390043900439143	54.69726011716574
4.400044000440143	33.20447710194288
4.4100441004411435	31.12117235461813
4.4200442004421445	44.523312909290034
4.430044300443145	35.22104175998927
4.440044400444145	38.02570149491892
4.450044500445145	34.81991955658636
4.460044600446145	32.73455325611363
4.470044700447146	38.82605215968946
4.480044800448146	14.879885393200851
4.4900449004491465	15.583166689031438
4.500045000450147	23.82596300798898
4.510045100451147	43.76531747073674
4.520045200452148	18.023679973253916
4.530045300453148	14.347327979257955
4.540045400454148	25.81216968952651
4.550045500455148	9.544176124799836
4.5600456004561485	36.77801923453583
4.570045700457149	-1.2831646950173479
4.58004580045815	23.897437611295192
4.59004590045915	36.06542342700384
4.60004600046015	12.489081857401857
4.61004610046115	15.565495481329915
4.62004620046215	13.157485572812273
4.630046300463151	25.640231754557135
4.6400464004641515	23.611367395384722
4.650046500465152	19.889027610291926
4.660046600466152	16.213627823091414
4.670046700467152	16.86637410527991
4.680046800468153	16.274702990901414
4.690046900469153	15.659926350841765
4.700047000470153	21.363572201123162
4.7100471004711535	20.436817497419902
4.720047200472154	23.659418001232922
4.730047300473155	15.809598664743278
4.740047400474155	17.648670926062756
4.750047500475155	15.754817135089517
4.760047600476155	25.175508997788743
4.770047700477155	28.746329692010626
4.7800478004781555	23.113470897872084
4.7900479004791565	26.83480202136166
4.800048000480157	28.028019469304418
4.810048100481157	18.590760302441566
4.820048200482157	22.67729829963289
4.830048300483157	1.6639616424928034
4.840048400484158	34.21063401030904
4.850048500485158	23.756616055274634
4.8600486004861585	2.5708647438843575
4.870048700487159	37.08691144903401
4.880048800488159	22.18833561539008
4.89004890048916	16.106132272899494
4.90004900049016	20.166570963186906
4.91004910049116	29.849673525690413
4.92004920049216	16.949958679281075
4.9300493004931605	11.312303383244766
4.9400494004941615	42.33708911814193
4.950049500495162	37.752471174332776
4.960049600496162	8.058839647130151
4.970049700497162	26.069591581928975
4.980049800498162	7.2229039662966255
4.990049900499163	41.98523322579259
5.000050000500163	22.346415293192628
5.0100501005011635	30.125340580168736
5.020050200502164	40.17794508971509
5.030050300503164	37.43864089517602
5.040050400504164	34.459542077925114
5.050050500505165	16.924047500859242
5.060050600506165	19.029850826703292
5.070050700507165	16.750741726933676
5.0800508005081655	30.497025498177667
5.090050900509166	37.31433741337869
5.100051000510167	30.77741002649238
5.110051100511167	35.87806956265774
5.120051200512167	9.257223593736635
5.130051300513167	30.640174547624646
5.140051400514167	29.104063511324764
5.150051500515168	-4.599414454104694
5.1600516005161685	3.8026355878273006
5.170051700517169	18.401010331016355
5.180051800518169	31.484798635397265
5.190051900519169	11.94290672121452
5.20005200052017	17.578371985050616
5.21005210052117	1.0058477382749471
5.22005220052217	22.476741664199896
5.2300523005231705	19.83851003481405
5.240052400524171	17.117935678593525
5.250052500525171	19.387724476602276
5.260052600526172	16.937295418738657
5.270052700527172	16.868907619515234
5.280052800528172	15.795233821945674
5.290052900529172	1.5452626189230887
5.3000530005301725	15.347272092741383
5.3100531005311735	9.214531764342064
5.320053200532174	23.521075014889895
5.330053300533174	25.818058965538174
5.340053400534174	20.977535798945013
5.350053500535174	28.59180847028182
5.360053600536175	9.7258375277334
5.370053700537175	21.575508296463692
5.3800538005381755	18.246318050745998
5.390053900539176	29.684158994537796
5.400054000540176	30.53674178443891
5.410054100541177	33.81371484512713
5.420054200542177	33.3763452749586
5.430054300543177	26.64107194324526
5.440054400544177	23.098974753453337
5.4500545005451775	31.363284334347085
5.4600546005461785	43.75620716280058
5.470054700547179	23.457535498520965
5.480054800548179	28.1754009252558
5.490054900549179	17.225884207887205
5.500055000550179	34.15452690479718
5.510055100551179	20.196144302186674
5.52005520055218	38.945177904053395
5.5300553005531805	24.376005358600157
5.540055400554181	16.141635377951378
5.550055500555181	13.740696873721802
5.560055600556181	23.978022006764963
5.570055700557182	19.15909325356632
5.580055800558182	27.910689369163972
5.590055900559182	39.90873749658327
5.6000560005601825	23.648240362968327
5.610056100561183	43.85705527120991
5.620056200562184	29.548823431336128
5.630056300563184	31.223204695335387
5.640056400564184	43.45640193409955
5.650056500565184	6.042239416244144
5.660056600566184	38.95605609879226
5.670056700567185	26.543854892557878
5.6800568005681855	33.88860210965569
5.690056900569186	26.204662569921076
5.700057000570186	16.349202749016268
5.710057100571186	25.871722238141448
5.720057200572186	37.64606458335025
5.730057300573187	24.143475426752254
5.740057400574187	23.427181746290977
5.7500575005751875	28.91218078733428
5.760057600576188	23.02198391214358
5.770057700577188	8.7758600319095
5.780057800578189	10.312468221954425
5.790057900579189	22.16414538145417
5.800058000580189	27.250429510786006
5.810058100581189	9.320190445997811
5.8200582005821895	-0.817532747409929
5.8300583005831905	14.869822593357275
5.840058400584191	18.8940078202634
5.850058500585191	16.508697367154337
5.860058600586191	15.850220530719135
5.870058700587191	17.120102801963768
5.880058800588192	19.359423319850002
5.890058900589192	19.514190869617657
5.9000590005901925	16.287463987526795
5.910059100591193	4.883456610885027
5.920059200592193	27.195195707601354
5.930059300593194	5.985265885957887
5.940059400594194	6.6677826350568
5.950059500595194	28.98552938697933
5.960059600596194	34.848495285944395
5.9700597005971945	8.31179466616367
5.980059800598195	18.234003273057457
5.990059900599196	31.330336870043116
6.000060000600196	13.87269141761636
6.010060100601196	29.18931852337355
6.020060200602196	27.77772708753165
6.030060300603196	36.94110998765631
6.040060400604197	8.89502875207553
6.0500605006051975	28.949531053224923
6.060060600606198	32.50643877863973
6.070060700607198	39.9288066253663
6.080060800608198	3.4138243815123834
6.090060900609199	-10.596328150680641
6.100061000610199	22.334731338569345
6.110061100611199	35.73337973105338
6.1200612006121995	23.24688851556638
6.1300613006132	18.70048877415621
6.140061400614201	38.382093462838704
6.150061500615201	15.784036438851787
6.160061600616201	36.65103711904143
6.170061700617201	25.110858221014386
6.180061800618201	27.029507781249528
6.1900619006192015	37.633328243358406
6.2000620006202025	27.5914927726545
6.210062100621203	20.513885902062654
6.220062200622203	43.235159270842225
6.230062300623203	8.938125385732606
6.240062400624203	10.66322675119518
6.250062500625204	27.03371808655647
6.260062600626204	17.539021060472948
6.2700627006272045	23.82976737037455
6.280062800628205	34.49676962755546
6.290062900629205	37.362222133621344
6.300063000630206	10.25247912490756
6.310063100631206	6.911531080221621
6.320063200632206	17.627525780951522
6.330063300633206	28.236654470960694
6.3400634006342065	29.89077137511765
6.3500635006352075	31.46596913725284
6.360063600636208	18.383155480840514
6.370063700637208	23.339007384529477
6.380063800638208	7.013972494472843
6.390063900639208	2.0287667772275695
6.400064000640208	18.81564923668274
6.410064100641209	16.333688327953716
6.4200642006422095	9.554885969696507
6.43006430064321	15.75138848270293
6.44006440064421	14.6730358922317
6.45006450064521	15.009379921828813
6.460064600646211	13.287047274591764
6.470064700647211	13.44139486176876
6.480064800648211	20.224686416887113
6.4900649006492115	13.17078153288485
6.500065000650212	2.551312155747006
6.510065100651213	27.471642591916126
6.520065200652213	13.146271918349823
6.530065300653213	23.575195902129064
6.540065400654213	26.56774893678337
6.550065500655213	28.064335598925265
6.560065600656214	23.147463088014515
6.5700657006572145	8.972856338991647
6.580065800658215	5.1458447680650306
6.590065900659215	18.939532631413385
6.600066000660215	35.787838338969834
6.610066100661216	31.97695056742182
6.620066200662216	21.124671930491395
6.630066300663216	15.800291997068594
6.6400664006642165	29.64109341281444
6.650066500665217	-9.296457593767718
6.660066600666217	30.995742074718887
6.670066700667218	20.104303446826815
6.680066800668218	41.28803877263144
6.690066900669218	28.09365266988709
6.700067000670218	29.486283055422188
6.7100671006712185	2.3112521607566325
6.7200672006722195	30.616928279728185
6.73006730067322	14.439813926648709
6.74006740067422	29.799950275570783
6.75006750067522	0.5478818737215488
6.76006760067622	35.90615487588053
6.770067700677221	41.40420356233889
6.780067800678221	32.24197865625025
6.7900679006792215	43.50438711275647
6.800068000680222	13.731128116639873
6.810068100681222	30.946550925817295
6.820068200682223	12.993582541975172
6.830068300683223	22.75281115611841
6.840068400684223	32.103424122737394
6.850068500685223	19.085594707138906
6.8600686006862235	13.306236532022679
6.870068700687224	19.008825009608422
6.880068800688225	20.490079499730005
6.890068900689225	4.407040590698527
6.900069000690225	14.26558549147167
6.910069100691225	41.841075833955585
6.920069200692225	23.198152267748778
6.930069300693226	23.897791723995276
6.9400694006942265	18.475631185350657
6.950069500695227	16.862490890251124
6.960069600696227	12.56085079234224
6.970069700697227	23.179217943040673
6.980069800698228	13.413910082317587
6.990069900699228	15.952961764040616
7.000070000700228	16.914223623946786
7.0100701007012285	17.515655833605418
7.020070200702229	14.955625783886259
7.03007030070323	17.177403530204657
7.04007040070423	15.995050811111833
7.05007050070523	16.2842641315521
7.06007060070623	24.245724846463492
7.07007070070723	12.03519844818881
7.080070800708231	25.5412328088609
7.0900709007092315	8.01894746661127
7.100071000710232	4.264843856801242
7.110071100711232	-10.33136631237263
7.120071200712232	12.207454359852985
7.130071300713232	8.967162229129348
7.140071400714233	10.431936897924741
7.150071500715233	21.8109857885517
7.1600716007162335	23.095819328885565
7.170071700717234	22.06613463379313
7.180071800718234	18.859913461469024
7.190071900719235	34.433638073272654
7.200072000720235	23.971916516368385
7.210072100721235	36.90867157824304
7.220072200722235	24.140247083414543
7.2300723007232355	39.58989225885448
7.2400724007242365	18.46778994956357
7.250072500725237	25.67234227855572
7.260072600726237	12.567955089031415
7.270072700727237	31.888746740086177
7.280072800728237	6.642403564699336
7.290072900729238	25.90495253739776
7.300073000730238	-4.225127077315804
7.3100731007312385	16.61809624245663
7.320073200732239	41.6108361951908
7.330073300733239	18.2822623418683
7.340073400734239	30.74663971921974
7.35007350073524	35.223274594548734
7.36007360073624	46.80721242813783
7.37007370073724	9.815395603219379
7.3800738007382405	22.734635303802303
7.390073900739241	31.86682114419815
7.400074000740242	39.75856396145352
7.410074100741242	33.25441667317757
7.420074200742242	12.521666479650605
7.430074300743242	24.947440224361323
7.440074400744242	22.84421840580887
7.450074500745243	16.306504771420936
7.4600746007462435	31.088611234245718
7.470074700747244	13.226721672670008
7.480074800748244	25.623563469839002
7.490074900749244	27.396226179640845
7.500075000750245	27.754828453397746
7.510075100751245	25.21779658438078
7.520075200752245	1.0687453388357473
7.5300753007532455	0.5093396006075751
7.540075400754246	18.99416103868427
7.550075500755247	4.737777344184572
7.560075600756247	29.94199693031193
7.570075700757247	9.144911056739206
7.580075800758247	17.28479765609002
7.590075900759247	20.73355196594075
7.6000760007602475	14.14870974455037
7.6100761007612485	18.93274145341837
7.620076200762249	17.138673758041648
7.630076300763249	16.08293675891249
7.640076400764249	15.8575311281264
7.650076500765249	15.254322499810248
7.66007660076625	21.34869466830964
7.67007670076725	20.187116741206886
7.6800768007682505	8.424314935767267
7.690076900769251	23.560670191023878
7.700077000770251	4.992537536084665
7.710077100771252	6.058820464365969
7.720077200772252	21.12549079582564
7.730077300773252	22.931028723418272
7.740077400774252	25.81604550444166
7.7500775007752525	29.868186251473862
7.7600776007762535	32.22799477844463
7.770077700777254	33.55049469211055
7.780077800778254	-8.203311017633009
7.790077900779254	6.691876694288074
7.800078000780254	32.34776227096172
7.810078100781254	24.121878146055302
7.820078200782255	28.8264173127823
7.8300783007832555	12.443567979804726
7.840078400784256	13.937417638553981
7.850078500785256	21.268881599480174
7.860078600786256	6.952377760562225
7.870078700787257	16.336845405596613
7.880078800788257	27.34308451902568
7.890078900789257	28.570454512194893
7.9000790007902575	14.221532874863804
7.910079100791258	37.126182993083575
7.920079200792259	34.639369953677175
7.930079300793259	12.97239231207069
7.940079400794259	24.631658055268378
7.950079500795259	24.091273364880962
7.960079600796259	-15.433749384495913
7.97007970079726	26.5257856700854
7.9800798007982605	39.48095671889576
7.990079900799261	17.90727159392198
8.000080000800262	38.552794923329216
8.010080100801261	24.867007599638168
8.020080200802262	-4.4376279501994365
8.030080300803261	17.23265600432874
8.040080400804262	20.828625178149306
8.050080500805263	38.841578566743976
8.060080600806263	30.119044379808372
8.070080700807264	34.65916213104493
8.080080800808263	27.05775649864168
8.090080900809264	14.470729402274019
8.100081000810265	19.587090667995227
8.110081100811264	11.438350731666022
8.120081200812265	14.161116410674436
8.130081300813265	24.11506545500604
8.140081400814266	12.95146140191284
8.150081500815265	23.69919151262013
8.160081600816266	19.17632258978487
8.170081700817267	25.201061434714767
8.180081800818266	8.308830961491577
8.190081900819267	15.077721074825934
8.200082000820267	20.03634010931199
8.210082100821268	12.780982806006735
8.220082200822269	14.69091409025111
8.230082300823268	11.25411128236272
8.240082400824269	18.825920064823553
8.250082500825268	7.432642641133746
8.26008260082627	10.10389859173673
8.27008270082727	21.188605266337603
8.28008280082827	7.2507311453253935
8.29008290082927	18.433239968224754
8.30008300083027	13.736264805475058
8.310083100831271	11.17035207739964
8.320083200832272	17.817089273364292
8.330083300833271	37.441606846121545
8.340083400834272	25.59273844266215
8.350083500835272	30.75850008042924
8.360083600836273	-0.37472379162814917
8.370083700837274	22.805961960167664
8.380083800838273	29.467067276349866
8.390083900839274	27.29841972364772
8.400084000840273	27.75060873427227
8.410084100841274	29.835037446376678
8.420084200842275	37.70272126627327
8.430084300843275	20.478591668797005
8.440084400844276	36.11835852234387
8.450084500845275	40.690298550215616
8.460084600846276	38.5457354027436
8.470084700847277	5.592504619134453
8.480084800848276	27.34834600662643
8.490084900849277	2.6080584091136023
8.500085000850277	28.31749125269078
8.510085100851278	9.878922163376854
8.520085200852279	32.91339770391005
8.530085300853278	23.742082608779917
8.540085400854279	31.102513352875576
8.550085500855278	16.405083450925666
8.56008560085628	35.99131320551128
8.57008570085728	23.603286272950758
8.58008580085828	9.116988627110773
8.59008590085928	14.809237689662675
8.60008600086028	11.140590275825264
8.610086100861281	-2.6206200453494852
8.62008620086228	3.0219220155510835
8.630086300863281	32.435826692405115
8.640086400864282	31.365870899038395
8.650086500865282	22.00350254299206
8.660086600866283	33.64164123131383
8.670086700867282	36.0299858989612
8.680086800868283	14.4118186928204
8.690086900869284	15.85613876635626
8.700087000870283	-6.089448068708479
8.710087100871284	21.16175808350788
8.720087200872284	21.915567783131266
8.730087300873285	-5.9013923001241
8.740087400874286	21.371382865717116
8.750087500875285	-2.8395177288066966
8.760087600876286	15.128085698934177
8.770087700877285	17.802279683737023
8.780087800878286	13.599021371383966
8.790087900879287	19.777319157990068
8.800088000880287	16.93830323795067
8.810088100881288	16.356176691931555
8.820088200882287	14.917432213865178
8.830088300883288	19.0499979701488
8.840088400884289	16.00831131618672
8.850088500885288	11.699564788135017
8.86008860088629	18.86795006370634
8.870088700887289	7.2222088532268724
8.88008880088829	0.8942806809147222
8.89008890088929	14.492447487756252
8.90008900089029	24.16962606898308
8.910089100891291	-12.79669803990837
8.92008920089229	15.870649563753055
8.930089300893291	21.25585823280281
8.940089400894292	31.489260951966912
8.950089500895292	33.07821969815797
8.960089600896293	27.293195845321264
8.970089700897292	11.27853958929274
8.980089800898293	-27.483994380976416
8.990089900899294	10.624929596365288
9.000090000900293	27.847178343557502
9.010090100901294	33.4766104636869
9.020090200902294	21.280714931491858
9.030090300903295	19.398611588508295
9.040090400904296	15.955398677847343
9.050090500905295	22.579072190958133
9.060090600906296	17.555415120657845
9.070090700907295	32.27277251838998
9.080090800908296	4.962988687140039
9.090090900909296	37.722872950265966
9.100091000910297	20.096630633285425
9.110091100911298	25.677240270186466
9.120091200912297	27.128652716755095
9.130091300913298	31.12635381909727
9.140091400914297	33.57433647354169
9.150091500915298	43.65815070783134
9.1600916009163	20.492268717905954
9.170091700917299	9.870671127869922
9.1800918009183	41.23201579142444
9.190091900919299	12.19127946937625
9.2000920009203	18.876002247351966
9.210092100921301	30.984994408036293
9.2200922009223	14.757054819967527
9.230092300923301	17.854841831464586
9.2400924009243	35.7415065346848
9.250092500925302	33.64483878695056
9.260092600926303	20.885064288620846
9.270092700927302	28.115937569356984
9.280092800928303	19.246045064001816
9.290092900929302	14.054100308056936
9.300093000930303	20.314952683163543
9.310093100931304	15.22849353315749
9.320093200932304	-3.1736392759536893
9.330093300933305	4.458198209836278
9.340093400934304	20.59361229529216
9.350093500935305	24.432816267390447
9.360093600936306	9.549055084881942
9.370093700937305	17.89069531809288
9.380093800938306	11.85817877874038
9.390093900939306	13.361687893829043
9.400094000940307	14.15298204970273
9.410094100941308	14.441895374595793
9.420094200942307	14.030959591734852
9.430094300943308	13.911320172577698
9.440094400944307	17.853588955892384
9.450094500945308	10.810218778151977
9.46009460094631	25.180520754335657
9.470094700947309	12.512816539240177
9.48009480094831	19.53885889589069
9.490094900949309	0.3667664102946028
9.50009500095031	24.48681524858403
9.510095100951311	30.584684139712177
9.52009520095231	-17.110153744603696
9.530095300953311	18.910736661869837
9.54009540095431	30.07609496861
9.550095500955312	33.7214851175073
9.560095600956311	21.75582151452223
9.570095700957312	23.488039838279228
9.580095800958313	13.600156680169677
9.590095900959312	12.758035996346967
9.600096000960313	5.958514237234196
9.610096100961313	33.87311611377507
9.620096200962314	35.22606664379305
9.630096300963315	30.568083865682194
9.640096400964314	34.82184010706958
9.650096500965315	33.37035216516929
9.660096600966314	25.57751106612484
9.670096700967315	6.117421330957899
9.680096800968316	31.421571054751713
9.690096900969316	36.54919062823274
9.700097000970317	38.678478964922675
9.710097100971316	41.294943676735755
9.720097200972317	9.860644820339319
9.730097300973318	-5.775577544006938
9.740097400974317	17.534975168616835
9.750097500975318	36.00364603536562
9.760097600976318	18.872518827786017
9.770097700977319	7.000490633868118
9.78009780097832	21.712541813636673
9.790097900979319	0.26585986303595044
9.80009800098032	7.782369960039089
9.81009810098132	31.51139420562085
9.82009820098232	24.755840111872548
9.830098300983321	31.69524106719819
9.84009840098432	34.41083812000203
9.850098500985322	-3.555390668920164
9.860098600986321	31.01203897371196
9.870098700987322	23.020173037014484
9.880098800988323	5.729575989667235
9.890098900989322	17.049331411243696
9.900099000990323	17.5015693525189
9.910099100991323	15.484422682215722
9.920099200992324	10.827489195234293
9.930099300993325	24.217858436675385
9.940099400994324	17.56374792684339
9.950099500995325	17.084727964655283
9.960099600996324	21.415211649644927
9.970099700997325	17.681918159353906
9.980099800998326	16.114667899916675
9.990099900999326	16.86871348547144
10.000100001000327	17.734087710876576
10.010100101001326	10.873508311582775
10.020100201002327	20.52147566145251
10.030100301003326	23.6653416841637
10.040100401004327	19.456620996737758
10.050100501005328	24.664800459943052
10.060100601006328	24.935055385225933
10.070100701007329	26.453896080923705
10.080100801008328	6.905091667523298
10.090100901009329	8.720548630278978
10.10010100101033	10.071533210446026
10.11010110101133	26.52104127376799
10.12010120101233	27.18914593188763
10.13010130101333	21.73112195489141
10.14010140101433	37.95881448353654
10.150101501015332	6.327335412935495
10.160101601016331	-12.937677661911891
10.170101701017332	19.155933578516063
10.180101801018331	35.285121776765685
10.190101901019332	29.692370407052955
10.200102001020333	20.667998662028317
10.210102101021333	10.074009082955124
10.220102201022334	28.141662574926492
10.230102301023333	30.80149413736147
10.240102401024334	39.27625947965073
10.250102501025335	13.056439733756559
10.260102601026334	34.155573366852416
10.270102701027335	30.710048749902395
10.280102801028335	31.088326397858545
10.290102901029336	26.66846997540166
10.300103001030337	16.48102446053104
10.310103101031336	17.782180557770744
10.320103201032337	27.120563256259064
10.330103301033336	29.589189280034613
10.340103401034337	29.692003103859125
10.350103501035338	31.28118083598196
10.360103601036338	26.49477889341521
10.370103701037339	27.230502765656496
10.380103801038338	12.713522125733649
10.390103901039339	4.024822235103371
10.40010400104034	9.295688264890861
10.41010410104134	3.4155512442491323
10.42010420104234	33.96452784657299
10.43010430104334	10.060958093433959
10.44010440104434	32.11940719655426
10.450104501045342	7.892638708617092
10.460104601046341	18.974854543746808
10.470104701047342	14.901558517660465
10.480104801048341	18.731012092371188
10.490104901049342	29.38821677973513
10.500105001050342	20.970293001599458
10.510105101051343	27.005527584881648
10.520105201052344	8.975314148341367
10.530105301053343	17.443395265810327
10.540105401054344	18.361880430910244
10.550105501055343	23.52602028888075
10.560105601056344	14.194354442871843
10.570105701057345	18.02488357921551
10.580105801058345	14.94701386627187
10.590105901059346	16.877348776512534
10.600106001060345	18.20974893413992
10.610106101061346	11.916116505424245
10.620106201062347	18.427377263284786
10.630106301063346	13.32117545899311
10.640106401064347	16.682190871081126
10.650106501065347	1.6955536373778182
10.660106601066348	20.630422516981607
10.670106701067349	-35.08160782025663
10.680106801068348	-3.1302050332752454
10.690106901069349	19.737625133838904
10.700107001070348	26.857507465281095
10.71010710107135	26.892976777473024
10.72010720107235	-22.53418640283694
10.73010730107335	24.192201082813526
10.74010740107435	21.815663203866475
10.75010750107535	24.64329141531626
10.760107601076351	28.10364071881596
10.770107701077352	25.989932531009362
10.780107801078351	14.634693733388431
10.790107901079352	25.14588167775996
10.800108001080352	28.699873158705454
10.810108101081353	23.834721193697835
10.820108201082354	37.686631602718286
10.830108301083353	39.340708099699164
10.840108401084354	36.315645759924756
10.850108501085353	25.592424093848418
10.860108601086354	12.759107231832836
10.870108701087355	7.507778192545029
10.880108801088355	32.45396164889696
10.890108901089356	19.62801953546341
10.900109001090355	32.01616394770036
10.910109101091356	15.523992304423553
10.920109201092357	5.529720606492378
10.930109301093356	26.445131153385468
10.940109401094357	36.05545146879033
10.950109501095357	20.34548218690665
10.960109601096358	1.7606560619589626
10.970109701097357	19.15668705707724
10.980109801098358	31.37369423728715
10.990109901099359	13.738812671367954
11.000110001100358	16.302622850488493
11.01011010110136	30.430116293910714
11.020110201102359	14.71562681204113
11.03011030110336	17.160183941665494
11.04011040110436	-2.6950505509238982
11.05011050110536	18.682274726019326
11.060110601106361	0.779707444313858
11.07011070110736	9.056211346319927
11.080110801108361	4.353078222693696
11.090110901109362	26.022259320207787
11.100111001110362	30.00145186859218
11.110111101111363	13.902963086212921
11.120111201112362	22.003669297153333
11.130111301113363	12.166984799952568
11.140111401114364	11.760203865353922
11.150111501115363	13.71131079616604
11.160111601116364	12.534573242615725
11.170111701117364	13.712121469430906
11.180111801118365	13.77268067173636
11.190111901119366	9.690030217824997
11.200112001120365	11.7733724601426
11.210112101121366	20.522749228267102
11.220112201122365	26.680969182834765
11.230112301123366	20.46047464028929
11.240112401124367	8.241839938440338
11.250112501125367	8.521162692292556
11.260112601126368	22.046216250575952
11.270112701127367	12.553958263982729
11.280112801128368	19.37868827904644
11.290112901129369	37.53396186288998
11.300113001130368	15.353657224466504
11.31011310113137	33.63232983260497
11.320113201132369	14.1080163845184
11.33011330113337	37.60713929725306
11.34011340113437	38.14386056115411
11.35011350113537	11.853331031667288
11.360113601136371	35.22336533332023
11.37011370113737	5.719145948066397
11.380113801138371	25.775172252196136
11.390113901139372	15.610282646073806
11.400114001140372	28.214351461547068
11.410114101141373	6.884778363606596
11.420114201142372	28.654318197014522
11.430114301143373	-14.880066015945445
11.440114401144372	31.417717096589115
11.450114501145373	30.613176939528955
11.460114601146374	33.16005568773034
11.470114701147374	31.42050475884286
11.480114801148375	21.638461283333445
11.490114901149374	18.03553861676233
11.500115001150375	27.19811972108368
11.510115101151376	37.42474882211176
11.520115201152375	29.856555744808265
11.530115301153376	27.654062063507226
11.540115401154376	13.528870010930275
11.550115501155377	1.8129983334709374
11.560115601156378	24.681714461629547
11.570115701157377	33.18332942234798
11.580115801158378	-2.4417188030859758
11.590115901159377	33.190296915622255
11.600116001160378	14.617603931587325
11.61011610116138	2.7791089376810114
11.620116201162379	23.64946563216082
11.63011630116338	17.534010371378642
11.640116401164379	11.878651776094559
11.65011650116538	25.71754133564497
11.660116601166381	22.82460853722335
11.67011670116738	18.94303395822166
11.680116801168381	26.3306845293713
11.69011690116938	19.392470094954565
11.700117001170382	21.22582580512718
11.710117101171383	19.647705394824992
11.720117201172382	23.539453184215937
11.730117301173383	20.792376372316525
11.740117401174382	12.09266890742243
11.750117501175383	16.439686807141765
11.760117601176384	16.345223631267764
11.770117701177384	18.384909432479937
11.780117801178385	16.61748679527974
11.790117901179384	17.293642951618807
11.800118001180385	4.8243183394779825
11.810118101181386	14.065036964471995
11.820118201182385	22.467318645976857
11.830118301183386	8.599984382037231
11.840118401184386	11.718807428069072
11.850118501185387	22.959163139990668
11.860118601186388	30.439078446084213
11.870118701187387	21.39083238139894
11.880118801188388	2.891761482437364
11.890118901189387	32.71314810308426
11.900119001190388	-3.289102528309199
11.910119101191388	27.460587814615415
11.920119201192389	18.288362954429463
11.93011930119339	36.7461607582438
11.940119401194389	-0.34153808499113597
11.95011950119539	25.57964820912925
11.96011960119639	31.734253966412453
11.97011970119739	24.494880814131992
11.980119801198391	31.56373184205197
11.99011990119939	40.10300043774644
12.000120001200392	21.45459395765717
12.010120101201391	10.61426276432363
12.020120201202392	31.849441311840405
12.030120301203393	20.869523574626268
12.040120401204392	24.998319202896887
12.050120501205393	30.010791856176574
12.060120601206393	36.06520106259541
12.070120701207394	-2.261597374436089
12.080120801208395	18.895569991085747
12.090120901209394	28.33997389968804
12.100121001210395	41.95995708267943
12.110121101211394	3.745006173760213
12.120121201212395	31.617800913041023
12.130121301213396	39.63502440492507
12.140121401214396	10.562000816147101
12.150121501215397	23.368033619233533
12.160121601216396	20.20409855894107
12.170121701217397	18.776033925302166
12.180121801218398	35.06682760120919
12.190121901219397	24.94638637461901
12.200122001220398	24.561837025841484
12.210122101221398	17.714487643433337
12.220122201222399	7.524241250407426
12.2301223012234	3.9191442662644085
12.240122401224399	20.975633599545798
12.2501225012254	24.19696061679256
12.2601226012264	20.190283907114573
12.2701227012274	19.607073979582175
12.280122801228401	21.50998581236264
12.2901229012294	31.16631156177069
12.300123001230402	11.517820982957172
12.310123101231401	14.781692040503442
12.320123201232402	10.74673905713357
12.330123301233403	12.691023125549656
12.340123401234402	15.34871539738449
12.350123501235403	15.281867260747267
12.360123601236403	15.674609487441492
12.370123701237404	18.613049686500975
12.380123801238403	17.86242388875251
12.390123901239404	5.241641316302758
12.400124001240405	24.774222843795318
12.410124101241404	14.957054746921536
12.420124201242405	15.528051177877419
12.430124301243405	29.14488354047225
12.440124401244406	9.255797473639351
12.450124501245407	30.70417821316526
12.460124601246406	13.970628248483877
12.470124701247407	22.492489430539944
12.480124801248406	10.6835291071316
12.490124901249407	3.8947527839433627
12.500125001250408	10.489819327593565
12.510125101251408	13.466066460304713
12.520125201252409	32.17137613955258
12.530125301253408	2.8647907138549193
12.540125401254409	36.625522939888185
12.55012550125541	14.376205808186796
12.56012560125641	26.645705474876173
12.57012570125741	17.66507372815076
12.58012580125841	23.18661365381526
12.59012590125941	24.47460940891623
12.600126001260412	15.41826384380876
12.610126101261411	45.783325719180816
12.620126201262412	39.96615632660074
12.630126301263411	27.661094824724803
12.640126401264412	14.175055494908607
12.650126501265413	38.26929359108951
12.660126601266413	32.38242476570197
12.670126701267414	15.339382785205355
12.680126801268413	24.419997933006595
12.690126901269414	30.240325814648838
12.700127001270415	22.42446084222403
12.710127101271414	43.52903390397404
12.720127201272415	11.437407321758135
12.730127301273415	24.754024256709698
12.740127401274416	45.83640837676031
12.750127501275417	28.166012232509292
12.760127601276416	30.426657026712007
12.770127701277417	27.727096779921727
12.780127801278416	11.59380767110931
12.790127901279417	-1.2588091335446985
12.800128001280417	10.994302292349905
12.810128101281418	37.322969399033504
12.820128201282419	18.075315614963166
12.830128301283418	13.888465989001276
12.840128401284419	12.375246288186958
12.850128501285418	26.89688289038914
12.86012860128642	9.550635035949313
12.87012870128742	28.01119190140756
12.88012880128842	9.684123585000494
12.89012890128942	18.658402679360222
12.90012900129042	19.258098038017422
12.910129101291421	13.042035928588742
12.920129201292422	9.531187857454253
12.930129301293421	16.186906438208315
12.940129401294422	15.571703783358432
12.950129501295422	16.984465041977657
12.960129601296423	17.595258702061066
12.970129701297424	15.145698755922302
12.980129801298423	14.44260438314819
12.990129901299424	19.548052281601983
13.000130001300423	11.991337937187179
13.010130101301424	29.984693215741167
13.020130201302425	-4.178046552098421
13.030130301303425	18.784865006529817
13.040130401304426	14.882807433021165
13.050130501305425	19.836223728761787
13.060130601306426	27.74936674560937
13.070130701307427	23.18210315373384
13.080130801308426	17.340549788420955
13.090130901309427	14.40000877255244
13.100131001310427	28.0241055096104
13.110131101311428	-17.272895873001826
13.120131201312429	19.533789133425095
13.130131301313428	40.23958439672055
13.140131401314429	13.529619823514969
13.150131501315428	23.033890590875952
13.16013160131643	20.47875484094376
13.17013170131743	31.687403250173777
13.18013180131843	-5.620397752367299
13.19013190131943	29.113171392581634
13.20013200132043	-19.405968030969195
13.210132101321431	36.48385785852377
13.220132201322432	41.01656085525997
13.230132301323431	21.03343090339215
13.240132401324432	28.779490221137912
13.250132501325432	10.11966965099434
13.260132601326433	34.80026581566643
13.270132701327432	33.1154978190322
13.280132801328433	19.977611722022303
13.290132901329434	18.78978948451377
13.300133001330433	31.83318962249232
13.310133101331434	16.06391935919704
13.320133201332434	34.58659977777103
13.330133301333435	20.945434221035875
13.340133401334436	29.910213784791523
13.350133501335435	29.398094320256504
13.360133601336436	27.0977087849746
13.370133701337435	8.92433100066875
13.380133801338436	7.585250935156416
13.390133901339437	22.96346820352054
13.400134001340437	22.37793187183489
13.410134101341438	2.1371950172282257
13.420134201342437	27.396937203312905
13.430134301343438	7.812080566963199
13.440134401344439	16.921271218236356
13.450134501345438	22.98147921007772
13.46013460134644	20.84511925037438
13.470134701347439	16.65997537610993
13.48013480134844	3.705661422549012
13.49013490134944	18.27727531412743
13.50013500135044	15.818631593431098
13.510135101351441	15.139965963396913
13.52013520135244	16.225181912708596
13.530135301353441	15.6264755531529
13.540135401354442	16.690349437602027
13.550135501355442	15.298556927684063
13.560135601356443	20.533521681801446
13.570135701357442	21.81758990280083
13.580135801358443	11.887743815127385
13.590135901359444	7.946506081969998
13.600136001360443	9.061835097030652
13.610136101361444	16.060290635395624
13.620136201362444	3.730690179970813
13.630136301363445	24.33483343046853
13.640136401364446	13.67058757991844
13.650136501365445	22.501130771747686
13.660136601366446	17.357707637352885
13.670136701367445	-2.7045282660977046
13.680136801368446	25.66220113536235
13.690136901369447	20.293227768126425
13.700137001370447	32.49493400122407
13.710137101371448	-3.149842831623071
13.720137201372447	34.45727648355927
13.730137301373448	25.550630932437524
13.740137401374447	28.12679877865257
13.750137501375448	36.00606142104518
13.76013760137645	9.278652890463162
13.770137701377449	23.139773299954747
13.78013780137845	35.65794761538206
13.790137901379449	34.98805629368744
13.80013800138045	18.447923064580984
13.810138101381451	31.526251155908113
13.82013820138245	33.31569657815767
13.830138301383451	22.680903670785444
13.84013840138445	1.3716521781560116
13.850138501385452	22.417115636619556
13.860138601386453	26.991876536918216
13.870138701387452	32.68738530245214
13.880138801388453	19.594519202096123
13.890138901389452	33.50866412710478
13.900139001390453	25.853884795328867
13.910139101391454	23.49399914700323
13.920139201392454	40.53771865196434
13.930139301393455	11.090015628065933
13.940139401394454	35.65565570827651
13.950139501395455	26.268560174892425
13.960139601396456	21.184930891124488
13.970139701397455	21.972409555298434
13.980139801398456	23.54015479765149
13.990139901399456	19.5772967379085
14.000140001400457	36.164201772427184
14.010140101401458	2.1002651416077684
14.020140201402457	29.30237293629981
14.030140301403458	20.270442061879272
14.040140401404457	26.35084826943281
14.050140501405458	12.989713707846876
14.06014060140646	22.128666012727788
14.070140701407459	17.787088025789366
14.08014080140846	21.74776597687293
14.090140901409459	16.158827956059667
14.10014100141046	14.200600774216973
14.110141101411461	15.448130617073945
14.12014120141246	15.878753469303849
14.130141301413461	16.72883513400662
14.14014140141446	16.600118878873
14.150141501415462	15.059265311593174
14.160141601416463	18.95586625037794
14.170141701417462	-4.769779636424353
14.180141801418463	14.156837883629095
14.190141901419462	7.788154904965252
14.200142001420463	29.066433146152423
14.210142101421463	26.738618344667845
14.220142201422464	35.14303110780524
14.230142301423465	19.70314261111339
14.240142401424464	34.15426558082145
14.250142501425465	32.2559496299889
14.260142601426464	-5.791910124798077
14.270142701427465	19.659989729169137
14.280142801428466	13.53797814238533
14.290142901429466	21.792561520939664
14.300143001430467	-12.257764993137442
14.310143101431466	12.898358284441283
14.320143201432467	28.082913430920648
14.330143301433468	30.671987421503747
14.340143401434467	29.76804923420367
14.350143501435468	24.451546807676028
14.360143601436468	32.190105916767145
14.370143701437469	10.160367826899591
14.38014380143847	-0.7960001362929606
14.390143901439469	38.34835951942907
14.40014400144047	34.93148140167535
14.41014410144147	17.47291396166751
14.42014420144247	6.99694056840819
14.430144301443471	8.227519160604771
14.44014440144447	14.21320803566366
14.450144501445472	42.25806839987746
14.460144601446471	11.649784504150531
14.470144701447472	24.669486681450003
14.480144801448473	21.49821327448644
14.490144901449472	17.611428526667474
14.500145001450473	29.415863763078846
14.510145101451473	4.537228061959507
14.520145201452474	32.284035065131505
14.530145301453475	0.8630667230013817
14.540145401454474	32.10316746195353
14.550145501455475	17.0808364429222
14.560145601456474	25.2301171460178
14.570145701457475	28.36367204572121
14.580145801458476	12.739735362501206
14.590145901459476	26.747340417402107
14.600146001460477	7.9988173876242845
14.610146101461476	18.430414988980303
14.620146201462477	22.98462126391226
14.630146301463478	26.18492456146513
14.640146401464477	-31.57577616747185
14.650146501465478	12.579329985891452
14.660146601466478	18.443387243664446
14.670146701467479	17.90601710135411
14.680146801468478	14.53634185609226
14.690146901469479	15.168619691565992
14.70014700147048	14.756644532810267
14.71014710147148	15.319878504981382
14.72014720147248	11.296609224605891
14.73014730147348	14.192189813982994
14.74014740147448	17.08792443443578
14.750147501475482	2.4641587060958687
14.760147601476481	19.3280373208228
14.770147701477482	8.252003556734708
14.780147801478481	19.092874479870712
14.790147901479482	27.88750934435585
14.800148001480483	22.332120508283243
14.810148101481483	-2.070258304359054
14.820148201482484	7.439968192599697
14.830148301483483	11.667906854470347
14.840148401484484	24.610376791004093
14.850148501485485	11.431243319775097
14.860148601486484	19.7370148270758
14.870148701487485	17.4693754082991
14.880148801488485	34.39807613625298
14.890148901489486	23.4715855534561
14.900149001490487	33.75262184883356
14.910149101491486	24.317071258486518
14.920149201492487	12.02669326044624
14.930149301493486	8.749720473929495
14.940149401494487	29.56525635284218
14.950149501495488	36.93113382026669
14.960149601496488	21.964935282963683
14.970149701497489	40.07772731360839
14.980149801498488	17.92396615016698
14.990149901499489	41.28729177756944
