0.0	nan
0.010000100001000326	13.522498607621774
0.020000200002000652	4.742859119665832
0.03000030000300098	-2.7746656260808322
0.040000400004001305	-12.279055772769716
0.05000050000500163	-10.421250619438482
0.06000060000600196	-4.514502454299512
0.07000070000700229	-6.668290137571901
0.08000080000800261	0.8367140850829157
0.09000090000900293	0.25210308263599046
0.10000100001000325	-2.9037205262439016
0.11000110001100359	0.44864250809682177
0.12000120001200391	0.9773023983481545
0.13000130001300425	0.38571841079960145
0.14000140001400457	0.6749495369562105
0.1500015000150049	1.3017505010826578
0.16000160001600522	1.2576600795573136
0.17000170001700554	2.9576096361183075
0.18000180001800586	3.775786084907738
0.1900019000190062	3.448849783445189
0.2000020000200065	4.790943577993609
0.21000210002100686	3.1592516481677655
0.22000220002200718	7.6881141644603
0.2300023000230075	4.382178670835261
0.24000240002400783	6.463274302222801
0.2500025000250082	2.7510227174953346
0.2600026000260085	5.507345973866084
0.2700027000270088	3.777832812929568
0.28000280002800915	5.24305972590463
0.29000290002900947	5.238286626314513
0.3000030000300098	1.6798339610665225
0.3100031000310101	4.183719500553286
0.32000320003201044	3.262788331175482
0.33000330003301076	4.629429663343222
0.3400034000340111	4.595477010881709
0.3500035000350114	4.506810198302318
0.36000360003601173	5.072396080921139
0.37000370003701205	4.950186343744579
0.3800038000380124	5.542758712025724
0.3900039000390127	4.719670288332663
0.400004000040013	6.233994237439093
0.4100041000410134	7.1696740289462735
0.4200042000420137	7.158963304212584
0.43000430004301404	6.822609320921816
0.44000440004401437	7.451017165515246
0.4500045000450147	8.305209784231119
0.460004600046015	9.255668935309165
0.47000470004701533	9.056424554433956
0.48000480004801566	9.223506706715991
0.490004900049016	8.559747901932287
0.5000050000500164	8.737176854330368
0.5100051000510166	8.497566056399236
0.520005200052017	8.698676901991158
0.5300053000530173	9.116947515711328
0.5400054000540176	9.234340783830827
0.5500055000550179	8.988456375967036
0.5600056000560183	8.667949576194676
0.5700057000570186	9.090908272624658
0.5800058000580189	9.63849045813743
0.5900059000590192	9.947908761994835
0.6000060000600196	10.739548909754951
0.6100061000610199	11.098920649347576
0.6200062000620202	11.166451512424128
0.6300063000630205	11.898018539880217
0.6400064000640209	11.649038127611162
0.6500065000650213	12.822310989724032
0.6600066000660215	13.137798419137109
0.6700067000670219	13.756125858540273
0.6800068000680222	13.956936633190056
0.6900069000690225	13.870043304297683
0.7000070000700228	13.950115663540164
0.7100071000710232	14.34682479775384
0.7200072000720235	14.856512737399596
0.7300073000730238	14.845918834400207
0.7400074000740241	15.28097590609352
0.7500075000750245	15.247060804098217
0.7600076000760247	15.660976620767393
0.7700077000770251	16.459810166685173
0.7800078000780254	16.251603413986746
0.7900079000790258	17.55568405142687
0.800008000080026	18.42818299156813
0.8100081000810264	18.481523196842645
0.8200082000820268	18.899102276374364
0.8300083000830271	19.282423759619565
0.8400084000840274	20.074322093573794
0.8500085000850277	20.504749658157643
0.8600086000860281	21.074393796211258
0.8700087000870284	21.53103524951466
0.8800088000880287	22.3302749606746
0.890008900089029	22.04513180922272
0.9000090000900294	23.139362296554527
0.9100091000910296	23.726441823601114
0.92000920009203	24.291968488869212
0.9300093000930303	24.810145435894647
0.9400094000940307	25.335557774540412
0.9500095000950309	25.748927379708494
0.9600096000960313	26.166112432745603
0.9700097000970317	26.834173406506995
0.980009800098032	27.45105941294901
0.9900099000990323	26.68074422276765
1.0000100001000327	28.669641549719476
1.0100101001010329	29.46254024700558
1.0200102001020332	29.38281929448599
1.0300103001030336	31.287610032604515
1.040010400104034	31.329257772704874
1.0500105001050342	32.2600369686368
1.0600106001060345	33.02801895145685
1.070010700107035	33.23440481917918
1.0800108001080353	33.409137829316826
1.0900109001090355	34.71034718064516
1.1000110001100358	27.14937075592292
1.1100111001110362	36.534322695466635
1.1200112001120366	35.076574429935384
1.130011300113037	36.95230260520687
1.1400114001140371	39.091279459764024
1.1500115001150375	38.43884885500146
1.1600116001160379	38.948727782323516
1.1700117001170383	41.35515551424926
1.1800118001180384	42.24267579275237
1.1900119001190388	42.2612529150721
1.2000120001200392	44.59363678045714
1.2100121001210395	40.477455316816204
1.2200122001220397	46.15002830445336
1.23001230012304	43.65665907398854
1.2400124001240405	47.966691558574105
1.2500125001250408	46.10960460885092
1.260012600126041	47.572379646345915
1.2700127001270414	48.34915638480739
1.2800128001280418	49.80715586350376
1.2900129001290421	49.166070513825545
1.3000130001300425	51.31917643330282
1.3100131001310427	49.50143968995866
1.320013200132043	50.70767787896322
1.3300133001330434	52.29368685555535
1.3400134001340438	55.76145730208366
1.350013500135044	54.378922607261465
1.3600136001360443	56.8712152781825
1.3700137001370447	56.600980481221015
1.380013800138045	58.75700285390111
1.3900139001390452	58.11693133332188
1.4000140001400456	59.924499938041606
1.410014100141046	52.91718809775179
1.4200142001420464	64.1918551363426
1.4300143001430465	63.3838076480872
1.440014400144047	64.78960733835622
1.4500145001450473	65.06985731420954
1.4600146001460477	67.44523386747933
1.470014700147048	70.75361268115617
1.4800148001480482	72.55366265335813
1.4900149001490486	71.5782686837769
1.500015000150049	73.91357815788876
1.5100151001510493	73.1026598905849
1.5200152001520495	75.22548914741587
1.5300153001530499	77.67100196886001
1.5400154001540503	81.24532326676673
1.5500155001550506	81.7299598772085
1.5600156001560508	80.16479158370849
1.5700157001570512	86.96136674060459
1.5800158001580515	92.5786785778396
1.590015900159052	91.06879453414108
1.600016000160052	91.41904890131177
1.6100161001610525	99.89312440804204
1.6200162001620528	119.14830219373256
1.6300163001630532	106.66189996209582
1.6400164001640536	91.62387975648862
1.6500165001650537	85.78856959150687
1.6600166001660541	39.16431029395618
1.6700167001670545	24.60657822775267
1.6800168001680549	74.60896880902872
1.690016900169055	92.46892058661366
1.7000170001700554	98.31978135379666
1.7100171001710558	101.98407302653297
1.7200172001720562	61.90401344777445
1.7300173001730563	99.98364156897026
1.7400174001740567	96.20721053067179
1.750017500175057	106.02750588212145
1.7600176001760575	109.67477195104998
1.7700177001770578	88.99314073604293
1.780017800178058	89.57622449139164
1.7900179001790584	97.88161198682178
1.8000180001800588	98.43539345493167
1.8100181001810591	94.06229973127854
1.8200182001820593	91.0918920789533
1.8300183001830597	103.00083105401933
1.84001840018406	120.77537354053186
1.8500185001850604	101.29907358153996
1.8600186001860606	88.73261390863838
1.870018700187061	73.74148599220617
1.8800188001880613	111.01343074177365
1.8900189001890617	106.66461434070958
1.9000190001900619	86.0557427575962
1.9100191001910622	84.04954931972769
1.9200192001920626	78.83384439694095
1.930019300193063	97.78670870158771
1.9400194001940634	100.62895897013941
1.9500195001950635	92.11402975831977
1.960019600196064	106.78745699607296
1.9700197001970643	95.81716069837348
1.9800198001980647	94.34628095701173
1.9900199001990648	92.3107730039854
2.0000200002000654	91.90755094800288
2.0100201002010656	98.50650313376823
2.0200202002020657	94.2143603135328
2.0300203002030663	96.90263504373895
2.0400204002040665	82.26949034625969
2.0500205002050667	76.56583218597632
2.0600206002060673	77.12043117558548
2.0700207002070674	86.34894581968594
2.080020800208068	97.7725381249555
2.090020900209068	72.0256515154498
2.1000210002100683	82.2290613004435
2.110021100211069	98.90137818415276
2.120021200212069	72.13005769829202
2.1300213002130697	76.6608539499791
2.14002140021407	86.00730264371461
2.15002150021507	72.47274634033089
2.1600216002160706	64.51020990077997
2.1700217002170707	70.15051880470284
2.180021800218071	91.31073585523896
2.1900219002190715	66.14007529970186
2.2000220002200717	71.38156178437664
2.2100221002210723	82.31908125145632
2.2200222002220724	64.85373424261249
2.2300223002230726	57.70681619702102
2.240022400224073	85.49821461832751
2.2500225002250733	66.62004415523447
2.260022600226074	47.37042684960066
2.270022700227074	29.467447599249056
2.2800228002280742	26.845526559426155
2.290022900229075	43.2114066324373
2.300023000230075	49.41022168430728
2.310023100231075	63.02820795240151
2.3200232002320758	75.71297442926317
2.330023300233076	68.66383655962018
2.3400234002340765	59.29903322803122
2.3500235002350767	57.975285955091586
2.360023600236077	91.26857183724617
2.3700237002370774	74.945607201855
2.3800238002380776	61.27641280085273
2.3900239002390777	59.44509507171484
2.4000240002400783	64.43454007193027
2.4100241002410785	64.92745432886359
2.420024200242079	69.24066213603427
2.4300243002430792	58.479110598860856
2.4400244002440794	59.26043910656494
2.45002450024508	68.80391392166251
2.46002460024608	67.62111317556298
2.4700247002470808	95.0349579391616
2.480024800248081	80.36721730044525
2.490024900249081	94.32966366901708
2.5000250002500817	71.03360235747714
2.510025100251082	82.32526871130253
2.520025200252082	77.21535189121253
2.5300253002530826	73.12043139580733
2.5400254002540827	80.18450732946727
2.5500255002550833	82.05138032707839
2.5600256002560835	83.96522897514103
2.5700257002570837	77.72304451800443
2.5800258002580843	82.00334694167992
2.5900259002590844	98.36934098047352
2.600026000260085	75.27120698035466
2.610026100261085	78.72611793676347
2.6200262002620853	95.70632598484224
2.630026300263086	26.72697208346623
2.640026400264086	36.11715539459041
2.6500265002650862	42.10019745801845
2.660026600266087	59.456665186862836
2.670026700267087	62.013564124318485
2.6800268002680876	69.09216881342138
2.6900269002690878	50.8561816491354
2.700027000270088	67.01194278753425
2.7100271002710885	61.20918616531026
2.7200272002720887	66.61704031019755
2.7300273002730893	57.14294484691652
2.7400274002740894	54.07154664212394
2.7500275002750896	62.21980841809055
2.76002760027609	58.32130970815835
2.7700277002770903	21.99259504358923
2.7800278002780905	21.59289772244566
2.790027900279091	13.861492936135498
2.8000280002800912	30.202121446757015
2.810028100281092	39.15610409754535
2.820028200282092	41.830188148546995
2.830028300283092	28.061299245432053
2.8400284002840928	6.970172152412366
2.850028500285093	28.867713176441672
2.860028600286093	26.304041209235752
2.8700287002870937	17.735130531952944
2.880028800288094	12.979840919563499
2.8900289002890944	15.270238037400532
2.9000290002900946	14.761956826438837
2.9100291002910947	-3.453928273144699
2.9200292002920953	3.9296972747773466
2.9300293002930955	25.966256049175627
2.940029400294096	36.04862564271669
2.9500295002950963	23.773245411707144
2.9600296002960964	5.643489828922679
2.970029700297097	34.724104039525265
2.980029800298097	32.73571009606927
2.9900299002990973	34.61765742978216
3.000030000300098	26.518160593709986
3.010030100301098	38.94737196925099
3.0200302003020987	33.25403438375561
3.030030300303099	31.442861958588633
3.040030400304099	37.23021743267644
3.0500305003050996	31.410246356020384
3.0600306003060997	30.741696315005125
3.0700307003071003	36.11663135080335
3.0800308003081005	30.057669349823293
3.0900309003091007	6.491436001542532
3.1000310003101013	24.06259939342864
3.1100311003111014	52.75974892654575
3.1200312003121016	42.32342947876373
3.130031300313102	12.797677881728347
3.1400314003141023	37.92711680861804
3.150031500315103	18.683967757036022
3.160031600316103	30.850271572335227
3.1700317003171032	23.8200262453671
3.180031800318104	52.40291284424902
3.190031900319104	23.824887107611968
3.200032000320104	41.15088643042849
3.2100321003211048	48.69672836227414
3.220032200322105	32.994379103930946
3.2300323003231055	51.11293341528941
3.2400324003241057	35.0401294195444
3.250032500325106	36.42234857596674
3.2600326003261064	30.485957978741144
3.2700327003271066	48.98963058764904
3.280032800328107	30.426343827407017
3.2900329003291073	34.97294224638612
3.3000330003301075	34.84831132481138
3.310033100331108	31.337404119674076
3.3200332003321082	51.576449582416416
3.3300333003331084	23.691498361125888
3.340033400334109	17.145782317134664
3.350033500335109	43.26175430558692
3.3600336003361098	48.96574451926971
3.37003370033711	34.649761357855965
3.38003380033811	27.740734852428858
3.3900339003391107	33.067316245457945
3.400034000340111	44.05171753961207
3.4100341003411114	22.23691159845837
3.4200342003421116	2.4944986860332587
3.4300343003431117	26.155793413225833
3.4400344003441123	28.79034335396952
3.4500345003451125	24.160846667507
3.4600346003461127	14.918962702117328
3.4700347003471133	11.531727753477687
3.4800348003481134	17.87562338339935
3.490034900349114	12.605846363333876
3.500035000350114	18.16517150844012
3.5100351003511143	30.23703026264906
3.520035200352115	30.602141624694372
3.530035300353115	22.5197877763467
3.5400354003541157	2.6954786365815724
3.550035500355116	42.887931878762494
3.560035600356116	36.903719777585934
3.5700357003571166	37.2354847096775
3.5800358003581167	32.505914784285935
3.590035900359117	39.197129611200246
3.6000360003601175	31.024599820805747
3.6100361003611177	35.17355121042633
3.6200362003621183	40.13144313266944
3.6300363003631184	32.76166974884087
3.6400364003641186	42.15645685391966
3.650036500365119	25.204967114059492
3.6600366003661193	34.693990727334395
3.6700367003671195	8.39645602398791
3.68003680036812	29.34421349949788
3.6900369003691202	38.52676771267519
3.700037000370121	42.03464202409332
3.710037100371121	52.17666246829139
3.720037200372121	53.48221712802248
3.7300373003731218	14.661535098083034
3.740037400374122	59.85151084372493
3.7500375003751225	60.89502979340281
3.7600376003761227	51.868671092966814
3.770037700377123	45.174117919943036
3.7800378003781234	51.750072912486566
3.7900379003791236	53.41187386657116
3.8000380003801237	35.20821739438124
3.8100381003811243	49.58460469090092
3.8200382003821245	-6.286250741200912
3.830038300383125	57.673038812377754
3.8400384003841253	25.586588984446568
3.8500385003851254	54.22623453825585
3.860038600386126	49.37439591571963
3.870038700387126	37.16338544372667
3.8800388003881268	23.13990562360774
3.890038900389127	51.833993368357014
3.900039000390127	35.70108928698871
3.9100391003911277	35.97619255136688
3.920039200392128	37.6256735089237
3.930039300393128	41.385716715611764
3.9400394003941286	37.0612814086934
3.9500395003951287	26.603790311928307
3.9600396003961293	28.10047174226591
3.9700397003971295	4.225237489154571
3.9800398003981297	19.210182767675054
3.9900399003991303	17.711376568107482
4.000040000400131	16.092194665458642
4.010040100401131	24.63937420604476
4.020040200402131	-15.080181457641482
4.030040300403131	10.090040573574191
4.0400404004041315	31.318825319864622
4.0500405004051325	22.42687754609949
4.060040600406133	12.319584370947874
4.070040700407133	14.269507398345677
4.080040800408133	14.394533196668185
4.090040900409133	7.396042099516685
4.100041000410133	11.273151112441779
4.110041100411134	19.025832966369073
4.1200412004121345	28.701147077012898
4.130041300413135	-1.8413591956074502
4.140041400414135	13.509259199290574
4.150041500415135	24.127370111100305
4.160041600416136	24.703784301860715
4.170041700417136	16.32844313860476
4.180041800418136	34.54799499454673
4.1900419004191365	-0.27146315095297624
4.200042000420137	30.691666567794076
4.210042100421138	26.25033268931141
4.220042200422138	-27.589447373425198
4.230042300423138	44.601704968975746
4.240042400424138	36.52693699153087
4.250042500425138	24.011712878954633
4.260042600426139	21.51607128867508
4.2700427004271395	15.196596216188409
4.28004280042814	18.801403453674038
4.29004290042914	8.803948824106664
4.30004300043014	15.787532810461123
4.31004310043114	31.504697854155907
4.320043200432141	27.06769778963931
4.330043300433141	23.66233729054596
4.3400434004341415	32.25191310256165
4.350043500435142	26.017979975678
4.360043600436142	39.09395199745009
4.370043700437143	36.30109716973038
4.380043800438143	29.440606674914534
4.390043900439143	43.59723293676256
4.400044000440143	34.00668747418161
4.4100441004411435	26.323909875477092
4.4200442004421445	24.657176467930505
4.430044300443145	34.25740048698748
4.440044400444145	38.51245844432839
4.450044500445145	28.512251854113337
4.460044600446145	32.14209484170168
4.470044700447146	34.671917815066124
4.480044800448146	12.513039287816145
4.4900449004491465	4.355263525918666
4.500045000450147	24.29304962746917
4.510045100451147	32.362412685803825
4.520045200452148	15.20532866048099
4.530045300453148	11.776758901135365
4.540045400454148	28.555970162385197
4.550045500455148	3.6888958003440995
4.5600456004561485	33.32848183597493
4.570045700457149	-4.670008444750966
4.58004580045815	21.3816741575775
4.59004590045915	31.65799889841453
4.60004600046015	9.988293756682069
4.61004610046115	12.156619905148489
4.62004620046215	10.668179180766863
4.630046300463151	24.32348256703036
4.6400464004641515	22.284730686320565
4.650046500465152	18.15451766034619
4.660046600466152	14.53030785328408
4.670046700467152	15.416536605401072
4.680046800468153	14.941114296640212
4.690046900469153	14.47988350597908
4.700047000470153	20.556552864875368
4.7100471004711535	19.411581460389755
4.720047200472154	22.899948777542757
4.730047300473155	15.238412466011198
4.740047400474155	17.120249964029217
4.750047500475155	15.350856409226846
4.760047600476155	24.966071475696143
4.770047700477155	28.455190023974094
4.7800478004781555	23.018355006377032
4.7900479004791565	26.398598806173336
4.800048000480157	29.29146546062003
4.810048100481157	18.81987339800459
4.820048200482157	21.466449150201683
4.830048300483157	1.1524757025702652
4.840048400484158	35.04961558523491
4.850048500485158	23.576141309614577
4.8600486004861585	2.724821381850388
4.870048700487159	36.53934066989046
4.880048800488159	24.61628181083958
4.89004890048916	18.591423990360333
4.90004900049016	19.970492208797964
4.91004910049116	30.66098623994243
4.92004920049216	18.125112998398325
4.9300493004931605	10.959718663343816
4.9400494004941615	43.2498505168217
4.950049500495162	38.76183932449798
4.960049600496162	10.339756355866237
4.970049700497162	26.02556515210411
4.980049800498162	7.855126014530499
4.990049900499163	44.293117036004354
5.000050000500163	26.57810369138082
5.0100501005011635	33.363379564487616
5.020050200502164	40.222860692376486
5.030050300503164	37.80652105970219
5.040050400504164	31.32448618948937
5.050050500505165	15.775163521086766
5.060050600506165	18.29290165185084
5.070050700507165	14.861880292176494
5.0800508005081655	29.089785611913435
5.090050900509166	32.856473521759334
5.100051000510167	32.357628237272394
5.110051100511167	36.49118865218556
5.120051200512167	12.183111258984436
5.130051300513167	30.800171250779655
5.140051400514167	30.513748731211447
5.150051500515168	-1.5252301485282298
5.1600516005161685	2.787931918974048
5.170051700517169	15.37210570190382
5.180051800518169	30.463812752525133
5.190051900519169	12.991065111717994
5.20005200052017	16.716099113168546
5.21005210052117	-1.0483876633986486
5.22005220052217	21.5409125030182
5.2300523005231705	18.071844180208284
5.240052400524171	15.367720232558023
5.250052500525171	17.61022900529219
5.260052600526172	15.128068393730048
5.270052700527172	15.056580593183263
5.280052800528172	13.193227069857437
5.290052900529172	-0.6652849274974372
5.3000530005301725	14.008600454542766
5.3100531005311735	5.119102670573703
5.320053200532174	21.924491191116825
5.330053300533174	23.029751132774997
5.340053400534174	19.765756941325485
5.350053500535174	26.675552916121248
5.360053600536175	7.457096182944561
5.370053700537175	15.97857487844631
5.3800538005381755	16.973983925428403
5.390053900539176	24.87258236271789
5.400054000540176	31.330233153150438
5.410054100541177	24.263100954944303
5.420054200542177	30.297970270545722
5.430054300543177	21.665879658105904
5.440054400544177	22.89074542561732
5.4500545005451775	22.383945674879243
5.4600546005461785	41.00321846855737
5.470054700547179	22.548317650575523
5.480054800548179	27.85019782715205
5.490054900549179	14.598449489499563
5.500055000550179	27.912941600325443
5.510055100551179	16.566939950796545
5.52005520055218	32.78837168653769
5.5300553005531805	17.494213310084156
5.540055400554181	12.739461343973147
5.550055500555181	10.480632852953752
5.560055600556181	22.260168789533925
5.570055700557182	14.860875673002269
5.580055800558182	25.920775897616558
5.590055900559182	35.86545756859931
5.6000560005601825	19.85766453545024
5.610056100561183	39.216995390371
5.620056200562184	24.76241704929625
5.630056300563184	27.563461765403567
5.640056400564184	39.25230309578821
5.650056500565184	2.4481738208306685
5.660056600566184	36.866288211272995
5.670056700567185	23.92506309968101
5.6800568005681855	30.467172637521376
5.690056900569186	22.89593355942546
5.700057000570186	13.370059174490498
5.710057100571186	22.900707645424365
5.720057200572186	34.789860472322374
5.730057300573187	21.388354748561728
5.740057400574187	20.874182326825125
5.7500575005751875	26.12748318321637
5.760057600576188	20.50612920859575
5.770057700577188	6.745414831887646
5.780057800578189	8.211605435551768
5.790057900579189	19.90739447624081
5.800058000580189	25.239843011088702
5.810058100581189	7.161419091342572
5.8200582005821895	-2.591223091200695
5.8300583005831905	12.952597317717146
5.840058400584191	17.478515537321748
5.850058500585191	15.03595265513068
5.860058600586191	14.463426428768216
5.870058700587191	15.806267619595008
5.880058800588192	18.269234877602525
5.890058900589192	18.590254943105474
5.9000590005901925	14.89362931579743
5.910059100591193	3.5677285664489706
5.920059200592193	28.810786472807706
5.930059300593194	6.442559139490189
5.940059400594194	4.0339490488658445
5.950059500595194	28.005806983402945
5.960059600596194	35.72195095597758
5.9700597005971945	6.750382080205614
5.980059800598195	18.372142683865867
5.990059900599196	31.102636405899748
6.000060000600196	15.33461938029313
6.010060100601196	33.52066345820344
6.020060200602196	22.900957446546283
6.030060300603196	35.40032098428299
6.040060400604197	14.588062176527304
6.0500605006051975	35.43038552095208
6.060060600606198	27.5416703481618
6.070060700607198	40.77283589173092
6.080060800608198	7.523779599497935
6.090060900609199	-12.418971247200805
6.100061000610199	23.07387061058934
6.110061100611199	31.980464047597525
6.1200612006121995	21.04063145297791
6.1300613006132	22.425628513377934
6.140061400614201	41.3360007381642
6.150061500615201	12.647564844477625
6.160061600616201	42.528569993583936
6.170061700617201	27.038739898356695
6.180061800618201	23.16277779276209
6.1900619006192015	37.42124145334743
6.2000620006202025	29.860790618213223
6.210062100621203	18.680137184623742
6.220062200622203	39.34186398744088
6.230062300623203	16.65400505695217
6.240062400624203	12.266043591496755
6.250062500625204	25.613304403700663
6.260062600626204	14.944551536481216
6.2700627006272045	24.165372777406823
6.280062800628205	31.740725514399752
6.290062900629205	36.813444028864986
6.300063000630206	10.734370575673145
6.310063100631206	5.588019489739001
6.320063200632206	18.931492357596014
6.330063300633206	29.953247706810373
6.3400634006342065	28.762606275788684
6.3500635006352075	30.394977842300932
6.360063600636208	18.415260640191622
6.370063700637208	22.566784778810636
6.380063800638208	6.368381470594275
6.390063900639208	1.981918841808876
6.400064000640208	17.734913615278025
6.410064100641209	14.113378937774566
6.4200642006422095	7.661787595684498
6.43006430064321	14.201936274371144
6.44006440064421	13.296713037123784
6.45006450064521	13.417988948397335
6.460064600646211	11.366376805411301
6.470064700647211	11.588441825072648
6.480064800648211	17.829394286411333
6.4900649006492115	11.938855694837189
6.500065000650212	1.5429520885705927
6.510065100651213	25.35383466578966
6.520065200652213	10.361112910702305
6.530065300653213	22.234950035319144
6.540065400654213	24.500381192713075
6.550065500655213	24.042852328771378
6.560065600656214	19.09153131302159
6.5700657006572145	5.452841919492108
6.580065800658215	2.6631707461389222
6.590065900659215	16.407212740867745
6.600066000660215	31.29480619975479
6.610066100661216	29.391390070236522
6.620066200662216	19.43033519802125
6.630066300663216	12.151266007567122
6.6400664006642165	25.991880980775214
6.650066500665217	-12.443100898561564
6.660066600666217	28.92974511685273
6.670066700667218	16.277899410563776
6.680066800668218	37.702922947374425
6.690066900669218	25.075024576243724
6.700067000670218	26.137554934805745
6.7100671006712185	-0.9868136452832417
6.7200672006722195	27.268367612462523
6.73006730067322	11.144722327681702
6.74006740067422	26.757655362883433
6.75006750067522	-2.8102851611595465
6.76006760067622	32.35322973674737
6.770067700677221	38.01770773666559
6.780067800678221	28.710359575316204
6.7900679006792215	40.97233438811037
6.800068000680222	10.348868273224717
6.810068100681222	28.930753772513075
6.820068200682223	9.600506593557762
6.830068300683223	17.864869216419837
6.840068400684223	27.6547097736862
6.850068500685223	16.83274760703768
6.8600686006862235	10.125694887334351
6.870068700687224	16.495876371123806
6.880068800688225	18.088412818249775
6.890068900689225	1.9380822147959893
6.900069000690225	13.125430065586269
6.910069100691225	38.0866713343091
6.920069200692225	20.69325477117654
6.930069300693226	23.059924729815034
6.9400694006942265	16.918141125908146
6.950069500695227	14.482713566409116
6.960069600696227	9.2177192100567
6.970069700697227	21.995442827328247
6.980069800698228	11.890795972642367
6.990069900699228	15.120661798682608
7.000070000700228	15.368731973427241
7.0100701007012285	15.941918577418017
7.020070200702229	13.468766432512268
7.03007030070323	15.754656639147601
7.04007040070423	14.72739568137588
7.05007050070523	15.134387585913776
7.06007060070623	23.03206054639506
7.07007070070723	11.959583574700199
7.080070800708231	25.04327434858221
7.0900709007092315	7.7179937704447195
7.100071000710232	3.990069548201045
7.110071100711232	-11.967711325142618
7.120071200712232	10.710297630936997
7.130071300713232	9.442000772214879
7.140071400714233	9.728076838604984
7.150071500715233	21.56499012582682
7.1600716007162335	22.1038544753953
7.170071700717234	24.420539996661734
7.180071800718234	18.181022494397922
7.190071900719235	35.15430767383912
7.200072000720235	23.133560725445086
7.210072100721235	37.12760491334532
7.220072200722235	22.992326913915342
7.2300723007232355	35.0895144571389
7.2400724007242365	16.900962506583113
7.250072500725237	28.562657715738197
7.260072600726237	11.70780488750883
7.270072700727237	33.056916222184455
7.280072800728237	6.4751333918577965
7.290072900729238	27.59239353640327
7.300073000730238	-6.255764668956257
7.3100731007312385	16.89093996138086
7.320073200732239	40.15591334413809
7.330073300733239	21.474446131729486
7.340073400734239	30.36598785966708
7.35007350073524	35.34261275620217
7.36007360073624	47.14044437693214
7.37007370073724	11.749142938865146
7.3800738007382405	20.720356341433554
7.390073900739241	34.712019209671595
7.400074000740242	39.68897436205476
7.410074100741242	32.44870513153899
7.420074200742242	15.466974974955225
7.430074300743242	25.115863193162223
7.440074400744242	22.774233027191617
7.450074500745243	17.172704120662168
7.4600746007462435	28.962507723232907
7.470074700747244	13.726424160576313
7.480074800748244	25.597549249519584
7.490074900749244	28.381115508572
7.500075000750245	25.788444924063576
7.510075100751245	25.77550849187384
7.520075200752245	0.7490539483558355
7.5300753007532455	0.011867523877087047
7.540075400754246	17.902507601780595
7.550075500755247	3.326026098749898
7.560075600756247	29.340460103048503
7.570075700757247	8.259070768031266
7.580075800758247	16.211704371202888
7.590075900759247	19.43152333912781
7.6000760007602475	12.972461748770074
7.6100761007612485	17.6476696396864
7.620076200762249	15.735709511505359
7.630076300763249	14.610147061029634
7.640076400764249	14.281209174713522
7.650076500765249	13.603280739459143
7.66007660076625	19.639938795227096
7.67007670076725	18.30402631204121
7.6800768007682505	6.542307118264329
7.690076900769251	21.52506815006424
7.700077000770251	2.8900493872231596
7.710077100771252	3.9789510691436245
7.720077200772252	18.93590715192047
7.730077300773252	20.50268225100362
7.740077400774252	23.242579326678705
7.7500775007752525	27.288191354118077
7.7600776007762535	29.823751770756466
7.770077700777254	31.582581324611848
7.780077800778254	-11.206970934603135
7.790077900779254	3.441422108172324
7.800078000780254	29.219038226686624
7.810078100781254	21.611448982934164
7.820078200782255	26.013306055425673
7.8300783007832555	8.721223592966352
7.840078400784256	12.056803375914527
7.850078500785256	17.34070384555705
7.860078600786256	3.3123962700628704
7.870078700787257	13.866018487362373
7.880078800788257	24.243047592690246
7.890078900789257	22.358209820898807
7.9000790007902575	11.188219216678318
7.910079100791258	30.980334297643218
7.920079200792259	34.1273075040617
7.930079300793259	12.240089620337715
7.940079400794259	22.779680440129557
7.950079500795259	21.17141665722078
7.960079600796259	-16.941287991906076
7.97007970079726	25.766937519330103
7.9800798007982605	38.15005610646566
7.990079900799261	15.795247353378695
8.000080000800262	35.643550442496704
8.010080100801261	23.45168387501272
8.020080200802262	-7.397035905774692
8.030080300803261	12.225161284206171
8.040080400804262	16.94454028733724
8.050080500805263	35.859435592001226
8.060080600806263	29.499066848887473
8.070080700807264	30.451808777969696
8.080080800808263	23.633725415283724
8.090080900809264	13.838948312998816
8.100081000810265	17.581582705878407
8.110081100811264	7.641240476251929
8.120081200812265	10.575974141704528
8.130081300813265	20.75833056958871
8.140081400814266	11.535044275021649
8.150081500815265	23.797625602525024
8.160081600816266	17.69616896993529
8.170081700817267	23.64557527222437
8.180081800818266	6.0703470400001605
8.190081900819267	13.800629722478838
8.200082000820267	18.429112735381775
8.210082100821268	11.404154360804318
8.220082200822269	13.455677120344909
8.230082300823268	10.102492662033507
8.240082400824269	17.69420408687161
8.250082500825268	6.8991154364256
8.26008260082627	9.365303018848138
8.27008270082727	20.36394140585655
8.28008280082827	6.652810550423874
8.29008290082927	16.707736439155774
8.30008300083027	12.836073100902277
8.310083100831271	10.527717749612812
8.320083200832272	17.33770171553262
8.330083300833271	36.68356863665773
8.340083400834272	25.185191571548067
8.350083500835272	30.43693534604353
8.360083600836273	-4.4721781102456
8.370083700837274	21.281774684583105
8.380083800838273	28.328794458334926
8.390083900839274	29.130071625415525
8.400084000840273	27.44746647121746
8.410084100841274	29.668810479991627
8.420084200842275	38.77682104100424
8.430084300843275	20.557548735288545
8.440084400844276	36.30376199727171
8.450084500845275	42.613715048787334
8.460084600846276	39.43233760706931
8.470084700847277	7.056178696035943
8.480084800848276	27.61731046463352
8.490084900849277	5.098394499249242
8.500085000850277	29.203691318494133
8.510085100851278	8.39627951861436
8.520085200852279	32.792077452973864
8.530085300853278	23.621250561833453
8.540085400854279	30.87710177950655
8.550085500855278	16.8907701105886
8.56008560085628	34.18713326987767
8.57008570085728	24.942400363604865
8.58008580085828	9.309809537498879
8.59008590085928	13.825988510621865
8.60008600086028	10.759594928472104
8.610086100861281	-2.590471467329387
8.62008620086228	3.5355370904475354
8.630086300863281	32.52731263044934
8.640086400864282	31.240916073094773
8.650086500865282	21.775392512459234
8.660086600866283	33.337395002013444
8.670086700867282	35.70943779457577
8.680086800868283	13.889587736728263
8.690086900869284	15.374490097544122
8.700087000870283	-6.701650421016738
8.710087100871284	20.878379828920632
8.720087200872284	21.376179572079387
8.730087300873285	-6.515112051436973
8.740087400874286	20.587234817403115
8.750087500875285	-3.8834736605120215
8.760087600876286	13.930239256006072
8.770087700877285	16.9006965690385
8.780087800878286	12.283341201128216
8.790087900879287	18.555445191685607
8.800088000880287	15.606448239652023
8.810088100881288	14.954957494234103
8.820088200882287	13.410714032829468
8.830088300883288	17.219733524229753
8.840088400884289	14.397392895711617
8.850088500885288	10.136311440580725
8.86008860088629	17.403349053154713
8.870088700887289	5.036056154245964
8.88008880088829	-0.5294141931266918
8.89008890088929	12.631880277830216
8.90008900089029	21.279038606206804
8.910089100891291	-14.906010307077604
8.92008920089229	13.070588051616097
8.930089300893291	18.32983868535361
8.940089400894292	29.194187109629496
8.950089500895292	31.22682333767618
8.960089600896293	25.15755605225698
8.970089700897292	11.94717030082392
8.980089800898293	-31.298614785858906
8.990089900899294	7.354878688920417
9.000090000900293	24.845242683078595
9.010090100901294	33.03461530563812
9.020090200902294	16.565791664539862
9.030090300903295	13.924900981864692
9.040090400904296	13.200379756879537
9.050090500905295	19.63044035396719
9.060090600906296	13.890679922158006
9.070090700907295	28.26064140622034
9.080090800908296	6.384528584673724
9.090090900909296	36.58391366109386
9.100091000910297	17.189884131284483
9.110091100911298	24.506910894515936
9.120091200912297	27.084987790577898
9.130091300913298	27.822672977158376
9.140091400914297	28.60225981338219
9.150091500915298	39.881254511325295
9.1600916009163	17.60553371188215
9.170091700917299	7.456374025245453
9.1800918009183	38.1798765629943
9.190091900919299	10.901621661977837
9.2000920009203	14.367119202514555
9.210092100921301	26.573201495483726
9.2200922009223	12.065117575932591
9.230092300923301	16.07944074060361
9.2400924009243	33.44307987893369
9.250092500925302	31.002774022358913
9.260092600926303	20.844743513675834
9.270092700927302	23.85758617091275
9.280092800928303	16.303157124388655
9.290092900929302	11.398682532149861
9.300093000930303	19.33585738086602
9.310093100931304	13.761928148793038
9.320093200932304	-4.306772885326568
9.330093300933305	3.207762131092305
9.340093400934304	18.377781301811332
9.350093500935305	22.615186673368346
9.360093600936306	8.23597601230052
9.370093700937305	16.497174471198306
9.380093800938306	10.332369496757167
9.390093900939306	12.164174187593993
9.400094000940307	12.924231348362177
9.410094100941308	13.358257020168399
9.420094200942307	12.81480769747935
9.430094300943308	13.25900081728332
9.440094400944307	17.28547778569413
9.450094500945308	9.910934844472516
9.46009460094631	24.0305044517606
9.470094700947309	11.224043049686633
9.48009480094831	18.430083436542766
9.490094900949309	-0.3720712691575935
9.50009500095031	24.40493232085143
9.510095100951311	30.187743751007872
9.52009520095231	-18.370892963214175
9.530095300953311	18.720136049836157
9.54009540095431	29.74166865289638
9.550095500955312	33.60617863266495
9.560095600956311	21.28094646854708
9.570095700957312	23.322557025264455
9.580095800958313	13.373552277989438
9.590095900959312	13.229129781937614
9.600096000960313	6.011129917602722
9.610096100961313	33.419649986359325
9.620096200962314	35.20593538136687
9.630096300963315	30.57674817439168
9.640096400964314	35.001927147363666
9.650096500965315	33.33006747259573
9.660096600966314	25.507508562475927
9.670096700967315	5.996383175782495
9.680096800968316	31.66676932181882
9.690096900969316	37.08506609383117
9.700097000970317	38.75302209978587
9.710097100971316	41.1419781952894
9.720097200972317	9.952591813675092
9.730097300973318	-5.638801605326251
9.740097400974317	17.595268364790627
9.750097500975318	35.80103487344874
9.760097600976318	18.981700850820477
9.770097700977319	6.698972510385984
9.78009780097832	20.844378877307104
9.790097900979319	-0.3650687902170437
9.80009800098032	7.570718134593088
9.81009810098132	31.482280098938535
9.82009820098232	24.928445320669258
9.830098300983321	31.057836214448404
9.84009840098432	33.311250739915224
9.850098500985322	-2.992337378249091
9.860098600986321	30.57203818077831
9.870098700987322	22.397746275702968
9.880098800988323	5.127102033226236
9.890098900989322	16.418770056782204
9.900099000990323	18.76687441324468
9.910099100991323	15.556180954364079
9.920099200992324	9.150248268497268
9.930099300993325	24.050794369081995
9.940099400994324	15.935956172730583
9.950099500995325	16.386780697180633
9.960099600996324	20.59210567232039
9.970099700997325	16.59724700071686
9.980099800998326	14.777721857800097
9.990099900999326	15.482316109884614
10.000100001000327	16.471561334668987
10.010100101001326	9.504376144241926
10.020100201002327	19.044875697807328
10.030100301003326	22.01485743608103
10.040100401004327	17.549883339957287
10.050100501005328	23.77132851881043
10.060100601006328	23.00021781217569
10.070100701007329	24.755879662365643
10.080100801008328	5.7374189198765695
10.090100901009329	5.914611170399935
10.10010100101033	9.14902195529377
10.11010110101133	23.297946800560013
10.12010120101233	23.693332366543938
10.13010130101333	17.885946691861687
10.14010140101433	35.79502881127533
10.150101501015332	2.5880825845830695
10.160101601016331	-14.23108072550803
10.170101701017332	19.533735767472198
10.180101801018331	32.095524069857596
10.190101901019332	27.001898226293367
10.200102001020333	17.184710059072927
10.210102101021333	9.77699480873725
10.220102201022334	28.788730259096962
10.230102301023333	26.532343705724116
10.240102401024334	37.2227355469834
10.250102501025335	11.584548276936498
10.260102601026334	32.151923180792465
10.270102701027335	26.263043592110847
10.280102801028335	24.205762862176627
10.290102901029336	23.55330644207751
10.300103001030337	12.981167763610095
10.310103101031336	14.30536703934768
10.320103201032337	24.9459646160812
10.330103301033336	25.621413808909608
10.340103401034337	25.433341778663472
10.350103501035338	30.21385073570667
10.360103601036338	24.1256771284354
10.370103701037339	26.609199145818472
10.380103801038338	10.28150252361374
10.390103901039339	1.1604644547332528
10.40010400104034	7.6352448996682085
10.41010410104134	0.8671571470828607
10.42010420104234	30.063592582589486
10.43010430104334	8.095883577721104
10.44010440104434	30.59465682880852
10.450104501045342	6.08402651036223
10.460104601046341	17.252859744404194
10.470104701047342	13.220248484839496
10.480104801048341	16.205589936161072
10.490104901049342	27.606500292619728
10.500105001050342	19.159522134438074
10.510105101051343	25.483792212270366
10.520105201052344	7.446591027591847
10.530105301053343	15.786791707101747
10.540105401054344	16.84120929128751
10.550105501055343	22.114262698796814
10.560105601056344	12.874001377329119
10.570105701057345	16.77833786994312
10.580105801058345	13.762335527260078
10.590105901059346	15.759575304547388
10.600106001060345	17.166436652325228
10.610106101061346	10.931712093937335
10.620106201062347	17.532158801922396
10.630106301063346	12.488669987836882
10.640106401064347	15.83859208763795
10.650106501065347	0.940092560986312
10.660106601066348	19.91944317476502
10.670106701067349	-35.67797961885977
10.680106801068348	-3.4308049845815107
10.690106901069349	19.135469673658605
10.700107001070348	26.63865187300416
10.71010710107135	26.074937987658043
10.72010720107235	-22.913132080969877
10.73010730107335	24.505185270123448
10.74010740107435	21.76929545132744
10.75010750107535	24.10172114351808
10.760107601076351	28.008381791551706
10.770107701077352	25.472206943853358
10.780107801078351	14.565407636769763
10.790107901079352	24.59075223840961
10.800108001080352	28.72201353380325
10.810108101081353	25.009941787028907
10.820108201082354	37.349305651402595
10.830108301083353	38.866013255873426
10.840108401084354	36.7579456049294
10.850108501085353	24.575859292083116
10.860108601086354	12.037185839146833
10.870108701087355	6.130113176633312
10.880108801088355	32.77666057269782
10.890108901089356	19.669615844170885
10.900109001090355	30.812629009626434
10.910109101091356	14.476313946538301
10.920109201092357	6.640866567090191
10.930109301093356	25.596461111326317
10.940109401094357	36.96446696164948
10.950109501095357	21.532522537666754
10.960109601096358	0.5187717095752413
10.970109701097357	21.69250530807817
10.980109801098358	31.25499484077491
10.990109901099359	13.224448355514387
11.000110001100358	15.885532055836752
11.01011010110136	31.851765579228505
11.020110201102359	14.041352830241008
11.03011030110336	18.608540614376306
11.04011040110436	-3.7389219432108223
11.05011050110536	18.471781677305934
11.060110601106361	1.588479751670586
11.07011070110736	8.392992008135646
11.080110801108361	3.792598949305875
11.090110901109362	24.119080998595006
11.100111001110362	28.039414855146667
11.110111101111363	12.67821608273829
11.120111201112362	21.335747789024936
11.130111301113363	10.89444928628984
11.140111401114364	10.688247231485606
11.150111501115363	12.48123616986783
11.160111601116364	11.229780960176988
11.170111701117364	12.384941744588337
11.180111801118365	12.30983074697019
11.190111901119366	8.255445532369881
11.200112001120365	10.30882356907
11.210112101121366	18.841683728655727
11.220112201122365	25.10848181327922
11.230112301123366	17.74535721383739
11.240112401124367	6.776538328006439
11.250112501125367	6.672262974878874
11.260112601126368	19.997048950161997
11.270112701127367	11.06866135705804
11.280112801128368	17.45228071806765
11.290112901129369	35.80738805113133
11.300113001130368	13.414483936643638
11.31011310113137	32.698781392605085
11.320113201132369	11.338695558012166
11.33011330113337	35.71846333085232
11.34011340113437	34.386038084928636
11.35011350113537	8.19477958506455
11.360113601136371	31.972589634271493
11.37011370113737	4.434409048222988
11.380113801138371	23.685594036648105
11.390113901139372	12.521648995977685
11.400114001140372	26.677610495079147
11.410114101141373	2.5588901493223974
11.420114201142372	27.101316970745344
11.430114301143373	-17.492484580007645
11.440114401144372	27.3676567757598
11.450114501145373	28.449198131361634
11.460114601146374	31.340998412144952
11.470114701147374	28.798218588949204
11.480114801148375	19.803600704044765
11.490114901149374	14.343629004368015
11.500115001150375	24.044596475782864
11.510115101151376	34.78729240250299
11.520115201152375	27.236245566114423
11.530115301153376	25.635769045532317
11.540115401154376	10.966960569719035
11.550115501155377	-0.2348901529100699
11.560115601156378	22.331237778976405
11.570115701157377	30.797223421140806
11.580115801158378	-4.620898564934189
11.590115901159377	30.92576962650975
11.600116001160378	12.455507356386128
11.61011610116138	0.4820976977654531
11.620116201162379	21.459088351792765
11.63011630116338	15.506920858898123
11.640116401164379	9.883155631347377
11.65011650116538	24.03696141293822
11.660116601166381	21.36651579563158
11.67011670116738	17.06168291836043
11.680116801168381	24.53800873244212
11.69011690116938	17.753099771925825
11.700117001170382	19.510927752253043
11.710117101171383	17.953116424492446
11.720117201172382	22.0403949613469
11.730117301173383	19.463030149532905
11.740117401174382	10.843179821828139
11.750117501175383	15.146508486724827
11.760117601176384	15.139326386437503
11.770117701177384	17.232239689599385
11.780117801178385	15.485306950098447
11.790117901179384	16.56170743633783
11.800118001180385	3.9140215654733583
11.810118101181386	13.528417367759538
11.820118201182385	21.66139134273688
11.830118301183386	7.8395360222192405
11.840118401184386	11.192604783956726
11.850118501185387	22.312689778120863
11.860118601186388	27.847775513115653
11.870118701187387	20.465149171371777
11.880118801188388	3.8703989271262285
11.890118901189387	32.24308640977309
11.900119001190388	-4.705873932971027
11.910119101191388	27.033436983563178
11.920119201192389	17.6928798602913
11.93011930119339	38.03466130651862
11.940119401194389	-0.24416527539477909
11.95011950119539	24.971952585647585
11.96011960119639	32.00965884838667
11.97011970119739	22.202861280928886
11.980119801198391	32.06911664628712
11.99011990119939	41.33326455570382
12.000120001200392	23.247121751179716
12.010120101201391	12.663251841504872
12.020120201202392	31.04692605062244
12.030120301203393	22.947229597282426
12.040120401204392	21.644116905189883
12.050120501205393	30.894375480730844
12.060120601206393	34.00230617474991
12.070120701207394	-5.465852007310635
12.080120801208395	19.56645812773425
12.090120901209394	28.162090274987747
12.100121001210395	42.333988818230154
12.110121101211394	5.977900433648405
12.120121201212395	30.70032914346033
12.130121301213396	36.526369627539296
12.140121401214396	10.505056546815087
12.150121501215397	23.638227900576197
12.160121601216396	21.64759920145742
12.170121701217397	17.160371901328016
12.180121801218398	35.850649913958044
12.190121901219397	26.2637248392883
12.200122001220398	23.990336975247256
12.210122101221398	16.677574496881526
12.220122201222399	8.56945988787985
12.2301223012234	2.822710713567078
12.240122401224399	20.111446066203676
12.2501225012254	23.779079081009826
12.2601226012264	18.70247992420064
12.2701227012274	19.369141278680907
12.280122801228401	20.60217170909976
12.2901229012294	29.859974830251677
12.300123001230402	10.583900571984598
12.310123101231401	13.71031472190216
12.320123201232402	9.9781328836503
12.330123301233403	11.68812065549078
12.340123401234402	14.088429585973298
12.350123501235403	13.969348999465112
12.360123601236403	14.337372360888578
12.370123701237404	17.395484059081017
12.380123801238403	16.117535238121764
12.390123901239404	3.8280672476233333
12.400124001240405	23.331460957967167
12.410124101241404	13.684214625479242
12.420124201242405	13.457569443981942
12.430124301243405	27.41627140186342
12.440124401244406	7.650787319219797
12.450124501245407	28.386724710672024
12.460124601246406	11.817151220118202
12.470124701247407	20.474444621198938
12.480124801248406	8.776238415153909
12.490124901249407	1.1719674261145243
12.500125001250408	8.550630375455476
12.510125101251408	11.101054517235426
12.520125201252409	29.490240792301865
12.530125301253408	0.21075181789944541
12.540125401254409	34.08063658903544
12.55012550125541	12.062777354162757
12.56012560125641	24.252105710798627
12.57012570125741	15.125072816303494
12.58012580125841	20.774828493051064
12.59012590125941	22.267124867133244
12.600126001260412	13.21034108735764
12.610126101261411	43.322920013505275
12.620126201262412	37.467833875690026
12.630126301263411	25.149142418330285
12.640126401264412	10.91719217178791
12.650126501265413	36.39325723564521
12.660126601266413	29.203412013163465
12.670126701267414	13.252413730893544
12.680126801268413	21.795246795173735
12.690126901269414	27.05631477536445
12.700127001270415	19.998038330760185
12.710127101271414	40.635682095940346
12.720127201272415	8.734609653367968
12.730127301273415	22.30797418909682
12.740127401274416	43.199960498407485
12.750127501275417	25.746326844743585
12.760127601276416	28.972359894217515
12.770127701277417	26.061373026064736
12.780127801278416	9.183666932901762
12.790127901279417	-4.320839559009966
12.800128001280417	10.364321357520645
12.810128101281418	35.5482457840675
12.820128201282419	17.304651216616374
12.830128301283418	11.958879750114505
12.840128401284419	10.326882367660295
12.850128501285418	25.36790129413546
12.86012860128642	7.966973773984481
12.87012870128742	25.728901455997775
12.88012880128842	7.7861946840870315
12.89012890128942	16.980840036462027
12.90012900129042	17.690499110843515
12.910129101291421	11.681791568793209
12.920129201292422	8.354155230080954
12.930129301293421	14.895583231463183
12.940129401294422	14.363730526178193
12.950129501295422	15.770318103346701
12.960129601296423	16.482687361619092
12.970129701297424	13.923521787166578
12.980129801298423	13.428548063967815
12.990129901299424	19.464954161413996
13.000130001300423	11.615023031756593
13.010130101301424	29.179717422329208
13.020130201302425	-6.605241155566037
13.030130301303425	19.101312089071268
13.040130401304426	14.090571036320142
13.050130501305425	19.084376305784755
13.060130601306426	28.774869111672544
13.070130701307427	23.2866177954563
13.080130801308426	16.131772216770152
13.090130901309427	15.410267310518167
13.100131001310427	27.22480032853695
13.110131101311428	-18.141727759376657
13.120131201312429	19.153159811345766
13.130131301313428	40.5639618358606
13.140131401314429	14.284173106983824
13.150131501315428	21.97264257268495
13.16013160131643	17.810285915134013
13.17013170131743	31.656089020370395
13.18013180131843	-5.323723939599538
13.19013190131943	28.507526655494644
13.20013200132043	-18.605452740517855
13.210132101321431	38.392190830889184
13.220132201322432	40.59703292583708
13.230132301323431	22.636678945457508
13.240132401324432	28.947771235314722
13.250132501325432	9.687208399886984
13.260132601326433	33.748424529983076
13.270132701327432	31.415698021425897
13.280132801328433	19.890802135177747
13.290132901329434	20.43831940593053
13.300133001330433	30.567587551555043
13.310133101331434	14.006332192087614
13.320133201332434	34.66646587058465
13.330133301333435	21.319482446752122
13.340133401334436	28.572913376889602
13.350133501335435	30.0885802085735
13.360133601336436	26.920205252895204
13.370133701337435	8.652553968954074
13.380133801338436	7.790132592289012
13.390133901339437	22.2613344510403
13.400134001340437	21.93907948093363
13.410134101341438	1.5817621960447903
13.420134201342437	26.71019956243325
13.430134301343438	7.0655428702863174
13.440134401344439	16.24978803243799
13.450134501345438	22.331752653275775
13.46013460134644	19.962051918104464
13.470134701347439	15.73199283789291
13.48013480134844	2.816517143432114
13.49013490134944	17.208835648211366
13.50013500135044	14.79760204214369
13.510135101351441	13.976056818523885
13.52013520135244	15.01097633490434
13.530135301353441	14.353303790535167
13.540135401354442	15.358414937524667
13.550135501355442	13.903137465679222
13.560135601356443	19.106757968237957
13.570135701357442	20.279717371562114
13.580135801358443	10.30633158373206
13.590135901359444	6.203028650477883
13.600136001360443	7.373294047191315
13.610136101361444	14.373609374850673
13.620136201362444	2.1577746976028824
13.630136301363445	22.527999150933102
13.640136401364446	12.102456871091679
13.650136501365445	20.4197287579008
13.660136601366446	15.11268907496103
13.670136701367445	-5.248782893886242
13.680136801368446	22.732163073920383
13.690136901369447	18.22434971055496
13.700137001370447	30.26153100839883
13.710137101371448	-3.739263476144073
13.720137201372447	32.97310597709444
13.730137301373448	22.61477127739748
13.740137401374447	25.727315778473816
13.750137501375448	33.03317708588318
13.76013760137645	4.006845817265733
13.770137701377449	21.03719015966328
13.78013780137845	33.424466815024424
13.790137901379449	32.71063715309991
13.80013800138045	18.700567862798646
13.810138101381451	27.82029191149162
13.82013820138245	30.165234440934338
13.830138301383451	20.686483413119888
13.84013840138445	-1.1281299457986724
13.850138501385452	19.673515270530277
13.860138601386453	25.518294421921627
13.870138701387452	30.27735175413431
13.880138801388453	15.765635525662692
13.890138901389452	30.180164173164357
13.900139001390453	21.669198503301118
13.910139101391454	21.551245950439352
13.920139201392454	38.37063666845877
13.930139301393455	11.440995563901335
13.940139401394454	32.99578505897278
13.950139501395455	22.91368348374621
13.960139601396456	19.60802844865031
13.970139701397455	19.49418367566803
13.980139801398456	23.281257246692327
13.990139901399456	17.195518805532952
14.000140001400457	33.452559090562794
14.010140101401458	0.7245202892377638
14.020140201402457	27.581276925778813
14.030140301403458	18.414652283719438
14.040140401404457	24.42607118776709
14.050140501405458	11.346254394512762
14.06014060140646	20.821798910765896
14.070140701407459	16.675735142270774
14.08014080140846	20.698553035294427
14.090140901409459	14.612777544633946
14.10014100141046	12.943370104976767
14.110141101411461	14.191396656435977
14.12014120141246	14.74432854550682
14.130141301413461	15.535447403125444
14.14014140141446	15.58594567316506
14.150141501415462	14.227867413845534
14.160141601416463	17.901106668635393
14.170141701417462	-5.3718683119129915
14.180141801418463	12.888114614520674
14.190141901419462	7.178134409209823
14.200142001420463	28.883794012278194
14.210142101421463	25.967452404388393
14.220142201422464	33.66717269403664
14.230142301423465	19.6600756087236
14.240142401424464	34.050892374007816
14.250142501425465	32.14812603797447
14.260142601426464	-5.791211584916194
14.270142701427465	19.52233919985888
14.280142801428466	13.428768383760644
14.290142901429466	20.25632544172069
14.300143001430467	-12.488894300697673
14.310143101431466	12.052412222887215
14.320143201432467	28.910556290239132
14.330143301433468	32.09965755145081
14.340143401434467	29.924587137716802
14.350143501435468	23.177164131350228
14.360143601436468	32.089668488817246
14.370143701437469	9.180585505892132
14.38014380143847	-1.4041297167238782
14.390143901439469	39.17081372012733
14.40014400144047	34.47250163982631
14.41014410144147	17.236192798354832
14.42014420144247	6.690399329087605
14.430144301443471	7.398430547707098
14.44014440144447	14.448658321863327
14.450144501445472	42.38811130504051
14.460144601446471	11.353769661885595
14.470144701447472	24.682989067502113
14.480144801448473	21.461223100857072
14.490144901449472	17.507902268283104
14.500145001450473	29.12567434724725
14.510145101451473	4.325245833066589
14.520145201452474	31.97407426183261
14.530145301453475	0.3999905327165651
14.540145401454474	31.881479995110496
14.550145501455475	16.583521642957958
14.560145601456474	24.628316966123812
14.570145701457475	27.75454030765491
14.580145801458476	12.0188530236799
14.590145901459476	26.05880712419592
14.600146001460477	7.54200496427351
14.610146101461476	17.80379260085001
14.620146201462477	22.196978369121943
14.630146301463478	25.146415113445357
14.640146401464477	-32.40199406330482
14.650146501465478	11.7233608275012
14.660146601466478	17.52031866045784
14.670146701467479	17.064392540490548
14.680146801468478	13.350702145350045
14.690146901469479	14.075024091493901
14.70014700147048	13.561940650842951
14.71014710147148	13.999146724104605
14.72014720147248	9.83283145307299
14.73014730147348	12.61792550914597
14.74014740147448	15.870543622353706
14.750147501475482	0.8892871052245518
14.760147601476481	17.7436045221358
14.770147701477482	6.157586556776871
14.780147801478481	17.553455481023306
14.790147901479482	26.30043435378669
14.800148001480483	19.94572511805187
14.810148101481483	-3.6686347952478298
14.820148201482484	5.1299224564952315
14.830148301483483	9.26897450598133
14.840148401484484	23.111153421035585
14.850148501485485	10.581127656524366
14.860148601486484	17.691980234062186
14.870148701487485	14.527019182210916
14.880148801488485	30.915785176259533
14.890148901489486	19.80059701677028
14.900149001490487	31.215073764465274
14.910149101491486	23.285584297390624
14.920149201492487	11.506695267625117
14.930149301493486	6.558590813870246
14.940149401494487	26.83010939951397
14.950149501495488	35.305568523445835
14.960149601496488	20.700877699634674
14.970149701497489	36.901455011198685
14.980149801498488	14.056029321849952
14.990149901499489	40.90280496125144
