0.0	nan
0.010000100001000326	6.752528857069198
0.020000200002000652	6.627579713339393
0.03000030000300098	-0.17755152598066443
0.040000400004001305	-9.360658525019696
0.05000050000500163	4.309203083615931
0.06000060000600196	-2.091281742776566
0.07000070000700229	-5.262094563056766
0.08000080000800261	3.2234824807379425
0.09000090000900293	-0.025187811293764035
0.10000100001000325	-3.8912489348431047
0.11000110001100359	2.4245415975185107
0.12000120001200391	0.7387139757136001
0.13000130001300425	1.1570486194590452
0.14000140001400457	-0.9730598952781779
0.1500015000150049	-0.8898734418266999
0.16000160001600522	0.6271173448128932
0.17000170001700554	1.3727889226513992
0.18000180001800586	2.2775872536460553
0.1900019000190062	1.5917071826633649
0.2000020000200065	2.033238858108679
0.21000210002100686	4.182046415153772
0.22000220002200718	4.980322876026159
0.2300023000230075	5.611182787470416
0.24000240002400783	6.32542771927597
0.2500025000250082	5.833803249663203
0.2600026000260085	9.603100310573728
0.2700027000270088	8.683453075193619
0.28000280002800915	10.51010529099076
0.29000290002900947	11.330381700401174
0.3000030000300098	13.072608077194728
0.3100031000310101	13.885414011801336
0.32000320003201044	14.23793259419077
0.33000330003301076	15.16607218279512
0.3400034000340111	15.49671461942862
0.3500035000350114	17.874760154760317
0.36000360003601173	19.679826195831083
0.37000370003701205	19.52727379979887
0.3800038000380124	21.05938498307176
0.3900039000390127	20.671810697581687
0.400004000040013	24.289053104635684
0.4100041000410134	22.575882627802148
0.4200042000420137	23.728971947307443
0.43000430004301404	24.369969181365274
0.44000440004401437	25.636266896256558
0.4500045000450147	25.684852090935976
0.460004600046015	24.743905369324533
0.47000470004701533	25.63222293958751
0.48000480004801566	24.927652028782404
0.490004900049016	25.280835049273055
0.5000050000500164	23.713127766488128
0.5100051000510166	23.304847585932183
0.520005200052017	23.500809224480992
0.5300053000530173	23.6121345172227
0.5400054000540176	22.156868781344556
0.5500055000550179	21.94464142298415
0.5600056000560183	21.42448534590825
0.5700057000570186	20.448029441514727
0.5800058000580189	20.173395226201798
0.5900059000590192	19.3156513623007
0.6000060000600196	19.003509924695365
0.6100061000610199	18.668483838179238
0.6200062000620202	18.523192172395476
0.6300063000630205	17.96616772101392
0.6400064000640209	18.27323340960392
0.6500065000650213	17.945090811036962
0.6600066000660215	17.257121872166543
0.6700067000670219	17.569743370038726
0.6800068000680222	16.789124944336184
0.6900069000690225	16.894363382363128
0.7000070000700228	16.36896906702687
0.7100071000710232	16.74385008985678
0.7200072000720235	16.982520990724385
0.7300073000730238	17.07421319079614
0.7400074000740241	17.08492820425484
0.7500075000750245	16.821619694258942
0.7600076000760247	17.381297647568143
0.7700077000770251	17.22429758237357
0.7800078000780254	17.425919042581675
0.7900079000790258	17.713033830052385
0.800008000080026	18.019421623954976
0.8100081000810264	18.374168129431784
0.8200082000820268	18.799089933627467
0.8300083000830271	19.24414451048453
0.8400084000840274	19.3100311978136
0.8500085000850277	19.99287019403055
0.8600086000860281	20.460095183250942
0.8700087000870284	21.311478619072513
0.8800088000880287	21.476211521702773
0.890008900089029	22.947703701766873
0.9000090000900294	23.106917655804327
0.9100091000910296	24.173305875880853
0.92000920009203	24.284926694607222
0.9300093000930303	24.828583456084704
0.9400094000940307	25.987680162156042
0.9500095000950309	27.124267434398394
0.9600096000960313	27.685191365678993
0.9700097000970317	28.855267432532543
0.980009800098032	30.674679560082197
0.9900099000990323	30.92503780641745
1.0000100001000327	32.6851014108255
1.0100101001010329	33.05195094325183
1.0200102001020332	28.48465301912153
1.0300103001030336	35.02014446665897
1.040010400104034	36.03675682466128
1.0500105001050342	38.47331299540674
1.0600106001060345	38.33097011441555
1.070010700107035	39.48566667752705
1.0800108001080353	40.52275790072394
1.0900109001090355	42.344957599521294
1.1000110001100358	31.317235701866608
1.1100111001110362	40.16839714224432
1.1200112001120366	39.319604306974504
1.130011300113037	43.47849355738641
1.1400114001140371	42.95480339766069
1.1500115001150375	41.215872402454764
1.1600116001160379	41.247899713062644
1.1700117001170383	40.894346255403846
1.1800118001180384	40.56859361185655
1.1900119001190388	39.315980307192426
1.2000120001200392	40.10673360172178
1.2100121001210395	36.94996581731697
1.2200122001220397	40.40289837848234
1.23001230012304	35.72164461742824
1.2400124001240405	38.74800785401014
1.2500125001250408	39.0339936602386
1.260012600126041	38.02472858167584
1.2700127001270414	38.57570540795207
1.2800128001280418	38.932886540800205
1.2900129001290421	38.45744593494792
1.3000130001300425	37.94785566328643
1.3100131001310427	36.84488693414405
1.320013200132043	38.821248300193254
1.3300133001330434	38.570558778581216
1.3400134001340438	39.81788630883843
1.350013500135044	40.0810465264556
1.3600136001360443	40.503202135963456
1.3700137001370447	40.15938369939034
1.380013800138045	40.758211861706734
1.3900139001390452	41.00233655202991
1.4000140001400456	42.13260981411192
1.410014100141046	33.76853067988507
1.4200142001420464	44.27415368190524
1.4300143001430465	44.30114835330988
1.440014400144047	44.00458594892416
1.4500145001450473	45.200813213155435
1.4600146001460477	47.34940780106022
1.470014700147048	48.42158635614619
1.4800148001480482	50.26036437078947
1.4900149001490486	50.02050914135914
1.500015000150049	51.60230373961379
1.5100151001510493	54.01488031347204
1.5200152001520495	55.299383775851894
1.5300153001530499	55.24849647141553
1.5400154001540503	57.53897805404661
1.5500155001550506	63.882016820985555
1.5600156001560508	64.66759775671503
1.5700157001570512	64.23636337646694
1.5800158001580515	65.16705280680792
1.590015900159052	73.38567013287555
1.600016000160052	76.38570582585932
1.6100161001610525	71.98186297621139
1.6200162001620528	71.74696351741909
1.6300163001630532	83.14060721498548
1.6400164001640536	82.88409942336531
1.6500165001650537	57.77071107963946
1.6600166001660541	14.601878630794022
1.6700167001670545	0.45841295820764694
1.6800168001680549	50.427553321987425
1.690016900169055	69.70333990997052
1.7000170001700554	72.82870152171077
1.7100171001710558	73.16452721781428
1.7200172001720562	35.68693153399402
1.7300173001730563	95.3531317021191
1.7400174001740567	78.01776159956975
1.750017500175057	75.6870848878764
1.7600176001760575	90.01873121671638
1.7700177001770578	96.31690014392413
1.780017800178058	72.23443087743219
1.7900179001790584	74.98037876695588
1.8000180001800588	75.9729878189251
1.8100181001810591	88.40514110596341
1.8200182001820593	75.3119983571569
1.8300183001830597	66.27245403396563
1.84001840018406	74.53599630268376
1.8500185001850604	74.90378521782394
1.8600186001860606	69.65847801486885
1.870018700187061	46.88618039260638
1.8800188001880613	65.5703468742622
1.8900189001890617	75.77497152128707
1.9000190001900619	62.949985797486015
1.9100191001910622	64.4170859387813
1.9200192001920626	53.33160723113815
1.930019300193063	70.67085940409886
1.9400194001940634	63.33227821377224
1.9500195001950635	60.23992437226265
1.960019600196064	62.40424843028176
1.9700197001970643	66.86051727569948
1.9800198001980647	59.93049373346855
1.9900199001990648	58.93784606981252
2.0000200002000654	56.14814474665314
2.0100201002010656	57.916764027613475
2.0200202002020657	55.696817312922214
2.0300203002030663	61.68836346904764
2.0400204002040665	54.56208202685858
2.0500205002050667	65.32005344459088
2.0600206002060673	69.99260590731907
2.0700207002070674	58.68456666377278
2.080020800208068	46.742023638242166
2.090020900209068	52.204579302157256
2.1000210002100683	64.66349700155308
2.110021100211069	57.7953844163338
2.120021200212069	47.038498817476224
2.1300213002130697	52.0805527129782
2.14002140021407	62.85720016643607
2.15002150021507	56.6916300542164
2.1600216002160706	42.22521982241893
2.1700217002170707	36.02679065139384
2.180021800218071	61.4896453961614
2.1900219002190715	59.04228615387189
2.2000220002200717	31.069375438314946
2.2100221002210723	43.62203002820592
2.2200222002220724	42.9853773289546
2.2300223002230726	49.534276277503075
2.240022400224073	47.07876254747638
2.2500225002250733	34.72053502794823
2.260022600226074	23.9101008087149
2.270022700227074	2.764276097947361
2.2800228002280742	0.7136584116904073
2.290022900229075	21.740763131820813
2.300023000230075	32.06377788190522
2.310023100231075	30.450124531804715
2.3200232002320758	33.06752518339999
2.330023300233076	50.58265498468897
2.3400234002340765	56.256387602954504
2.3500235002350767	34.71726325569571
2.360023600236077	38.36965346138207
2.3700237002370774	45.49968028700397
2.3800238002380776	80.6308845842998
2.3900239002390777	31.43685524818969
2.4000240002400783	33.2674225222434
2.4100241002410785	46.86490384940094
2.420024200242079	58.54283438326118
2.4300243002430792	98.63795215153154
2.4400244002440794	38.69839044904448
2.45002450024508	45.079469267730786
2.46002460024608	61.65032573361566
2.4700247002470808	48.228357435676315
2.480024800248081	51.90657412455382
2.490024900249081	42.65572464500035
2.5000250002500817	64.51443804476504
2.510025100251082	65.92460161144298
2.520025200252082	58.916971026957356
2.5300253002530826	54.62298511468807
2.5400254002540827	54.48302857285779
2.5500255002550833	71.73404922281043
2.5600256002560835	53.0625952260708
2.5700257002570837	58.38166503734616
2.5800258002580843	54.52993648684601
2.5900259002590844	64.06990169716913
2.600026000260085	53.30566310629106
2.610026100261085	52.905919056553714
2.6200262002620853	44.570875496159935
2.630026300263086	26.41883388978416
2.640026400264086	12.351195101870324
2.6500265002650862	24.839867391424878
2.660026600266087	32.71008835355278
2.670026700267087	37.50925096578708
2.6800268002680876	47.283498491291134
2.6900269002690878	26.676856471773963
2.700027000270088	41.393990363323994
2.7100271002710885	39.05569596233883
2.7200272002720887	42.790600229908854
2.7300273002730893	34.35326603401663
2.7400274002740894	30.87873435089205
2.7500275002750896	39.057691740212185
2.76002760027609	35.12800419097881
2.7700277002770903	-1.681798051894624
2.7800278002780905	-0.5421046583034095
2.790027900279091	-7.967358352273035
2.8000280002800912	6.394924403780164
2.810028100281092	16.648918375230448
2.820028200282092	19.835771092117195
2.830028300283092	7.120325078692218
2.8400284002840928	-15.721267294277483
2.850028500285093	6.533482049560892
2.860028600286093	4.839380425179417
2.8700287002870937	-3.908781871599428
2.880028800288094	-8.844639865149325
2.8900289002890944	-6.046350328828547
2.9000290002900946	-7.824612546134048
2.9100291002910947	-24.726090616090143
2.9200292002920953	-15.939952987540295
2.9300293002930955	4.917310511165929
2.940029400294096	13.460005164224595
2.9500295002950963	5.224315275485877
2.9600296002960964	-17.89338491528146
2.970029700297097	15.693531166340936
2.980029800298097	12.675799129469064
2.9900299002990973	8.56701547320597
3.000030000300098	6.5907148015706944
3.010030100301098	14.359476972036253
3.0200302003020987	16.364084613981237
3.030030300303099	15.966820401597733
3.040030400304099	7.471690065289038
3.0500305003050996	13.305021835407468
3.0600306003060997	8.112728688775618
3.0700307003071003	14.829775830676127
3.0800308003081005	4.992659670846428
3.0900309003091007	-5.594454508718299
3.1000310003101013	8.179981347041435
3.1100311003111014	8.20414294869643
3.1200312003121016	28.628730453739617
3.130031300313102	-2.5372729479224096
3.1400314003141023	20.618404692942665
3.150031500315103	-4.030919714634601
3.160031600316103	13.540507396019471
3.1700317003171032	12.489789423090166
3.180031800318104	31.301452669853415
3.190031900319104	3.21662967127802
3.200032000320104	27.976335589837134
3.2100321003211048	23.041898137693334
3.220032200322105	10.405250490449834
3.2300323003231055	26.144287975409508
3.2400324003241057	14.701890841112682
3.250032500325106	22.126142925459067
3.2600326003261064	11.473161952604363
3.2700327003271066	27.77127670381032
3.280032800328107	15.720032040175926
3.2900329003291073	10.8555114240874
3.3000330003301075	12.575754779853465
3.310033100331108	18.05279374814702
3.3200332003321082	20.76114686766996
3.3300333003331084	4.428977901424877
3.340033400334109	-0.673408371362563
3.350033500335109	25.953145739639872
3.3600336003361098	24.278993924156634
3.37003370033711	9.067471403352497
3.38003380033811	9.79198644160688
3.3900339003391107	9.847051085288172
3.400034000340111	22.3939731870696
3.4100341003411114	4.573914453722203
3.4200342003421116	-21.599836074233448
3.4300343003431117	4.307874381408767
3.4400344003441123	8.269328176137652
3.4500345003451125	1.5483024129798983
3.4600346003461127	-8.301642610535215
3.4700347003471133	-11.024023371419137
3.4800348003481134	-4.4138323582078955
3.490034900349114	-9.878893660256029
3.500035000350114	-3.0322369088467833
3.5100351003511143	7.074726557463871
3.520035200352115	6.773781686170666
3.530035300353115	0.8326196672747881
3.5400354003541157	-20.390266575864583
3.550035500355116	20.226155296336316
3.560035600356116	14.826660149658776
3.5700357003571166	13.627762611231155
3.5800358003581167	12.073698325494373
3.590035900359117	16.819426880057815
3.6000360003601175	8.35278461219063
3.6100361003611177	11.08515781443009
3.6200362003621183	16.91485461378206
3.6300363003631184	9.256105520257828
3.6400364003641186	18.949779769603282
3.650036500365119	2.4258536040497733
3.6600366003661193	9.228714840026264
3.6700367003671195	-15.70883128235745
3.68003680036812	8.696663106597414
3.6900369003691202	14.589395315261948
3.700037000370121	18.791193000665633
3.710037100371121	30.253571474941133
3.720037200372121	31.669204563278885
3.7300373003731218	-8.424768778699068
3.740037400374122	36.52946988264622
3.7500375003751225	37.88490997475137
3.7600376003761227	28.81450697572224
3.770037700377123	22.45473416053932
3.7800378003781234	29.032526902508113
3.7900379003791236	29.766525889844353
3.8000380003801237	12.56320120809068
3.8100381003811243	25.17775583776105
3.8200382003821245	-27.36970038454587
3.830038300383125	34.39267925007054
3.8400384003841253	3.8815668102469307
3.8500385003851254	33.80458036320826
3.860038600386126	24.36925675685896
3.870038700387126	16.676207100428204
3.8800388003881268	3.5257048830447495
3.890038900389127	27.748537630110047
3.900039000390127	14.900282504151075
3.9100391003911277	13.750164323233008
3.920039200392128	17.839546915827153
3.930039300393128	16.980619921522614
3.9400394003941286	13.279482060537603
3.9500395003951287	3.4531855194203214
3.9600396003961293	7.661159276790857
3.9700397003971295	-15.06469443613874
3.9800398003981297	-4.847100097960849
3.9900399003991303	-4.325332828913738
4.000040000400131	-3.6494996381146354
4.010040100401131	1.6723567284326688
4.020040200402131	-36.15572659670525
4.030040300403131	-11.389633588564372
4.0400404004041315	8.485964808532431
4.0500405004051325	2.2149188931908843
4.060040600406133	-8.691508414022023
4.070040700407133	-7.114972355161091
4.080040800408133	-6.715309509318151
4.090040900409133	-13.904272617725194
4.100041000410133	-9.627595518176205
4.110041100411134	-1.7151544665123453
4.1200412004121345	8.125161046913732
4.130041300413135	-20.617114368319918
4.140041400414135	-7.05043540809729
4.150041500415135	0.840140446499442
4.160041600416136	0.6703397471469689
4.170041700417136	-0.4803394864937998
4.180041800418136	13.047299077607022
4.1900419004191365	-21.78290054322741
4.200042000420137	11.856668137574013
4.210042100421138	7.443199627283099
4.220042200422138	-44.968306841299515
4.230042300423138	19.917369022495535
4.240042400424138	9.760184838074409
4.250042500425138	2.2177394216309843
4.260042600426139	6.2331334476132145
4.2700427004271395	-8.332630229881204
4.28004280042814	-0.8110542876424394
4.29004290042914	-9.375693437731092
4.30004300043014	-1.31896284477797
4.31004310043114	11.816194784051108
4.320043200432141	5.640654221336477
4.330043300433141	1.9981454196910198
4.3400434004341415	17.64617530374997
4.350043500435142	8.18563526238372
4.360043600436142	17.93119316929337
4.370043700437143	12.65948888340989
4.380043800438143	9.510856088441304
4.390043900439143	20.691014498471624
4.400044000440143	11.716959355730815
4.4100441004411435	8.442923257328525
4.4200442004421445	10.062523733544946
4.430044300443145	14.868326807916405
4.440044400444145	14.891766843756864
4.450044500445145	10.902972675789428
4.460044600446145	7.256506484423949
4.470044700447146	13.157303955505025
4.480044800448146	-4.8292666280078445
4.4900449004491465	-17.56291365402386
4.500045000450147	-0.6998360351975994
4.510045100451147	13.817554999043494
4.520045200452148	-4.421524910740185
4.530045300453148	-9.688469762245836
4.540045400454148	5.9959698835422035
4.550045500455148	-16.041173646122395
4.5600456004561485	12.11599650013711
4.570045700457149	-25.591590174493774
4.58004580045815	1.0694805425217935
4.59004590045915	10.442394198541283
4.60004600046015	-11.679935540912293
4.61004610046115	-8.003041010239698
4.62004620046215	-10.635730246568276
4.630046300463151	3.0488772047485155
4.6400464004641515	1.101121882062386
4.650046500465152	-3.097504272708918
4.660046600466152	-6.69048046524764
4.670046700467152	-5.872503513923906
4.680046800468153	-6.424453510948279
4.690046900469153	-6.886755646346213
4.700047000470153	-0.9201241448952961
4.7100471004711535	-2.0304349450350876
4.720047200472154	1.3464934225328329
4.730047300473155	-6.279666764407705
4.740047400474155	-4.394359947563106
4.750047500475155	-6.250591923808177
4.760047600476155	3.3589417471641063
4.770047700477155	6.939996551565794
4.7800478004781555	1.1304674784159021
4.7900479004791565	5.194817874787995
4.800048000480157	7.1903050413205145
4.810048100481157	-3.3839045535759373
4.820048200482157	0.3537779085456411
4.830048300483157	-20.015939587065233
4.840048400484158	13.596988931294579
4.850048500485158	2.369505690651974
4.8600486004861585	-19.401563484207937
4.870048700487159	17.998165658739623
4.880048800488159	-1.3824251750589236
4.89004890048916	-4.009768600462938
4.90004900049016	-1.4543509737870002
4.91004910049116	8.997127710311169
4.92004920049216	-5.814211587063179
4.9300493004931605	-9.715279043625847
4.9400494004941615	20.661482465669128
4.950049500495162	17.507722804766644
4.960049600496162	-14.816441668134864
4.970049700497162	7.101981426619201
4.980049800498162	-11.809285060418336
4.990049900499163	18.570893805763266
5.000050000500163	3.693946704726226
5.0100501005011635	9.464942714628616
5.020050200502164	19.40794595079647
5.030050300503164	15.090401280725077
5.040050400504164	16.446562903308855
5.050050500505165	-3.672922737611344
5.060050600506165	-8.920835495939297
5.070050700507165	0.10969423336475755
5.0800508005081655	10.329479812965362
5.090050900509166	11.866937931192567
5.100051000510167	8.807212433555735
5.110051100511167	15.30146055741461
5.120051200512167	-9.305367067872705
5.130051300513167	9.129326665624946
5.140051400514167	5.782327579071668
5.150051500515168	-23.77688982908056
5.1600516005161685	-16.82665366610036
5.170051700517169	-4.414973636179264
5.180051800518169	7.765260561851926
5.190051900519169	-10.501499421995526
5.20005200052017	-4.1735122076947775
5.21005210052117	-20.7104496274422
5.22005220052217	0.23828445542440843
5.2300523005231705	-2.7269940392664376
5.240052400524171	-5.15779583453367
5.250052500525171	-3.206329302203439
5.260052600526172	-5.542719720523633
5.270052700527172	-5.527853085911438
5.280052800528172	-7.308950474639521
5.290052900529172	-20.77802020423198
5.3000530005301725	-6.947151151629456
5.3100531005311735	-15.229211878253285
5.320053200532174	0.845282213363608
5.330053300533174	2.0899994109681974
5.340053400534174	-2.944839703805447
5.350053500535174	5.617758906327281
5.360053600536175	-11.893582582567294
5.370053700537175	-2.015686586069882
5.3800538005381755	-3.57718559881672
5.390053900539176	4.752809056467046
5.400054000540176	10.923256175028095
5.410054100541177	5.709871023616946
5.420054200542177	8.023184167913708
5.430054300543177	2.545718988345433
5.440054400544177	0.011044250385654528
5.4500545005451775	4.362495783219641
5.4600546005461785	21.10888945977176
5.470054700547179	1.225935905446822
5.480054800548179	4.16424877466062
5.490054900549179	-5.323894283996019
5.500055000550179	10.31347415709382
5.510055100551179	-3.650696755671831
5.52005520055218	11.368916321643157
5.5300553005531805	-0.3958662472992612
5.540055400554181	-8.61117371752261
5.550055500555181	-10.022212839283812
5.560055600556181	3.158600309018498
5.570055700557182	-4.151376859607595
5.580055800558182	5.116523018772771
5.590055900559182	16.201918117989077
5.6000560005601825	-0.17179711202757658
5.610056100561183	18.470226168931585
5.620056200562184	5.7748799272634415
5.630056300563184	7.293759504545776
5.640056400564184	20.094744540631936
5.650056500565184	-17.790828940207607
5.660056600566184	16.32313817665104
5.670056700567185	3.064333284053814
5.6800568005681855	10.958148012981281
5.690056900569186	2.560869189880014
5.700057000570186	-6.8373844227329
5.710057100571186	2.651977980513889
5.720057200572186	14.545467290482696
5.730057300573187	0.9769675652273475
5.740057400574187	0.4497256342317356
5.7500575005751875	5.7392360519195655
5.760057600576188	0.07832750149618055
5.770057700577188	-13.59383091056271
5.780057800578189	-12.512606129742126
5.790057900579189	-0.6332110493039519
5.800058000580189	4.541667208568642
5.810058100581189	-13.478880387080418
5.8200582005821895	-23.33342909898499
5.8300583005831905	-7.70914962995501
5.840058400584191	-3.328847002433335
5.850058500585191	-5.741455484869411
5.860058600586191	-6.338342352822466
5.870058700587191	-5.1325491843569315
5.880058800588192	-2.540546891520461
5.890058900589192	-2.184745185006145
5.9000590005901925	-5.909386601239696
5.910059100591193	-17.097851154240956
5.920059200592193	6.564209926073207
5.930059300593194	-15.160704422056483
5.940059400594194	-16.60302505678
5.950059500595194	5.984454401326234
5.960059600596194	14.2986354039457
5.9700597005971945	-14.907602475957672
5.980059800598195	-3.243929670754149
5.990059900599196	10.847840925176042
6.000060000600196	-7.460298715923092
6.010060100601196	10.376580246083417
6.020060200602196	3.764808035100575
6.030060300603196	15.238752981347497
6.040060400604197	-10.995987280087363
6.0500605006051975	8.936582407140529
6.060060600606198	10.30696329083378
6.070060700607198	20.441886097878808
6.080060800608198	-15.418680595275312
6.090060900609199	-33.339193080245835
6.100061000610199	-1.3098351315349477
6.110061100611199	12.709770456086156
6.1200612006121995	3.8059407479008733
6.1300613006132	-1.2164260549995822
6.140061400614201	15.789159480201505
6.150061500615201	-4.305565275193973
6.160061600616201	23.80067492095999
6.170061700617201	3.250277181353601
6.180061800618201	0.24747926812896698
6.1900619006192015	19.038510514560183
6.2000620006202025	9.415799868235379
6.210062100621203	-0.5756303137950319
6.220062200622203	17.248104838862158
6.230062300623203	-8.637419286203825
6.240062400624203	-6.558068533510355
6.250062500625204	7.892986097445917
6.260062600626204	-6.968614005663154
6.2700627006272045	3.5175955731584816
6.280062800628205	11.629409165499045
6.290062900629205	15.171807529013094
6.300063000630206	-11.814479126364912
6.310063100631206	-14.302250056237236
6.320063200632206	-3.0128930624953516
6.330063300633206	7.743994796842978
6.3400634006342065	8.131599959624701
6.3500635006352075	8.981568085164405
6.360063600636208	-2.64339042640131
6.370063700637208	1.9609310142638494
6.380063800638208	-15.469015500085996
6.390063900639208	-18.906479456413884
6.400064000640208	-3.1820546562690897
6.410064100641209	-5.811731251653749
6.4200642006422095	-12.9664933454473
6.43006430064321	-6.349493779680558
6.44006440064421	-7.386091021494523
6.45006450064521	-7.1799350561845685
6.460064600646211	-9.068184620828955
6.470064700647211	-8.923070051405924
6.480064800648211	-2.495016328944635
6.4900649006492115	-8.876925187477255
6.500065000650212	-19.1133897596875
6.510065100651213	5.01363487959784
6.520065200652213	-10.004588984559978
6.530065300653213	1.2859933082740944
6.540065400654213	4.1355883732017995
6.550065500655213	4.266943629943106
6.560065600656214	-0.46495708180307505
6.5700657006572145	-14.18609539575715
6.580065800658215	-17.521132690776803
6.590065900659215	-4.127384101635246
6.600066000660215	11.786171364307837
6.610066100661216	9.005735381409586
6.620066200662216	-0.8573156002456033
6.630066300663216	-8.108349599573124
6.6400664006642165	6.288913257698376
6.650066500665217	-32.626182337983124
6.660066600666217	8.497165910093836
6.670066700667218	-3.542158759375557
6.680066800668218	17.977390234759643
6.690066900669218	5.053111238520251
6.700067000670218	5.972060226678468
6.7100671006712185	-21.0754624642928
6.7200672006722195	7.305270327564304
6.73006730067322	-8.941370274589252
6.74006740067422	6.673763593348063
6.75006750067522	-23.029592796934836
6.76006760067622	12.494328130013262
6.770067700677221	17.782556457218785
6.780067800678221	9.027311244744384
6.7900679006792215	20.772017312871913
6.800068000680222	-9.21093844142322
6.810068100681222	8.184559776355028
6.820068200682223	-9.801752804946423
6.830068300683223	-0.9700449042398532
6.840068400684223	8.189611641572231
6.850068500685223	-3.806350863055629
6.8600686006862235	-10.208472396279884
6.870068700687224	-4.112580187410491
6.880068800688225	-1.741427669709168
6.890068900689225	-18.967286281768878
6.900069000690225	-7.7429518603080565
6.910069100691225	17.930926880761955
6.920069200692225	1.0673555138738222
6.930069300693226	2.0246956449733076
6.9400694006942265	-3.307431363995497
6.950069500695227	-6.504450814467775
6.960069600696227	-10.895306717023713
6.970069700697227	1.760723006540287
6.980069800698228	-8.505281801505236
6.990069900699228	-5.630982320338677
7.000070000700228	-5.242897682251789
7.0100701007012285	-4.575226721429505
7.020070200702229	-7.094200453690539
7.03007030070323	-4.807930471979061
7.04007040070423	-5.8859520114866015
7.05007050070523	-5.599623746453707
7.06007060070623	2.4489945045335375
7.07007070070723	-9.239789300535149
7.080070800708231	4.142178261715998
7.0900709007092315	-13.447506359821626
7.100071000710232	-16.997417280883898
7.110071100711232	-31.941631006178365
7.120071200712232	-9.228243577921397
7.130071300713232	-11.218426123412296
7.140071400714233	-12.20607067872133
7.150071500715233	-1.3817567771368906
7.1600716007162335	1.620980836499325
7.170071700717234	3.5906844784972085
7.180071800718234	-1.9353825091990595
7.190071900719235	14.205283144620083
7.200072000720235	2.5554512920729007
7.210072100721235	14.820051673837156
7.220072200722235	2.9748036372732485
7.2300723007232355	14.162056839877087
7.2400724007242365	-2.5162575476775424
7.250072500725237	6.937623774458644
7.260072600726237	-7.343621023721696
7.270072700727237	10.452012209008378
7.280072800728237	-13.56975418324674
7.290072900729238	5.12386463201952
7.300073000730238	-26.06127214332204
7.3100731007312385	-4.691485268252459
7.320073200732239	19.016571892809193
7.330073300733239	0.6074366171560296
7.340073400734239	10.752036372861188
7.35007350073524	14.026157281967281
7.36007360073624	24.427761801809474
7.37007370073724	-9.135548969010364
7.3800738007382405	0.9157966296275681
7.390073900739241	11.377689175131666
7.400074000740242	18.77660743464586
7.410074100741242	11.64012843949241
7.420074200742242	-7.523743178988199
7.430074300743242	1.9352140643516753
7.440074400744242	2.684302084126418
7.450074500745243	-4.849353853226793
7.4600746007462435	8.536271712848773
7.470074700747244	-6.644566603078268
7.480074800748244	5.033744153529889
7.490074900749244	7.212116839642292
7.500075000750245	6.605596530054952
7.510075100751245	5.067538696850413
7.520075200752245	-20.14573154981207
7.5300753007532455	-20.715327281913847
7.540075400754246	-2.582028956122574
7.550075500755247	-16.764957516810718
7.560075600756247	8.066521170333798
7.570075700757247	-12.529993525976668
7.580075800758247	-4.4664774113273555
7.590075900759247	-1.1143779289750895
7.6000760007602475	-7.556601298156918
7.6100761007612485	-2.817825708729283
7.620076200762249	-4.7397682480580885
7.630076300763249	-5.846575079215112
7.640076400764249	-6.114982831237801
7.650076500765249	-6.799344471901399
7.66007660076625	-0.7227748443084282
7.67007670076725	-2.0213366343574815
7.6800768007682505	-13.765827792095259
7.690076900769251	1.2796516841074692
7.700077000770251	-17.33704146282822
7.710077100771252	-16.290652721475116
7.720077200772252	-1.293736464296503
7.730077300773252	0.26868399512530394
7.740077400774252	3.2007954093811373
7.7500775007752525	7.097406838339416
7.7600776007762535	9.50291512834861
7.770077700777254	11.126207434943014
7.780077800778254	-31.009705128136297
7.790077900779254	-16.620344835250854
7.800078000780254	9.502064227656577
7.810078100781254	1.6274356532292813
7.820078200782255	6.2574966123484606
7.8300783007832555	-10.531851660958198
7.840078400784256	-8.261839083385107
7.850078500785256	-1.1694738046731517
7.860078600786256	-15.488472497464294
7.870078700787257	-7.456135933095473
7.880078800788257	4.009492904888308
7.890078900789257	3.7719583350370405
7.9000790007902575	-10.736362476809555
7.910079100791258	11.676512515681129
7.920079200792259	12.174139643654874
7.930079300793259	-8.673794653883968
7.940079400794259	1.5103297197705547
7.950079500795259	1.0896542591875105
7.960079600796259	-36.86493764409445
7.97007970079726	6.164823728969027
7.9800798007982605	18.866188322378008
7.990079900799261	-5.404922669584428
8.000080000800262	15.684255163974235
8.010080100801261	3.493929262690215
8.020080200802262	-25.30619182972285
8.030080300803261	-6.244160418211195
8.040080400804262	-2.742999354623993
8.050080500805263	16.390547313041626
8.060080600806263	7.771201947130256
8.070080700807264	11.149816055823575
8.080080800808263	3.0415222063356944
8.090080900809264	-6.870455542473016
8.100081000810265	-3.1604775835391723
8.110081100811264	-10.066639713181466
8.120081200812265	-9.880893052972363
8.130081300813265	1.4201023224184273
8.140081400814266	-9.321821966769388
8.150081500815265	2.7810990688484187
8.160081600816266	-3.3823595821646655
8.170081700817267	2.778120702707103
8.180081800818266	-13.999694454039943
8.190081900819267	-6.967862555628811
8.200082000820267	-1.8950135499697618
8.210082100821268	-9.007763721855673
8.220082200822269	-7.062469353260028
8.230082300823268	-10.359258420032798
8.240082400824269	-3.0673354102032877
8.250082500825268	-14.029730753096098
8.26008260082627	-11.094123460682972
8.27008270082727	-0.2833652727549071
8.28008280082827	-13.97449628332831
8.29008290082927	-3.3348844925971655
8.30008300083027	-7.377432462408696
8.310083100831271	-10.525483390770965
8.320083200832272	-3.579397900894677
8.330083300833271	16.56465688664038
8.340083400834272	4.374287477475979
8.350083500835272	10.164266024474344
8.360083600836273	-25.006596185585586
8.370083700837274	1.780270548374376
8.380083800838273	6.260988395053873
8.390083900839274	6.67583869560652
8.400084000840273	7.063942002372699
8.410084100841274	8.123038625769192
8.420084200842275	17.875102859574792
8.430084300843275	0.06222467477686952
8.440084400844276	15.261345596958714
8.450084500845275	20.177607774213417
8.460084600846276	17.71417784189572
8.470084700847277	-14.45588035971859
8.480084800848276	7.364982665500616
8.490084900849277	-16.482455844939686
8.500085000850277	8.66599771188682
8.510085100851278	-12.927746694464645
8.520085200852279	12.137731252467445
8.530085300853278	2.96734011420281
8.540085400854279	10.03605868369891
8.550085500855278	-4.141720769338384
8.56008560085628	14.416838239610989
8.57008570085728	3.6482406593525036
8.58008580085828	-11.856233073165876
8.59008590085928	-6.339505786529585
8.60008600086028	-10.37198906291164
8.610086100861281	-23.556508309233983
8.62008620086228	-17.584140469761227
8.630086300863281	11.571615140370739
8.640086400864282	10.658294298069125
8.650086500865282	1.0935535315288702
8.660086600866283	12.609606165162182
8.670086700867282	14.877252870001639
8.680086800868283	-6.710636677032828
8.690086900869284	-5.331066073443915
8.700087000870283	-27.265392531600874
8.710087100871284	0.16101898897203692
8.720087200872284	0.40589035935513784
8.730087300873285	-27.23302509133299
8.740087400874286	-0.12064933095710659
8.750087500875285	-24.160192026741992
8.760087600876286	-6.361105999126372
8.770087700877285	-3.716728798117872
8.780087800878286	-8.136022236300919
8.790087900879287	-1.8493908485830721
8.800088000880287	-4.80699188721378
8.810088100881288	-5.420151459923002
8.820088200882287	-6.922440678526311
8.830088300883288	-2.9991363786203626
8.840088400884289	-5.911739239663185
8.850088500885288	-10.062793706431007
8.86008860088629	-2.8522176253965625
8.870088700887289	-15.354861722029819
8.88008880088829	-20.939993335509715
8.89008890088929	-7.425579643233227
8.90008900089029	1.0286427655186072
8.910089100891291	-35.90064676418431
8.92008920089229	-6.783681671474059
8.930089300893291	-1.3237483781796056
8.940089400894292	9.243352525528557
8.950089500895292	11.172489960058783
8.960089600896293	5.030732602589474
8.970089700897292	-9.203873792704618
8.980089800898293	-51.276128277551074
8.990089900899294	-12.466408123939887
9.000090000900293	4.511284298159872
9.010090100901294	12.448460751601285
9.020090200902294	-1.2225622859137497
9.030090300903295	-4.409874266400665
9.040090400904296	-5.946865592506535
9.050090500905295	-0.08281951449463464
9.060090600906296	-6.118900969461669
9.070090700907295	10.539912968285453
9.080090800908296	-18.072750357252552
9.090090900909296	16.16386253753086
9.100091000910297	-1.4800098995550675
9.110091100911298	3.0153738567916175
9.120091200912297	6.730439023865073
9.130091300913298	7.4642431591519305
9.140091400914297	10.609286677565212
9.150091500915298	19.57592250907764
9.1600916009163	-1.4825253767170425
9.170091700917299	-11.916780343638761
9.1800918009183	17.648544427950608
9.190091900919299	-9.766324635439299
9.2000920009203	-3.9228911559784088
9.210092100921301	6.894088321545218
9.2200922009223	-6.576113767061928
9.230092300923301	-5.073065731030684
9.2400924009243	13.481075931891805
9.250092500925302	10.451095314363366
9.260092600926303	-1.1593902438522359
9.270092700927302	4.207413320567915
9.280092800928303	-3.7265691491725375
9.290092900929302	-8.84217230118787
9.300093000930303	-1.5907328220588548
9.310093100931304	-6.471967948337466
9.320093200932304	-24.833484863418978
9.330093300933305	-17.56568363226693
9.340093400934304	-1.3464570025360996
9.350093500935305	2.2238916623154923
9.360093600936306	-12.022804792743427
9.370093700937305	-3.92398500598819
9.380093800938306	-10.148385723028973
9.390093900939306	-8.256121031927474
9.400094000940307	-7.5175419630089095
9.410094100941308	-7.0897932054641215
9.420094200942307	-7.598043883190248
9.430094300943308	-7.466416727028541
9.440094400944307	-3.562168864133741
9.450094500945308	-10.670863840027376
9.46009460094631	3.4123632110751845
9.470094700947309	-8.851084121280179
9.48009480094831	-1.695621663529462
9.490094900949309	-20.8246252824835
9.50009500095031	3.6216583134623512
9.510095100951311	9.20238439845332
9.52009520095231	-39.35196186791488
9.530095300953311	-2.0283361700353755
9.54009540095431	8.992242656815417
9.550095500955312	12.467876530916183
9.560095600956311	0.8585296589668326
9.570095700957312	2.4846188698774245
9.580095800958313	-7.417868970383172
9.590095900959312	-7.629500933433555
9.600096000960313	-14.7056055338897
9.610096100961313	12.876563919529476
9.620096200962314	14.47011925998667
9.630096300963315	9.850582011365185
9.640096400964314	14.054234409250066
9.650096500965315	12.55930341329668
9.660096600966314	4.769873627022569
9.670096700967315	-14.823144444609454
9.680096800968316	10.648501056044632
9.690096900969316	15.991536658970254
9.700097000970317	17.959937962030406
9.710097100971316	20.443085513794514
9.720097200972317	-10.54596164684134
9.730097300973318	-26.281013801890058
9.740097400974317	-3.008911846564743
9.750097500975318	14.840274473695555
9.760097600976318	-1.5995070735888683
9.770097700977319	-13.689516463659135
9.78009780097832	0.43578574834546624
9.790097900979319	-20.963517740753407
9.80009800098032	-13.011368728937187
9.81009810098132	9.65157564597738
9.82009820098232	4.307698606253751
9.830098300983321	9.982135667248656
9.84009840098432	12.677608893482168
9.850098500985322	-24.127416480553602
9.860098600986321	9.978502196016718
9.870098700987322	1.3605353019971724
9.880098800988323	-15.502484895713255
9.890098900989322	-4.385088505556325
9.900099000990323	-2.5918957250756756
9.910099100991323	-4.822790847621354
9.920099200992324	-10.936336881697441
9.930099300993325	3.267160898216928
9.940099400994324	-3.9759728087132613
9.950099500995325	-4.2126518344647295
9.960099600996324	0.17626725461312828
9.970099700997325	-3.639079578657785
9.980099800998326	-5.573669007613615
9.990099900999326	-4.798100109719258
10.000100001000327	-3.9974839343716524
10.010100101001326	-10.78067950649478
10.020100201002327	-1.0531900308504922
10.030100301003326	1.954682799233933
10.040100401004327	-2.7579095814977457
10.050100501005328	3.221812323842478
10.060100601006328	2.6874359185739793
10.070100701007329	4.338395435218828
10.080100801008328	-14.78518001066366
10.090100901009329	-13.213886698528833
10.10010100101033	-10.823762837398752
10.11010110101133	4.32919382703652
10.12010120101233	4.134247060158399
10.13010130101333	-2.1518202753793596
10.14010140101433	15.301966652791357
10.150101501015332	-16.41471877823451
10.160101601016331	-35.444384519497916
10.170101701017332	-2.3959613483883864
10.180101801018331	12.425415201351809
10.190101901019332	7.310868819301877
10.200102001020333	-1.82240741523888
10.210102101021333	-10.942751798979794
10.220102201022334	7.472628038746585
10.230102301023333	7.063676788952616
10.240102401024334	16.704683490131686
10.250102501025335	-7.550096641635747
10.260102601026334	13.076992522149913
10.270102701027335	6.742593735519002
10.280102801028335	6.7687365239786415
10.290102901029336	1.7848117871875326
10.300103001030337	-5.638929972900953
10.310103101031336	-4.252203959091096
10.320103201032337	4.623829548024857
10.330103301033336	6.09952328021755
10.340103401034337	5.420377289102489
10.350103501035338	9.244110636962953
10.360103601036338	3.3733163674573263
10.370103701037339	5.626498942800363
10.380103801038338	-9.114761132216916
10.390103901039339	-19.868852395506604
10.40010400104034	-12.834404330957014
10.41010410104134	-19.282027277182525
10.42010420104234	11.079906062428693
10.43010430104334	-11.247329332803565
10.44010440104434	10.671859650351156
10.450104501045342	-14.048502304555303
10.460104601046341	-3.287250885576686
10.470104701047342	-6.779348010731748
10.480104801048341	-3.5697005987679766
10.490104901049342	6.969269099778574
10.500105001050342	-1.006756166916835
10.510105101051343	5.127805930381138
10.520105201052344	-12.791890351447226
10.530105301053343	-4.461709725071514
10.540105401054344	-3.523832880550622
10.550105501055343	1.746430275287166
10.560105601056344	-7.523331357754328
10.570105701057345	-3.64683278203326
10.580105801058345	-6.675620288191935
10.590105901059346	-4.694290008461387
10.600106001060345	-3.3315034992092634
10.610106101061346	-9.574287601129068
10.620106201062347	-2.9905138083231355
10.630106301063346	-8.08622940934847
10.640106401064347	-4.724127884334664
10.650106501065347	-19.637705906058866
10.660106601066348	-0.6797819967198626
10.670106701067349	-56.27565553377303
10.680106801068348	-24.159910499241406
10.690106901069349	-1.635611085599615
10.700107001070348	5.841446597502512
10.71010710107135	5.398782141387284
10.72010720107235	-43.637368773358766
10.73010730107335	3.049765562295797
10.74010740107435	0.5326116310545078
10.75010750107535	3.6219939555171266
10.760107601076351	7.313556820588226
10.770107701077352	5.150714187463428
10.780107801078351	-7.034636577474968
10.790107901079352	3.971287955934069
10.800108001080352	8.060062007768186
10.810108101081353	3.1227033285363053
10.820108201082354	17.383211533397354
10.830108301083353	18.12312346160853
10.840108401084354	16.346192526115516
10.850108501085353	5.58955948781858
10.860108601086354	-9.256758875685346
10.870108701087355	-13.49336100817453
10.880108801088355	12.536830647533712
10.890108901089356	-1.9376217669100146
10.900109001090355	10.942877192740474
10.910109101091356	-5.36500443248337
10.920109201092357	-16.161395659907154
10.930109301093356	6.794516204865099
10.940109401094357	16.01413172101396
10.950109501095357	1.2772737686215765
10.960109601096358	-20.144971905907934
10.970109701097357	0.03439442186034203
10.980109801098358	11.130590794250875
10.990109901099359	-8.157413911947984
11.000110001100358	-5.117307345972119
11.01011010110136	10.421569468178738
11.020110201102359	-6.2022424255905175
11.03011030110336	-3.4398846407663735
11.04011040110436	-24.414847946309592
11.05011050110536	-2.3479668054287908
11.060110601106361	-20.328198113164834
11.07011070110736	-11.098778057134725
11.080110801108361	-17.1529276481138
11.090110901109362	4.0316590837219035
11.100111001110362	8.188219270332628
11.110111101111363	-7.385915412628659
11.120111201112362	0.8529457061449514
11.130111301113363	-9.615479201457287
11.140111401114364	-9.683698726869267
11.150111501115363	-7.641000217361778
11.160111601116364	-9.110273905166705
11.170111701117364	-7.912535893148312
11.180111801118365	-7.951984203036224
11.190111901119366	-12.070234294131469
11.200112001120365	-9.818802788054372
11.210112101121366	-1.5003977479817123
11.220112201122365	5.090319824396328
11.230112301123366	-1.1236060475311505
11.240112401124367	-13.351022110394133
11.250112501125367	-13.08315660808045
11.260112601126368	0.06864601939779924
11.270112701127367	-9.198380846829847
11.280112801128368	-2.2777727943655703
11.290112901129369	15.326217806628307
11.300113001130368	-6.824053204309207
11.31011310113137	12.688613914712619
11.320113201132369	-8.833577854073482
11.33011330113337	15.625258856411827
11.34011340113437	14.92151154540674
11.35011350113537	-12.675921116407492
11.360113601136371	12.417162407200188
11.37011370113737	-16.65820942452122
11.380113801138371	3.9050964770817385
11.390113901139372	-6.860667028296661
11.400114001140372	6.843484949623802
11.410114101141373	-16.106631630997615
11.420114201142372	6.444853930892165
11.430114301143373	-37.789924279157894
11.440114401144372	8.058929018115492
11.450114501145373	7.953556414749771
11.460114601146374	11.138916877655843
11.470114701147374	8.995718684675555
11.480114801148375	-0.8689688273408444
11.490114901149374	-4.96018310581737
11.500115001150375	3.9612080761900534
11.510115101151376	14.70383141111021
11.520115201152375	7.460486606631077
11.530115301153376	5.578708561806514
11.540115401154376	-9.088737202252736
11.550115501155377	-20.382388688543617
11.560115601156378	2.1773712041629576
11.570115701157377	10.943898659123803
11.580115801158378	-24.69759369815072
11.590115901159377	10.941071533904108
11.600116001160378	-7.520879378539895
11.61011610116138	-19.426888802491963
11.620116201162379	1.4434606765308464
11.63011630116338	-4.615619661728928
11.640116401164379	-10.18936722656463
11.65011650116538	3.733416514456018
11.660116601166381	0.9768971506588031
11.67011670116738	-3.1223200035753473
11.680116801168381	4.313830445722699
11.69011690116938	-2.302102755646439
11.700117001170382	-0.5817583601433008
11.710117101171383	-2.2382831922738124
11.720117201172382	1.913091556363894
11.730117301173383	-0.9211142669452889
11.740117401174382	-9.483473967963207
11.750117501175383	-5.128171463651373
11.760117601176384	-5.2031277616300144
11.770117701177384	-3.1410869869130384
11.780117801178385	-4.859975227241535
11.790117901179384	-3.9265945859043616
11.800118001180385	-16.5243623702896
11.810118101181386	-7.303929707284611
11.820118201182385	0.9442566852883443
11.830118301183386	-12.6797348650964
11.840118401184386	-8.996094450238628
11.850118501185387	1.858045311322298
11.860118601186388	8.570935996594708
11.870118701187387	0.003972508026452631
11.880118801188388	-17.282545600788097
11.890118901189387	11.694271362813645
11.900119001190388	-24.72255469867046
11.910119101191388	6.390482781344379
11.920119201192389	-2.9340472534868702
11.93011930119339	15.915741608207446
11.940119401194389	-21.590120390809776
11.95011950119539	5.363092128664284
11.96011960119639	11.405283033176575
11.97011970119739	2.962017325092657
11.980119801198391	12.305532056966685
11.99011990119939	20.12503439751725
12.000120001200392	0.7611484114320861
12.010120101201391	-8.39642386292647
12.020120201202392	10.662443504598665
12.030120301203393	0.5706507338143936
12.040120401204392	1.8843778077852609
12.050120501205393	8.609540069904268
12.060120601206393	14.997837659984938
12.070120701207394	-24.195425373377024
12.080120801208395	-0.9044136815813344
12.090120901209394	7.990178222972778
12.100121001210395	20.43562997018349
12.110121101211394	-15.550814548218577
12.120121201212395	10.350784497110512
12.130121301213396	17.048846580461415
12.140121401214396	-11.606502621985564
12.150121501215397	2.3291572094641246
12.160121601216396	0.1532098386026922
12.170121701217397	-2.3736637741104047
12.180121801218398	14.983364123570738
12.190121901219397	5.409053716217763
12.200122001220398	3.516901085373313
12.210122101221398	-2.854831299643639
12.220122201222399	-13.246943724061556
12.2301223012234	-17.54107317932687
12.240122401224399	-0.5930593791947307
12.2501225012254	2.5438302632931955
12.2601226012264	-1.3686182382736667
12.2701227012274	-1.1714553368556526
12.280122801228401	0.31298869200149865
12.2901229012294	9.70959175458103
12.300123001230402	-9.681619914546252
12.310123101231401	-6.506876829401297
12.320123201232402	-10.642926674412687
12.330123301233403	-8.662988254761446
12.340123401234402	-6.208546504676441
12.350123501235403	-6.291960139444111
12.360123601236403	-5.9726118260546945
12.370123701237404	-2.928504710006329
12.380123801238403	-4.061807995252371
12.390123901239404	-16.252007490355872
12.400124001240405	2.995524901141294
12.410124101241404	-6.585738388105668
12.420124201242405	-6.55829444861756
12.430124301243405	6.995640688574116
12.440124401244406	-12.179832880694688
12.450124501245407	8.765756306752607
12.460124601246406	-8.324971350916393
12.470124701247407	0.1757794990743337
12.480124801248406	-11.470326634599868
12.490124901249407	-18.71657499437413
12.500125001250408	-11.335946436432613
12.510125101251408	-8.798206377580268
12.520125201252409	9.807094705587243
12.530125301253408	-19.66909563724964
12.540125401254409	14.353455845844907
12.55012550125541	-7.931945657505675
12.56012560125641	4.324010459419787
12.57012570125741	-4.705318955736111
12.58012580125841	0.8334673355785737
12.59012590125941	2.3045292467417964
12.600126001260412	-6.758941607298546
12.610126101261411	23.324538416222175
12.620126201262412	17.33566049292126
12.630126301263411	5.299126042212363
12.640126401264412	-8.555953064454368
12.650126501265413	16.186698034816363
12.660126601266413	9.719109499182077
12.670126701267414	-6.844027979925589
12.680126801268413	1.9228887967732318
12.690126901269414	7.864565480629169
12.700127001270415	0.5339690361899584
12.710127101271414	20.70698159073372
12.720127201272415	-11.045485217150945
12.730127301273415	2.3487220604971664
12.740127401274416	22.740011516069384
12.750127501275417	5.872517274249646
12.760127601276416	8.61768659446077
12.770127701277417	5.779026919947853
12.780127801278416	-10.952384717768107
12.790127901279417	-24.30383135180117
12.800128001280417	-10.728407839875528
12.810128101281418	15.462625315480377
12.820128201282419	-4.066941349626841
12.830128301283418	-8.17360029862365
12.840128401284419	-10.002215170374985
12.850128501285418	5.303767028063306
12.86012860128642	-12.334651690960216
12.87012870128742	6.102967287908312
12.88012880128842	-11.814110552778269
12.89012890128942	-3.5628917743517285
12.90012900129042	-2.490129768203347
12.910129101291421	-8.516768885240902
12.920129201292422	-11.902346381525998
12.930129301293421	-5.361049051609062
12.940129401294422	-6.003621402445064
12.950129501295422	-4.524896999446461
12.960129601296423	-3.963229616026908
12.970129701297424	-6.288016376261684
12.980129801298423	-7.172194403414898
12.990129901299424	-1.3177664212195055
13.000130001300423	-9.089312890963061
13.010130101301424	8.40702911312411
13.020130201302425	-25.90847479069785
13.030130301303425	-2.2087313457388005
13.040130401304426	-5.309967658340225
13.050130501305425	-0.3740226006193905
13.060130601306426	7.405001074240841
13.070130701307427	2.5459084898904734
13.080130801308426	-3.894784407689937
13.090130901309427	-6.306828731177826
13.100131001310427	7.363228410145499
13.110131101311428	-38.613259267387505
13.120131201312429	-1.51345726604002
13.130131301313428	18.96802972954352
13.140131401314429	-6.133266578756946
13.150131501315428	2.0449178785242283
13.16013160131643	-1.8218565488895826
13.17013170131743	11.35565187805333
13.18013180131843	-25.968013089399275
13.19013190131943	7.878968411489158
13.20013200132043	-39.388269949950576
13.210132101321431	14.90639459415499
13.220132201322432	20.32335982714267
13.230132301323431	2.254352013223201
13.240132401324432	7.35426808423321
13.250132501325432	-10.288793458931007
13.260132601326433	13.552569165550818
13.270132701327432	10.428283296420489
13.280132801328433	-0.1314698723724855
13.290132901329434	-1.8593398994567176
13.300133001330433	10.998336115242322
13.310133101331434	-5.6684573951546735
13.320133201332434	14.144157629919466
13.330133301333435	0.6938674376828007
13.340133401334436	8.568472557829288
13.350133501335435	8.387039133961823
13.360133601336436	5.367779035323633
13.370133701337435	-12.198985060297876
13.380133801338436	-12.900519690805519
13.390133901339437	2.2656613611589025
13.400134001340437	1.2506995812455224
13.410134101341438	-18.93338426076576
13.420134201342437	6.181880943823533
13.430134301343438	-13.363949323648827
13.440134401344439	-4.451931962635098
13.450134501345438	1.7459891408181158
13.46013460134644	-0.2952015047234586
13.470134701347439	-4.487659075276215
13.48013480134844	-17.54752785160019
13.49013490134944	-3.1599439694155462
13.50013500135044	-5.569896631703738
13.510135101351441	-6.337937444299086
13.52013520135244	-5.284571309016555
13.530135301353441	-5.917115890749106
13.540135401354442	-4.895839357738956
13.550135501355442	-6.321309928319018
13.560135601356443	-1.1315477826257372
13.570135701357442	0.11521657592550268
13.580135801358443	-9.852492100045579
13.590135901359444	-13.914240857401564
13.600136001360443	-12.74450910398948
13.610136101361444	-5.808654387308881
13.620136201362444	-17.837264738744885
13.630136301363445	2.5634403156810266
13.640136401364446	-8.151854426933678
13.650136501365445	0.39344517855961064
13.660136601366446	-4.773026940324512
13.670136701367445	-25.0172543307633
13.680136801368446	3.2520129573696863
13.690136901369447	-2.314734788672131
13.700137001370447	10.557272918825815
13.710137101371448	-23.916452287659123
13.720137201372447	12.36177193818231
13.730137301373448	3.4179973818214355
13.740137401374447	5.489896064983761
13.750137501375448	13.00373615606263
13.76013760137645	-14.956751820049636
13.770137701377449	1.3912243622360136
13.78013780137845	13.291298465583603
13.790137901379449	12.728401890821704
13.80013800138045	-1.797823930545445
13.810138101381451	9.161365683224002
13.82013820138245	10.250331821688107
13.830138301383451	0.33218342859406785
13.84013840138445	-21.69828339504214
13.850138501385452	-1.3567520992289244
13.860138601386453	4.339213009795544
13.870138701387452	10.254212671116319
13.880138801388453	-2.4815076672235157
13.890138901389452	9.9000982394239
13.900139001390453	2.855479652179647
13.910139101391454	2.379487124337847
13.920139201392454	18.129976248798854
13.930139301393455	-10.434602389210719
13.940139401394454	13.098476311276011
13.950139501395455	3.4382590897245473
13.960139601396456	-0.8544631235737349
13.970139701397455	-0.39389824278819824
13.980139801398456	2.9595929387714097
13.990139901399456	-2.6754207952281326
14.000140001400457	13.761112409882447
14.010140101401458	-19.838206492414887
14.020140201402457	8.103462366330056
14.030140301403458	-1.859302792314524
14.040140401404457	5.040059524022792
14.050140501405458	-8.847505588266948
14.06014060140646	0.5772923805647089
14.070140701407459	-3.692316005830548
14.08014080140846	0.3512151797262434
14.090140901409459	-5.377808362395099
14.10014100141046	-7.3695701274891645
14.110141101411461	-6.081695222142615
14.12014120141246	-5.609773327216166
14.130141301413461	-4.769591440743063
14.14014140141446	-4.858904849984576
14.150141501415462	-5.953705550354146
14.160141601416463	-2.1807728674720273
14.170141701417462	-25.387450987569515
14.180141801418463	-7.186274905397166
14.190141901419462	-13.510642528655614
14.200142001420463	8.455565228954498
14.210142101421463	5.318256678095262
14.220142201422464	13.241105556716889
14.230142301423465	-1.122863061738405
14.240142401424464	13.33089005432571
14.250142501425465	11.815392571473945
14.260142601426464	-26.479962495996478
14.270142701427465	-2.2810614505349673
14.280142801428466	-8.458892868685393
14.290142901429466	-0.17802647069665775
14.300143001430467	-32.36571711132603
14.310143101431466	-8.394514021770108
14.320143201432467	7.8176946454861325
14.330143301433468	10.69712900703116
14.340143401434467	9.332684684157119
14.350143501435468	3.1063347717776995
14.360143601436468	11.524817271580545
14.370143701437469	-10.599444269586002
14.38014380143847	-22.00731045234511
14.390143901439469	17.764044412949044
14.40014400144047	13.412418488918734
14.41014410144147	-3.2765920877068027
14.42014420144247	-13.943057452497317
14.430144301443471	-12.68362015556782
14.44014440144447	-6.351704913049564
14.450144501445472	21.739422265851086
14.460144601446471	-9.300259451488705
14.470144701447472	3.951938598378533
14.480144801448473	0.7423535179018793
14.490144901449472	-3.053723344400784
14.500145001450473	8.612393524275852
14.510145101451473	-16.39216950978175
14.520145201452474	11.364018456099593
14.530145301453475	-20.27988683629477
14.540145401454474	11.120960743798886
14.550145501455475	-4.042139837642257
14.560145601456474	4.213218243899097
14.570145701457475	7.264956072942556
14.580145801458476	-8.464606371208347
14.590145901459476	5.597188102808821
14.600146001460477	-12.954247139885036
14.610146101461476	-2.576239463162517
14.620146201462477	1.917480200715575
14.630146301463478	4.890623363789656
14.640146401464477	-52.832950080972545
14.650146501465478	-8.480377233820416
14.660146601466478	-2.863880589416642
14.670146701467479	-3.3429907596595196
14.680146801468478	-6.953724513570678
14.690146901469479	-6.318735646998083
14.70014700147048	-6.775367291419667
14.71014710147148	-6.263591081087989
14.72014720147248	-10.339409962176758
14.73014730147348	-7.583289327345552
14.74014740147448	-4.2995792173916385
14.750147501475482	-19.29098359959977
14.760147601476481	-2.208508173546333
14.770147701477482	-13.577283703156628
14.780147801478481	-2.708932475774826
14.790147901479482	6.3026309766574995
14.800148001480483	-0.5569629053316936
14.810148101481483	-23.91823389150685
14.820148201482484	-14.829582149216217
14.830148301483483	-10.510035945708848
14.840148401484484	2.581995524492082
14.850148501485485	-9.690015313456852
14.860148601486484	-2.8173335275684708
14.870148701487485	-4.004835424813973
14.880148801488485	11.902381868978084
14.890148901489486	-0.5904727391256288
14.900149001490487	10.680228867623459
14.910149101491486	3.412625075042951
14.920149201492487	-9.529486530392154
14.930149301493486	-13.33813132572683
14.940149401494487	8.170543105922814
14.950149501495488	14.833670603289633
14.960149601496488	0.5646586516734187
14.970149701497489	17.092923792838103
14.980149801498488	-6.838539162640756
14.990149901499489	20.14935112441586
