0.000000e+00	1.336961e+01
1.000010e-02	6.805381e+00
2.000020e-02	1.371422e+01
3.000030e-02	5.723988e+00
4.000040e-02	8.656101e+00
5.000050e-02	1.531951e+01
6.000060e-02	8.212607e+00
7.000070e-02	1.035982e+01
8.000080e-02	1.743002e+01
9.000090e-02	1.289806e+01
1.000010e-01	2.033565e+01
1.100011e-01	1.666959e+01
1.200012e-01	2.259713e+01
1.300013e-01	2.203139e+01
1.400014e-01	2.107656e+01
1.500015e-01	2.438380e+01
1.600016e-01	2.210578e+01
1.700017e-01	2.537473e+01
1.800018e-01	2.539248e+01
1.900019e-01	2.408904e+01
2.000020e-01	2.837758e+01
2.100021e-01	2.388626e+01
2.200022e-01	2.702814e+01
2.300023e-01	2.879978e+01
2.400024e-01	2.559644e+01
2.500025e-01	2.917154e+01
2.600026e-01	2.648273e+01
2.700027e-01	2.791500e+01
2.800028e-01	2.818223e+01
2.900029e-01	2.743043e+01
3.000030e-01	2.827139e+01
3.100031e-01	2.723757e+01
3.200032e-01	2.751132e+01
3.300033e-01	2.848753e+01
3.400034e-01	2.778162e+01
3.500035e-01	2.781687e+01
3.600036e-01	2.738559e+01
3.700037e-01	2.759414e+01
3.800038e-01	2.791500e+01
3.900039e-01	2.805021e+01
4.000040e-01	2.716653e+01
4.100041e-01	2.708274e+01
4.200042e-01	2.678338e+01
4.300043e-01	2.671677e+01
4.400044e-01	2.612932e+01
4.500045e-01	2.602827e+01
4.600046e-01	2.574548e+01
4.700047e-01	2.540932e+01
4.800048e-01	2.554175e+01
4.900049e-01	2.522412e+01
5.000050e-01	2.478094e+01
5.100051e-01	2.465541e+01
5.200052e-01	2.451123e+01
5.300053e-01	2.429269e+01
5.400054e-01	2.403132e+01
5.500055e-01	2.294989e+01
5.600056e-01	2.133808e+01
5.700057e-01	2.367974e+01
5.800058e-01	2.348078e+01
5.900059e-01	2.330050e+01
6.000060e-01	2.277779e+01
6.100061e-01	2.296063e+01
6.200062e-01	2.264014e+01
6.300063e-01	2.205888e+01
6.400064e-01	2.187839e+01
6.500065e-01	2.153978e+01
6.600066e-01	2.132820e+01
6.700067e-01	2.081655e+01
6.800068e-01	2.012172e+01
6.900069e-01	2.027490e+01
7.000070e-01	1.964765e+01
7.100071e-01	1.943629e+01
7.200072e-01	1.907154e+01
7.300073e-01	1.864452e+01
7.400074e-01	1.816290e+01
7.500075e-01	1.656500e+01
7.600076e-01	1.676936e+01
7.700077e-01	1.696838e+01
7.800078e-01	1.605210e+01
7.900079e-01	1.584453e+01
8.000080e-01	1.569410e+01
8.100081e-01	1.552930e+01
8.200082e-01	1.526950e+01
8.300083e-01	1.487598e+01
8.400084e-01	1.471600e+01
8.500085e-01	1.443808e+01
8.600086e-01	1.450375e+01
8.700087e-01	1.385767e+01
8.800088e-01	1.376028e+01
8.900089e-01	1.319163e+01
9.000090e-01	1.312575e+01
9.100091e-01	1.293109e+01
9.200092e-01	1.209160e+01
9.300093e-01	1.214631e+01
9.400094e-01	1.203992e+01
9.500095e-01	1.176391e+01
9.600096e-01	1.141072e+01
9.700097e-01	1.112513e+01
9.800098e-01	1.069747e+01
9.900099e-01	9.621713e+00
1.000010e+00	9.643288e+00
1.010010e+00	9.581071e+00
1.020010e+00	9.056251e+00
1.030010e+00	8.634212e+00
1.040010e+00	8.328220e+00
1.050011e+00	7.717346e+00
1.060011e+00	7.471197e+00
1.070011e+00	7.257874e+00
1.080011e+00	6.349346e+00
1.090011e+00	5.062532e+00
1.100011e+00	5.077127e-01
1.110011e+00	3.618966e+00
1.120011e+00	3.841642e+00
1.130011e+00	3.985703e+00
1.140011e+00	3.720784e+00
1.150012e+00	2.018966e+00
1.160012e+00	-1.466416e+00
1.170012e+00	-4.531946e-02
1.180012e+00	2.200243e+00
1.190012e+00	2.323497e+00
1.200012e+00	1.774013e+00
1.210012e+00	-5.118239e-01
1.220012e+00	7.667940e-01
1.230012e+00	-1.243709e+00
1.240012e+00	4.978146e-01
1.250013e+00	3.558666e-02
1.260013e+00	-2.807806e-01
1.270013e+00	-1.346414e+00
1.280013e+00	-1.881580e+00
1.290013e+00	-2.231194e+00
1.300013e+00	-2.700649e+00
1.310013e+00	-2.980297e+00
1.320013e+00	-5.118273e+00
1.330013e+00	-4.332079e+00
1.340013e+00	-5.299160e+00
1.350014e+00	-6.023589e+00
1.360014e+00	-6.538009e+00
1.370014e+00	-6.846549e+00
1.380014e+00	-7.999151e+00
1.390014e+00	-8.494194e+00
1.400014e+00	-1.051039e+01
1.410014e+00	-1.376587e+01
1.420014e+00	-1.223998e+01
1.430014e+00	-1.197244e+01
1.440014e+00	-1.164592e+01
1.450015e+00	-1.281452e+01
1.460015e+00	-1.322707e+01
1.470015e+00	-1.438432e+01
1.480015e+00	-1.501721e+01
1.490015e+00	-1.642379e+01
1.500015e+00	-1.708430e+01
1.510015e+00	-1.797721e+01
1.520015e+00	-1.874617e+01
1.530015e+00	-1.916633e+01
1.540015e+00	-2.035058e+01
1.550016e+00	-2.309675e+01
1.560016e+00	-2.282245e+01
1.570016e+00	-2.383749e+01
1.580016e+00	-2.477945e+01
1.590016e+00	-2.644990e+01
1.600016e+00	-2.937046e+01
1.610016e+00	-2.983803e+01
1.620016e+00	-3.233935e+01
1.630016e+00	-3.204231e+01
1.640016e+00	-3.538333e+01
1.650017e+00	-3.911437e+01
1.660017e+00	-5.006813e+01
1.670017e+00	-5.775892e+01
1.680017e+00	-6.966285e+01
1.690017e+00	-5.782050e+01
1.700017e+00	-4.691044e+01
1.710017e+00	-4.499543e+01
1.720017e+00	-5.261073e+01
1.730017e+00	-4.795291e+01
1.740017e+00	-4.082412e+01
1.750018e+00	-3.928705e+01
1.760018e+00	-4.025370e+01
1.770018e+00	-3.570916e+01
1.780018e+00	-3.692335e+01
1.790018e+00	-3.496984e+01
1.800018e+00	-3.720936e+01
1.810018e+00	-3.463215e+01
1.820018e+00	-3.496613e+01
1.830018e+00	-3.465945e+01
1.840018e+00	-3.594712e+01
1.850019e+00	-3.547414e+01
1.860019e+00	-3.700865e+01
1.870019e+00	-3.616163e+01
1.880019e+00	-3.893354e+01
1.890019e+00	-3.490536e+01
1.900019e+00	-3.488803e+01
1.910019e+00	-3.575246e+01
1.920019e+00	-3.780945e+01
1.930019e+00	-3.505730e+01
1.940019e+00	-3.580538e+01
1.950020e+00	-3.626027e+01
1.960020e+00	-3.846477e+01
1.970020e+00	-3.707529e+01
1.980020e+00	-4.288319e+01
1.990020e+00	-4.045433e+01
2.000020e+00	-3.690492e+01
2.010020e+00	-3.692321e+01
2.020020e+00	-3.356481e+01
2.030020e+00	-3.480239e+01
2.040020e+00	-3.491850e+01
2.050021e+00	-4.082279e+01
2.060021e+00	-3.468193e+01
2.070021e+00	-3.530791e+01
2.080021e+00	-3.604642e+01
2.090021e+00	-3.997264e+01
2.100021e+00	-3.656040e+01
2.110021e+00	-3.945012e+01
2.120021e+00	-3.845589e+01
2.130021e+00	-4.225838e+01
2.140021e+00	-3.710754e+01
2.150022e+00	-6.005574e+01
2.160022e+00	-5.220429e+01
2.170022e+00	-4.325431e+01
2.180022e+00	-4.622794e+01
2.190022e+00	-5.303854e+01
2.200022e+00	-3.656801e+01
2.210022e+00	-3.953169e+01
2.220022e+00	-4.359228e+01
2.230022e+00	-5.842217e+01
2.240022e+00	-4.516862e+01
2.250023e+00	-3.936997e+01
2.260023e+00	-4.234958e+01
2.270023e+00	-4.183234e+01
2.280023e+00	-4.305078e+01
2.290023e+00	-4.635758e+01
2.300023e+00	-4.130978e+01
2.310023e+00	-4.485108e+01
2.320023e+00	-6.037398e+01
2.330023e+00	-4.589420e+01
2.340023e+00	-5.151283e+01
2.350024e+00	-4.901357e+01
2.360024e+00	-4.658924e+01
2.370024e+00	-4.697666e+01
2.380024e+00	-4.613022e+01
2.390024e+00	-4.625091e+01
2.400024e+00	-4.864876e+01
2.410024e+00	-5.488208e+01
2.420024e+00	-5.029225e+01
2.430024e+00	-4.390102e+01
2.440024e+00	-4.674215e+01
2.450025e+00	-5.087012e+01
2.460025e+00	-6.071872e+01
2.470025e+00	-5.208061e+01
2.480025e+00	-5.331652e+01
2.490025e+00	-4.786959e+01
2.500025e+00	-5.004781e+01
2.510025e+00	-4.660576e+01
2.520025e+00	-4.944374e+01
2.530025e+00	-5.322855e+01
2.540025e+00	-6.046612e+01
2.550026e+00	-5.408387e+01
2.560026e+00	-5.508048e+01
2.570026e+00	-6.149351e+01
2.580026e+00	-6.249724e+01
2.590026e+00	-6.266942e+01
2.600026e+00	-7.061858e+01
2.610026e+00	-7.161658e+01
2.620026e+00	-6.434149e+01
2.630026e+00	-5.663275e+01
2.640026e+00	-6.887296e+01
2.650027e+00	-5.390640e+01
2.660027e+00	-5.357642e+01
2.670027e+00	-6.129228e+01
2.680027e+00	-6.528408e+01
2.690027e+00	-6.659163e+01
2.700027e+00	-6.522543e+01
2.710027e+00	-7.220835e+01
2.720027e+00	-7.036080e+01
2.730027e+00	-7.739040e+01
2.740027e+00	-7.652520e+01
2.750028e+00	-7.479914e+01
2.760028e+00	-7.986315e+01
2.770028e+00	-7.568522e+01
2.780028e+00	-7.768773e+01
2.790028e+00	-7.071507e+01
2.800028e+00	-6.880164e+01
2.810028e+00	-7.008092e+01
2.820028e+00	-6.751063e+01
2.830028e+00	-6.895462e+01
2.840028e+00	-6.073064e+01
2.850029e+00	-6.326460e+01
2.860029e+00	-6.390634e+01
2.870029e+00	-7.670965e+01
2.880029e+00	-6.256402e+01
2.890029e+00	-5.967481e+01
2.900029e+00	-6.935632e+01
2.910029e+00	-5.763714e+01
2.920029e+00	-5.745674e+01
2.930029e+00	-6.305895e+01
2.940029e+00	-6.919867e+01
2.950030e+00	-5.588610e+01
2.960030e+00	-5.503785e+01
2.970030e+00	-5.552737e+01
2.980030e+00	-5.720855e+01
2.990030e+00	-5.840537e+01
3.000030e+00	-6.311095e+01
3.010030e+00	-6.334604e+01
3.020030e+00	-6.979049e+01
3.030030e+00	-6.828541e+01
3.040030e+00	-9.213754e+01
3.050031e+00	-5.641329e+01
3.060031e+00	-5.438518e+01
3.070031e+00	-5.260857e+01
3.080031e+00	-5.305940e+01
3.090031e+00	-5.936581e+01
3.100031e+00	-5.378747e+01
3.110031e+00	-4.951797e+01
3.120031e+00	-5.211090e+01
3.130031e+00	-5.665223e+01
3.140031e+00	-7.107577e+01
3.150032e+00	-6.707765e+01
3.160032e+00	-5.611368e+01
3.170032e+00	-5.317810e+01
3.180032e+00	-5.602799e+01
3.190032e+00	-5.188323e+01
3.200032e+00	-5.284158e+01
3.210032e+00	-5.133414e+01
3.220032e+00	-5.533773e+01
3.230032e+00	-5.657552e+01
3.240032e+00	-5.993796e+01
3.250033e+00	-6.431130e+01
3.260033e+00	-6.316325e+01
3.270033e+00	-5.882211e+01
3.280033e+00	-6.018072e+01
3.290033e+00	-5.936496e+01
3.300033e+00	-6.164905e+01
3.310033e+00	-6.041138e+01
3.320033e+00	-5.143032e+01
3.330033e+00	-5.561705e+01
3.340033e+00	-5.491801e+01
3.350034e+00	-6.196948e+01
3.360034e+00	-5.515851e+01
3.370034e+00	-5.850804e+01
3.380034e+00	-6.157096e+01
3.390034e+00	-6.118711e+01
3.400034e+00	-5.350011e+01
3.410034e+00	-5.761212e+01
3.420034e+00	-6.360607e+01
3.430034e+00	-5.466472e+01
3.440034e+00	-5.889428e+01
3.450035e+00	-4.977895e+01
3.460035e+00	-6.223019e+01
3.470035e+00	-5.928023e+01
3.480035e+00	-6.162806e+01
3.490035e+00	-6.034804e+01
3.500035e+00	-5.423362e+01
3.510035e+00	-6.238711e+01
3.520035e+00	-6.491014e+01
3.530035e+00	-6.819708e+01
3.540035e+00	-6.227537e+01
3.550036e+00	-6.148600e+01
3.560036e+00	-6.217521e+01
3.570036e+00	-7.235645e+01
3.580036e+00	-5.971346e+01
3.590036e+00	-6.139433e+01
3.600036e+00	-6.647063e+01
3.610036e+00	-7.106751e+01
3.620036e+00	-6.817671e+01
3.630036e+00	-7.304425e+01
3.640036e+00	-6.252930e+01
3.650037e+00	-6.367476e+01
3.660037e+00	-8.348225e+01
3.670037e+00	-7.709020e+01
3.680037e+00	-6.810748e+01
3.690037e+00	-7.646892e+01
3.700037e+00	-7.039335e+01
3.710037e+00	-7.010685e+01
3.720037e+00	-6.981522e+01
3.730037e+00	-7.483893e+01
3.740037e+00	-8.055152e+01
3.750038e+00	-8.200057e+01
3.760038e+00	-8.356322e+01
3.770038e+00	-8.413290e+01
3.780038e+00	-7.290698e+01
3.790038e+00	-7.206027e+01
3.800038e+00	-9.431633e+01
3.810038e+00	-7.446945e+01
3.820038e+00	-7.210621e+01
3.830038e+00	-7.288495e+01
3.840038e+00	-8.004553e+01
3.850039e+00	-7.179877e+01
3.860039e+00	-7.149179e+01
3.870039e+00	-6.562467e+01
3.880039e+00	-6.770170e+01
3.890039e+00	-6.814171e+01
3.900039e+00	-7.017130e+01
3.910039e+00	-6.152968e+01
3.920039e+00	-6.826494e+01
3.930039e+00	-7.361387e+01
3.940039e+00	-6.517317e+01
3.950040e+00	-6.900132e+01
3.960040e+00	-7.836307e+01
3.970040e+00	-6.449070e+01
3.980040e+00	-6.183705e+01
3.990040e+00	-6.282469e+01
4.000040e+00	-6.006590e+01
4.010040e+00	-7.672061e+01
4.020040e+00	-6.263408e+01
4.030040e+00	-6.580792e+01
4.040040e+00	-5.909789e+01
4.050041e+00	-5.936989e+01
4.060041e+00	-5.602650e+01
4.070041e+00	-6.015911e+01
4.080041e+00	-5.979337e+01
4.090041e+00	-5.966437e+01
4.100041e+00	-5.460903e+01
4.110041e+00	-6.435023e+01
4.120041e+00	-6.218531e+01
4.130041e+00	-5.765327e+01
4.140041e+00	-6.648308e+01
4.150042e+00	-6.093034e+01
4.160042e+00	-6.436650e+01
4.170042e+00	-6.413664e+01
4.180042e+00	-6.167812e+01
4.190042e+00	-5.829876e+01
4.200042e+00	-5.641004e+01
4.210042e+00	-7.350781e+01
4.220042e+00	-6.091096e+01
4.230042e+00	-7.176670e+01
4.240042e+00	-5.571357e+01
4.250043e+00	-5.800654e+01
4.260043e+00	-6.492794e+01
4.270043e+00	-6.723944e+01
4.280043e+00	-6.276528e+01
4.290043e+00	-5.855490e+01
4.300043e+00	-6.323304e+01
4.310043e+00	-6.201383e+01
4.320043e+00	-7.258967e+01
4.330043e+00	-6.002003e+01
4.340043e+00	-6.137432e+01
4.350044e+00	-5.429248e+01
4.360044e+00	-6.150081e+01
4.370044e+00	-7.487019e+01
4.380044e+00	-5.673796e+01
4.390044e+00	-5.631497e+01
4.400044e+00	-6.384846e+01
4.410044e+00	-6.487645e+01
4.420044e+00	-5.628516e+01
4.430044e+00	-5.659153e+01
4.440044e+00	-5.949732e+01
4.450045e+00	-7.990090e+01
4.460045e+00	-7.464618e+01
4.470045e+00	-6.546589e+01
4.480045e+00	-7.321072e+01
4.490045e+00	-7.726426e+01
4.500045e+00	-5.817792e+01
4.510045e+00	-6.651136e+01
4.520045e+00	-6.306450e+01
4.530045e+00	-6.677527e+01
4.540045e+00	-6.377313e+01
4.550046e+00	-6.267457e+01
4.560046e+00	-6.574116e+01
4.570046e+00	-7.109083e+01
4.580046e+00	-6.393432e+01
4.590046e+00	-6.854965e+01
4.600046e+00	-7.389252e+01
4.610046e+00	-7.540856e+01
4.620046e+00	-6.963379e+01
4.630046e+00	-7.039619e+01
4.640046e+00	-6.933901e+01
4.650047e+00	-7.413711e+01
4.660047e+00	-8.758575e+01
4.670047e+00	-7.249896e+01
4.680047e+00	-7.114419e+01
4.690047e+00	-7.742159e+01
4.700047e+00	-8.759194e+01
4.710047e+00	-7.690106e+01
4.720047e+00	-7.926324e+01
4.730047e+00	-7.847035e+01
4.740047e+00	-8.625514e+01
4.750048e+00	-8.451039e+01
4.760048e+00	-8.088562e+01
4.770048e+00	-8.485792e+01
4.780048e+00	-7.603176e+01
4.790048e+00	-7.614377e+01
4.800048e+00	-8.246714e+01
4.810048e+00	-7.417979e+01
4.820048e+00	-8.698219e+01
4.830048e+00	-7.421380e+01
4.840048e+00	-6.918535e+01
4.850049e+00	-8.244154e+01
4.860049e+00	-8.105013e+01
4.870049e+00	-7.216883e+01
4.880049e+00	-7.496701e+01
4.890049e+00	-6.983786e+01
4.900049e+00	-6.958007e+01
4.910049e+00	-7.084346e+01
4.920049e+00	-7.397082e+01
4.930049e+00	-7.750097e+01
4.940049e+00	-6.705503e+01
4.950050e+00	-6.875327e+01
4.960050e+00	-7.228133e+01
4.970050e+00	-7.499518e+01
4.980050e+00	-6.842200e+01
4.990050e+00	-6.952232e+01
5.000050e+00	-6.662173e+01
5.010050e+00	-6.943614e+01
5.020050e+00	-7.532101e+01
5.030050e+00	-6.207398e+01
5.040050e+00	-6.240842e+01
5.050051e+00	-7.090436e+01
5.060051e+00	-7.335597e+01
5.070051e+00	-6.633677e+01
5.080051e+00	-6.020763e+01
5.090051e+00	-6.984512e+01
5.100051e+00	-6.128763e+01
5.110051e+00	-7.055873e+01
5.120051e+00	-5.690456e+01
5.130051e+00	-6.580739e+01
5.140051e+00	-5.610283e+01
5.150052e+00	-6.886644e+01
5.160052e+00	-7.212069e+01
5.170052e+00	-6.245517e+01
5.180052e+00	-6.061032e+01
5.190052e+00	-6.843492e+01
5.200052e+00	-5.877831e+01
5.210052e+00	-6.159505e+01
5.220052e+00	-6.353977e+01
5.230052e+00	-6.044312e+01
5.240052e+00	-6.005674e+01
5.250053e+00	-6.612993e+01
5.260053e+00	-6.424584e+01
5.270053e+00	-7.056729e+01
5.280053e+00	-6.678819e+01
5.290053e+00	-6.158675e+01
5.300053e+00	-6.028428e+01
5.310053e+00	-6.505590e+01
5.320053e+00	-6.197173e+01
5.330053e+00	-6.776964e+01
5.340053e+00	-8.843333e+01
5.350054e+00	-6.343618e+01
5.360054e+00	-6.690588e+01
5.370054e+00	-5.999109e+01
5.380054e+00	-6.327516e+01
5.390054e+00	-6.140003e+01
5.400054e+00	-5.775491e+01
5.410054e+00	-6.448073e+01
5.420054e+00	-6.596846e+01
5.430054e+00	-7.457884e+01
5.440054e+00	-6.534208e+01
5.450055e+00	-6.722300e+01
5.460055e+00	-7.041024e+01
5.470055e+00	-6.631761e+01
5.480055e+00	-6.687163e+01
5.490055e+00	-6.728065e+01
5.500055e+00	-6.566539e+01
5.510055e+00	-7.367646e+01
5.520055e+00	-7.315244e+01
5.530055e+00	-7.156010e+01
5.540055e+00	-7.196269e+01
5.550056e+00	-7.005213e+01
5.560056e+00	-8.120677e+01
5.570056e+00	-7.171660e+01
5.580056e+00	-7.218008e+01
5.590056e+00	-7.503542e+01
5.600056e+00	-7.691004e+01
5.610056e+00	-7.817728e+01
5.620056e+00	-7.498906e+01
5.630056e+00	-7.256273e+01
5.640056e+00	-7.923877e+01
5.650057e+00	-7.545527e+01
5.660057e+00	-7.413533e+01
5.670057e+00	-7.437688e+01
5.680057e+00	-7.782197e+01
5.690057e+00	-8.257185e+01
5.700057e+00	-8.625487e+01
5.710057e+00	-7.917108e+01
5.720057e+00	-8.204187e+01
5.730057e+00	-8.384909e+01
5.740057e+00	-8.789950e+01
5.750058e+00	-8.715256e+01
5.760058e+00	-8.123890e+01
5.770058e+00	-8.722392e+01
5.780058e+00	-7.640799e+01
5.790058e+00	-7.421179e+01
5.800058e+00	-7.873836e+01
5.810058e+00	-9.436484e+01
5.820058e+00	-7.378962e+01
5.830058e+00	-7.402578e+01
5.840058e+00	-7.473730e+01
5.850059e+00	-7.598158e+01
5.860059e+00	-7.505913e+01
5.870059e+00	-8.096125e+01
5.880059e+00	-9.393357e+01
5.890059e+00	-6.952850e+01
5.900059e+00	-6.661233e+01
5.910059e+00	-7.047295e+01
5.920059e+00	-7.128314e+01
5.930059e+00	-7.755045e+01
5.940059e+00	-7.910038e+01
5.950060e+00	-6.920460e+01
5.960060e+00	-6.867373e+01
5.970060e+00	-7.072047e+01
5.980060e+00	-7.397675e+01
5.990060e+00	-6.920763e+01
6.000060e+00	-8.461591e+01
6.010060e+00	-6.880317e+01
6.020060e+00	-7.346459e+01
6.030060e+00	-6.926254e+01
6.040060e+00	-6.346502e+01
6.050061e+00	-6.877175e+01
6.060061e+00	-7.303627e+01
6.070061e+00	-7.968579e+01
6.080061e+00	-7.512761e+01
6.090061e+00	-7.358159e+01
6.100061e+00	-7.341340e+01
6.110061e+00	-6.593159e+01
6.120061e+00	-7.721583e+01
6.130061e+00	-6.526150e+01
6.140061e+00	-7.450752e+01
6.150062e+00	-6.176308e+01
6.160062e+00	-6.476764e+01
6.170062e+00	-6.527465e+01
6.180062e+00	-6.849739e+01
6.190062e+00	-6.374137e+01
6.200062e+00	-6.066443e+01
6.210062e+00	-7.738254e+01
6.220062e+00	-6.717467e+01
6.230062e+00	-7.373147e+01
6.240062e+00	-8.008698e+01
6.250063e+00	-6.421232e+01
6.260063e+00	-6.532460e+01
6.270063e+00	-6.244586e+01
6.280063e+00	-7.723849e+01
6.290063e+00	-6.742409e+01
6.300063e+00	-6.372675e+01
6.310063e+00	-7.799089e+01
6.320063e+00	-6.985933e+01
6.330063e+00	-6.802691e+01
6.340063e+00	-6.891274e+01
6.350064e+00	-6.674430e+01
6.360064e+00	-6.849488e+01
6.370064e+00	-7.564260e+01
6.380064e+00	-7.048500e+01
6.390064e+00	-7.773333e+01
6.400064e+00	-6.803936e+01
6.410064e+00	-6.598354e+01
6.420064e+00	-7.031848e+01
6.430064e+00	-7.232396e+01
6.440064e+00	-7.071462e+01
6.450065e+00	-6.831109e+01
6.460065e+00	-7.416517e+01
6.470065e+00	-6.820923e+01
6.480065e+00	-7.116873e+01
6.490065e+00	-7.117739e+01
6.500065e+00	-7.437558e+01
6.510065e+00	-8.534763e+01
6.520065e+00	-6.867950e+01
6.530065e+00	-6.637696e+01
6.540065e+00	-6.593324e+01
6.550066e+00	-7.961323e+01
6.560066e+00	-7.271752e+01
6.570066e+00	-7.005488e+01
6.580066e+00	-8.312612e+01
6.590066e+00	-7.579071e+01
6.600066e+00	-6.878682e+01
6.610066e+00	-7.663946e+01
6.620066e+00	-7.523175e+01
6.630066e+00	-7.652028e+01
6.640066e+00	-8.270622e+01
6.650067e+00	-9.064297e+01
6.660067e+00	-8.486164e+01
6.670067e+00	-8.116439e+01
6.680067e+00	-8.031012e+01
6.690067e+00	-8.043398e+01
6.700067e+00	-8.509502e+01
6.710067e+00	-8.503351e+01
6.720067e+00	-8.458942e+01
6.730067e+00	-9.357283e+01
6.740067e+00	-8.559430e+01
6.750068e+00	-8.267505e+01
6.760068e+00	-8.707561e+01
6.770068e+00	-8.053865e+01
6.780068e+00	-7.497620e+01
6.790068e+00	-7.843979e+01
6.800068e+00	-7.937485e+01
6.810068e+00	-7.638399e+01
6.820068e+00	-8.119473e+01
6.830068e+00	-7.883164e+01
6.840068e+00	-7.439230e+01
6.850069e+00	-8.887954e+01
6.860069e+00	-7.468037e+01
6.870069e+00	-7.513534e+01
6.880069e+00	-7.699030e+01
6.890069e+00	-7.224975e+01
6.900069e+00	-7.330659e+01
6.910069e+00	-7.240725e+01
6.920069e+00	-7.069655e+01
6.930069e+00	-6.592771e+01
6.940069e+00	-6.765124e+01
6.950070e+00	-7.184294e+01
6.960070e+00	-7.598727e+01
6.970070e+00	-7.260051e+01
6.980070e+00	-7.873023e+01
6.990070e+00	-6.521841e+01
7.000070e+00	-6.957896e+01
7.010070e+00	-6.876492e+01
7.020070e+00	-7.547003e+01
7.030070e+00	-6.527209e+01
7.040070e+00	-6.926304e+01
7.050071e+00	-7.211781e+01
7.060071e+00	-6.569284e+01
7.070071e+00	-6.502530e+01
7.080071e+00	-7.266428e+01
7.090071e+00	-6.448287e+01
7.100071e+00	-6.785539e+01
7.110071e+00	-7.272099e+01
7.120071e+00	-6.770626e+01
7.130071e+00	-8.417292e+01
7.140071e+00	-7.934100e+01
7.150072e+00	-6.540997e+01
7.160072e+00	-7.023103e+01
7.170072e+00	-7.238457e+01
7.180072e+00	-7.009983e+01
7.190072e+00	-7.009590e+01
7.200072e+00	-6.882300e+01
7.210072e+00	-7.128522e+01
7.220072e+00	-6.628703e+01
7.230072e+00	-7.599605e+01
7.240072e+00	-7.151744e+01
7.250073e+00	-6.428608e+01
7.260073e+00	-7.416815e+01
7.270073e+00	-7.079240e+01
7.280073e+00	-6.687746e+01
7.290073e+00	-7.690297e+01
7.300073e+00	-7.132807e+01
7.310073e+00	-7.660597e+01
7.320073e+00	-6.521571e+01
7.330073e+00	-6.777956e+01
7.340073e+00	-7.448638e+01
7.350074e+00	-6.708541e+01
7.360074e+00	-7.510651e+01
7.370074e+00	-7.237657e+01
7.380074e+00	-7.557421e+01
7.390074e+00	-6.504617e+01
7.400074e+00	-7.543516e+01
7.410074e+00	-6.488499e+01
7.420074e+00	-7.776643e+01
7.430074e+00	-6.611900e+01
7.440074e+00	-7.143370e+01
7.450075e+00	-8.399937e+01
7.460075e+00	-8.372734e+01
7.470075e+00	-7.252185e+01
7.480075e+00	-8.236540e+01
7.490075e+00	-7.899882e+01
7.500075e+00	-7.539328e+01
7.510075e+00	-7.707184e+01
7.520075e+00	-7.949140e+01
7.530075e+00	-7.468184e+01
7.540075e+00	-7.278264e+01
7.550076e+00	-8.193555e+01
7.560076e+00	-7.704652e+01
7.570076e+00	-8.257556e+01
7.580076e+00	-8.235301e+01
7.590076e+00	-8.291295e+01
7.600076e+00	-7.842208e+01
7.610076e+00	-7.562785e+01
7.620076e+00	-8.125692e+01
7.630076e+00	-7.875073e+01
7.640076e+00	-8.086039e+01
7.650077e+00	-8.033329e+01
7.660077e+00	-8.579429e+01
7.670077e+00	-8.705906e+01
7.680077e+00	-8.226388e+01
7.690077e+00	-8.619598e+01
7.700077e+00	-9.275355e+01
7.710077e+00	-8.560702e+01
7.720077e+00	-7.892891e+01
7.730077e+00	-8.767093e+01
7.740077e+00	-8.455476e+01
7.750078e+00	-7.781696e+01
7.760078e+00	-7.672850e+01
7.770078e+00	-8.717921e+01
7.780078e+00	-8.163565e+01
7.790078e+00	-8.796648e+01
7.800078e+00	-7.495308e+01
7.810078e+00	-1.058899e+02
7.820078e+00	-7.278002e+01
7.830078e+00	-7.039193e+01
7.840078e+00	-7.589293e+01
7.850079e+00	-7.063741e+01
7.860079e+00	-7.245492e+01
7.870079e+00	-6.948115e+01
7.880079e+00	-7.678823e+01
7.890079e+00	-7.404958e+01
7.900079e+00	-7.155498e+01
7.910079e+00	-7.049681e+01
7.920079e+00	-6.756086e+01
7.930079e+00	-8.897823e+01
7.940079e+00	-7.556070e+01
7.950080e+00	-7.566641e+01
7.960080e+00	-6.861271e+01
7.970080e+00	-7.690459e+01
7.980080e+00	-6.659456e+01
7.990080e+00	-6.962953e+01
8.000080e+00	-9.377319e+01
8.010080e+00	-7.454230e+01
8.020080e+00	-7.420643e+01
8.030080e+00	-7.315020e+01
8.040080e+00	-7.127216e+01
8.050081e+00	-7.207829e+01
8.060081e+00	-7.010276e+01
8.070081e+00	-6.907440e+01
8.080081e+00	-7.114617e+01
8.090081e+00	-6.990380e+01
8.100081e+00	-1.009577e+02
8.110081e+00	-7.379243e+01
8.120081e+00	-6.410545e+01
8.130081e+00	-6.814135e+01
8.140081e+00	-6.959393e+01
8.150082e+00	-7.682751e+01
8.160082e+00	-6.966820e+01
8.170082e+00	-7.670156e+01
8.180082e+00	-6.305436e+01
8.190082e+00	-7.220101e+01
8.200082e+00	-8.178588e+01
8.210082e+00	-7.378392e+01
8.220082e+00	-8.518610e+01
8.230082e+00	-6.628353e+01
8.240082e+00	-6.576991e+01
8.250083e+00	-8.582603e+01
8.260083e+00	-7.154348e+01
8.270083e+00	-6.730118e+01
8.280083e+00	-6.686293e+01
8.290083e+00	-7.145707e+01
8.300083e+00	-6.909097e+01
8.310083e+00	-6.285555e+01
8.320083e+00	-8.042017e+01
8.330083e+00	-8.024275e+01
8.340083e+00	-6.841818e+01
8.350084e+00	-9.285395e+01
8.360084e+00	-7.793972e+01
8.370084e+00	-6.894333e+01
8.380084e+00	-6.964169e+01
8.390084e+00	-7.196765e+01
8.400084e+00	-7.223653e+01
8.410084e+00	-6.496419e+01
8.420084e+00	-7.154266e+01
8.430084e+00	-6.549551e+01
8.440084e+00	-6.929228e+01
8.450085e+00	-6.900018e+01
8.460085e+00	-6.745198e+01
8.470085e+00	-7.028856e+01
8.480085e+00	-7.089009e+01
8.490085e+00	-7.992349e+01
8.500085e+00	-7.347233e+01
8.510085e+00	-7.128972e+01
8.520085e+00	-7.170969e+01
8.530085e+00	-7.235024e+01
8.540085e+00	-7.443017e+01
8.550086e+00	-7.620297e+01
8.560086e+00	-8.881570e+01
8.570086e+00	-8.552197e+01
8.580086e+00	-8.050363e+01
8.590086e+00	-7.322522e+01
8.600086e+00	-7.709918e+01
8.610086e+00	-8.000298e+01
8.620086e+00	-8.150348e+01
8.630086e+00	-8.227933e+01
8.640086e+00	-9.236779e+01
8.650087e+00	-9.479273e+01
8.660087e+00	-8.621616e+01
8.670087e+00	-8.568838e+01
8.680087e+00	-8.707604e+01
8.690087e+00	-8.376424e+01
8.700087e+00	-9.294724e+01
8.710087e+00	-9.377888e+01
8.720087e+00	-8.032173e+01
8.730087e+00	-8.056878e+01
8.740087e+00	-9.125180e+01
8.750088e+00	-7.664934e+01
8.760088e+00	-8.151358e+01
8.770088e+00	-7.892971e+01
8.780088e+00	-7.315947e+01
8.790088e+00	-8.010324e+01
8.800088e+00	-8.044840e+01
8.810088e+00	-7.357735e+01
8.820088e+00	-7.764096e+01
8.830088e+00	-7.750643e+01
8.840088e+00	-6.969107e+01
8.850089e+00	-7.294007e+01
8.860089e+00	-7.529242e+01
8.870089e+00	-7.407167e+01
8.880089e+00	-7.266787e+01
8.890089e+00	-7.932345e+01
8.900089e+00	-7.354098e+01
8.910089e+00	-6.831844e+01
8.920089e+00	-7.642090e+01
8.930089e+00	-7.251137e+01
8.940089e+00	-6.911759e+01
8.950090e+00	-6.931536e+01
8.960090e+00	-7.701555e+01
8.970090e+00	-7.169750e+01
8.980090e+00	-7.488603e+01
8.990090e+00	-6.515288e+01
9.000090e+00	-6.836833e+01
9.010090e+00	-6.991424e+01
9.020090e+00	-6.771448e+01
9.030090e+00	-6.461078e+01
9.040090e+00	-7.173719e+01
9.050091e+00	-6.773405e+01
9.060091e+00	-7.226350e+01
9.070091e+00	-7.206905e+01
9.080091e+00	-7.116244e+01
9.090091e+00	-6.641936e+01
9.100091e+00	-7.441376e+01
9.110091e+00	-6.640088e+01
9.120091e+00	-8.043661e+01
9.130091e+00	-7.024122e+01
9.140091e+00	-6.976738e+01
9.150092e+00	-7.103049e+01
9.160092e+00	-8.623601e+01
9.170092e+00	-7.225439e+01
9.180092e+00	-6.900633e+01
9.190092e+00	-8.265535e+01
9.200092e+00	-6.947201e+01
9.210092e+00	-7.670332e+01
9.220092e+00	-7.346919e+01
9.230092e+00	-6.689867e+01
9.240092e+00	-7.021492e+01
9.250093e+00	-7.866733e+01
9.260093e+00	-7.373755e+01
9.270093e+00	-7.214463e+01
9.280093e+00	-6.815999e+01
9.290093e+00	-6.963439e+01
9.300093e+00	-6.965992e+01
9.310093e+00	-6.853626e+01
9.320093e+00	-7.425470e+01
9.330093e+00	-6.832094e+01
9.340093e+00	-7.493116e+01
9.350094e+00	-6.902903e+01
9.360094e+00	-7.659946e+01
9.370094e+00	-7.610972e+01
9.380094e+00	-7.164854e+01
9.390094e+00	-8.080439e+01
9.400094e+00	-7.905938e+01
9.410094e+00	-7.264532e+01
9.420094e+00	-7.577465e+01
9.430094e+00	-7.250650e+01
9.440094e+00	-7.382608e+01
9.450095e+00	-7.032094e+01
9.460095e+00	-8.271461e+01
9.470095e+00	-8.023261e+01
9.480095e+00	-7.957952e+01
9.490095e+00	-7.814542e+01
9.500095e+00	-7.961340e+01
9.510095e+00	-7.429428e+01
9.520095e+00	-7.866471e+01
9.530095e+00	-1.026493e+02
9.540095e+00	-7.787876e+01
9.550096e+00	-8.599533e+01
9.560096e+00	-7.718694e+01
9.570096e+00	-7.639526e+01
9.580096e+00	-7.763319e+01
9.590096e+00	-8.371090e+01
9.600096e+00	-8.630446e+01
9.610096e+00	-8.650253e+01
9.620096e+00	-8.728851e+01
9.630096e+00	-9.323907e+01
9.640096e+00	-8.758166e+01
9.650097e+00	-9.156584e+01
9.660097e+00	-8.431571e+01
9.670097e+00	-8.842776e+01
9.680097e+00	-9.304766e+01
9.690097e+00	-8.282886e+01
9.700097e+00	-7.737904e+01
9.710097e+00	-9.397577e+01
9.720097e+00	-7.826364e+01
9.730097e+00	-7.656392e+01
9.740097e+00	-7.840490e+01
9.750098e+00	-7.947549e+01
9.760098e+00	-7.991336e+01
9.770098e+00	-8.626250e+01
9.780098e+00	-7.640382e+01
9.790098e+00	-7.947170e+01
9.800098e+00	-7.180887e+01
9.810098e+00	-7.279403e+01
9.820098e+00	-7.564436e+01
9.830098e+00	-6.881107e+01
9.840098e+00	-7.882457e+01
9.850099e+00	-7.668448e+01
9.860099e+00	-7.224406e+01
9.870099e+00	-7.283894e+01
9.880099e+00	-7.367494e+01
9.890099e+00	-7.129897e+01
9.900099e+00	-8.527736e+01
9.910099e+00	-6.746599e+01
9.920099e+00	-8.094496e+01
9.930099e+00	-7.815302e+01
9.940099e+00	-8.429426e+01
9.950100e+00	-7.558728e+01
9.960100e+00	-7.639981e+01
9.970100e+00	-8.238408e+01
9.980100e+00	-7.410129e+01
9.990100e+00	-8.643491e+01
1.000010e+01	-7.080964e+01
1.001010e+01	-7.582024e+01
1.002010e+01	-7.250870e+01
1.003010e+01	-7.923857e+01
1.004010e+01	-6.671324e+01
1.005010e+01	-7.119607e+01
1.006010e+01	-7.076317e+01
1.007010e+01	-7.601716e+01
1.008010e+01	-7.489834e+01
1.009010e+01	-6.375634e+01
1.010010e+01	-6.895478e+01
1.011010e+01	-6.815283e+01
1.012010e+01	-7.273104e+01
1.013010e+01	-6.796875e+01
1.014010e+01	-7.003340e+01
1.015010e+01	-7.558631e+01
1.016010e+01	-7.459122e+01
1.017010e+01	-8.163862e+01
1.018010e+01	-7.996603e+01
1.019010e+01	-7.117921e+01
1.020010e+01	-7.260059e+01
1.021010e+01	-7.388374e+01
1.022010e+01	-7.014522e+01
1.023010e+01	-6.691128e+01
1.024010e+01	-6.662366e+01
1.025010e+01	-7.384484e+01
1.026010e+01	-8.046075e+01
1.027010e+01	-7.731956e+01
1.028010e+01	-7.239589e+01
1.029010e+01	-7.572673e+01
1.030010e+01	-6.493203e+01
1.031010e+01	-6.783380e+01
1.032010e+01	-7.618952e+01
1.033010e+01	-7.158819e+01
1.034010e+01	-7.725389e+01
1.035010e+01	-7.342797e+01
1.036010e+01	-7.317988e+01
1.037010e+01	-7.106780e+01
1.038010e+01	-8.231906e+01
1.039010e+01	-7.813857e+01
1.040010e+01	-7.306962e+01
1.041010e+01	-7.559789e+01
1.042010e+01	-6.955236e+01
1.043010e+01	-7.297455e+01
1.044010e+01	-7.967165e+01
1.045010e+01	-9.276058e+01
1.046010e+01	-7.154949e+01
1.047010e+01	-7.221460e+01
1.048010e+01	-8.026690e+01
1.049010e+01	-7.055196e+01
1.050011e+01	-8.423268e+01
1.051011e+01	-7.439593e+01
1.052011e+01	-8.218059e+01
1.053011e+01	-8.716904e+01
1.054011e+01	-1.005273e+02
1.055011e+01	-8.832559e+01
1.056011e+01	-8.640336e+01
1.057011e+01	-8.389233e+01
1.058011e+01	-9.667661e+01
1.059011e+01	-8.987242e+01
1.060011e+01	-9.360670e+01
1.061011e+01	-8.735392e+01
1.062011e+01	-9.180677e+01
1.063011e+01	-8.757010e+01
1.064011e+01	-8.905715e+01
1.065011e+01	-9.099471e+01
1.066011e+01	-8.499200e+01
1.067011e+01	-7.945733e+01
1.068011e+01	-8.319484e+01
1.069011e+01	-8.250501e+01
1.070011e+01	-7.686037e+01
1.071011e+01	-7.993834e+01
1.072011e+01	-8.425956e+01
1.073011e+01	-7.845668e+01
1.074011e+01	-8.989767e+01
1.075011e+01	-7.967528e+01
1.076011e+01	-8.179540e+01
1.077011e+01	-8.200532e+01
1.078011e+01	-7.205111e+01
1.079011e+01	-7.885171e+01
1.080011e+01	-7.771693e+01
1.081011e+01	-7.587293e+01
1.082011e+01	-7.008701e+01
1.083011e+01	-7.398751e+01
1.084011e+01	-8.034736e+01
1.085011e+01	-7.846408e+01
1.086011e+01	-7.874471e+01
1.087011e+01	-7.248117e+01
1.088011e+01	-7.416962e+01
1.089011e+01	-7.474710e+01
1.090011e+01	-7.593411e+01
1.091011e+01	-7.206158e+01
1.092011e+01	-7.099043e+01
1.093011e+01	-7.069503e+01
1.094011e+01	-6.842721e+01
1.095011e+01	-7.835904e+01
1.096011e+01	-7.251393e+01
1.097011e+01	-6.744450e+01
1.098011e+01	-7.233286e+01
1.099011e+01	-7.752868e+01
1.100011e+01	-7.174875e+01
1.101011e+01	-7.418348e+01
1.102011e+01	-7.375835e+01
1.103011e+01	-7.559960e+01
1.104011e+01	-7.735851e+01
1.105011e+01	-7.318044e+01
1.106011e+01	-6.833363e+01
1.107011e+01	-7.388733e+01
1.108011e+01	-7.729344e+01
1.109011e+01	-7.241491e+01
1.110011e+01	-7.062549e+01
1.111011e+01	-7.468513e+01
1.112011e+01	-7.207035e+01
1.113011e+01	-6.654027e+01
1.114011e+01	-6.962970e+01
1.115011e+01	-7.877311e+01
1.116011e+01	-7.002357e+01
1.117011e+01	-6.877104e+01
1.118011e+01	-7.089103e+01
1.119011e+01	-6.672375e+01
1.120011e+01	-7.775505e+01
1.121011e+01	-6.897855e+01
1.122011e+01	-6.872707e+01
1.123011e+01	-8.907667e+01
1.124011e+01	-6.581487e+01
1.125011e+01	-7.553941e+01
1.126011e+01	-7.255850e+01
1.127011e+01	-7.055065e+01
1.128011e+01	-7.340480e+01
1.129011e+01	-6.678358e+01
1.130011e+01	-8.136064e+01
1.131011e+01	-7.651318e+01
1.132011e+01	-7.242119e+01
1.133011e+01	-8.351868e+01
1.134011e+01	-7.669823e+01
1.135011e+01	-7.776294e+01
1.136011e+01	-7.525024e+01
1.137011e+01	-8.821314e+01
1.138011e+01	-7.299920e+01
1.139011e+01	-7.029687e+01
1.140011e+01	-6.983091e+01
1.141011e+01	-7.371178e+01
1.142011e+01	-7.259468e+01
1.143011e+01	-8.044737e+01
1.144011e+01	-8.998656e+01
1.145011e+01	-8.659186e+01
1.146011e+01	-8.073713e+01
1.147011e+01	-7.945869e+01
1.148011e+01	-8.514901e+01
1.149011e+01	-7.427534e+01
1.150012e+01	-8.538693e+01
1.151012e+01	-9.219669e+01
1.152012e+01	-8.176916e+01
1.153012e+01	-8.281183e+01
1.154012e+01	-8.125002e+01
1.155012e+01	-8.443263e+01
1.156012e+01	-8.705207e+01
1.157012e+01	-8.644641e+01
1.158012e+01	-8.450631e+01
1.159012e+01	-8.635940e+01
1.160012e+01	-9.192093e+01
1.161012e+01	-9.828549e+01
1.162012e+01	-8.746685e+01
1.163012e+01	-8.253281e+01
1.164012e+01	-8.902999e+01
1.165012e+01	-8.239422e+01
1.166012e+01	-8.316093e+01
1.167012e+01	-7.945555e+01
1.168012e+01	-7.955304e+01
1.169012e+01	-8.162462e+01
1.170012e+01	-7.938738e+01
1.171012e+01	-8.864067e+01
1.172012e+01	-8.637726e+01
1.173012e+01	-7.706993e+01
1.174012e+01	-7.924646e+01
1.175012e+01	-8.944482e+01
1.176012e+01	-7.673665e+01
1.177012e+01	-8.289165e+01
1.178012e+01	-7.186247e+01
1.179012e+01	-7.516283e+01
1.180012e+01	-7.643819e+01
1.181012e+01	-7.203602e+01
1.182012e+01	-7.919825e+01
1.183012e+01	-7.799494e+01
1.184012e+01	-7.580819e+01
1.185012e+01	-7.706294e+01
1.186012e+01	-7.795167e+01
1.187012e+01	-7.288978e+01
1.188012e+01	-7.335761e+01
1.189012e+01	-7.420028e+01
1.190012e+01	-8.610047e+01
1.191012e+01	-7.667277e+01
1.192012e+01	-7.616175e+01
1.193012e+01	-7.518687e+01
1.194012e+01	-8.048375e+01
1.195012e+01	-7.537997e+01
1.196012e+01	-8.663302e+01
1.197012e+01	-7.458218e+01
1.198012e+01	-7.660601e+01
1.199012e+01	-6.800728e+01
1.200012e+01	-7.514302e+01
1.201012e+01	-7.093839e+01
1.202012e+01	-7.851725e+01
1.203012e+01	-7.102269e+01
1.204012e+01	-7.234239e+01
1.205012e+01	-6.982710e+01
1.206012e+01	-7.041047e+01
1.207012e+01	-7.997427e+01
1.208012e+01	-6.893637e+01
1.209012e+01	-7.360124e+01
1.210012e+01	-6.795019e+01
1.211012e+01	-8.742435e+01
1.212012e+01	-7.024644e+01
1.213012e+01	-7.632672e+01
1.214012e+01	-7.384584e+01
1.215012e+01	-6.748892e+01
1.216012e+01	-7.310738e+01
1.217012e+01	-7.046640e+01
1.218012e+01	-8.415407e+01
1.219012e+01	-7.024128e+01
1.220012e+01	-7.485797e+01
1.221012e+01	-7.536557e+01
1.222012e+01	-7.807523e+01
1.223012e+01	-7.698428e+01
1.224012e+01	-7.337234e+01
1.225012e+01	-7.230571e+01
1.226012e+01	-8.180328e+01
1.227012e+01	-6.885741e+01
1.228012e+01	-7.707858e+01
1.229012e+01	-7.968601e+01
1.230012e+01	-8.666110e+01
1.231012e+01	-7.962271e+01
1.232012e+01	-7.878618e+01
1.233012e+01	-6.894408e+01
1.234012e+01	-7.638019e+01
1.235012e+01	-7.455700e+01
1.236012e+01	-8.163765e+01
1.237012e+01	-7.285530e+01
1.238012e+01	-7.389978e+01
1.239012e+01	-7.108256e+01
1.240012e+01	-7.994065e+01
1.241012e+01	-8.302481e+01
1.242012e+01	-8.340983e+01
1.243012e+01	-8.372913e+01
1.244012e+01	-8.647367e+01
1.245012e+01	-7.770586e+01
1.246012e+01	-8.133725e+01
1.247012e+01	-7.419113e+01
1.248012e+01	-8.530314e+01
1.249012e+01	-7.363358e+01
1.250013e+01	-8.222787e+01
1.251013e+01	-8.133738e+01
1.252013e+01	-8.116096e+01
1.253013e+01	-9.441700e+01
1.254013e+01	-8.843436e+01
1.255013e+01	-9.906943e+01
1.256013e+01	-9.330249e+01
1.257013e+01	-8.936555e+01
1.258013e+01	-8.911203e+01
1.259013e+01	-8.512830e+01
1.260013e+01	-1.029079e+02
1.261013e+01	-9.008158e+01
1.262013e+01	-8.660078e+01
1.263013e+01	-8.246026e+01
1.264013e+01	-8.740876e+01
1.265013e+01	-9.314413e+01
1.266013e+01	-8.984850e+01
1.267013e+01	-7.973365e+01
1.268013e+01	-8.392804e+01
1.269013e+01	-7.773489e+01
1.270013e+01	-8.641862e+01
1.271013e+01	-7.626876e+01
1.272013e+01	-7.773220e+01
1.273013e+01	-7.755312e+01
1.274013e+01	-7.811165e+01
1.275013e+01	-8.502693e+01
1.276013e+01	-7.992949e+01
1.277013e+01	-7.717674e+01
1.278013e+01	-7.212960e+01
1.279013e+01	-7.329924e+01
1.280013e+01	-7.432172e+01
1.281013e+01	-8.664712e+01
1.282013e+01	-8.128944e+01
1.283013e+01	-7.695531e+01
1.284013e+01	-8.602365e+01
1.285013e+01	-7.559710e+01
1.286013e+01	-7.166816e+01
1.287013e+01	-6.686407e+01
1.288013e+01	-7.657444e+01
1.289013e+01	-8.211208e+01
1.290013e+01	-7.076597e+01
1.291013e+01	-6.570407e+01
1.292013e+01	-7.639015e+01
1.293013e+01	-7.190008e+01
1.294013e+01	-6.763890e+01
1.295013e+01	-7.222841e+01
1.296013e+01	-7.551032e+01
1.297013e+01	-7.765052e+01
1.298013e+01	-6.878502e+01
1.299013e+01	-7.199918e+01
1.300013e+01	-7.762912e+01
1.301013e+01	-7.058725e+01
1.302013e+01	-6.642629e+01
1.303013e+01	-7.157056e+01
1.304013e+01	-7.585010e+01
1.305013e+01	-7.742378e+01
1.306013e+01	-7.184271e+01
1.307013e+01	-7.956973e+01
1.308013e+01	-7.127923e+01
1.309013e+01	-6.487121e+01
1.310013e+01	-7.289738e+01
1.311013e+01	-7.136424e+01
1.312013e+01	-6.906657e+01
1.313013e+01	-7.394745e+01
1.314013e+01	-7.871932e+01
1.315013e+01	-7.739204e+01
1.316013e+01	-8.549228e+01
1.317013e+01	-7.356141e+01
1.318013e+01	-8.567461e+01
1.319013e+01	-7.253820e+01
1.320013e+01	-8.272776e+01
1.321013e+01	-6.976084e+01
1.322013e+01	-7.467399e+01
1.323013e+01	-7.421773e+01
1.324013e+01	-7.440257e+01
1.325013e+01	-7.322100e+01
1.326013e+01	-7.492962e+01
1.327013e+01	-7.493989e+01
1.328013e+01	-7.642585e+01
1.329013e+01	-7.560550e+01
1.330013e+01	-8.020179e+01
1.331013e+01	-7.000580e+01
1.332013e+01	-7.282352e+01
1.333013e+01	-8.589131e+01
1.334013e+01	-7.252142e+01
1.335013e+01	-7.978725e+01
1.336013e+01	-8.997382e+01
1.337013e+01	-8.386637e+01
1.338013e+01	-7.460764e+01
1.339013e+01	-7.262439e+01
1.340013e+01	-7.731752e+01
1.341013e+01	-8.138721e+01
1.342013e+01	-8.707732e+01
1.343013e+01	-8.055628e+01
1.344013e+01	-8.242132e+01
1.345013e+01	-7.751648e+01
1.346013e+01	-8.406379e+01
1.347013e+01	-8.936494e+01
1.348013e+01	-8.857231e+01
1.349013e+01	-8.679518e+01
1.350014e+01	-9.557741e+01
1.351014e+01	-8.754061e+01
1.352014e+01	-8.756246e+01
1.353014e+01	-9.187984e+01
1.354014e+01	-8.714456e+01
1.355014e+01	-9.162371e+01
1.356014e+01	-8.615697e+01
1.357014e+01	-9.149928e+01
1.358014e+01	-9.658705e+01
1.359014e+01	-8.860739e+01
1.360014e+01	-8.917900e+01
1.361014e+01	-9.628301e+01
1.362014e+01	-7.686732e+01
1.363014e+01	-8.481914e+01
1.364014e+01	-1.033741e+02
1.365014e+01	-7.888643e+01
1.366014e+01	-8.494541e+01
1.367014e+01	-8.185417e+01
1.368014e+01	-7.911902e+01
1.369014e+01	-8.275795e+01
1.370014e+01	-7.229999e+01
1.371014e+01	-7.669626e+01
1.372014e+01	-7.660762e+01
1.373014e+01	-7.196293e+01
1.374014e+01	-7.113850e+01
1.375014e+01	-7.116773e+01
1.376014e+01	-7.433368e+01
1.377014e+01	-7.516214e+01
1.378014e+01	-7.215076e+01
1.379014e+01	-7.452110e+01
1.380014e+01	-7.919380e+01
1.381014e+01	-8.037557e+01
1.382014e+01	-6.947102e+01
1.383014e+01	-7.787448e+01
1.384014e+01	-7.807909e+01
1.385014e+01	-7.193597e+01
1.386014e+01	-8.667275e+01
1.387014e+01	-7.745873e+01
1.388014e+01	-8.220578e+01
1.389014e+01	-7.849080e+01
1.390014e+01	-8.145674e+01
1.391014e+01	-6.811090e+01
1.392014e+01	-7.507935e+01
1.393014e+01	-7.020775e+01
1.394014e+01	-7.008925e+01
1.395014e+01	-8.070958e+01
1.396014e+01	-7.660723e+01
1.397014e+01	-7.263107e+01
1.398014e+01	-9.699087e+01
1.399014e+01	-7.150427e+01
1.400014e+01	-6.806188e+01
1.401014e+01	-7.240105e+01
1.402014e+01	-6.888095e+01
1.403014e+01	-8.071427e+01
1.404014e+01	-7.288823e+01
1.405014e+01	-6.835020e+01
1.406014e+01	-7.339110e+01
1.407014e+01	-6.953368e+01
1.408014e+01	-7.463185e+01
1.409014e+01	-7.759006e+01
1.410014e+01	-6.910415e+01
1.411014e+01	-6.497734e+01
1.412014e+01	-6.693170e+01
1.413014e+01	-7.461715e+01
1.414014e+01	-7.671867e+01
1.415014e+01	-7.603549e+01
1.416014e+01	-7.945413e+01
1.417014e+01	-7.517485e+01
1.418014e+01	-7.390835e+01
1.419014e+01	-7.362343e+01
1.420014e+01	-7.518427e+01
1.421014e+01	-7.270349e+01
1.422014e+01	-6.980269e+01
1.423014e+01	-8.164500e+01
1.424014e+01	-7.187257e+01
1.425014e+01	-8.630750e+01
1.426014e+01	-7.389041e+01
1.427014e+01	-7.849358e+01
1.428014e+01	-8.113093e+01
1.429014e+01	-7.041401e+01
1.430014e+01	-7.203189e+01
1.431014e+01	-7.262217e+01
1.432014e+01	-7.565940e+01
1.433014e+01	-7.594542e+01
1.434014e+01	-8.111560e+01
1.435014e+01	-9.387075e+01
1.436014e+01	-7.629604e+01
1.437014e+01	-7.606113e+01
1.438014e+01	-8.509637e+01
1.439014e+01	-7.534376e+01
1.440014e+01	-8.539171e+01
1.441014e+01	-7.949748e+01
1.442014e+01	-8.173231e+01
1.443014e+01	-9.094492e+01
1.444014e+01	-8.513348e+01
1.445014e+01	-8.486944e+01
1.446014e+01	-9.232398e+01
1.447014e+01	-9.351212e+01
1.448014e+01	-8.867831e+01
1.449014e+01	-8.776157e+01
1.450015e+01	-8.744226e+01
1.451015e+01	-9.118130e+01
1.452015e+01	-8.951397e+01
1.453015e+01	-8.641291e+01
1.454015e+01	-8.272245e+01
1.455015e+01	-9.557176e+01
1.456015e+01	-8.187177e+01
1.457015e+01	-9.419446e+01
1.458015e+01	-8.343876e+01
1.459015e+01	-7.975977e+01
1.460015e+01	-8.002475e+01
1.461015e+01	-8.838367e+01
1.462015e+01	-8.304668e+01
1.463015e+01	-7.888903e+01
1.464015e+01	-7.906416e+01
1.465015e+01	-7.721017e+01
1.466015e+01	-8.790944e+01
1.467015e+01	-7.367047e+01
1.468015e+01	-7.918566e+01
1.469015e+01	-7.487432e+01
1.470015e+01	-7.936985e+01
1.471015e+01	-7.778623e+01
1.472015e+01	-8.320229e+01
1.473015e+01	-8.192341e+01
1.474015e+01	-7.727675e+01
1.475015e+01	-7.144418e+01
1.476015e+01	-7.082737e+01
1.477015e+01	-8.817532e+01
1.478015e+01	-7.009398e+01
1.479015e+01	-7.870089e+01
1.480015e+01	-7.825498e+01
1.481015e+01	-7.281586e+01
1.482015e+01	-7.740971e+01
1.483015e+01	-7.465380e+01
1.484015e+01	-8.291700e+01
1.485015e+01	-6.872170e+01
1.486015e+01	-6.901385e+01
1.487015e+01	-6.407021e+01
1.488015e+01	-6.727361e+01
1.489015e+01	-7.491706e+01
1.490015e+01	-7.374807e+01
1.491015e+01	-7.518775e+01
1.492015e+01	-7.306180e+01
1.493015e+01	-6.943572e+01
1.494015e+01	-6.578554e+01
1.495015e+01	-6.950421e+01
1.496015e+01	-7.243485e+01
1.497015e+01	-7.133871e+01
1.498015e+01	-6.721920e+01
1.499015e+01	-7.402931e+01
