0.000000e+00	1.623350e+01
1.000010e-02	-9.253938e-01
2.000020e-02	1.455794e+01
3.000030e-02	6.924476e+00
4.000040e-02	1.158908e+01
5.000050e-02	1.669657e+01
6.000060e-02	1.081920e+01
7.000070e-02	1.337662e+01
8.000080e-02	1.845227e+01
9.000090e-02	1.568809e+01
1.000010e-01	2.215370e+01
1.100011e-01	1.871554e+01
1.200012e-01	2.459120e+01
1.300013e-01	2.345023e+01
1.400014e-01	2.324728e+01
1.500015e-01	2.594468e+01
1.600016e-01	2.334542e+01
1.700017e-01	2.752618e+01
1.800018e-01	2.622316e+01
1.900019e-01	2.655255e+01
2.000020e-01	2.985731e+01
2.100021e-01	2.596160e+01
2.200022e-01	2.925953e+01
2.300023e-01	3.006460e+01
2.400024e-01	2.837535e+01
2.500025e-01	3.069664e+01
2.600026e-01	2.953329e+01
2.700027e-01	2.991879e+01
2.800028e-01	3.095818e+01
2.900029e-01	2.991608e+01
3.000030e-01	3.103058e+01
3.100031e-01	3.009768e+01
3.200032e-01	3.028271e+01
3.300033e-01	3.151648e+01
3.400034e-01	3.053636e+01
3.500035e-01	3.095051e+01
3.600036e-01	3.058943e+01
3.700037e-01	3.087165e+01
3.800038e-01	3.105928e+01
3.900039e-01	3.115553e+01
4.000040e-01	3.079717e+01
4.100041e-01	3.045287e+01
4.200042e-01	3.085361e+01
4.300043e-01	3.063657e+01
4.400044e-01	3.030202e+01
4.500045e-01	3.033389e+01
4.600046e-01	3.010869e+01
4.700047e-01	3.043256e+01
4.800048e-01	3.041994e+01
4.900049e-01	3.029496e+01
5.000050e-01	2.972945e+01
5.100051e-01	3.015255e+01
5.200052e-01	3.007187e+01
5.300053e-01	2.991692e+01
5.400054e-01	2.944909e+01
5.500055e-01	2.895929e+01
5.600056e-01	2.721389e+01
5.700057e-01	2.948360e+01
5.800058e-01	2.926340e+01
5.900059e-01	2.892968e+01
6.000060e-01	2.893794e+01
6.100061e-01	2.891981e+01
6.200062e-01	2.888605e+01
6.300063e-01	2.834786e+01
6.400064e-01	2.816225e+01
6.500065e-01	2.795612e+01
6.600066e-01	2.786836e+01
6.700067e-01	2.748211e+01
6.800068e-01	2.692854e+01
6.900069e-01	2.679957e+01
7.000070e-01	2.627135e+01
7.100071e-01	2.603672e+01
7.200072e-01	2.562317e+01
7.300073e-01	2.536569e+01
7.400074e-01	2.482559e+01
7.500075e-01	2.338125e+01
7.600076e-01	2.383094e+01
7.700077e-01	2.382232e+01
7.800078e-01	2.312391e+01
7.900079e-01	2.307652e+01
8.000080e-01	2.269792e+01
8.100081e-01	2.244379e+01
8.200082e-01	2.208137e+01
8.300083e-01	2.184501e+01
8.400084e-01	2.163995e+01
8.500085e-01	2.132467e+01
8.600086e-01	2.112152e+01
8.700087e-01	2.076258e+01
8.800088e-01	2.055141e+01
8.900089e-01	2.006856e+01
9.000090e-01	2.000449e+01
9.100091e-01	1.971737e+01
9.200092e-01	1.921114e+01
9.300093e-01	1.902436e+01
9.400094e-01	1.885305e+01
9.500095e-01	1.837232e+01
9.600096e-01	1.798945e+01
9.700097e-01	1.740308e+01
9.800098e-01	1.707689e+01
9.900099e-01	1.597943e+01
1.000010e+00	1.615870e+01
1.010010e+00	1.609341e+01
1.020010e+00	1.538237e+01
1.030010e+00	1.508430e+01
1.040010e+00	1.451816e+01
1.050011e+00	1.399633e+01
1.060011e+00	1.362320e+01
1.070011e+00	1.325069e+01
1.080011e+00	1.226195e+01
1.090011e+00	1.095043e+01
1.100011e+00	6.424802e+00
1.110011e+00	9.477949e+00
1.120011e+00	9.492742e+00
1.130011e+00	9.873281e+00
1.140011e+00	9.650691e+00
1.150012e+00	7.868438e+00
1.160012e+00	4.626919e+00
1.170012e+00	5.250424e+00
1.180012e+00	7.494070e+00
1.190012e+00	7.402104e+00
1.200012e+00	7.307921e+00
1.210012e+00	4.954010e+00
1.220012e+00	6.387714e+00
1.230012e+00	4.254688e+00
1.240012e+00	5.778221e+00
1.250013e+00	5.550288e+00
1.260013e+00	4.872262e+00
1.270013e+00	3.773095e+00
1.280013e+00	3.374572e+00
1.290013e+00	2.785393e+00
1.300013e+00	2.586421e+00
1.310013e+00	1.789705e+00
1.320013e+00	8.672883e-02
1.330013e+00	6.572723e-01
1.340013e+00	-2.962783e-01
1.350014e+00	-6.595181e-01
1.360014e+00	-9.490834e-01
1.370014e+00	-1.499577e+00
1.380014e+00	-2.713146e+00
1.390014e+00	-3.123558e+00
1.400014e+00	-5.305162e+00
1.410014e+00	-8.739767e+00
1.420014e+00	-7.277825e+00
1.430014e+00	-7.017003e+00
1.440014e+00	-6.881939e+00
1.450015e+00	-7.253667e+00
1.460015e+00	-8.605618e+00
1.470015e+00	-9.321617e+00
1.480015e+00	-1.032673e+01
1.490015e+00	-1.159376e+01
1.500015e+00	-1.213479e+01
1.510015e+00	-1.336663e+01
1.520015e+00	-1.389397e+01
1.530015e+00	-1.479294e+01
1.540015e+00	-1.538127e+01
1.550016e+00	-1.745159e+01
1.560016e+00	-1.813696e+01
1.570016e+00	-1.975732e+01
1.580016e+00	-2.026645e+01
1.590016e+00	-2.203341e+01
1.600016e+00	-2.465901e+01
1.610016e+00	-2.505854e+01
1.620016e+00	-2.760654e+01
1.630016e+00	-2.803937e+01
1.640016e+00	-3.055130e+01
1.650017e+00	-3.391475e+01
1.660017e+00	-4.289880e+01
1.670017e+00	-5.587320e+01
1.680017e+00	-7.457643e+01
1.690017e+00	-4.981900e+01
1.700017e+00	-4.333770e+01
1.710017e+00	-4.069800e+01
1.720017e+00	-4.373100e+01
1.730017e+00	-4.036409e+01
1.740017e+00	-3.470376e+01
1.750018e+00	-3.575797e+01
1.760018e+00	-3.344892e+01
1.770018e+00	-3.150132e+01
1.780018e+00	-3.175462e+01
1.790018e+00	-3.031380e+01
1.800018e+00	-3.380242e+01
1.810018e+00	-3.060897e+01
1.820018e+00	-2.984405e+01
1.830018e+00	-3.020741e+01
1.840018e+00	-3.192317e+01
1.850019e+00	-3.019054e+01
1.860019e+00	-3.237102e+01
1.870019e+00	-3.546542e+01
1.880019e+00	-3.208175e+01
1.890019e+00	-3.142009e+01
1.900019e+00	-2.999589e+01
1.910019e+00	-2.979203e+01
1.920019e+00	-3.243389e+01
1.930019e+00	-3.113693e+01
1.940019e+00	-3.296107e+01
1.950020e+00	-2.906315e+01
1.960020e+00	-2.999778e+01
1.970020e+00	-3.355979e+01
1.980020e+00	-3.593466e+01
1.990020e+00	-3.556865e+01
2.000020e+00	-3.061277e+01
2.010020e+00	-3.166468e+01
2.020020e+00	-2.945854e+01
2.030020e+00	-3.404060e+01
2.040020e+00	-3.369214e+01
2.050021e+00	-3.654082e+01
2.060021e+00	-3.350512e+01
2.070021e+00	-3.165718e+01
2.080021e+00	-3.653057e+01
2.090021e+00	-3.285171e+01
2.100021e+00	-3.427680e+01
2.110021e+00	-4.161277e+01
2.120021e+00	-4.066510e+01
2.130021e+00	-3.763483e+01
2.140021e+00	-3.620032e+01
2.150022e+00	-4.121872e+01
2.160022e+00	-4.715441e+01
2.170022e+00	-5.027082e+01
2.180022e+00	-3.327722e+01
2.190022e+00	-4.052782e+01
2.200022e+00	-3.252694e+01
2.210022e+00	-3.676327e+01
2.220022e+00	-5.306927e+01
2.230022e+00	-3.811908e+01
2.240022e+00	-4.034949e+01
2.250023e+00	-3.516620e+01
2.260023e+00	-3.691849e+01
2.270023e+00	-4.007454e+01
2.280023e+00	-3.553061e+01
2.290023e+00	-4.422637e+01
2.300023e+00	-3.872832e+01
2.310023e+00	-5.475907e+01
2.320023e+00	-4.757432e+01
2.330023e+00	-5.167195e+01
2.340023e+00	-5.756188e+01
2.350024e+00	-4.321704e+01
2.360024e+00	-4.128733e+01
2.370024e+00	-4.920229e+01
2.380024e+00	-4.133405e+01
2.390024e+00	-3.868862e+01
2.400024e+00	-3.966403e+01
2.410024e+00	-4.453514e+01
2.420024e+00	-4.912654e+01
2.430024e+00	-3.546558e+01
2.440024e+00	-3.948728e+01
2.450025e+00	-5.005799e+01
2.460025e+00	-4.578728e+01
2.470025e+00	-5.207831e+01
2.480025e+00	-4.340274e+01
2.490025e+00	-4.711731e+01
2.500025e+00	-4.471063e+01
2.510025e+00	-4.225301e+01
2.520025e+00	-4.467334e+01
2.530025e+00	-5.107184e+01
2.540025e+00	-6.987028e+01
2.550026e+00	-4.738039e+01
2.560026e+00	-5.310100e+01
2.570026e+00	-5.693479e+01
2.580026e+00	-7.777461e+01
2.590026e+00	-5.407782e+01
2.600026e+00	-5.584493e+01
2.610026e+00	-5.467716e+01
2.620026e+00	-5.577469e+01
2.630026e+00	-4.974804e+01
2.640026e+00	-5.693007e+01
2.650027e+00	-5.866287e+01
2.660027e+00	-5.359832e+01
2.670027e+00	-5.875783e+01
2.680027e+00	-6.600490e+01
2.690027e+00	-5.810291e+01
2.700027e+00	-6.177065e+01
2.710027e+00	-6.497262e+01
2.720027e+00	-6.835685e+01
2.730027e+00	-7.176451e+01
2.740027e+00	-7.232517e+01
2.750028e+00	-7.158977e+01
2.760028e+00	-7.094384e+01
2.770028e+00	-7.168752e+01
2.780028e+00	-7.606534e+01
2.790028e+00	-6.140641e+01
2.800028e+00	-6.006187e+01
2.810028e+00	-6.244671e+01
2.820028e+00	-6.811351e+01
2.830028e+00	-5.958128e+01
2.840028e+00	-6.261261e+01
2.850029e+00	-6.490952e+01
2.860029e+00	-5.588484e+01
2.870029e+00	-5.526578e+01
2.880029e+00	-5.478875e+01
2.890029e+00	-5.487935e+01
2.900029e+00	-5.191278e+01
2.910029e+00	-5.138364e+01
2.920029e+00	-7.351136e+01
2.930029e+00	-5.950347e+01
2.940029e+00	-5.311019e+01
2.950030e+00	-6.143774e+01
2.960030e+00	-5.875150e+01
2.970030e+00	-5.384454e+01
2.980030e+00	-5.332060e+01
2.990030e+00	-5.734731e+01
3.000030e+00	-5.142281e+01
3.010030e+00	-5.080196e+01
3.020030e+00	-7.229678e+01
3.030030e+00	-5.835380e+01
3.040030e+00	-5.065935e+01
3.050031e+00	-6.295164e+01
3.060031e+00	-5.605574e+01
3.070031e+00	-5.404911e+01
3.080031e+00	-7.590872e+01
3.090031e+00	-5.469496e+01
3.100031e+00	-5.206686e+01
3.110031e+00	-5.691434e+01
3.120031e+00	-4.804580e+01
3.130031e+00	-4.968697e+01
3.140031e+00	-5.777423e+01
3.150032e+00	-6.425549e+01
3.160032e+00	-6.594052e+01
3.170032e+00	-6.027212e+01
3.180032e+00	-6.251879e+01
3.190032e+00	-5.299513e+01
3.200032e+00	-6.302392e+01
3.210032e+00	-5.975660e+01
3.220032e+00	-5.380956e+01
3.230032e+00	-7.033084e+01
3.240032e+00	-5.414848e+01
3.250033e+00	-5.412884e+01
3.260033e+00	-5.661175e+01
3.270033e+00	-5.848151e+01
3.280033e+00	-5.456263e+01
3.290033e+00	-5.941286e+01
3.300033e+00	-5.413936e+01
3.310033e+00	-5.852688e+01
3.320033e+00	-5.089642e+01
3.330033e+00	-5.431158e+01
3.340033e+00	-5.613801e+01
3.350034e+00	-5.340667e+01
3.360034e+00	-7.909694e+01
3.370034e+00	-5.771271e+01
3.380034e+00	-6.969513e+01
3.390034e+00	-5.101091e+01
3.400034e+00	-5.136091e+01
3.410034e+00	-6.418085e+01
3.420034e+00	-5.310273e+01
3.430034e+00	-6.600595e+01
3.440034e+00	-6.498200e+01
3.450035e+00	-5.918300e+01
3.460035e+00	-5.502587e+01
3.470035e+00	-7.165169e+01
3.480035e+00	-5.439033e+01
3.490035e+00	-5.626270e+01
3.500035e+00	-5.725492e+01
3.510035e+00	-5.608245e+01
3.520035e+00	-5.737391e+01
3.530035e+00	-5.643065e+01
3.540035e+00	-5.828937e+01
3.550036e+00	-5.886058e+01
3.560036e+00	-6.469797e+01
3.570036e+00	-5.960299e+01
3.580036e+00	-5.755841e+01
3.590036e+00	-6.809488e+01
3.600036e+00	-6.250268e+01
3.610036e+00	-6.519152e+01
3.620036e+00	-7.646154e+01
3.630036e+00	-8.082115e+01
3.640036e+00	-7.140023e+01
3.650037e+00	-6.264464e+01
3.660037e+00	-7.608601e+01
3.670037e+00	-6.487869e+01
3.680037e+00	-6.412973e+01
3.690037e+00	-6.992992e+01
3.700037e+00	-7.099722e+01
3.710037e+00	-7.168560e+01
3.720037e+00	-7.194636e+01
3.730037e+00	-8.177542e+01
3.740037e+00	-7.401968e+01
3.750038e+00	-7.800614e+01
3.760038e+00	-7.619637e+01
3.770038e+00	-8.376424e+01
3.780038e+00	-7.020865e+01
3.790038e+00	-9.317069e+01
3.800038e+00	-8.113047e+01
3.810038e+00	-7.273320e+01
3.820038e+00	-6.520591e+01
3.830038e+00	-6.546326e+01
3.840038e+00	-7.966159e+01
3.850039e+00	-6.447960e+01
3.860039e+00	-6.335811e+01
3.870039e+00	-6.956228e+01
3.880039e+00	-6.474791e+01
3.890039e+00	-7.016717e+01
3.900039e+00	-6.698947e+01
3.910039e+00	-5.996568e+01
3.920039e+00	-6.300615e+01
3.930039e+00	-6.425683e+01
3.940039e+00	-6.625440e+01
3.950040e+00	-5.836988e+01
3.960040e+00	-6.115797e+01
3.970040e+00	-5.867927e+01
3.980040e+00	-5.508555e+01
3.990040e+00	-5.703017e+01
4.000040e+00	-6.356508e+01
4.010040e+00	-6.320052e+01
4.020040e+00	-6.417336e+01
4.030040e+00	-7.075664e+01
4.040040e+00	-7.041922e+01
4.050041e+00	-5.938020e+01
4.060041e+00	-6.681836e+01
4.070041e+00	-6.651848e+01
4.080041e+00	-5.859296e+01
4.090041e+00	-6.387805e+01
4.100041e+00	-5.584290e+01
4.110041e+00	-5.578057e+01
4.120041e+00	-6.620604e+01
4.130041e+00	-5.684165e+01
4.140041e+00	-5.935196e+01
4.150042e+00	-5.859577e+01
4.160042e+00	-5.994461e+01
4.170042e+00	-5.368054e+01
4.180042e+00	-5.518764e+01
4.190042e+00	-5.758124e+01
4.200042e+00	-6.307890e+01
4.210042e+00	-6.617803e+01
4.220042e+00	-6.694521e+01
4.230042e+00	-6.976966e+01
4.240042e+00	-6.365045e+01
4.250043e+00	-8.196197e+01
4.260043e+00	-5.598541e+01
4.270043e+00	-6.078534e+01
4.280043e+00	-5.944202e+01
4.290043e+00	-6.374065e+01
4.300043e+00	-5.918168e+01
4.310043e+00	-6.720519e+01
4.320043e+00	-6.325900e+01
4.330043e+00	-6.923413e+01
4.340043e+00	-6.004367e+01
4.350044e+00	-6.248243e+01
4.360044e+00	-5.844975e+01
4.370044e+00	-5.281054e+01
4.380044e+00	-6.180544e+01
4.390044e+00	-6.183344e+01
4.400044e+00	-6.087343e+01
4.410044e+00	-6.029534e+01
4.420044e+00	-6.691669e+01
4.430044e+00	-6.466143e+01
4.440044e+00	-7.063553e+01
4.450045e+00	-6.655484e+01
4.460045e+00	-5.872880e+01
4.470045e+00	-7.154933e+01
4.480045e+00	-6.309679e+01
4.490045e+00	-6.097113e+01
4.500045e+00	-6.796545e+01
4.510045e+00	-6.417465e+01
4.520045e+00	-8.705638e+01
4.530045e+00	-6.500090e+01
4.540045e+00	-6.130222e+01
4.550046e+00	-6.292246e+01
4.560046e+00	-6.732601e+01
4.570046e+00	-7.588981e+01
4.580046e+00	-7.681837e+01
4.590046e+00	-6.464764e+01
4.600046e+00	-6.076521e+01
4.610046e+00	-7.541330e+01
4.620046e+00	-6.272540e+01
4.630046e+00	-7.148076e+01
4.640046e+00	-7.336540e+01
4.650047e+00	-7.386454e+01
4.660047e+00	-7.095802e+01
4.670047e+00	-8.287869e+01
4.680047e+00	-7.093395e+01
4.690047e+00	-8.300432e+01
4.700047e+00	-7.929888e+01
4.710047e+00	-7.076396e+01
4.720047e+00	-7.699553e+01
4.730047e+00	-7.955432e+01
4.740047e+00	-8.165716e+01
4.750048e+00	-7.940092e+01
4.760048e+00	-8.204954e+01
4.770048e+00	-7.854729e+01
4.780048e+00	-7.432808e+01
4.790048e+00	-8.403402e+01
4.800048e+00	-7.166301e+01
4.810048e+00	-6.834151e+01
4.820048e+00	-7.329787e+01
4.830048e+00	-7.211877e+01
4.840048e+00	-6.750678e+01
4.850049e+00	-7.226883e+01
4.860049e+00	-6.774656e+01
4.870049e+00	-6.999073e+01
4.880049e+00	-7.486250e+01
4.890049e+00	-7.127096e+01
4.900049e+00	-7.655443e+01
4.910049e+00	-6.541080e+01
4.920049e+00	-6.310688e+01
4.930049e+00	-6.635535e+01
4.940049e+00	-6.604026e+01
4.950050e+00	-6.235062e+01
4.960050e+00	-7.276092e+01
4.970050e+00	-6.470834e+01
4.980050e+00	-6.180874e+01
4.990050e+00	-5.822881e+01
5.000050e+00	-6.017693e+01
5.010050e+00	-7.293641e+01
5.020050e+00	-6.208428e+01
5.030050e+00	-6.236845e+01
5.040050e+00	-6.737672e+01
5.050051e+00	-5.992511e+01
5.060051e+00	-5.576404e+01
5.070051e+00	-5.674519e+01
5.080051e+00	-8.450308e+01
5.090051e+00	-5.976226e+01
5.100051e+00	-6.289927e+01
5.110051e+00	-6.861855e+01
5.120051e+00	-6.205938e+01
5.130051e+00	-6.299912e+01
5.140051e+00	-5.655348e+01
5.150052e+00	-5.909617e+01
5.160052e+00	-6.188907e+01
5.170052e+00	-6.555098e+01
5.180052e+00	-7.496101e+01
5.190052e+00	-6.636379e+01
5.200052e+00	-6.587030e+01
5.210052e+00	-6.788429e+01
5.220052e+00	-6.637230e+01
5.230052e+00	-5.936125e+01
5.240052e+00	-5.580776e+01
5.250053e+00	-5.834766e+01
5.260053e+00	-5.891185e+01
5.270053e+00	-7.107394e+01
5.280053e+00	-6.106927e+01
5.290053e+00	-6.835363e+01
5.300053e+00	-6.257152e+01
5.310053e+00	-6.420778e+01
5.320053e+00	-5.648954e+01
5.330053e+00	-6.383246e+01
5.340053e+00	-5.934295e+01
5.350054e+00	-6.584714e+01
5.360054e+00	-6.574638e+01
5.370054e+00	-6.768188e+01
5.380054e+00	-6.158009e+01
5.390054e+00	-6.008984e+01
5.400054e+00	-6.066309e+01
5.410054e+00	-5.698164e+01
5.420054e+00	-6.365594e+01
5.430054e+00	-5.870452e+01
5.440054e+00	-6.019581e+01
5.450055e+00	-6.103474e+01
5.460055e+00	-5.723530e+01
5.470055e+00	-6.612180e+01
5.480055e+00	-6.050328e+01
5.490055e+00	-6.841463e+01
5.500055e+00	-6.975449e+01
5.510055e+00	-7.718605e+01
5.520055e+00	-7.485208e+01
5.530055e+00	-6.416385e+01
5.540055e+00	-6.758572e+01
5.550056e+00	-7.139910e+01
5.560056e+00	-7.490672e+01
5.570056e+00	-6.571897e+01
5.580056e+00	-7.270450e+01
5.590056e+00	-6.995229e+01
5.600056e+00	-7.440968e+01
5.610056e+00	-8.067987e+01
5.620056e+00	-6.893237e+01
5.630056e+00	-7.463225e+01
5.640056e+00	-8.819356e+01
5.650057e+00	-8.395609e+01
5.660057e+00	-7.376157e+01
5.670057e+00	-7.589704e+01
5.680057e+00	-8.910144e+01
5.690057e+00	-7.695722e+01
5.700057e+00	-8.042033e+01
5.710057e+00	-7.914929e+01
5.720057e+00	-8.232760e+01
5.730057e+00	-7.837949e+01
5.740057e+00	-7.982442e+01
5.750058e+00	-8.177963e+01
5.760058e+00	-8.152617e+01
5.770058e+00	-7.795304e+01
5.780058e+00	-8.013115e+01
5.790058e+00	-8.467367e+01
5.800058e+00	-7.898564e+01
5.810058e+00	-6.832448e+01
5.820058e+00	-7.019714e+01
5.830058e+00	-7.211840e+01
5.840058e+00	-8.008546e+01
5.850059e+00	-7.046694e+01
5.860059e+00	-7.304478e+01
5.870059e+00	-6.711294e+01
5.880059e+00	-7.794391e+01
5.890059e+00	-8.658858e+01
5.900059e+00	-7.299416e+01
5.910059e+00	-7.631975e+01
5.920059e+00	-6.851830e+01
5.930059e+00	-8.083716e+01
5.940059e+00	-7.637364e+01
5.950060e+00	-7.363590e+01
5.960060e+00	-6.724915e+01
5.970060e+00	-6.975341e+01
5.980060e+00	-6.481588e+01
5.990060e+00	-6.168588e+01
6.000060e+00	-6.761322e+01
6.010060e+00	-6.924603e+01
6.020060e+00	-7.074723e+01
6.030060e+00	-6.729123e+01
6.040060e+00	-5.871532e+01
6.050061e+00	-6.666515e+01
6.060061e+00	-6.087124e+01
6.070061e+00	-6.833109e+01
6.080061e+00	-7.612704e+01
6.090061e+00	-5.738032e+01
6.100061e+00	-6.065686e+01
6.110061e+00	-6.318728e+01
6.120061e+00	-6.586413e+01
6.130061e+00	-6.385042e+01
6.140061e+00	-6.072189e+01
6.150062e+00	-6.437999e+01
6.160062e+00	-7.148104e+01
6.170062e+00	-5.891130e+01
6.180062e+00	-5.880457e+01
6.190062e+00	-6.657410e+01
6.200062e+00	-6.197498e+01
6.210062e+00	-6.537031e+01
6.220062e+00	-6.145460e+01
6.230062e+00	-6.477183e+01
6.240062e+00	-6.230809e+01
6.250063e+00	-6.085256e+01
6.260063e+00	-6.328704e+01
6.270063e+00	-6.335668e+01
6.280063e+00	-6.142009e+01
6.290063e+00	-6.560521e+01
6.300063e+00	-6.534026e+01
6.310063e+00	-5.975021e+01
6.320063e+00	-7.499649e+01
6.330063e+00	-6.462545e+01
6.340063e+00	-6.876579e+01
6.350064e+00	-6.644039e+01
6.360064e+00	-6.254894e+01
6.370064e+00	-7.484110e+01
6.380064e+00	-6.758307e+01
6.390064e+00	-6.158276e+01
6.400064e+00	-7.200023e+01
6.410064e+00	-6.044495e+01
6.420064e+00	-6.744754e+01
6.430064e+00	-6.666550e+01
6.440064e+00	-6.483043e+01
6.450065e+00	-6.669971e+01
6.460065e+00	-6.731501e+01
6.470065e+00	-7.261105e+01
6.480065e+00	-6.733563e+01
6.490065e+00	-7.013066e+01
6.500065e+00	-7.179350e+01
6.510065e+00	-6.585985e+01
6.520065e+00	-7.412717e+01
6.530065e+00	-7.595223e+01
6.540065e+00	-6.883960e+01
6.550066e+00	-8.252088e+01
6.560066e+00	-8.172403e+01
6.570066e+00	-8.203289e+01
6.580066e+00	-6.624595e+01
6.590066e+00	-7.167625e+01
6.600066e+00	-8.445393e+01
6.610066e+00	-8.083775e+01
6.620066e+00	-7.928514e+01
6.630066e+00	-6.935475e+01
6.640066e+00	-7.959034e+01
6.650067e+00	-7.726551e+01
6.660067e+00	-7.955533e+01
6.670067e+00	-7.720228e+01
6.680067e+00	-8.472127e+01
6.690067e+00	-7.601712e+01
6.700067e+00	-8.444835e+01
6.710067e+00	-8.273943e+01
6.720067e+00	-8.241359e+01
6.730067e+00	-7.765394e+01
6.740067e+00	-8.381977e+01
6.750068e+00	-8.073373e+01
6.760068e+00	-8.026880e+01
6.770068e+00	-8.323753e+01
6.780068e+00	-7.861719e+01
6.790068e+00	-7.475155e+01
6.800068e+00	-8.383222e+01
6.810068e+00	-6.898420e+01
6.820068e+00	-7.874825e+01
6.830068e+00	-7.809263e+01
6.840068e+00	-7.386227e+01
6.850069e+00	-7.753097e+01
6.860069e+00	-7.861422e+01
6.870069e+00	-7.497042e+01
6.880069e+00	-8.476008e+01
6.890069e+00	-6.757373e+01
6.900069e+00	-7.589362e+01
6.910069e+00	-7.331228e+01
6.920069e+00	-7.818452e+01
6.930069e+00	-7.711416e+01
6.940069e+00	-6.701914e+01
6.950070e+00	-7.198615e+01
6.960070e+00	-6.544207e+01
6.970070e+00	-7.539322e+01
6.980070e+00	-7.937359e+01
6.990070e+00	-7.571952e+01
7.000070e+00	-7.282343e+01
7.010070e+00	-8.509248e+01
7.020070e+00	-6.845274e+01
7.030070e+00	-7.081994e+01
7.040070e+00	-6.335089e+01
7.050071e+00	-6.923935e+01
7.060071e+00	-7.154964e+01
7.070071e+00	-6.476767e+01
7.080071e+00	-8.290811e+01
7.090071e+00	-6.830841e+01
7.100071e+00	-6.669715e+01
7.110071e+00	-7.295337e+01
7.120071e+00	-7.362009e+01
7.130071e+00	-5.736503e+01
7.140071e+00	-6.630572e+01
7.150072e+00	-6.471189e+01
7.160072e+00	-7.329611e+01
7.170072e+00	-6.068990e+01
7.180072e+00	-6.332901e+01
7.190072e+00	-7.156315e+01
7.200072e+00	-7.488786e+01
7.210072e+00	-6.167015e+01
7.220072e+00	-7.095113e+01
7.230072e+00	-6.984647e+01
7.240072e+00	-7.079419e+01
7.250073e+00	-6.681054e+01
7.260073e+00	-7.006808e+01
7.270073e+00	-7.653542e+01
7.280073e+00	-6.876888e+01
7.290073e+00	-6.746819e+01
7.300073e+00	-6.835465e+01
7.310073e+00	-6.899118e+01
7.320073e+00	-6.319205e+01
7.330073e+00	-6.301428e+01
7.340073e+00	-7.999201e+01
7.350074e+00	-6.977926e+01
7.360074e+00	-6.935040e+01
7.370074e+00	-6.885217e+01
7.380074e+00	-6.468230e+01
7.390074e+00	-6.901545e+01
7.400074e+00	-7.460301e+01
7.410074e+00	-6.704318e+01
7.420074e+00	-6.925820e+01
7.430074e+00	-8.540638e+01
7.440074e+00	-6.596447e+01
7.450075e+00	-8.718676e+01
7.460075e+00	-6.907741e+01
7.470075e+00	-6.751978e+01
7.480075e+00	-7.436855e+01
7.490075e+00	-7.031090e+01
7.500075e+00	-7.406847e+01
7.510075e+00	-6.996658e+01
7.520075e+00	-7.597958e+01
7.530075e+00	-7.418516e+01
7.540075e+00	-8.917242e+01
7.550076e+00	-7.514116e+01
7.560076e+00	-7.310685e+01
7.570076e+00	-7.724256e+01
7.580076e+00	-7.128966e+01
7.590076e+00	-7.537696e+01
7.600076e+00	-7.972742e+01
7.610076e+00	-8.813963e+01
7.620076e+00	-9.265294e+01
7.630076e+00	-7.734173e+01
7.640076e+00	-7.968639e+01
7.650077e+00	-8.486481e+01
7.660077e+00	-8.085477e+01
7.670077e+00	-8.643165e+01
7.680077e+00	-8.182433e+01
7.690077e+00	-8.299961e+01
7.700077e+00	-8.274604e+01
7.710077e+00	-8.156119e+01
7.720077e+00	-8.294979e+01
7.730077e+00	-7.868216e+01
7.740077e+00	-8.724373e+01
7.750078e+00	-7.779081e+01
7.760078e+00	-8.681115e+01
7.770078e+00	-7.877641e+01
7.780078e+00	-7.199585e+01
7.790078e+00	-7.235018e+01
7.800078e+00	-8.580740e+01
7.810078e+00	-8.398750e+01
7.820078e+00	-6.844938e+01
7.830078e+00	-7.310779e+01
7.840078e+00	-6.965199e+01
7.850079e+00	-7.035678e+01
7.860079e+00	-7.833101e+01
7.870079e+00	-7.680162e+01
7.880079e+00	-7.041597e+01
7.890079e+00	-7.238377e+01
7.900079e+00	-6.911542e+01
7.910079e+00	-7.176829e+01
7.920079e+00	-8.240549e+01
7.930079e+00	-6.563758e+01
7.940079e+00	-7.961932e+01
7.950080e+00	-7.632514e+01
7.960080e+00	-6.507569e+01
7.970080e+00	-7.295712e+01
7.980080e+00	-6.905365e+01
7.990080e+00	-6.951090e+01
8.000080e+00	-7.065528e+01
8.010080e+00	-6.592847e+01
8.020080e+00	-6.682008e+01
8.030080e+00	-7.591527e+01
8.040080e+00	-7.321532e+01
8.050081e+00	-7.193030e+01
8.060081e+00	-6.659437e+01
8.070081e+00	-8.082245e+01
8.080081e+00	-7.869233e+01
8.090081e+00	-7.532387e+01
8.100081e+00	-7.189316e+01
8.110081e+00	-6.579154e+01
8.120081e+00	-7.388317e+01
8.130081e+00	-8.048080e+01
8.140081e+00	-6.422053e+01
8.150082e+00	-6.339652e+01
8.160082e+00	-6.356498e+01
8.170082e+00	-7.606210e+01
8.180082e+00	-6.960357e+01
8.190082e+00	-7.420859e+01
8.200082e+00	-7.618614e+01
8.210082e+00	-6.511691e+01
8.220082e+00	-6.704043e+01
8.230082e+00	-6.815068e+01
8.240082e+00	-7.216511e+01
8.250083e+00	-6.855547e+01
8.260083e+00	-7.530384e+01
8.270083e+00	-8.009511e+01
8.280083e+00	-6.650834e+01
8.290083e+00	-7.133005e+01
8.300083e+00	-6.998158e+01
8.310083e+00	-6.742326e+01
8.320083e+00	-7.274005e+01
8.330083e+00	-6.252028e+01
8.340083e+00	-6.883973e+01
8.350084e+00	-6.983350e+01
8.360084e+00	-6.509685e+01
8.370084e+00	-7.080197e+01
8.380084e+00	-6.710618e+01
8.390084e+00	-6.813938e+01
8.400084e+00	-7.197029e+01
8.410084e+00	-6.813845e+01
8.420084e+00	-7.243237e+01
8.430084e+00	-8.349927e+01
8.440084e+00	-7.314695e+01
8.450085e+00	-7.781906e+01
8.460085e+00	-6.779002e+01
8.470085e+00	-8.741975e+01
8.480085e+00	-6.977664e+01
8.490085e+00	-8.328904e+01
8.500085e+00	-7.379365e+01
8.510085e+00	-7.528526e+01
8.520085e+00	-7.233863e+01
8.530085e+00	-7.922916e+01
8.540085e+00	-6.795871e+01
8.550086e+00	-7.096025e+01
8.560086e+00	-8.126688e+01
8.570086e+00	-7.430726e+01
8.580086e+00	-7.566186e+01
8.590086e+00	-8.563515e+01
8.600086e+00	-8.208464e+01
8.610086e+00	-8.810347e+01
8.620086e+00	-8.288298e+01
8.630086e+00	-8.083767e+01
8.640086e+00	-7.692930e+01
8.650087e+00	-8.658887e+01
8.660087e+00	-8.268710e+01
8.670087e+00	-8.133431e+01
8.680087e+00	-8.324222e+01
8.690087e+00	-8.082079e+01
8.700087e+00	-8.142139e+01
8.710087e+00	-8.815213e+01
8.720087e+00	-8.225272e+01
8.730087e+00	-8.508485e+01
8.740087e+00	-8.795990e+01
8.750088e+00	-7.533414e+01
8.760088e+00	-7.393481e+01
8.770088e+00	-8.132419e+01
8.780088e+00	-7.963375e+01
8.790088e+00	-8.693054e+01
8.800088e+00	-7.548150e+01
8.810088e+00	-7.983095e+01
8.820088e+00	-7.549427e+01
8.830088e+00	-6.922126e+01
8.840088e+00	-6.973163e+01
8.850089e+00	-7.175567e+01
8.860089e+00	-6.826424e+01
8.870089e+00	-7.276425e+01
8.880089e+00	-7.387873e+01
8.890089e+00	-7.403182e+01
8.900089e+00	-7.287401e+01
8.910089e+00	-7.823799e+01
8.920089e+00	-7.812076e+01
8.930089e+00	-7.387037e+01
8.940089e+00	-7.365793e+01
8.950090e+00	-6.533464e+01
8.960090e+00	-6.724399e+01
8.970090e+00	-7.469835e+01
8.980090e+00	-7.382169e+01
8.990090e+00	-6.732452e+01
9.000090e+00	-7.348169e+01
9.010090e+00	-7.410059e+01
9.020090e+00	-8.431692e+01
9.030090e+00	-7.038614e+01
9.040090e+00	-7.887977e+01
9.050091e+00	-6.229521e+01
9.060091e+00	-6.691510e+01
9.070091e+00	-7.282198e+01
9.080091e+00	-6.802952e+01
9.090091e+00	-6.638802e+01
9.100091e+00	-6.619213e+01
9.110091e+00	-6.741518e+01
9.120091e+00	-6.534041e+01
9.130091e+00	-7.267926e+01
9.140091e+00	-7.840500e+01
9.150092e+00	-6.783230e+01
9.160092e+00	-8.035463e+01
9.170092e+00	-6.975813e+01
9.180092e+00	-6.833082e+01
9.190092e+00	-7.202912e+01
9.200092e+00	-7.515545e+01
9.210092e+00	-7.081123e+01
9.220092e+00	-7.415281e+01
9.230092e+00	-7.178198e+01
9.240092e+00	-6.207388e+01
9.250093e+00	-7.893230e+01
9.260093e+00	-6.603562e+01
9.270093e+00	-7.466429e+01
9.280093e+00	-6.330699e+01
9.290093e+00	-7.033893e+01
9.300093e+00	-7.120405e+01
9.310093e+00	-6.650125e+01
9.320093e+00	-7.034524e+01
9.330093e+00	-7.229653e+01
9.340093e+00	-6.953560e+01
9.350094e+00	-6.431188e+01
9.360094e+00	-7.287731e+01
9.370094e+00	-7.152073e+01
9.380094e+00	-7.858062e+01
9.390094e+00	-6.360839e+01
9.400094e+00	-6.911537e+01
9.410094e+00	-6.908269e+01
9.420094e+00	-8.068614e+01
9.430094e+00	-8.097759e+01
9.440094e+00	-8.230743e+01
9.450095e+00	-7.285060e+01
9.460095e+00	-7.061690e+01
9.470095e+00	-6.795595e+01
9.480095e+00	-7.025174e+01
9.490095e+00	-8.114972e+01
9.500095e+00	-8.110410e+01
9.510095e+00	-7.201885e+01
9.520095e+00	-8.239983e+01
9.530095e+00	-7.736990e+01
9.540095e+00	-7.503597e+01
9.550096e+00	-7.864021e+01
9.560096e+00	-7.477021e+01
9.570096e+00	-8.169235e+01
9.580096e+00	-7.590214e+01
9.590096e+00	-7.741374e+01
9.600096e+00	-8.170144e+01
9.610096e+00	-8.367769e+01
9.620096e+00	-8.403314e+01
9.630096e+00	-8.583527e+01
9.640096e+00	-8.534428e+01
9.650097e+00	-8.253337e+01
9.660097e+00	-8.126672e+01
9.670097e+00	-8.485689e+01
9.680097e+00	-8.262121e+01
9.690097e+00	-8.591415e+01
9.700097e+00	-8.383005e+01
9.710097e+00	-8.311242e+01
9.720097e+00	-9.080962e+01
9.730097e+00	-7.753782e+01
9.740097e+00	-8.339963e+01
9.750098e+00	-7.654499e+01
9.760098e+00	-7.388750e+01
9.770098e+00	-7.605774e+01
9.780098e+00	-7.253891e+01
9.790098e+00	-7.372138e+01
9.800098e+00	-8.498744e+01
9.810098e+00	-7.291937e+01
9.820098e+00	-7.757380e+01
9.830098e+00	-8.105438e+01
9.840098e+00	-8.056571e+01
9.850099e+00	-7.632585e+01
9.860099e+00	-8.176443e+01
9.870099e+00	-6.960440e+01
9.880099e+00	-7.728354e+01
9.890099e+00	-6.747831e+01
9.900099e+00	-8.725451e+01
9.910099e+00	-6.878489e+01
9.920099e+00	-7.372807e+01
9.930099e+00	-7.038515e+01
9.940099e+00	-7.107719e+01
9.950100e+00	-8.223284e+01
9.960100e+00	-8.075950e+01
9.970100e+00	-7.403149e+01
9.980100e+00	-7.314828e+01
9.990100e+00	-7.952199e+01
1.000010e+01	-7.029082e+01
1.001010e+01	-7.283198e+01
1.002010e+01	-6.977930e+01
1.003010e+01	-6.793441e+01
1.004010e+01	-8.253843e+01
1.005010e+01	-7.215728e+01
1.006010e+01	-7.398967e+01
1.007010e+01	-8.026530e+01
1.008010e+01	-6.935816e+01
1.009010e+01	-7.986703e+01
1.010010e+01	-7.117631e+01
1.011010e+01	-7.269799e+01
1.012010e+01	-6.649343e+01
1.013010e+01	-7.584671e+01
1.014010e+01	-7.712464e+01
1.015010e+01	-7.501446e+01
1.016010e+01	-7.164801e+01
1.017010e+01	-7.307339e+01
1.018010e+01	-6.980325e+01
1.019010e+01	-6.994081e+01
1.020010e+01	-6.922120e+01
1.021010e+01	-7.106438e+01
1.022010e+01	-7.976803e+01
1.023010e+01	-7.020983e+01
1.024010e+01	-7.647624e+01
1.025010e+01	-6.870619e+01
1.026010e+01	-7.002900e+01
1.027010e+01	-7.807686e+01
1.028010e+01	-6.698837e+01
1.029010e+01	-7.430545e+01
1.030010e+01	-7.319951e+01
1.031010e+01	-6.811112e+01
1.032010e+01	-7.464307e+01
1.033010e+01	-7.075431e+01
1.034010e+01	-7.018996e+01
1.035010e+01	-7.341709e+01
1.036010e+01	-7.189487e+01
1.037010e+01	-8.123270e+01
1.038010e+01	-6.848314e+01
1.039010e+01	-7.143948e+01
1.040010e+01	-7.578570e+01
1.041010e+01	-7.164071e+01
1.042010e+01	-7.267303e+01
1.043010e+01	-7.173621e+01
1.044010e+01	-8.494890e+01
1.045010e+01	-6.856790e+01
1.046010e+01	-8.013009e+01
1.047010e+01	-8.198638e+01
1.048010e+01	-8.144252e+01
1.049010e+01	-7.493422e+01
1.050011e+01	-7.328268e+01
1.051011e+01	-7.550425e+01
1.052011e+01	-7.522815e+01
1.053011e+01	-7.523531e+01
1.054011e+01	-7.734262e+01
1.055011e+01	-8.048680e+01
1.056011e+01	-7.802720e+01
1.057011e+01	-7.875045e+01
1.058011e+01	-8.917457e+01
1.059011e+01	-8.711142e+01
1.060011e+01	-8.318052e+01
1.061011e+01	-8.553597e+01
1.062011e+01	-8.156530e+01
1.063011e+01	-8.369360e+01
1.064011e+01	-8.272874e+01
1.065011e+01	-9.055546e+01
1.066011e+01	-8.136887e+01
1.067011e+01	-7.788474e+01
1.068011e+01	-7.823312e+01
1.069011e+01	-8.163462e+01
1.070011e+01	-8.508246e+01
1.071011e+01	-8.071041e+01
1.072011e+01	-7.706196e+01
1.073011e+01	-8.292233e+01
1.074011e+01	-8.025136e+01
1.075011e+01	-7.558813e+01
1.076011e+01	-8.332716e+01
1.077011e+01	-7.234264e+01
1.078011e+01	-7.271344e+01
1.079011e+01	-7.248317e+01
1.080011e+01	-8.238924e+01
1.081011e+01	-9.142196e+01
1.082011e+01	-7.514359e+01
1.083011e+01	-7.676820e+01
1.084011e+01	-7.175614e+01
1.085011e+01	-7.563262e+01
1.086011e+01	-8.169286e+01
1.087011e+01	-7.173660e+01
1.088011e+01	-7.554332e+01
1.089011e+01	-7.518362e+01
1.090011e+01	-7.056475e+01
1.091011e+01	-7.236948e+01
1.092011e+01	-7.233009e+01
1.093011e+01	-6.588976e+01
1.094011e+01	-6.691354e+01
1.095011e+01	-8.019580e+01
1.096011e+01	-6.486848e+01
1.097011e+01	-7.387265e+01
1.098011e+01	-6.773901e+01
1.099011e+01	-7.628475e+01
1.100011e+01	-6.939252e+01
1.101011e+01	-6.879573e+01
1.102011e+01	-7.182400e+01
1.103011e+01	-7.807088e+01
1.104011e+01	-6.656361e+01
1.105011e+01	-8.524596e+01
1.106011e+01	-7.803917e+01
1.107011e+01	-7.064471e+01
1.108011e+01	-7.203295e+01
1.109011e+01	-6.999078e+01
1.110011e+01	-7.391195e+01
1.111011e+01	-6.506143e+01
1.112011e+01	-6.754331e+01
1.113011e+01	-7.593667e+01
1.114011e+01	-7.831266e+01
1.115011e+01	-7.423263e+01
1.116011e+01	-7.642682e+01
1.117011e+01	-7.129733e+01
1.118011e+01	-6.974463e+01
1.119011e+01	-7.062523e+01
1.120011e+01	-6.455923e+01
1.121011e+01	-6.999623e+01
1.122011e+01	-7.643469e+01
1.123011e+01	-6.943205e+01
1.124011e+01	-7.279418e+01
1.125011e+01	-8.119103e+01
1.126011e+01	-7.235639e+01
1.127011e+01	-6.784205e+01
1.128011e+01	-7.699146e+01
1.129011e+01	-7.706352e+01
1.130011e+01	-6.921680e+01
1.131011e+01	-6.937634e+01
1.132011e+01	-7.322005e+01
1.133011e+01	-6.534702e+01
1.134011e+01	-7.314192e+01
1.135011e+01	-8.115204e+01
1.136011e+01	-6.887853e+01
1.137011e+01	-8.641385e+01
1.138011e+01	-7.333785e+01
1.139011e+01	-8.743784e+01
1.140011e+01	-7.451737e+01
1.141011e+01	-8.132280e+01
1.142011e+01	-7.087608e+01
1.143011e+01	-8.400387e+01
1.144011e+01	-9.190808e+01
1.145011e+01	-7.291240e+01
1.146011e+01	-7.971081e+01
1.147011e+01	-7.530017e+01
1.148011e+01	-7.892650e+01
1.149011e+01	-7.708949e+01
1.150012e+01	-7.532492e+01
1.151012e+01	-7.747361e+01
1.152012e+01	-8.095828e+01
1.153012e+01	-1.029660e+02
1.154012e+01	-9.453894e+01
1.155012e+01	-8.271113e+01
1.156012e+01	-8.886370e+01
1.157012e+01	-8.477065e+01
1.158012e+01	-8.363121e+01
1.159012e+01	-8.451780e+01
1.160012e+01	-8.419352e+01
1.161012e+01	-8.495878e+01
1.162012e+01	-8.673727e+01
1.163012e+01	-8.834652e+01
1.164012e+01	-8.414214e+01
1.165012e+01	-8.111105e+01
1.166012e+01	-8.159531e+01
1.167012e+01	-8.029979e+01
1.168012e+01	-8.448698e+01
1.169012e+01	-7.957206e+01
1.170012e+01	-9.314111e+01
1.171012e+01	-8.362441e+01
1.172012e+01	-8.345565e+01
1.173012e+01	-7.047587e+01
1.174012e+01	-7.973554e+01
1.175012e+01	-7.227390e+01
1.176012e+01	-7.279044e+01
1.177012e+01	-7.714155e+01
1.178012e+01	-7.177794e+01
1.179012e+01	-6.777226e+01
1.180012e+01	-8.159855e+01
1.181012e+01	-6.873493e+01
1.182012e+01	-8.229836e+01
1.183012e+01	-7.038256e+01
1.184012e+01	-7.739949e+01
1.185012e+01	-7.617344e+01
1.186012e+01	-7.351630e+01
1.187012e+01	-7.400357e+01
1.188012e+01	-6.897755e+01
1.189012e+01	-7.313618e+01
1.190012e+01	-8.300157e+01
1.191012e+01	-7.141702e+01
1.192012e+01	-7.009867e+01
1.193012e+01	-6.964311e+01
1.194012e+01	-7.218652e+01
1.195012e+01	-7.026745e+01
1.196012e+01	-7.269375e+01
1.197012e+01	-7.075778e+01
1.198012e+01	-6.794112e+01
1.199012e+01	-6.768142e+01
1.200012e+01	-7.324166e+01
1.201012e+01	-6.911342e+01
1.202012e+01	-7.435724e+01
1.203012e+01	-7.279549e+01
1.204012e+01	-6.799422e+01
1.205012e+01	-6.992929e+01
1.206012e+01	-7.010460e+01
1.207012e+01	-7.868809e+01
1.208012e+01	-6.940218e+01
1.209012e+01	-7.666081e+01
1.210012e+01	-6.750157e+01
1.211012e+01	-7.466226e+01
1.212012e+01	-7.020336e+01
1.213012e+01	-6.672928e+01
1.214012e+01	-7.021686e+01
1.215012e+01	-8.919779e+01
1.216012e+01	-7.482018e+01
1.217012e+01	-7.258313e+01
1.218012e+01	-7.931959e+01
1.219012e+01	-7.316506e+01
1.220012e+01	-8.735375e+01
1.221012e+01	-6.633574e+01
1.222012e+01	-9.087246e+01
1.223012e+01	-7.283392e+01
1.224012e+01	-7.700398e+01
1.225012e+01	-9.589952e+01
1.226012e+01	-6.632670e+01
1.227012e+01	-7.384059e+01
1.228012e+01	-8.005673e+01
1.229012e+01	-7.182806e+01
1.230012e+01	-7.089264e+01
1.231012e+01	-8.128080e+01
1.232012e+01	-7.466472e+01
1.233012e+01	-8.357560e+01
1.234012e+01	-7.201453e+01
1.235012e+01	-8.800285e+01
1.236012e+01	-6.688817e+01
1.237012e+01	-6.938425e+01
1.238012e+01	-7.739915e+01
1.239012e+01	-8.268529e+01
1.240012e+01	-8.053430e+01
1.241012e+01	-7.263341e+01
1.242012e+01	-7.797002e+01
1.243012e+01	-7.786748e+01
1.244012e+01	-7.721748e+01
1.245012e+01	-8.125388e+01
1.246012e+01	-8.901199e+01
1.247012e+01	-8.005112e+01
1.248012e+01	-7.794139e+01
1.249012e+01	-7.877199e+01
1.250013e+01	-8.043071e+01
1.251013e+01	-8.480008e+01
1.252013e+01	-8.195232e+01
1.253013e+01	-8.840527e+01
1.254013e+01	-8.300387e+01
1.255013e+01	-8.246936e+01
1.256013e+01	-8.585528e+01
1.257013e+01	-8.305310e+01
1.258013e+01	-8.842526e+01
1.259013e+01	-8.445136e+01
1.260013e+01	-8.493595e+01
1.261013e+01	-8.350897e+01
1.262013e+01	-7.835201e+01
1.263013e+01	-8.207625e+01
1.264013e+01	-8.307634e+01
1.265013e+01	-7.978834e+01
1.266013e+01	-8.320939e+01
1.267013e+01	-8.352106e+01
1.268013e+01	-8.139060e+01
1.269013e+01	-8.186144e+01
1.270013e+01	-8.100451e+01
1.271013e+01	-8.681111e+01
1.272013e+01	-8.224967e+01
1.273013e+01	-7.598996e+01
1.274013e+01	-7.970376e+01
1.275013e+01	-7.095214e+01
1.276013e+01	-7.757779e+01
1.277013e+01	-7.490627e+01
1.278013e+01	-8.019124e+01
1.279013e+01	-7.948922e+01
1.280013e+01	-7.625881e+01
1.281013e+01	-8.371416e+01
1.282013e+01	-9.918851e+01
1.283013e+01	-7.143397e+01
1.284013e+01	-8.128334e+01
1.285013e+01	-7.391757e+01
1.286013e+01	-6.937398e+01
1.287013e+01	-7.155204e+01
1.288013e+01	-9.196687e+01
1.289013e+01	-7.811807e+01
1.290013e+01	-7.930925e+01
1.291013e+01	-7.666448e+01
1.292013e+01	-7.544883e+01
1.293013e+01	-7.790932e+01
1.294013e+01	-7.782330e+01
1.295013e+01	-8.042860e+01
1.296013e+01	-8.703810e+01
1.297013e+01	-7.481125e+01
1.298013e+01	-7.933584e+01
1.299013e+01	-7.255786e+01
1.300013e+01	-7.291775e+01
1.301013e+01	-7.799509e+01
1.302013e+01	-7.446632e+01
1.303013e+01	-6.884711e+01
1.304013e+01	-7.295811e+01
1.305013e+01	-7.013321e+01
1.306013e+01	-6.959667e+01
1.307013e+01	-6.940926e+01
1.308013e+01	-6.841511e+01
1.309013e+01	-6.745575e+01
1.310013e+01	-7.353729e+01
1.311013e+01	-6.808506e+01
1.312013e+01	-7.902051e+01
1.313013e+01	-7.797447e+01
1.314013e+01	-7.874792e+01
1.315013e+01	-7.071506e+01
1.316013e+01	-7.359001e+01
1.317013e+01	-7.512732e+01
1.318013e+01	-7.763865e+01
1.319013e+01	-6.958457e+01
1.320013e+01	-7.074440e+01
1.321013e+01	-7.017149e+01
1.322013e+01	-7.048178e+01
1.323013e+01	-6.833570e+01
1.324013e+01	-7.284219e+01
1.325013e+01	-7.694910e+01
1.326013e+01	-7.475548e+01
1.327013e+01	-7.143439e+01
1.328013e+01	-8.162887e+01
1.329013e+01	-7.210954e+01
1.330013e+01	-7.476564e+01
1.331013e+01	-7.590764e+01
1.332013e+01	-7.549387e+01
1.333013e+01	-7.601347e+01
1.334013e+01	-8.112088e+01
1.335013e+01	-7.559809e+01
1.336013e+01	-7.089260e+01
1.337013e+01	-7.319104e+01
1.338013e+01	-7.976402e+01
1.339013e+01	-7.207962e+01
1.340013e+01	-7.636156e+01
1.341013e+01	-7.930976e+01
1.342013e+01	-8.738928e+01
1.343013e+01	-8.085587e+01
1.344013e+01	-7.712766e+01
1.345013e+01	-7.834387e+01
1.346013e+01	-8.560566e+01
1.347013e+01	-1.021819e+02
1.348013e+01	-7.971755e+01
1.349013e+01	-8.303727e+01
1.350014e+01	-8.607240e+01
1.351014e+01	-8.963776e+01
1.352014e+01	-8.501838e+01
1.353014e+01	-8.704122e+01
1.354014e+01	-8.925739e+01
1.355014e+01	-8.490440e+01
1.356014e+01	-8.546784e+01
1.357014e+01	-9.382925e+01
1.358014e+01	-8.348905e+01
1.359014e+01	-7.921782e+01
1.360014e+01	-8.284847e+01
1.361014e+01	-9.323297e+01
1.362014e+01	-9.196838e+01
1.363014e+01	-8.322661e+01
1.364014e+01	-7.943396e+01
1.365014e+01	-8.152750e+01
1.366014e+01	-8.385337e+01
1.367014e+01	-7.432023e+01
1.368014e+01	-7.358293e+01
1.369014e+01	-7.915226e+01
1.370014e+01	-8.221007e+01
1.371014e+01	-7.646661e+01
1.372014e+01	-7.584483e+01
1.373014e+01	-8.059231e+01
1.374014e+01	-7.727455e+01
1.375014e+01	-9.039659e+01
1.376014e+01	-7.167279e+01
1.377014e+01	-7.238879e+01
1.378014e+01	-7.959471e+01
1.379014e+01	-7.304830e+01
1.380014e+01	-7.413288e+01
1.381014e+01	-7.076193e+01
1.382014e+01	-9.220891e+01
1.383014e+01	-7.928312e+01
1.384014e+01	-7.148327e+01
1.385014e+01	-7.401070e+01
1.386014e+01	-6.841266e+01
1.387014e+01	-7.610671e+01
1.388014e+01	-7.841029e+01
1.389014e+01	-6.450078e+01
1.390014e+01	-7.743402e+01
1.391014e+01	-7.709349e+01
1.392014e+01	-6.981328e+01
1.393014e+01	-6.744502e+01
1.394014e+01	-6.900832e+01
1.395014e+01	-6.944766e+01
1.396014e+01	-6.911415e+01
1.397014e+01	-6.877201e+01
1.398014e+01	-7.091615e+01
1.399014e+01	-7.899281e+01
1.400014e+01	-8.425832e+01
1.401014e+01	-6.829846e+01
1.402014e+01	-6.493143e+01
1.403014e+01	-7.863455e+01
1.404014e+01	-8.554248e+01
1.405014e+01	-7.030421e+01
1.406014e+01	-6.676607e+01
1.407014e+01	-7.648136e+01
1.408014e+01	-7.116770e+01
1.409014e+01	-6.742785e+01
1.410014e+01	-6.750724e+01
1.411014e+01	-6.655698e+01
1.412014e+01	-7.977827e+01
1.413014e+01	-7.170431e+01
1.414014e+01	-6.892520e+01
1.415014e+01	-6.856249e+01
1.416014e+01	-7.834076e+01
1.417014e+01	-7.148704e+01
1.418014e+01	-6.679499e+01
1.419014e+01	-7.767227e+01
1.420014e+01	-7.055519e+01
1.421014e+01	-7.521995e+01
1.422014e+01	-7.695171e+01
1.423014e+01	-7.213676e+01
1.424014e+01	-8.560002e+01
1.425014e+01	-7.796823e+01
1.426014e+01	-7.417999e+01
1.427014e+01	-7.203263e+01
1.428014e+01	-7.685231e+01
1.429014e+01	-7.203638e+01
1.430014e+01	-7.098675e+01
1.431014e+01	-8.198291e+01
1.432014e+01	-7.227911e+01
1.433014e+01	-7.650362e+01
1.434014e+01	-8.015736e+01
1.435014e+01	-7.893645e+01
1.436014e+01	-8.795666e+01
1.437014e+01	-1.145691e+02
1.438014e+01	-7.942701e+01
1.439014e+01	-8.734108e+01
1.440014e+01	-8.020696e+01
1.441014e+01	-9.249086e+01
1.442014e+01	-7.775610e+01
1.443014e+01	-7.880466e+01
1.444014e+01	-8.705126e+01
1.445014e+01	-8.250058e+01
1.446014e+01	-7.722464e+01
1.447014e+01	-8.462379e+01
1.448014e+01	-8.184206e+01
1.449014e+01	-8.419069e+01
1.450015e+01	-8.180314e+01
1.451015e+01	-8.655865e+01
1.452015e+01	-8.267582e+01
1.453015e+01	-8.680877e+01
1.454015e+01	-8.608786e+01
1.455015e+01	-8.835795e+01
1.456015e+01	-8.158920e+01
1.457015e+01	-8.143827e+01
1.458015e+01	-8.561341e+01
1.459015e+01	-7.911755e+01
1.460015e+01	-8.391089e+01
1.461015e+01	-8.367063e+01
1.462015e+01	-7.898785e+01
1.463015e+01	-8.173208e+01
1.464015e+01	-7.216519e+01
1.465015e+01	-7.111116e+01
1.466015e+01	-8.719473e+01
1.467015e+01	-7.595927e+01
1.468015e+01	-7.535463e+01
1.469015e+01	-7.246140e+01
1.470015e+01	-7.356142e+01
1.471015e+01	-7.414831e+01
1.472015e+01	-7.362625e+01
1.473015e+01	-8.491315e+01
1.474015e+01	-8.248421e+01
1.475015e+01	-8.249462e+01
1.476015e+01	-6.691405e+01
1.477015e+01	-7.161373e+01
1.478015e+01	-7.539130e+01
1.479015e+01	-7.848472e+01
1.480015e+01	-7.584676e+01
1.481015e+01	-7.168471e+01
1.482015e+01	-6.923866e+01
1.483015e+01	-7.340598e+01
1.484015e+01	-7.009348e+01
1.485015e+01	-6.727611e+01
1.486015e+01	-7.690105e+01
1.487015e+01	-6.530861e+01
1.488015e+01	-7.972470e+01
1.489015e+01	-6.742283e+01
1.490015e+01	-7.335050e+01
1.491015e+01	-6.999389e+01
1.492015e+01	-7.501451e+01
1.493015e+01	-7.025801e+01
1.494015e+01	-7.133595e+01
1.495015e+01	-7.094701e+01
1.496015e+01	-8.629539e+01
1.497015e+01	-7.098521e+01
1.498015e+01	-7.809378e+01
1.499015e+01	-7.204072e+01
