0.000000e+00	1.578162e+01
1.000010e-02	-3.037409e+00
2.000020e-02	1.261563e+01
3.000030e-02	7.526136e+00
4.000040e-02	1.265517e+01
5.000050e-02	1.835574e+01
6.000060e-02	1.151976e+01
7.000070e-02	1.486604e+01
8.000080e-02	2.055739e+01
9.000090e-02	1.643839e+01
1.000010e-01	2.272421e+01
1.100011e-01	1.865348e+01
1.200012e-01	2.443608e+01
1.300013e-01	2.423184e+01
1.400014e-01	2.221517e+01
1.500015e-01	2.617027e+01
1.600016e-01	2.361125e+01
1.700017e-01	2.820822e+01
1.800018e-01	2.694227e+01
1.900019e-01	2.675607e+01
2.000020e-01	3.003466e+01
2.100021e-01	2.692359e+01
2.200022e-01	2.984022e+01
2.300023e-01	2.978590e+01
2.400024e-01	2.872292e+01
2.500025e-01	3.024250e+01
2.600026e-01	2.984389e+01
2.700027e-01	2.970644e+01
2.800028e-01	3.015039e+01
2.900029e-01	2.962240e+01
3.000030e-01	3.032165e+01
3.100031e-01	2.958213e+01
3.200032e-01	2.959507e+01
3.300033e-01	3.039190e+01
3.400034e-01	2.951160e+01
3.500035e-01	2.985758e+01
3.600036e-01	2.955872e+01
3.700037e-01	2.981970e+01
3.800038e-01	2.953453e+01
3.900039e-01	2.977094e+01
4.000040e-01	2.941441e+01
4.100041e-01	2.918887e+01
4.200042e-01	2.908746e+01
4.300043e-01	2.867583e+01
4.400044e-01	2.841686e+01
4.500045e-01	2.868541e+01
4.600046e-01	2.817466e+01
4.700047e-01	2.797525e+01
4.800048e-01	2.791812e+01
4.900049e-01	2.782516e+01
5.000050e-01	2.733995e+01
5.100051e-01	2.732448e+01
5.200052e-01	2.685842e+01
5.300053e-01	2.660715e+01
5.400054e-01	2.608570e+01
5.500055e-01	2.553357e+01
5.600056e-01	2.346395e+01
5.700057e-01	2.538367e+01
5.800058e-01	2.513523e+01
5.900059e-01	2.465171e+01
6.000060e-01	2.448759e+01
6.100061e-01	2.406477e+01
6.200062e-01	2.392093e+01
6.300063e-01	2.346011e+01
6.400064e-01	2.324832e+01
6.500065e-01	2.290723e+01
6.600066e-01	2.237609e+01
6.700067e-01	2.196728e+01
6.800068e-01	2.159007e+01
6.900069e-01	2.127866e+01
7.000070e-01	2.050824e+01
7.100071e-01	2.008019e+01
7.200072e-01	1.954644e+01
7.300073e-01	1.903797e+01
7.400074e-01	1.818357e+01
7.500075e-01	1.655323e+01
7.600076e-01	1.670270e+01
7.700077e-01	1.637935e+01
7.800078e-01	1.607707e+01
7.900079e-01	1.543452e+01
8.000080e-01	1.488302e+01
8.100081e-01	1.407732e+01
8.200082e-01	1.339127e+01
8.300083e-01	1.270061e+01
8.400084e-01	1.231318e+01
8.500085e-01	1.178199e+01
8.600086e-01	1.135255e+01
8.700087e-01	1.045230e+01
8.800088e-01	1.006117e+01
8.900089e-01	9.861256e+00
9.000090e-01	8.892590e+00
9.100091e-01	8.381487e+00
9.200092e-01	7.820045e+00
9.300093e-01	7.567487e+00
9.400094e-01	6.880432e+00
9.500095e-01	5.879959e+00
9.600096e-01	5.456810e+00
9.700097e-01	4.899327e+00
9.800098e-01	4.362753e+00
9.900099e-01	2.817953e+00
1.000010e+00	2.294801e+00
1.010010e+00	2.447727e+00
1.020010e+00	1.370317e+00
1.030010e+00	5.343738e-01
1.040010e+00	-4.274873e-01
1.050011e+00	-3.712358e-01
1.060011e+00	-1.680741e+00
1.070011e+00	-2.022797e+00
1.080011e+00	-3.408422e+00
1.090011e+00	-4.231695e+00
1.100011e+00	-7.987903e+00
1.110011e+00	-5.496720e+00
1.120011e+00	-5.011712e+00
1.130011e+00	-3.829496e+00
1.140011e+00	-4.971161e+00
1.150012e+00	-6.940413e+00
1.160012e+00	-1.086901e+01
1.170012e+00	-1.045427e+01
1.180012e+00	-7.943498e+00
1.190012e+00	-8.692844e+00
1.200012e+00	-8.795834e+00
1.210012e+00	-9.571295e+00
1.220012e+00	-8.052496e+00
1.230012e+00	-8.708277e+00
1.240012e+00	-9.212619e+00
1.250013e+00	-8.601263e+00
1.260013e+00	-9.812759e+00
1.270013e+00	-9.696261e+00
1.280013e+00	-1.135745e+01
1.290013e+00	-1.042502e+01
1.300013e+00	-1.224173e+01
1.310013e+00	-1.337971e+01
1.320013e+00	-9.862260e+00
1.330013e+00	-1.219464e+01
1.340013e+00	-1.272471e+01
1.350014e+00	-1.232858e+01
1.360014e+00	-1.489507e+01
1.370014e+00	-1.482137e+01
1.380014e+00	-1.566847e+01
1.390014e+00	-1.703331e+01
1.400014e+00	-1.794604e+01
1.410014e+00	-2.036354e+01
1.420014e+00	-1.915039e+01
1.430014e+00	-1.994884e+01
1.440014e+00	-2.035988e+01
1.450015e+00	-2.021843e+01
1.460015e+00	-1.979350e+01
1.470015e+00	-2.138922e+01
1.480015e+00	-2.244430e+01
1.490015e+00	-2.283509e+01
1.500015e+00	-2.361112e+01
1.510015e+00	-2.447177e+01
1.520015e+00	-2.621857e+01
1.530015e+00	-2.526234e+01
1.540015e+00	-2.642206e+01
1.550016e+00	-2.822102e+01
1.560016e+00	-2.920625e+01
1.570016e+00	-3.249639e+01
1.580016e+00	-3.105415e+01
1.590016e+00	-3.250669e+01
1.600016e+00	-3.489624e+01
1.610016e+00	-3.744380e+01
1.620016e+00	-3.759210e+01
1.630016e+00	-4.171309e+01
1.640016e+00	-4.345777e+01
1.650017e+00	-4.676541e+01
1.660017e+00	-5.485113e+01
1.670017e+00	-6.054299e+01
1.680017e+00	-6.822842e+01
1.690017e+00	-5.702747e+01
1.700017e+00	-5.149662e+01
1.710017e+00	-4.983992e+01
1.720017e+00	-6.724479e+01
1.730017e+00	-4.512203e+01
1.740017e+00	-4.356013e+01
1.750018e+00	-4.407013e+01
1.760018e+00	-4.353655e+01
1.770018e+00	-4.012202e+01
1.780018e+00	-4.098493e+01
1.790018e+00	-4.533822e+01
1.800018e+00	-4.794147e+01
1.810018e+00	-4.472654e+01
1.820018e+00	-3.984483e+01
1.830018e+00	-3.926677e+01
1.840018e+00	-4.005504e+01
1.850019e+00	-4.002336e+01
1.860019e+00	-3.746615e+01
1.870019e+00	-4.232861e+01
1.880019e+00	-4.017516e+01
1.890019e+00	-3.735413e+01
1.900019e+00	-4.083401e+01
1.910019e+00	-4.095470e+01
1.920019e+00	-4.234388e+01
1.930019e+00	-4.659542e+01
1.940019e+00	-4.817463e+01
1.950020e+00	-4.121714e+01
1.960020e+00	-3.951415e+01
1.970020e+00	-3.555435e+01
1.980020e+00	-3.669700e+01
1.990020e+00	-4.357592e+01
2.000020e+00	-3.874765e+01
2.010020e+00	-3.610927e+01
2.020020e+00	-3.679345e+01
2.030020e+00	-4.664434e+01
2.040020e+00	-4.007133e+01
2.050021e+00	-4.190585e+01
2.060021e+00	-4.378855e+01
2.070021e+00	-5.262438e+01
2.080021e+00	-4.294929e+01
2.090021e+00	-5.461467e+01
2.100021e+00	-4.414928e+01
2.110021e+00	-4.927011e+01
2.120021e+00	-4.338632e+01
2.130021e+00	-3.979253e+01
2.140021e+00	-4.881287e+01
2.150022e+00	-4.487337e+01
2.160022e+00	-4.816101e+01
2.170022e+00	-4.613726e+01
2.180022e+00	-4.690982e+01
2.190022e+00	-4.137521e+01
2.200022e+00	-5.129968e+01
2.210022e+00	-4.349874e+01
2.220022e+00	-4.237130e+01
2.230022e+00	-5.218351e+01
2.240022e+00	-4.414597e+01
2.250023e+00	-4.529842e+01
2.260023e+00	-4.655632e+01
2.270023e+00	-5.251995e+01
2.280023e+00	-4.954853e+01
2.290023e+00	-4.529245e+01
2.300023e+00	-5.045110e+01
2.310023e+00	-5.705387e+01
2.320023e+00	-4.929972e+01
2.330023e+00	-5.247228e+01
2.340023e+00	-5.430963e+01
2.350024e+00	-4.851650e+01
2.360024e+00	-5.466910e+01
2.370024e+00	-4.795034e+01
2.380024e+00	-5.350098e+01
2.390024e+00	-4.655336e+01
2.400024e+00	-4.388108e+01
2.410024e+00	-4.565207e+01
2.420024e+00	-4.911521e+01
2.430024e+00	-3.884592e+01
2.440024e+00	-4.491506e+01
2.450025e+00	-5.612088e+01
2.460025e+00	-4.965643e+01
2.470025e+00	-5.515396e+01
2.480025e+00	-5.163707e+01
2.490025e+00	-5.763091e+01
2.500025e+00	-5.354934e+01
2.510025e+00	-5.030283e+01
2.520025e+00	-5.217768e+01
2.530025e+00	-4.923192e+01
2.540025e+00	-5.884960e+01
2.550026e+00	-4.987905e+01
2.560026e+00	-5.715128e+01
2.570026e+00	-5.424844e+01
2.580026e+00	-5.998572e+01
2.590026e+00	-5.432795e+01
2.600026e+00	-5.962438e+01
2.610026e+00	-7.000115e+01
2.620026e+00	-5.880630e+01
2.630026e+00	-6.877645e+01
2.640026e+00	-5.988681e+01
2.650027e+00	-5.952195e+01
2.660027e+00	-6.568697e+01
2.670027e+00	-6.239548e+01
2.680027e+00	-6.461680e+01
2.690027e+00	-8.054978e+01
2.700027e+00	-6.512224e+01
2.710027e+00	-6.685632e+01
2.720027e+00	-7.715920e+01
2.730027e+00	-7.062126e+01
2.740027e+00	-7.059877e+01
2.750028e+00	-6.968390e+01
2.760028e+00	-7.076420e+01
2.770028e+00	-6.816899e+01
2.780028e+00	-7.270300e+01
2.790028e+00	-6.756958e+01
2.800028e+00	-7.009452e+01
2.810028e+00	-6.589035e+01
2.820028e+00	-6.859219e+01
2.830028e+00	-7.418362e+01
2.840028e+00	-6.247248e+01
2.850029e+00	-6.005825e+01
2.860029e+00	-6.455577e+01
2.870029e+00	-6.332135e+01
2.880029e+00	-6.873551e+01
2.890029e+00	-5.498848e+01
2.900029e+00	-6.191872e+01
2.910029e+00	-6.260073e+01
2.920029e+00	-6.102879e+01
2.930029e+00	-5.548406e+01
2.940029e+00	-5.768251e+01
2.950030e+00	-6.224250e+01
2.960030e+00	-6.334786e+01
2.970030e+00	-6.175895e+01
2.980030e+00	-6.480556e+01
2.990030e+00	-5.650275e+01
3.000030e+00	-6.655982e+01
3.010030e+00	-5.609891e+01
3.020030e+00	-5.882465e+01
3.030030e+00	-5.692288e+01
3.040030e+00	-5.804704e+01
3.050031e+00	-6.935793e+01
3.060031e+00	-6.976993e+01
3.070031e+00	-6.047788e+01
3.080031e+00	-6.102110e+01
3.090031e+00	-5.427827e+01
3.100031e+00	-5.800063e+01
3.110031e+00	-8.333094e+01
3.120031e+00	-5.834012e+01
3.130031e+00	-5.333755e+01
3.140031e+00	-5.168011e+01
3.150032e+00	-6.127514e+01
3.160032e+00	-6.846299e+01
3.170032e+00	-7.870545e+01
3.180032e+00	-5.927567e+01
3.190032e+00	-4.979900e+01
3.200032e+00	-5.697866e+01
3.210032e+00	-5.531202e+01
3.220032e+00	-6.508882e+01
3.230032e+00	-6.103365e+01
3.240032e+00	-5.617299e+01
3.250033e+00	-5.316355e+01
3.260033e+00	-6.205625e+01
3.270033e+00	-5.291746e+01
3.280033e+00	-6.293966e+01
3.290033e+00	-5.744636e+01
3.300033e+00	-6.313737e+01
3.310033e+00	-4.916720e+01
3.320033e+00	-5.523413e+01
3.330033e+00	-5.448432e+01
3.340033e+00	-5.688135e+01
3.350034e+00	-6.502625e+01
3.360034e+00	-5.543636e+01
3.370034e+00	-6.483699e+01
3.380034e+00	-5.585931e+01
3.390034e+00	-6.375212e+01
3.400034e+00	-6.388260e+01
3.410034e+00	-6.350924e+01
3.420034e+00	-6.209288e+01
3.430034e+00	-6.002006e+01
3.440034e+00	-6.352900e+01
3.450035e+00	-5.760514e+01
3.460035e+00	-6.946192e+01
3.470035e+00	-5.577063e+01
3.480035e+00	-6.245113e+01
3.490035e+00	-5.409224e+01
3.500035e+00	-5.684170e+01
3.510035e+00	-5.943582e+01
3.520035e+00	-6.529298e+01
3.530035e+00	-7.105999e+01
3.540035e+00	-7.783851e+01
3.550036e+00	-6.605969e+01
3.560036e+00	-6.665802e+01
3.570036e+00	-6.628030e+01
3.580036e+00	-7.218598e+01
3.590036e+00	-6.039187e+01
3.600036e+00	-6.964934e+01
3.610036e+00	-6.399794e+01
3.620036e+00	-7.264235e+01
3.630036e+00	-6.954209e+01
3.640036e+00	-6.960130e+01
3.650037e+00	-6.679111e+01
3.660037e+00	-6.826248e+01
3.670037e+00	-7.236272e+01
3.680037e+00	-7.267930e+01
3.690037e+00	-6.701628e+01
3.700037e+00	-8.025874e+01
3.710037e+00	-7.614661e+01
3.720037e+00	-7.432888e+01
3.730037e+00	-7.082028e+01
3.740037e+00	-7.282578e+01
3.750038e+00	-7.386080e+01
3.760038e+00	-7.352073e+01
3.770038e+00	-7.310296e+01
3.780038e+00	-7.392453e+01
3.790038e+00	-7.147321e+01
3.800038e+00	-7.303341e+01
3.810038e+00	-7.070050e+01
3.820038e+00	-7.343858e+01
3.830038e+00	-7.245921e+01
3.840038e+00	-6.485002e+01
3.850039e+00	-6.696085e+01
3.860039e+00	-7.416086e+01
3.870039e+00	-8.347594e+01
3.880039e+00	-7.323921e+01
3.890039e+00	-6.428930e+01
3.900039e+00	-6.861790e+01
3.910039e+00	-7.417136e+01
3.920039e+00	-6.921192e+01
3.930039e+00	-7.171276e+01
3.940039e+00	-6.560626e+01
3.950040e+00	-7.182769e+01
3.960040e+00	-7.339311e+01
3.970040e+00	-7.482506e+01
3.980040e+00	-6.746910e+01
3.990040e+00	-5.979189e+01
4.000040e+00	-6.280416e+01
4.010040e+00	-6.048224e+01
4.020040e+00	-5.860386e+01
4.030040e+00	-7.330388e+01
4.040040e+00	-7.861248e+01
4.050041e+00	-6.854810e+01
4.060041e+00	-6.439354e+01
4.070041e+00	-6.666514e+01
4.080041e+00	-6.805089e+01
4.090041e+00	-6.029317e+01
4.100041e+00	-6.269904e+01
4.110041e+00	-6.231309e+01
4.120041e+00	-5.920150e+01
4.130041e+00	-5.591118e+01
4.140041e+00	-6.353491e+01
4.150042e+00	-6.084822e+01
4.160042e+00	-6.999302e+01
4.170042e+00	-6.013632e+01
4.180042e+00	-6.249051e+01
4.190042e+00	-6.177332e+01
4.200042e+00	-7.624038e+01
4.210042e+00	-6.129914e+01
4.220042e+00	-6.771054e+01
4.230042e+00	-5.616956e+01
4.240042e+00	-5.751478e+01
4.250043e+00	-5.801807e+01
4.260043e+00	-7.958396e+01
4.270043e+00	-6.118996e+01
4.280043e+00	-5.851751e+01
4.290043e+00	-6.741830e+01
4.300043e+00	-5.924351e+01
4.310043e+00	-6.475185e+01
4.320043e+00	-6.859141e+01
4.330043e+00	-6.842798e+01
4.340043e+00	-6.564507e+01
4.350044e+00	-7.870120e+01
4.360044e+00	-5.830990e+01
4.370044e+00	-6.181883e+01
4.380044e+00	-6.237127e+01
4.390044e+00	-6.244789e+01
4.400044e+00	-7.283148e+01
4.410044e+00	-6.529511e+01
4.420044e+00	-6.893433e+01
4.430044e+00	-6.189606e+01
4.440044e+00	-6.967843e+01
4.450045e+00	-6.185464e+01
4.460045e+00	-6.758055e+01
4.470045e+00	-7.936169e+01
4.480045e+00	-6.499911e+01
4.490045e+00	-7.259846e+01
4.500045e+00	-6.814117e+01
4.510045e+00	-6.196203e+01
4.520045e+00	-6.418378e+01
4.530045e+00	-6.392041e+01
4.540045e+00	-6.615362e+01
4.550046e+00	-6.543555e+01
4.560046e+00	-6.478957e+01
4.570046e+00	-1.026902e+02
4.580046e+00	-7.334489e+01
4.590046e+00	-6.975908e+01
4.600046e+00	-7.375539e+01
4.610046e+00	-7.457395e+01
4.620046e+00	-7.728751e+01
4.630046e+00	-6.586386e+01
4.640046e+00	-6.882718e+01
4.650047e+00	-7.123776e+01
4.660047e+00	-6.664481e+01
4.670047e+00	-8.532090e+01
4.680047e+00	-7.695668e+01
4.690047e+00	-7.750163e+01
4.700047e+00	-7.520639e+01
4.710047e+00	-7.929123e+01
4.720047e+00	-7.357360e+01
4.730047e+00	-7.543222e+01
4.740047e+00	-7.588560e+01
4.750048e+00	-7.477247e+01
4.760048e+00	-7.251747e+01
4.770048e+00	-7.669073e+01
4.780048e+00	-7.306439e+01
4.790048e+00	-7.936459e+01
4.800048e+00	-7.687053e+01
4.810048e+00	-8.254846e+01
4.820048e+00	-7.906280e+01
4.830048e+00	-7.367004e+01
4.840048e+00	-6.890325e+01
4.850049e+00	-6.992614e+01
4.860049e+00	-7.245762e+01
4.870049e+00	-7.553484e+01
4.880049e+00	-6.786117e+01
4.890049e+00	-7.193268e+01
4.900049e+00	-7.112852e+01
4.910049e+00	-6.625922e+01
4.920049e+00	-6.712277e+01
4.930049e+00	-7.766128e+01
4.940049e+00	-6.760370e+01
4.950050e+00	-6.962913e+01
4.960050e+00	-6.562683e+01
4.970050e+00	-7.962626e+01
4.980050e+00	-7.842286e+01
4.990050e+00	-6.349575e+01
5.000050e+00	-6.041327e+01
5.010050e+00	-6.862743e+01
5.020050e+00	-7.801925e+01
5.030050e+00	-7.758753e+01
5.040050e+00	-6.152155e+01
5.050051e+00	-6.148302e+01
5.060051e+00	-6.722046e+01
5.070051e+00	-5.958576e+01
5.080051e+00	-6.850932e+01
5.090051e+00	-6.357354e+01
5.100051e+00	-6.494726e+01
5.110051e+00	-6.636079e+01
5.120051e+00	-6.662302e+01
5.130051e+00	-7.920034e+01
5.140051e+00	-6.520712e+01
5.150052e+00	-7.216139e+01
5.160052e+00	-7.492940e+01
5.170052e+00	-7.622078e+01
5.180052e+00	-7.076808e+01
5.190052e+00	-6.087461e+01
5.200052e+00	-6.370605e+01
5.210052e+00	-6.288677e+01
5.220052e+00	-7.594906e+01
5.230052e+00	-6.184942e+01
5.240052e+00	-7.053618e+01
5.250053e+00	-6.862621e+01
5.260053e+00	-6.174915e+01
5.270053e+00	-6.730141e+01
5.280053e+00	-7.043078e+01
5.290053e+00	-6.706580e+01
5.300053e+00	-7.003575e+01
5.310053e+00	-7.162675e+01
5.320053e+00	-6.873191e+01
5.330053e+00	-6.667500e+01
5.340053e+00	-6.274363e+01
5.350054e+00	-6.479425e+01
5.360054e+00	-5.980618e+01
5.370054e+00	-7.298853e+01
5.380054e+00	-7.323644e+01
5.390054e+00	-6.907471e+01
5.400054e+00	-7.404554e+01
5.410054e+00	-6.737408e+01
5.420054e+00	-6.498940e+01
5.430054e+00	-6.022507e+01
5.440054e+00	-6.228264e+01
5.450055e+00	-6.798396e+01
5.460055e+00	-6.184447e+01
5.470055e+00	-6.452253e+01
5.480055e+00	-5.819614e+01
5.490055e+00	-6.850553e+01
5.500055e+00	-7.341400e+01
5.510055e+00	-6.642922e+01
5.520055e+00	-7.127476e+01
5.530055e+00	-6.705245e+01
5.540055e+00	-7.260521e+01
5.550056e+00	-6.225624e+01
5.560056e+00	-7.003341e+01
5.570056e+00	-7.687173e+01
5.580056e+00	-6.982106e+01
5.590056e+00	-8.621810e+01
5.600056e+00	-6.900951e+01
5.610056e+00	-7.702211e+01
5.620056e+00	-7.745179e+01
5.630056e+00	-7.359814e+01
5.640056e+00	-7.179066e+01
5.650057e+00	-7.782100e+01
5.660057e+00	-7.484806e+01
5.670057e+00	-7.441900e+01
5.680057e+00	-7.382275e+01
5.690057e+00	-7.686530e+01
5.700057e+00	-7.541832e+01
5.710057e+00	-7.619877e+01
5.720057e+00	-7.632524e+01
5.730057e+00	-7.653823e+01
5.740057e+00	-7.624161e+01
5.750058e+00	-7.580411e+01
5.760058e+00	-7.923076e+01
5.770058e+00	-7.529106e+01
5.780058e+00	-7.082947e+01
5.790058e+00	-7.438301e+01
5.800058e+00	-7.489701e+01
5.810058e+00	-6.967958e+01
5.820058e+00	-8.086662e+01
5.830058e+00	-7.989110e+01
5.840058e+00	-7.127238e+01
5.850059e+00	-7.534466e+01
5.860059e+00	-8.450443e+01
5.870059e+00	-7.139379e+01
5.880059e+00	-6.676509e+01
5.890059e+00	-7.334713e+01
5.900059e+00	-6.870419e+01
5.910059e+00	-7.930454e+01
5.920059e+00	-7.157685e+01
5.930059e+00	-7.823590e+01
5.940059e+00	-8.055528e+01
5.950060e+00	-6.778244e+01
5.960060e+00	-8.691334e+01
5.970060e+00	-7.734634e+01
5.980060e+00	-7.396798e+01
5.990060e+00	-6.839750e+01
6.000060e+00	-6.715524e+01
6.010060e+00	-6.719891e+01
6.020060e+00	-7.208083e+01
6.030060e+00	-7.236141e+01
6.040060e+00	-7.268184e+01
6.050061e+00	-6.634829e+01
6.060061e+00	-6.729578e+01
6.070061e+00	-6.790851e+01
6.080061e+00	-6.121132e+01
6.090061e+00	-6.866129e+01
6.100061e+00	-6.570363e+01
6.110061e+00	-6.360002e+01
6.120061e+00	-6.604780e+01
6.130061e+00	-6.246892e+01
6.140061e+00	-6.285064e+01
6.150062e+00	-6.445005e+01
6.160062e+00	-6.136015e+01
6.170062e+00	-7.272386e+01
6.180062e+00	-7.105187e+01
6.190062e+00	-6.220605e+01
6.200062e+00	-6.478004e+01
6.210062e+00	-7.324838e+01
6.220062e+00	-7.779311e+01
6.230062e+00	-6.629107e+01
6.240062e+00	-6.227397e+01
6.250063e+00	-6.771715e+01
6.260063e+00	-6.561063e+01
6.270063e+00	-7.126575e+01
6.280063e+00	-6.623515e+01
6.290063e+00	-6.843418e+01
6.300063e+00	-6.447328e+01
6.310063e+00	-7.852203e+01
6.320063e+00	-6.634844e+01
6.330063e+00	-6.863109e+01
6.340063e+00	-7.216299e+01
6.350064e+00	-7.147001e+01
6.360064e+00	-6.605081e+01
6.370064e+00	-7.381110e+01
6.380064e+00	-6.683395e+01
6.390064e+00	-7.618074e+01
6.400064e+00	-6.290439e+01
6.410064e+00	-7.945659e+01
6.420064e+00	-6.706614e+01
6.430064e+00	-7.229021e+01
6.440064e+00	-6.521015e+01
6.450065e+00	-7.171395e+01
6.460065e+00	-6.841209e+01
6.470065e+00	-7.334067e+01
6.480065e+00	-7.407323e+01
6.490065e+00	-7.422799e+01
6.500065e+00	-6.437972e+01
6.510065e+00	-7.153515e+01
6.520065e+00	-7.820650e+01
6.530065e+00	-6.914183e+01
6.540065e+00	-6.871261e+01
6.550066e+00	-7.201815e+01
6.560066e+00	-7.299438e+01
6.570066e+00	-8.551417e+01
6.580066e+00	-7.387218e+01
6.590066e+00	-6.874969e+01
6.600066e+00	-7.018276e+01
6.610066e+00	-7.682943e+01
6.620066e+00	-9.204860e+01
6.630066e+00	-7.316087e+01
6.640066e+00	-7.592036e+01
6.650067e+00	-7.956535e+01
6.660067e+00	-7.592006e+01
6.670067e+00	-7.291331e+01
6.680067e+00	-8.447049e+01
6.690067e+00	-7.464298e+01
6.700067e+00	-7.823044e+01
6.710067e+00	-7.718551e+01
6.720067e+00	-7.801990e+01
6.730067e+00	-7.790546e+01
6.740067e+00	-7.709293e+01
6.750068e+00	-8.273199e+01
6.760068e+00	-7.454560e+01
6.770068e+00	-7.705223e+01
6.780068e+00	-7.449236e+01
6.790068e+00	-8.231368e+01
6.800068e+00	-6.940015e+01
6.810068e+00	-7.990438e+01
6.820068e+00	-8.065582e+01
6.830068e+00	-6.862500e+01
6.840068e+00	-8.066318e+01
6.850069e+00	-8.410963e+01
6.860069e+00	-6.921852e+01
6.870069e+00	-7.239194e+01
6.880069e+00	-7.600828e+01
6.890069e+00	-7.141258e+01
6.900069e+00	-6.578467e+01
6.910069e+00	-6.853354e+01
6.920069e+00	-6.808556e+01
6.930069e+00	-6.763115e+01
6.940069e+00	-7.874481e+01
6.950070e+00	-7.129330e+01
6.960070e+00	-7.128730e+01
6.970070e+00	-7.704472e+01
6.980070e+00	-7.345046e+01
6.990070e+00	-6.850886e+01
7.000070e+00	-6.549640e+01
7.010070e+00	-7.032416e+01
7.020070e+00	-8.208682e+01
7.030070e+00	-6.793550e+01
7.040070e+00	-7.659688e+01
7.050071e+00	-7.062852e+01
7.060071e+00	-7.045881e+01
7.070071e+00	-8.253538e+01
7.080071e+00	-6.903522e+01
7.090071e+00	-6.154933e+01
7.100071e+00	-8.037467e+01
7.110071e+00	-7.171847e+01
7.120071e+00	-6.950124e+01
7.130071e+00	-6.470415e+01
7.140071e+00	-6.239727e+01
7.150072e+00	-6.694437e+01
7.160072e+00	-6.454475e+01
7.170072e+00	-6.951956e+01
7.180072e+00	-6.449558e+01
7.190072e+00	-7.175899e+01
7.200072e+00	-6.450048e+01
7.210072e+00	-6.805369e+01
7.220072e+00	-6.902125e+01
7.230072e+00	-7.476440e+01
7.240072e+00	-6.731126e+01
7.250073e+00	-7.063478e+01
7.260073e+00	-6.700200e+01
7.270073e+00	-6.226666e+01
7.280073e+00	-8.412210e+01
7.290073e+00	-6.776007e+01
7.300073e+00	-6.063462e+01
7.310073e+00	-9.494192e+01
7.320073e+00	-6.708315e+01
7.330073e+00	-7.546120e+01
7.340073e+00	-7.983436e+01
7.350074e+00	-6.768258e+01
7.360074e+00	-7.513898e+01
7.370074e+00	-7.538929e+01
7.380074e+00	-6.465620e+01
7.390074e+00	-6.408779e+01
7.400074e+00	-6.931318e+01
7.410074e+00	-6.943500e+01
7.420074e+00	-8.542342e+01
7.430074e+00	-7.007316e+01
7.440074e+00	-8.379577e+01
7.450075e+00	-7.295359e+01
7.460075e+00	-7.103324e+01
7.470075e+00	-6.821131e+01
7.480075e+00	-7.248750e+01
7.490075e+00	-8.041180e+01
7.500075e+00	-7.570409e+01
7.510075e+00	-7.288571e+01
7.520075e+00	-9.285243e+01
7.530075e+00	-7.124554e+01
7.540075e+00	-7.516926e+01
7.550076e+00	-7.828146e+01
7.560076e+00	-8.123366e+01
7.570076e+00	-7.577323e+01
7.580076e+00	-7.099302e+01
7.590076e+00	-7.605434e+01
7.600076e+00	-7.808068e+01
7.610076e+00	-7.182000e+01
7.620076e+00	-8.868473e+01
7.630076e+00	-8.078719e+01
7.640076e+00	-8.003472e+01
7.650077e+00	-7.722361e+01
7.660077e+00	-7.659202e+01
7.670077e+00	-7.659382e+01
7.680077e+00	-7.886390e+01
7.690077e+00	-7.876020e+01
7.700077e+00	-8.050655e+01
7.710077e+00	-7.992973e+01
7.720077e+00	-7.896824e+01
7.730077e+00	-7.674257e+01
7.740077e+00	-7.482033e+01
7.750078e+00	-7.652149e+01
7.760078e+00	-7.634284e+01
7.770078e+00	-7.517645e+01
7.780078e+00	-7.417772e+01
7.790078e+00	-7.320303e+01
7.800078e+00	-8.510939e+01
7.810078e+00	-7.927850e+01
7.820078e+00	-7.113360e+01
7.830078e+00	-8.147760e+01
7.840078e+00	-6.961021e+01
7.850079e+00	-7.835348e+01
7.860079e+00	-7.498307e+01
7.870079e+00	-7.181927e+01
7.880079e+00	-8.481553e+01
7.890079e+00	-8.291601e+01
7.900079e+00	-7.720430e+01
7.910079e+00	-7.892398e+01
7.920079e+00	-6.605727e+01
7.930079e+00	-6.581466e+01
7.940079e+00	-7.898701e+01
7.950080e+00	-6.927760e+01
7.960080e+00	-6.986166e+01
7.970080e+00	-7.081820e+01
7.980080e+00	-7.212639e+01
7.990080e+00	-6.932864e+01
8.000080e+00	-7.040632e+01
8.010080e+00	-8.069025e+01
8.020080e+00	-7.036040e+01
8.030080e+00	-6.837368e+01
8.040080e+00	-7.216591e+01
8.050081e+00	-7.654055e+01
8.060081e+00	-6.853150e+01
8.070081e+00	-6.851211e+01
8.080081e+00	-6.193294e+01
8.090081e+00	-6.980087e+01
8.100081e+00	-7.247369e+01
8.110081e+00	-6.469195e+01
8.120081e+00	-7.358524e+01
8.130081e+00	-7.343764e+01
8.140081e+00	-8.624283e+01
8.150082e+00	-7.089354e+01
8.160082e+00	-7.571591e+01
8.170082e+00	-7.090971e+01
8.180082e+00	-7.121298e+01
8.190082e+00	-6.861317e+01
8.200082e+00	-7.332467e+01
8.210082e+00	-6.484716e+01
8.220082e+00	-7.247004e+01
8.230082e+00	-7.135839e+01
8.240082e+00	-7.465401e+01
8.250083e+00	-6.429564e+01
8.260083e+00	-6.523799e+01
8.270083e+00	-7.188381e+01
8.280083e+00	-7.062617e+01
8.290083e+00	-7.340505e+01
8.300083e+00	-7.544687e+01
8.310083e+00	-7.277356e+01
8.320083e+00	-6.521831e+01
8.330083e+00	-6.563065e+01
8.340083e+00	-7.471765e+01
8.350084e+00	-6.432891e+01
8.360084e+00	-7.149266e+01
8.370084e+00	-8.127069e+01
8.380084e+00	-7.176015e+01
8.390084e+00	-7.009820e+01
8.400084e+00	-7.804646e+01
8.410084e+00	-7.348943e+01
8.420084e+00	-7.456154e+01
8.430084e+00	-6.723541e+01
8.440084e+00	-8.039287e+01
8.450085e+00	-8.151067e+01
8.460085e+00	-6.950627e+01
8.470085e+00	-8.676086e+01
8.480085e+00	-8.043930e+01
8.490085e+00	-7.121302e+01
8.500085e+00	-7.279941e+01
8.510085e+00	-6.746134e+01
8.520085e+00	-7.981605e+01
8.530085e+00	-7.227324e+01
8.540085e+00	-7.131305e+01
8.550086e+00	-7.942441e+01
8.560086e+00	-8.292099e+01
8.570086e+00	-7.225568e+01
8.580086e+00	-8.142620e+01
8.590086e+00	-7.509285e+01
8.600086e+00	-7.936166e+01
8.610086e+00	-7.919760e+01
8.620086e+00	-7.621277e+01
8.630086e+00	-8.025845e+01
8.640086e+00	-8.250091e+01
8.650087e+00	-8.106712e+01
8.660087e+00	-8.053355e+01
8.670087e+00	-7.976901e+01
8.680087e+00	-7.897723e+01
8.690087e+00	-7.797907e+01
8.700087e+00	-7.965338e+01
8.710087e+00	-8.275268e+01
8.720087e+00	-7.734399e+01
8.730087e+00	-7.839801e+01
8.740087e+00	-7.617445e+01
8.750088e+00	-7.644461e+01
8.760088e+00	-8.487057e+01
8.770088e+00	-8.012388e+01
8.780088e+00	-7.589246e+01
8.790088e+00	-8.024001e+01
8.800088e+00	-7.539333e+01
8.810088e+00	-7.670172e+01
8.820088e+00	-8.121581e+01
8.830088e+00	-7.740902e+01
8.840088e+00	-7.100047e+01
8.850089e+00	-9.134957e+01
8.860089e+00	-7.351897e+01
8.870089e+00	-6.904746e+01
8.880089e+00	-7.510004e+01
8.890089e+00	-6.788500e+01
8.900089e+00	-7.351785e+01
8.910089e+00	-6.824792e+01
8.920089e+00	-6.786184e+01
8.930089e+00	-7.506840e+01
8.940089e+00	-7.630423e+01
8.950090e+00	-6.287676e+01
8.960090e+00	-7.622903e+01
8.970090e+00	-7.730021e+01
8.980090e+00	-7.200087e+01
8.990090e+00	-6.458531e+01
9.000090e+00	-6.339236e+01
9.010090e+00	-7.908559e+01
9.020090e+00	-7.748207e+01
9.030090e+00	-6.861711e+01
9.040090e+00	-6.671962e+01
9.050091e+00	-7.678259e+01
9.060091e+00	-6.809597e+01
9.070091e+00	-7.763334e+01
9.080091e+00	-1.016372e+02
9.090091e+00	-8.548418e+01
9.100091e+00	-7.865972e+01
9.110091e+00	-7.572932e+01
9.120091e+00	-6.661978e+01
9.130091e+00	-6.527001e+01
9.140091e+00	-8.024226e+01
9.150092e+00	-6.638139e+01
9.160092e+00	-6.486496e+01
9.170092e+00	-7.271339e+01
9.180092e+00	-7.601520e+01
9.190092e+00	-6.702403e+01
9.200092e+00	-7.802925e+01
9.210092e+00	-7.229918e+01
9.220092e+00	-6.952143e+01
9.230092e+00	-8.586136e+01
9.240092e+00	-6.911635e+01
9.250093e+00	-7.199402e+01
9.260093e+00	-7.096025e+01
9.270093e+00	-7.402813e+01
9.280093e+00	-6.965167e+01
9.290093e+00	-6.752739e+01
9.300093e+00	-7.138259e+01
9.310093e+00	-7.311573e+01
9.320093e+00	-8.070480e+01
9.330093e+00	-7.595730e+01
9.340093e+00	-7.620098e+01
9.350094e+00	-7.905374e+01
9.360094e+00	-7.255441e+01
9.370094e+00	-6.871493e+01
9.380094e+00	-7.370893e+01
9.390094e+00	-7.062909e+01
9.400094e+00	-8.091443e+01
9.410094e+00	-6.893419e+01
9.420094e+00	-7.113848e+01
9.430094e+00	-8.043188e+01
9.440094e+00	-7.016656e+01
9.450095e+00	-6.704655e+01
9.460095e+00	-8.137626e+01
9.470095e+00	-7.961742e+01
9.480095e+00	-9.191882e+01
9.490095e+00	-6.955529e+01
9.500095e+00	-7.449715e+01
9.510095e+00	-7.786209e+01
9.520095e+00	-7.583261e+01
9.530095e+00	-8.536712e+01
9.540095e+00	-8.193413e+01
9.550096e+00	-7.848699e+01
9.560096e+00	-7.751082e+01
9.570096e+00	-7.360307e+01
9.580096e+00	-7.658177e+01
9.590096e+00	-7.851809e+01
9.600096e+00	-8.064959e+01
9.610096e+00	-7.922525e+01
9.620096e+00	-7.771033e+01
9.630096e+00	-7.896180e+01
9.640096e+00	-8.159753e+01
9.650097e+00	-8.099599e+01
9.660097e+00	-7.862204e+01
9.670097e+00	-7.878683e+01
9.680097e+00	-7.929302e+01
9.690097e+00	-7.696352e+01
9.700097e+00	-7.989671e+01
9.710097e+00	-7.697825e+01
9.720097e+00	-9.060487e+01
9.730097e+00	-7.672726e+01
9.740097e+00	-7.934390e+01
9.750098e+00	-7.832304e+01
9.760098e+00	-7.100442e+01
9.770098e+00	-7.664859e+01
9.780098e+00	-7.305982e+01
9.790098e+00	-6.819327e+01
9.800098e+00	-7.971386e+01
9.810098e+00	-7.673873e+01
9.820098e+00	-7.993853e+01
9.830098e+00	-7.470583e+01
9.840098e+00	-8.901706e+01
9.850099e+00	-7.248484e+01
9.860099e+00	-8.258826e+01
9.870099e+00	-8.207634e+01
9.880099e+00	-8.320473e+01
9.890099e+00	-7.043278e+01
9.900099e+00	-7.534946e+01
9.910099e+00	-7.362829e+01
9.920099e+00	-6.919579e+01
9.930099e+00	-7.532323e+01
9.940099e+00	-7.660275e+01
9.950100e+00	-6.986326e+01
9.960100e+00	-6.928396e+01
9.970100e+00	-7.733177e+01
9.980100e+00	-6.909115e+01
9.990100e+00	-6.819041e+01
1.000010e+01	-6.713478e+01
1.001010e+01	-6.581589e+01
1.002010e+01	-7.781484e+01
1.003010e+01	-7.001835e+01
1.004010e+01	-7.119914e+01
1.005010e+01	-6.928526e+01
1.006010e+01	-7.390601e+01
1.007010e+01	-7.433402e+01
1.008010e+01	-7.192299e+01
1.009010e+01	-7.127934e+01
1.010010e+01	-7.396251e+01
1.011010e+01	-7.348397e+01
1.012010e+01	-6.550210e+01
1.013010e+01	-8.434313e+01
1.014010e+01	-7.131214e+01
1.015010e+01	-7.280101e+01
1.016010e+01	-6.639050e+01
1.017010e+01	-7.015994e+01
1.018010e+01	-7.640049e+01
1.019010e+01	-6.909458e+01
1.020010e+01	-7.295061e+01
1.021010e+01	-6.397225e+01
1.022010e+01	-7.132544e+01
1.023010e+01	-7.002216e+01
1.024010e+01	-7.245059e+01
1.025010e+01	-6.860591e+01
1.026010e+01	-7.815964e+01
1.027010e+01	-7.528307e+01
1.028010e+01	-6.568280e+01
1.029010e+01	-7.045471e+01
1.030010e+01	-6.747879e+01
1.031010e+01	-6.899580e+01
1.032010e+01	-8.252881e+01
1.033010e+01	-7.676307e+01
1.034010e+01	-7.654302e+01
1.035010e+01	-7.523530e+01
1.036010e+01	-7.425838e+01
1.037010e+01	-7.705754e+01
1.038010e+01	-7.084847e+01
1.039010e+01	-8.125618e+01
1.040010e+01	-8.487879e+01
1.041010e+01	-7.103974e+01
1.042010e+01	-7.017132e+01
1.043010e+01	-7.454871e+01
1.044010e+01	-9.111355e+01
1.045010e+01	-7.272774e+01
1.046010e+01	-7.152297e+01
1.047010e+01	-7.543828e+01
1.048010e+01	-7.613333e+01
1.049010e+01	-7.898213e+01
1.050011e+01	-8.171897e+01
1.051011e+01	-8.394958e+01
1.052011e+01	-8.571978e+01
1.053011e+01	-8.394603e+01
1.054011e+01	-7.698491e+01
1.055011e+01	-7.600583e+01
1.056011e+01	-7.764831e+01
1.057011e+01	-8.328973e+01
1.058011e+01	-8.372156e+01
1.059011e+01	-7.621708e+01
1.060011e+01	-8.099273e+01
1.061011e+01	-8.099517e+01
1.062011e+01	-8.183823e+01
1.063011e+01	-8.096684e+01
1.064011e+01	-7.819863e+01
1.065011e+01	-8.358448e+01
1.066011e+01	-8.313639e+01
1.067011e+01	-8.611699e+01
1.068011e+01	-8.270256e+01
1.069011e+01	-7.612280e+01
1.070011e+01	-7.903310e+01
1.071011e+01	-7.610799e+01
1.072011e+01	-8.214818e+01
1.073011e+01	-7.637402e+01
1.074011e+01	-7.241795e+01
1.075011e+01	-8.643778e+01
1.076011e+01	-7.713683e+01
1.077011e+01	-7.778855e+01
1.078011e+01	-8.142458e+01
1.079011e+01	-7.362772e+01
1.080011e+01	-7.729332e+01
1.081011e+01	-7.291914e+01
1.082011e+01	-7.241919e+01
1.083011e+01	-7.007881e+01
1.084011e+01	-7.064293e+01
1.085011e+01	-7.234787e+01
1.086011e+01	-9.357880e+01
1.087011e+01	-8.329860e+01
1.088011e+01	-7.129582e+01
1.089011e+01	-7.643998e+01
1.090011e+01	-6.824199e+01
1.091011e+01	-6.542183e+01
1.092011e+01	-7.525806e+01
1.093011e+01	-7.725818e+01
1.094011e+01	-7.143706e+01
1.095011e+01	-7.394398e+01
1.096011e+01	-6.911548e+01
1.097011e+01	-7.165573e+01
1.098011e+01	-7.193728e+01
1.099011e+01	-6.978203e+01
1.100011e+01	-7.032340e+01
1.101011e+01	-8.230304e+01
1.102011e+01	-6.742955e+01
1.103011e+01	-6.721139e+01
1.104011e+01	-6.741477e+01
1.105011e+01	-7.526809e+01
1.106011e+01	-7.740933e+01
1.107011e+01	-7.295645e+01
1.108011e+01	-6.513512e+01
1.109011e+01	-7.942292e+01
1.110011e+01	-7.272732e+01
1.111011e+01	-7.119572e+01
1.112011e+01	-7.696216e+01
1.113011e+01	-7.062488e+01
1.114011e+01	-7.286478e+01
1.115011e+01	-7.917444e+01
1.116011e+01	-6.759386e+01
1.117011e+01	-7.350085e+01
1.118011e+01	-7.137017e+01
1.119011e+01	-7.566251e+01
1.120011e+01	-7.657731e+01
1.121011e+01	-6.582018e+01
1.122011e+01	-7.262419e+01
1.123011e+01	-7.121289e+01
1.124011e+01	-7.656180e+01
1.125011e+01	-7.125723e+01
1.126011e+01	-7.455382e+01
1.127011e+01	-8.526089e+01
1.128011e+01	-7.120817e+01
1.129011e+01	-8.273129e+01
1.130011e+01	-7.453838e+01
1.131011e+01	-7.434806e+01
1.132011e+01	-7.338642e+01
1.133011e+01	-7.385963e+01
1.134011e+01	-6.436111e+01
1.135011e+01	-7.630305e+01
1.136011e+01	-7.707814e+01
1.137011e+01	-7.774812e+01
1.138011e+01	-7.045854e+01
1.139011e+01	-7.614557e+01
1.140011e+01	-8.848952e+01
1.141011e+01	-7.902237e+01
1.142011e+01	-8.094509e+01
1.143011e+01	-1.076480e+02
1.144011e+01	-8.810972e+01
1.145011e+01	-7.591526e+01
1.146011e+01	-7.303466e+01
1.147011e+01	-7.400668e+01
1.148011e+01	-8.338132e+01
1.149011e+01	-8.168301e+01
1.150012e+01	-7.907414e+01
1.151012e+01	-7.680414e+01
1.152012e+01	-7.797540e+01
1.153012e+01	-9.957374e+01
1.154012e+01	-7.932091e+01
1.155012e+01	-8.255749e+01
1.156012e+01	-8.021661e+01
1.157012e+01	-8.209151e+01
1.158012e+01	-8.131427e+01
1.159012e+01	-8.028361e+01
1.160012e+01	-8.094395e+01
1.161012e+01	-8.183230e+01
1.162012e+01	-7.875066e+01
1.163012e+01	-8.055381e+01
1.164012e+01	-8.331050e+01
1.165012e+01	-8.268367e+01
1.166012e+01	-8.163279e+01
1.167012e+01	-8.009921e+01
1.168012e+01	-7.997201e+01
1.169012e+01	-8.334391e+01
1.170012e+01	-7.712263e+01
1.171012e+01	-8.173374e+01
1.172012e+01	-7.673275e+01
1.173012e+01	-9.034798e+01
1.174012e+01	-7.571503e+01
1.175012e+01	-7.500028e+01
1.176012e+01	-8.381827e+01
1.177012e+01	-7.670557e+01
1.178012e+01	-7.472524e+01
1.179012e+01	-7.443355e+01
1.180012e+01	-7.438583e+01
1.181012e+01	-7.790396e+01
1.182012e+01	-7.510048e+01
1.183012e+01	-7.210753e+01
1.184012e+01	-6.651962e+01
1.185012e+01	-7.130602e+01
1.186012e+01	-7.213513e+01
1.187012e+01	-7.000168e+01
1.188012e+01	-7.364374e+01
1.189012e+01	-7.622093e+01
1.190012e+01	-6.957768e+01
1.191012e+01	-8.558215e+01
1.192012e+01	-8.002712e+01
1.193012e+01	-7.122970e+01
1.194012e+01	-6.991106e+01
1.195012e+01	-6.526929e+01
1.196012e+01	-6.612245e+01
1.197012e+01	-7.246991e+01
1.198012e+01	-6.907233e+01
1.199012e+01	-6.755596e+01
1.200012e+01	-7.374453e+01
1.201012e+01	-7.217024e+01
1.202012e+01	-7.873519e+01
1.203012e+01	-7.637214e+01
1.204012e+01	-7.916749e+01
1.205012e+01	-7.184396e+01
1.206012e+01	-7.139578e+01
1.207012e+01	-7.150775e+01
1.208012e+01	-7.159470e+01
1.209012e+01	-7.247612e+01
1.210012e+01	-7.232217e+01
1.211012e+01	-7.726585e+01
1.212012e+01	-6.961044e+01
1.213012e+01	-7.143254e+01
1.214012e+01	-8.205925e+01
1.215012e+01	-7.403274e+01
1.216012e+01	-7.306845e+01
1.217012e+01	-8.649703e+01
1.218012e+01	-6.969375e+01
1.219012e+01	-7.191150e+01
1.220012e+01	-6.860428e+01
1.221012e+01	-7.205671e+01
1.222012e+01	-7.735628e+01
1.223012e+01	-7.165782e+01
1.224012e+01	-7.059059e+01
1.225012e+01	-8.071594e+01
1.226012e+01	-7.320974e+01
1.227012e+01	-7.145500e+01
1.228012e+01	-7.125558e+01
1.229012e+01	-7.774013e+01
1.230012e+01	-7.008875e+01
1.231012e+01	-7.499317e+01
1.232012e+01	-7.773245e+01
1.233012e+01	-8.502357e+01
1.234012e+01	-7.800563e+01
1.235012e+01	-6.992416e+01
1.236012e+01	-9.178868e+01
1.237012e+01	-7.149633e+01
1.238012e+01	-6.917848e+01
1.239012e+01	-7.311549e+01
1.240012e+01	-7.799822e+01
1.241012e+01	-7.802631e+01
1.242012e+01	-8.333617e+01
1.243012e+01	-8.007481e+01
1.244012e+01	-8.366812e+01
1.245012e+01	-7.464929e+01
1.246012e+01	-8.115190e+01
1.247012e+01	-8.146910e+01
1.248012e+01	-7.621548e+01
1.249012e+01	-7.894784e+01
1.250013e+01	-7.848845e+01
1.251013e+01	-7.673537e+01
1.252013e+01	-8.209999e+01
1.253013e+01	-8.106779e+01
1.254013e+01	-7.950638e+01
1.255013e+01	-8.039120e+01
1.256013e+01	-8.279483e+01
1.257013e+01	-7.950443e+01
1.258013e+01	-8.111533e+01
1.259013e+01	-8.008215e+01
1.260013e+01	-7.757938e+01
1.261013e+01	-7.786913e+01
1.262013e+01	-7.646516e+01
1.263013e+01	-7.991702e+01
1.264013e+01	-8.127495e+01
1.265013e+01	-7.788250e+01
1.266013e+01	-7.793750e+01
1.267013e+01	-8.505438e+01
1.268013e+01	-8.039689e+01
1.269013e+01	-7.509664e+01
1.270013e+01	-7.366795e+01
1.271013e+01	-7.764209e+01
1.272013e+01	-9.248415e+01
1.273013e+01	-8.251912e+01
1.274013e+01	-7.992585e+01
1.275013e+01	-7.301472e+01
1.276013e+01	-8.169762e+01
1.277013e+01	-7.205481e+01
1.278013e+01	-7.416696e+01
1.279013e+01	-7.391176e+01
1.280013e+01	-7.135574e+01
1.281013e+01	-7.814434e+01
1.282013e+01	-8.048273e+01
1.283013e+01	-8.923931e+01
1.284013e+01	-7.363829e+01
1.285013e+01	-6.994295e+01
1.286013e+01	-7.347846e+01
1.287013e+01	-7.191239e+01
1.288013e+01	-6.925207e+01
1.289013e+01	-6.718389e+01
1.290013e+01	-7.799631e+01
1.291013e+01	-7.368245e+01
1.292013e+01	-6.632155e+01
1.293013e+01	-7.526658e+01
1.294013e+01	-6.858265e+01
1.295013e+01	-6.937386e+01
1.296013e+01	-7.918468e+01
1.297013e+01	-7.850627e+01
1.298013e+01	-7.741346e+01
1.299013e+01	-7.203990e+01
1.300013e+01	-7.313766e+01
1.301013e+01	-6.749822e+01
1.302013e+01	-7.342312e+01
1.303013e+01	-7.105292e+01
1.304013e+01	-8.634746e+01
1.305013e+01	-7.653642e+01
1.306013e+01	-7.411486e+01
1.307013e+01	-7.215850e+01
1.308013e+01	-7.292148e+01
1.309013e+01	-7.488489e+01
1.310013e+01	-6.492893e+01
1.311013e+01	-7.531220e+01
1.312013e+01	-7.883438e+01
1.313013e+01	-7.117553e+01
1.314013e+01	-7.922914e+01
1.315013e+01	-7.338253e+01
1.316013e+01	-6.932951e+01
1.317013e+01	-7.767392e+01
1.318013e+01	-7.100122e+01
1.319013e+01	-7.450207e+01
1.320013e+01	-7.698476e+01
1.321013e+01	-8.029838e+01
1.322013e+01	-7.504944e+01
1.323013e+01	-8.608987e+01
1.324013e+01	-8.014224e+01
1.325013e+01	-7.323658e+01
1.326013e+01	-7.744555e+01
1.327013e+01	-8.132504e+01
1.328013e+01	-7.550548e+01
1.329013e+01	-8.435424e+01
1.330013e+01	-7.458843e+01
1.331013e+01	-7.432614e+01
1.332013e+01	-8.141566e+01
1.333013e+01	-7.083897e+01
1.334013e+01	-7.665440e+01
1.335013e+01	-7.582414e+01
1.336013e+01	-9.021287e+01
1.337013e+01	-7.320608e+01
1.338013e+01	-8.009965e+01
1.339013e+01	-7.238422e+01
1.340013e+01	-7.497058e+01
1.341013e+01	-7.603580e+01
1.342013e+01	-7.553162e+01
1.343013e+01	-7.200471e+01
1.344013e+01	-9.217632e+01
1.345013e+01	-9.500881e+01
1.346013e+01	-7.991255e+01
1.347013e+01	-8.054145e+01
1.348013e+01	-8.608602e+01
1.349013e+01	-8.729984e+01
1.350014e+01	-7.973961e+01
1.351014e+01	-8.271765e+01
1.352014e+01	-8.094723e+01
1.353014e+01	-8.140279e+01
1.354014e+01	-8.087704e+01
1.355014e+01	-8.030738e+01
1.356014e+01	-8.014880e+01
1.357014e+01	-7.819789e+01
1.358014e+01	-8.506350e+01
1.359014e+01	-8.486440e+01
1.360014e+01	-9.083232e+01
1.361014e+01	-7.800475e+01
1.362014e+01	-7.795078e+01
1.363014e+01	-8.719372e+01
1.364014e+01	-8.465620e+01
1.365014e+01	-9.225698e+01
1.366014e+01	-9.049477e+01
1.367014e+01	-7.959652e+01
1.368014e+01	-7.917588e+01
1.369014e+01	-7.497187e+01
1.370014e+01	-7.330315e+01
1.371014e+01	-8.148237e+01
1.372014e+01	-8.467513e+01
1.373014e+01	-7.455102e+01
1.374014e+01	-7.261817e+01
1.375014e+01	-9.826797e+01
1.376014e+01	-8.170461e+01
1.377014e+01	-7.310955e+01
1.378014e+01	-7.790304e+01
1.379014e+01	-6.977751e+01
1.380014e+01	-7.651264e+01
1.381014e+01	-7.859777e+01
1.382014e+01	-7.405028e+01
1.383014e+01	-6.947812e+01
1.384014e+01	-7.283387e+01
1.385014e+01	-7.418737e+01
1.386014e+01	-8.367397e+01
1.387014e+01	-7.070254e+01
1.388014e+01	-7.215297e+01
1.389014e+01	-7.522509e+01
1.390014e+01	-7.353401e+01
1.391014e+01	-7.661414e+01
1.392014e+01	-7.171857e+01
1.393014e+01	-7.321288e+01
1.394014e+01	-7.190234e+01
1.395014e+01	-8.966125e+01
1.396014e+01	-7.317990e+01
1.397014e+01	-7.101521e+01
1.398014e+01	-7.143316e+01
1.399014e+01	-7.287455e+01
1.400014e+01	-8.043396e+01
1.401014e+01	-7.257422e+01
1.402014e+01	-7.437396e+01
1.403014e+01	-7.048914e+01
1.404014e+01	-8.107866e+01
1.405014e+01	-7.044814e+01
1.406014e+01	-7.781673e+01
1.407014e+01	-7.410218e+01
1.408014e+01	-6.706473e+01
1.409014e+01	-6.468933e+01
1.410014e+01	-7.212133e+01
1.411014e+01	-7.399357e+01
1.412014e+01	-6.471948e+01
1.413014e+01	-7.182188e+01
1.414014e+01	-6.678348e+01
1.415014e+01	-7.303156e+01
1.416014e+01	-7.424591e+01
1.417014e+01	-7.966609e+01
1.418014e+01	-8.694593e+01
1.419014e+01	-7.736024e+01
1.420014e+01	-6.840059e+01
1.421014e+01	-7.573799e+01
1.422014e+01	-7.535716e+01
1.423014e+01	-6.820256e+01
1.424014e+01	-8.010450e+01
1.425014e+01	-7.196736e+01
1.426014e+01	-8.140699e+01
1.427014e+01	-8.098126e+01
1.428014e+01	-7.444088e+01
1.429014e+01	-7.140963e+01
1.430014e+01	-7.672869e+01
1.431014e+01	-7.571354e+01
1.432014e+01	-8.112836e+01
1.433014e+01	-8.131109e+01
1.434014e+01	-7.788784e+01
1.435014e+01	-8.055653e+01
1.436014e+01	-7.520560e+01
1.437014e+01	-7.518390e+01
1.438014e+01	-8.081855e+01
1.439014e+01	-7.886595e+01
1.440014e+01	-8.039042e+01
1.441014e+01	-7.447256e+01
1.442014e+01	-7.708391e+01
1.443014e+01	-7.688351e+01
1.444014e+01	-7.797910e+01
1.445014e+01	-8.035335e+01
1.446014e+01	-8.136337e+01
1.447014e+01	-8.855090e+01
1.448014e+01	-7.891207e+01
1.449014e+01	-8.162401e+01
1.450015e+01	-8.076662e+01
1.451015e+01	-8.053762e+01
1.452015e+01	-8.220230e+01
1.453015e+01	-8.211422e+01
1.454015e+01	-8.300184e+01
1.455015e+01	-8.486929e+01
1.456015e+01	-7.963900e+01
1.457015e+01	-7.514628e+01
1.458015e+01	-7.863959e+01
1.459015e+01	-9.118905e+01
1.460015e+01	-9.290222e+01
1.461015e+01	-8.911262e+01
1.462015e+01	-8.155489e+01
1.463015e+01	-7.722899e+01
1.464015e+01	-7.681612e+01
1.465015e+01	-8.780823e+01
1.466015e+01	-7.912023e+01
1.467015e+01	-1.058914e+02
1.468015e+01	-8.207499e+01
1.469015e+01	-7.199483e+01
1.470015e+01	-8.225441e+01
1.471015e+01	-7.333477e+01
1.472015e+01	-8.265503e+01
1.473015e+01	-7.706704e+01
1.474015e+01	-8.248081e+01
1.475015e+01	-8.424218e+01
1.476015e+01	-7.575608e+01
1.477015e+01	-7.771937e+01
1.478015e+01	-8.068644e+01
1.479015e+01	-6.637003e+01
1.480015e+01	-7.411225e+01
1.481015e+01	-8.334518e+01
1.482015e+01	-8.560334e+01
1.483015e+01	-6.891621e+01
1.484015e+01	-8.111445e+01
1.485015e+01	-7.287189e+01
1.486015e+01	-7.443762e+01
1.487015e+01	-7.280610e+01
1.488015e+01	-7.303892e+01
1.489015e+01	-6.861244e+01
1.490015e+01	-6.564857e+01
1.491015e+01	-6.947879e+01
1.492015e+01	-6.919512e+01
1.493015e+01	-7.593552e+01
1.494015e+01	-7.859329e+01
1.495015e+01	-7.488505e+01
1.496015e+01	-7.197645e+01
1.497015e+01	-7.654059e+01
1.498015e+01	-7.987432e+01
1.499015e+01	-7.245615e+01
