0.000000e+00	1.743296e+01
1.000010e-02	-2.282630e+00
2.000020e-02	1.311755e+01
3.000030e-02	7.880358e+00
4.000040e-02	1.254093e+01
5.000050e-02	1.813252e+01
6.000060e-02	1.171035e+01
7.000070e-02	1.450656e+01
8.000080e-02	2.064591e+01
9.000090e-02	1.629913e+01
1.000010e-01	2.279045e+01
1.100011e-01	1.912827e+01
1.200012e-01	2.450852e+01
1.300013e-01	2.434805e+01
1.400014e-01	2.247672e+01
1.500015e-01	2.591329e+01
1.600016e-01	2.362529e+01
1.700017e-01	2.780596e+01
1.800018e-01	2.690567e+01
1.900019e-01	2.639151e+01
2.000020e-01	2.965139e+01
2.100021e-01	2.691985e+01
2.200022e-01	2.943007e+01
2.300023e-01	2.958759e+01
2.400024e-01	2.847190e+01
2.500025e-01	2.982640e+01
2.600026e-01	2.966185e+01
2.700027e-01	2.939344e+01
2.800028e-01	2.981820e+01
2.900029e-01	2.938794e+01
3.000030e-01	2.998785e+01
3.100031e-01	2.955382e+01
3.200032e-01	2.941124e+01
3.300033e-01	3.019305e+01
3.400034e-01	2.944598e+01
3.500035e-01	2.979218e+01
3.600036e-01	2.949843e+01
3.700037e-01	2.972535e+01
3.800038e-01	2.965351e+01
3.900039e-01	2.990089e+01
4.000040e-01	2.946456e+01
4.100041e-01	2.909648e+01
4.200042e-01	2.913432e+01
4.300043e-01	2.900775e+01
4.400044e-01	2.886223e+01
4.500045e-01	2.909349e+01
4.600046e-01	2.868367e+01
4.700047e-01	2.871715e+01
4.800048e-01	2.880654e+01
4.900049e-01	2.853756e+01
5.000050e-01	2.818270e+01
5.100051e-01	2.828698e+01
5.200052e-01	2.814724e+01
5.300053e-01	2.789655e+01
5.400054e-01	2.737275e+01
5.500055e-01	2.702408e+01
5.600056e-01	2.530946e+01
5.700057e-01	2.728333e+01
5.800058e-01	2.714262e+01
5.900059e-01	2.674228e+01
6.000060e-01	2.688089e+01
6.100061e-01	2.664598e+01
6.200062e-01	2.635285e+01
6.300063e-01	2.603725e+01
6.400064e-01	2.601082e+01
6.500065e-01	2.575752e+01
6.600066e-01	2.554143e+01
6.700067e-01	2.506481e+01
6.800068e-01	2.480906e+01
6.900069e-01	2.459822e+01
7.000070e-01	2.397319e+01
7.100071e-01	2.384486e+01
7.200072e-01	2.334849e+01
7.300073e-01	2.305608e+01
7.400074e-01	2.248184e+01
7.500075e-01	2.090606e+01
7.600076e-01	2.157452e+01
7.700077e-01	2.118809e+01
7.800078e-01	2.127206e+01
7.900079e-01	2.072809e+01
8.000080e-01	2.028294e+01
8.100081e-01	1.981937e+01
8.200082e-01	1.937992e+01
8.300083e-01	1.910239e+01
8.400084e-01	1.902564e+01
8.500085e-01	1.849767e+01
8.600086e-01	1.831176e+01
8.700087e-01	1.807331e+01
8.800088e-01	1.775575e+01
8.900089e-01	1.777164e+01
9.000090e-01	1.725202e+01
9.100091e-01	1.698168e+01
9.200092e-01	1.672707e+01
9.300093e-01	1.642518e+01
9.400094e-01	1.594636e+01
9.500095e-01	1.551322e+01
9.600096e-01	1.523729e+01
9.700097e-01	1.484884e+01
9.800098e-01	1.436606e+01
9.900099e-01	1.326030e+01
1.000010e+00	1.333669e+01
1.010010e+00	1.335531e+01
1.020010e+00	1.276349e+01
1.030010e+00	1.233908e+01
1.040010e+00	1.169079e+01
1.050011e+00	1.136490e+01
1.060011e+00	1.046433e+01
1.070011e+00	1.039646e+01
1.080011e+00	9.401892e+00
1.090011e+00	8.044489e+00
1.100011e+00	3.558867e+00
1.110011e+00	6.514745e+00
1.120011e+00	7.180056e+00
1.130011e+00	7.276271e+00
1.140011e+00	6.436564e+00
1.150012e+00	5.264428e+00
1.160012e+00	1.668519e+00
1.170012e+00	2.806506e+00
1.180012e+00	4.327244e+00
1.190012e+00	4.263846e+00
1.200012e+00	3.296124e+00
1.210012e+00	2.056151e+00
1.220012e+00	2.327652e+00
1.230012e+00	1.115306e+00
1.240012e+00	1.536321e+00
1.250013e+00	2.097582e+00
1.260013e+00	1.587445e+00
1.270013e+00	1.195960e+00
1.280013e+00	6.413368e-01
1.290013e+00	5.973146e-01
1.300013e+00	-6.108256e-01
1.310013e+00	-5.180166e-01
1.320013e+00	-8.370268e-01
1.330013e+00	-1.725254e+00
1.340013e+00	-3.436627e+00
1.350014e+00	-3.295754e+00
1.360014e+00	-4.695512e+00
1.370014e+00	-4.633471e+00
1.380014e+00	-5.791754e+00
1.390014e+00	-6.143373e+00
1.400014e+00	-7.155429e+00
1.410014e+00	-1.033600e+01
1.420014e+00	-1.001390e+01
1.430014e+00	-9.521889e+00
1.440014e+00	-9.734690e+00
1.450015e+00	-1.006917e+01
1.460015e+00	-1.090964e+01
1.470015e+00	-1.267059e+01
1.480015e+00	-1.346195e+01
1.490015e+00	-1.307716e+01
1.500015e+00	-1.459031e+01
1.510015e+00	-1.483568e+01
1.520015e+00	-1.633097e+01
1.530015e+00	-1.691490e+01
1.540015e+00	-1.835691e+01
1.550016e+00	-1.903341e+01
1.560016e+00	-1.932924e+01
1.570016e+00	-2.129846e+01
1.580016e+00	-2.246065e+01
1.590016e+00	-2.430431e+01
1.600016e+00	-2.826588e+01
1.610016e+00	-3.037133e+01
1.620016e+00	-2.911889e+01
1.630016e+00	-3.078963e+01
1.640016e+00	-3.348068e+01
1.650017e+00	-3.802827e+01
1.660017e+00	-5.149423e+01
1.670017e+00	-5.554633e+01
1.680017e+00	-6.225628e+01
1.690017e+00	-5.094922e+01
1.700017e+00	-4.465864e+01
1.710017e+00	-4.412657e+01
1.720017e+00	-5.049000e+01
1.730017e+00	-3.826110e+01
1.740017e+00	-3.724161e+01
1.750018e+00	-3.481402e+01
1.760018e+00	-3.532651e+01
1.770018e+00	-3.196443e+01
1.780018e+00	-3.175806e+01
1.790018e+00	-3.286169e+01
1.800018e+00	-3.524596e+01
1.810018e+00	-3.503592e+01
1.820018e+00	-3.173164e+01
1.830018e+00	-3.394573e+01
1.840018e+00	-3.267061e+01
1.850019e+00	-3.339481e+01
1.860019e+00	-3.142054e+01
1.870019e+00	-3.301234e+01
1.880019e+00	-3.512014e+01
1.890019e+00	-3.739267e+01
1.900019e+00	-3.158762e+01
1.910019e+00	-3.570020e+01
1.920019e+00	-3.771092e+01
1.930019e+00	-3.653694e+01
1.940019e+00	-3.223894e+01
1.950020e+00	-3.137938e+01
1.960020e+00	-3.341100e+01
1.970020e+00	-3.548666e+01
1.980020e+00	-4.413798e+01
1.990020e+00	-4.182265e+01
2.000020e+00	-4.076622e+01
2.010020e+00	-3.602504e+01
2.020020e+00	-4.449731e+01
2.030020e+00	-4.120209e+01
2.040020e+00	-4.692467e+01
2.050021e+00	-4.063070e+01
2.060021e+00	-3.713086e+01
2.070021e+00	-3.710896e+01
2.080021e+00	-4.167902e+01
2.090021e+00	-3.594536e+01
2.100021e+00	-3.217910e+01
2.110021e+00	-3.716620e+01
2.120021e+00	-3.461594e+01
2.130021e+00	-4.267946e+01
2.140021e+00	-4.001299e+01
2.150022e+00	-3.895353e+01
2.160022e+00	-3.375566e+01
2.170022e+00	-4.310293e+01
2.180022e+00	-3.779826e+01
2.190022e+00	-3.307886e+01
2.200022e+00	-4.246525e+01
2.210022e+00	-3.593963e+01
2.220022e+00	-4.953550e+01
2.230022e+00	-3.850035e+01
2.240022e+00	-5.247863e+01
2.250023e+00	-3.929561e+01
2.260023e+00	-3.812073e+01
2.270023e+00	-5.247654e+01
2.280023e+00	-5.187126e+01
2.290023e+00	-4.013739e+01
2.300023e+00	-4.176210e+01
2.310023e+00	-4.855329e+01
2.320023e+00	-5.584242e+01
2.330023e+00	-4.419825e+01
2.340023e+00	-4.148001e+01
2.350024e+00	-5.182390e+01
2.360024e+00	-4.992604e+01
2.370024e+00	-4.370316e+01
2.380024e+00	-4.406790e+01
2.390024e+00	-4.966896e+01
2.400024e+00	-4.539520e+01
2.410024e+00	-5.079609e+01
2.420024e+00	-4.881767e+01
2.430024e+00	-3.960708e+01
2.440024e+00	-4.079106e+01
2.450025e+00	-5.375239e+01
2.460025e+00	-4.752828e+01
2.470025e+00	-4.620463e+01
2.480025e+00	-5.696109e+01
2.490025e+00	-5.529827e+01
2.500025e+00	-5.480419e+01
2.510025e+00	-4.856912e+01
2.520025e+00	-5.097284e+01
2.530025e+00	-5.493344e+01
2.540025e+00	-5.382353e+01
2.550026e+00	-4.649005e+01
2.560026e+00	-5.440311e+01
2.570026e+00	-5.178823e+01
2.580026e+00	-5.355503e+01
2.590026e+00	-6.290277e+01
2.600026e+00	-6.215034e+01
2.610026e+00	-6.212721e+01
2.620026e+00	-5.037170e+01
2.630026e+00	-5.232585e+01
2.640026e+00	-6.564575e+01
2.650027e+00	-5.600748e+01
2.660027e+00	-6.179459e+01
2.670027e+00	-5.770166e+01
2.680027e+00	-6.369116e+01
2.690027e+00	-6.642828e+01
2.700027e+00	-5.748765e+01
2.710027e+00	-6.580466e+01
2.720027e+00	-6.847145e+01
2.730027e+00	-6.734240e+01
2.740027e+00	-6.590661e+01
2.750028e+00	-6.626713e+01
2.760028e+00	-6.639687e+01
2.770028e+00	-6.130237e+01
2.780028e+00	-6.847540e+01
2.790028e+00	-7.681040e+01
2.800028e+00	-6.532496e+01
2.810028e+00	-5.825768e+01
2.820028e+00	-5.882526e+01
2.830028e+00	-5.643918e+01
2.840028e+00	-5.794774e+01
2.850029e+00	-6.378075e+01
2.860029e+00	-7.110776e+01
2.870029e+00	-6.056264e+01
2.880029e+00	-6.416557e+01
2.890029e+00	-5.307957e+01
2.900029e+00	-5.584958e+01
2.910029e+00	-5.707386e+01
2.920029e+00	-5.504630e+01
2.930029e+00	-5.618567e+01
2.940029e+00	-6.694812e+01
2.950030e+00	-5.728736e+01
2.960030e+00	-5.801338e+01
2.970030e+00	-5.790132e+01
2.980030e+00	-5.932169e+01
2.990030e+00	-5.343837e+01
3.000030e+00	-4.933459e+01
3.010030e+00	-5.414823e+01
3.020030e+00	-5.198879e+01
3.030030e+00	-5.753590e+01
3.040030e+00	-6.908294e+01
3.050031e+00	-5.817388e+01
3.060031e+00	-5.372651e+01
3.070031e+00	-5.525670e+01
3.080031e+00	-5.650813e+01
3.090031e+00	-4.994505e+01
3.100031e+00	-6.024352e+01
3.110031e+00	-5.327693e+01
3.120031e+00	-5.456468e+01
3.130031e+00	-5.304660e+01
3.140031e+00	-6.966993e+01
3.150032e+00	-6.395690e+01
3.160032e+00	-5.842521e+01
3.170032e+00	-5.322304e+01
3.180032e+00	-5.636009e+01
3.190032e+00	-5.224201e+01
3.200032e+00	-5.910384e+01
3.210032e+00	-5.684754e+01
3.220032e+00	-7.119391e+01
3.230032e+00	-5.820186e+01
3.240032e+00	-5.468068e+01
3.250033e+00	-5.964794e+01
3.260033e+00	-5.013971e+01
3.270033e+00	-5.609190e+01
3.280033e+00	-5.793872e+01
3.290033e+00	-5.705294e+01
3.300033e+00	-5.760100e+01
3.310033e+00	-5.159795e+01
3.320033e+00	-5.459244e+01
3.330033e+00	-5.815153e+01
3.340033e+00	-6.230697e+01
3.350034e+00	-6.869281e+01
3.360034e+00	-6.192665e+01
3.370034e+00	-6.992409e+01
3.380034e+00	-5.568249e+01
3.390034e+00	-5.103993e+01
3.400034e+00	-5.937828e+01
3.410034e+00	-5.292860e+01
3.420034e+00	-5.410367e+01
3.430034e+00	-5.660483e+01
3.440034e+00	-7.117250e+01
3.450035e+00	-7.131789e+01
3.460035e+00	-5.617544e+01
3.470035e+00	-5.651268e+01
3.480035e+00	-7.352093e+01
3.490035e+00	-6.354194e+01
3.500035e+00	-6.208181e+01
3.510035e+00	-6.146013e+01
3.520035e+00	-5.731547e+01
3.530035e+00	-5.306157e+01
3.540035e+00	-6.350111e+01
3.550036e+00	-6.133736e+01
3.560036e+00	-6.060671e+01
3.570036e+00	-6.680630e+01
3.580036e+00	-6.506973e+01
3.590036e+00	-7.044529e+01
3.600036e+00	-6.079199e+01
3.610036e+00	-6.551385e+01
3.620036e+00	-6.865330e+01
3.630036e+00	-6.912608e+01
3.640036e+00	-6.305292e+01
3.650037e+00	-6.422244e+01
3.660037e+00	-6.693002e+01
3.670037e+00	-6.915859e+01
3.680037e+00	-6.259914e+01
3.690037e+00	-6.513648e+01
3.700037e+00	-6.853617e+01
3.710037e+00	-6.822172e+01
3.720037e+00	-6.730504e+01
3.730037e+00	-6.797581e+01
3.740037e+00	-6.813181e+01
3.750038e+00	-6.929058e+01
3.760038e+00	-7.065598e+01
3.770038e+00	-7.042014e+01
3.780038e+00	-6.827505e+01
3.790038e+00	-6.485396e+01
3.800038e+00	-8.357710e+01
3.810038e+00	-6.381737e+01
3.820038e+00	-6.312839e+01
3.830038e+00	-6.780052e+01
3.840038e+00	-7.681276e+01
3.850039e+00	-7.018255e+01
3.860039e+00	-6.357335e+01
3.870039e+00	-6.608755e+01
3.880039e+00	-6.147673e+01
3.890039e+00	-6.264830e+01
3.900039e+00	-6.474432e+01
3.910039e+00	-6.197710e+01
3.920039e+00	-6.806931e+01
3.930039e+00	-5.920898e+01
3.940039e+00	-6.274128e+01
3.950040e+00	-5.642004e+01
3.960040e+00	-6.468541e+01
3.970040e+00	-5.906810e+01
3.980040e+00	-6.297274e+01
3.990040e+00	-5.706819e+01
4.000040e+00	-6.449003e+01
4.010040e+00	-6.011973e+01
4.020040e+00	-5.719028e+01
4.030040e+00	-6.421254e+01
4.040040e+00	-6.333978e+01
4.050041e+00	-6.272645e+01
4.060041e+00	-6.673575e+01
4.070041e+00	-7.322138e+01
4.080041e+00	-6.240439e+01
4.090041e+00	-5.714974e+01
4.100041e+00	-5.831330e+01
4.110041e+00	-5.397623e+01
4.120041e+00	-6.570318e+01
4.130041e+00	-6.775656e+01
4.140041e+00	-6.314695e+01
4.150042e+00	-5.646356e+01
4.160042e+00	-5.951764e+01
4.170042e+00	-6.612147e+01
4.180042e+00	-6.148974e+01
4.190042e+00	-5.231097e+01
4.200042e+00	-6.105705e+01
4.210042e+00	-6.183966e+01
4.220042e+00	-6.012389e+01
4.230042e+00	-7.130601e+01
4.240042e+00	-5.342712e+01
4.250043e+00	-6.431892e+01
4.260043e+00	-6.481406e+01
4.270043e+00	-5.893921e+01
4.280043e+00	-5.891129e+01
4.290043e+00	-6.436988e+01
4.300043e+00	-6.276374e+01
4.310043e+00	-5.837216e+01
4.320043e+00	-6.224588e+01
4.330043e+00	-6.451106e+01
4.340043e+00	-5.903036e+01
4.350044e+00	-5.595224e+01
4.360044e+00	-6.380489e+01
4.370044e+00	-6.108043e+01
4.380044e+00	-6.393098e+01
4.390044e+00	-5.708546e+01
4.400044e+00	-6.304855e+01
4.410044e+00	-6.216144e+01
4.420044e+00	-6.724985e+01
4.430044e+00	-7.334762e+01
4.440044e+00	-5.996982e+01
4.450045e+00	-7.098680e+01
4.460045e+00	-6.656211e+01
4.470045e+00	-7.730429e+01
4.480045e+00	-6.326808e+01
4.490045e+00	-7.998693e+01
4.500045e+00	-6.076291e+01
4.510045e+00	-6.113799e+01
4.520045e+00	-6.301024e+01
4.530045e+00	-5.908920e+01
4.540045e+00	-6.245702e+01
4.550046e+00	-6.683289e+01
4.560046e+00	-6.628343e+01
4.570046e+00	-6.616456e+01
4.580046e+00	-7.164849e+01
4.590046e+00	-6.508695e+01
4.600046e+00	-6.485434e+01
4.610046e+00	-6.828667e+01
4.620046e+00	-7.557141e+01
4.630046e+00	-6.289764e+01
4.640046e+00	-7.417226e+01
4.650047e+00	-6.728428e+01
4.660047e+00	-6.872605e+01
4.670047e+00	-6.735691e+01
4.680047e+00	-7.107944e+01
4.690047e+00	-6.757551e+01
4.700047e+00	-6.915352e+01
4.710047e+00	-7.404222e+01
4.720047e+00	-7.228953e+01
4.730047e+00	-6.979959e+01
4.740047e+00	-7.026395e+01
4.750048e+00	-7.153681e+01
4.760048e+00	-6.958446e+01
4.770048e+00	-7.014635e+01
4.780048e+00	-7.098744e+01
4.790048e+00	-7.276794e+01
4.800048e+00	-6.509621e+01
4.810048e+00	-7.222118e+01
4.820048e+00	-7.688423e+01
4.830048e+00	-6.580695e+01
4.840048e+00	-6.523687e+01
4.850049e+00	-7.366249e+01
4.860049e+00	-6.919225e+01
4.870049e+00	-7.346769e+01
4.880049e+00	-5.990407e+01
4.890049e+00	-6.603185e+01
4.900049e+00	-6.362441e+01
4.910049e+00	-7.817373e+01
4.920049e+00	-6.642310e+01
4.930049e+00	-7.035912e+01
4.940049e+00	-6.708581e+01
4.950050e+00	-6.059470e+01
4.960050e+00	-7.010285e+01
4.970050e+00	-8.266723e+01
4.980050e+00	-6.648710e+01
4.990050e+00	-6.481335e+01
5.000050e+00	-8.045179e+01
5.010050e+00	-6.460224e+01
5.020050e+00	-6.271246e+01
5.030050e+00	-5.912252e+01
5.040050e+00	-5.908837e+01
5.050051e+00	-6.495960e+01
5.060051e+00	-5.878755e+01
5.070051e+00	-6.351974e+01
5.080051e+00	-6.653770e+01
5.090051e+00	-6.203728e+01
5.100051e+00	-6.878439e+01
5.110051e+00	-6.149517e+01
5.120051e+00	-6.508095e+01
5.130051e+00	-6.855678e+01
5.140051e+00	-7.748047e+01
5.150052e+00	-6.222780e+01
5.160052e+00	-5.759669e+01
5.170052e+00	-6.445817e+01
5.180052e+00	-5.925439e+01
5.190052e+00	-7.167557e+01
5.200052e+00	-5.725008e+01
5.210052e+00	-6.233763e+01
5.220052e+00	-8.561840e+01
5.230052e+00	-7.023480e+01
5.240052e+00	-6.265873e+01
5.250053e+00	-7.881259e+01
5.260053e+00	-5.794806e+01
5.270053e+00	-6.498194e+01
5.280053e+00	-8.697845e+01
5.290053e+00	-6.342188e+01
5.300053e+00	-6.449131e+01
5.310053e+00	-6.195054e+01
5.320053e+00	-6.455512e+01
5.330053e+00	-5.571117e+01
5.340053e+00	-6.117845e+01
5.350054e+00	-7.418978e+01
5.360054e+00	-6.072878e+01
5.370054e+00	-6.435687e+01
5.380054e+00	-6.517325e+01
5.390054e+00	-6.150586e+01
5.400054e+00	-7.357708e+01
5.410054e+00	-6.480893e+01
5.420054e+00	-5.903632e+01
5.430054e+00	-6.359899e+01
5.440054e+00	-8.171731e+01
5.450055e+00	-7.309131e+01
5.460055e+00	-6.573863e+01
5.470055e+00	-7.541628e+01
5.480055e+00	-6.532829e+01
5.490055e+00	-6.694924e+01
5.500055e+00	-6.103852e+01
5.510055e+00	-6.313143e+01
5.520055e+00	-7.360255e+01
5.530055e+00	-6.535208e+01
5.540055e+00	-6.742314e+01
5.550056e+00	-6.967899e+01
5.560056e+00	-6.880846e+01
5.570056e+00	-7.634437e+01
5.580056e+00	-6.534131e+01
5.590056e+00	-7.478737e+01
5.600056e+00	-6.559337e+01
5.610056e+00	-8.195706e+01
5.620056e+00	-7.303921e+01
5.630056e+00	-8.109329e+01
5.640056e+00	-1.060944e+02
5.650057e+00	-6.964121e+01
5.660057e+00	-7.230816e+01
5.670057e+00	-7.236313e+01
5.680057e+00	-6.920596e+01
5.690057e+00	-7.631123e+01
5.700057e+00	-7.060430e+01
5.710057e+00	-7.318164e+01
5.720057e+00	-7.174596e+01
5.730057e+00	-7.261431e+01
5.740057e+00	-7.275766e+01
5.750058e+00	-7.239888e+01
5.760058e+00	-7.421527e+01
5.770058e+00	-7.308222e+01
5.780058e+00	-7.520689e+01
5.790058e+00	-7.415868e+01
5.800058e+00	-7.350731e+01
5.810058e+00	-7.980472e+01
5.820058e+00	-7.497733e+01
5.830058e+00	-7.569775e+01
5.840058e+00	-7.139884e+01
5.850059e+00	-7.240722e+01
5.860059e+00	-7.688188e+01
5.870059e+00	-6.073547e+01
5.880059e+00	-6.591396e+01
5.890059e+00	-6.789486e+01
5.900059e+00	-6.422214e+01
5.910059e+00	-6.853000e+01
5.920059e+00	-6.562474e+01
5.930059e+00	-7.063017e+01
5.940059e+00	-6.768705e+01
5.950060e+00	-6.545140e+01
5.960060e+00	-6.189647e+01
5.970060e+00	-7.010384e+01
5.980060e+00	-6.626632e+01
5.990060e+00	-6.378159e+01
6.000060e+00	-6.804653e+01
6.010060e+00	-6.675233e+01
6.020060e+00	-6.516886e+01
6.030060e+00	-6.242491e+01
6.040060e+00	-7.674454e+01
6.050061e+00	-6.991834e+01
6.060061e+00	-6.598648e+01
6.070061e+00	-6.299156e+01
6.080061e+00	-7.252381e+01
6.090061e+00	-6.841425e+01
6.100061e+00	-6.493276e+01
6.110061e+00	-6.199971e+01
6.120061e+00	-6.280068e+01
6.130061e+00	-6.316472e+01
6.140061e+00	-5.761666e+01
6.150062e+00	-6.718593e+01
6.160062e+00	-6.721446e+01
6.170062e+00	-6.522814e+01
6.180062e+00	-6.083256e+01
6.190062e+00	-5.738050e+01
6.200062e+00	-6.160754e+01
6.210062e+00	-6.788438e+01
6.220062e+00	-7.073976e+01
6.230062e+00	-6.856073e+01
6.240062e+00	-6.517895e+01
6.250063e+00	-6.578167e+01
6.260063e+00	-6.273293e+01
6.270063e+00	-5.975583e+01
6.280063e+00	-5.858943e+01
6.290063e+00	-7.006958e+01
6.300063e+00	-6.788128e+01
6.310063e+00	-7.020953e+01
6.320063e+00	-7.109182e+01
6.330063e+00	-6.886595e+01
6.340063e+00	-6.383689e+01
6.350064e+00	-6.427039e+01
6.360064e+00	-6.432197e+01
6.370064e+00	-6.010283e+01
6.380064e+00	-7.714324e+01
6.390064e+00	-6.317171e+01
6.400064e+00	-6.394759e+01
6.410064e+00	-7.571699e+01
6.420064e+00	-7.463018e+01
6.430064e+00	-7.388546e+01
6.440064e+00	-6.626879e+01
6.450065e+00	-7.040349e+01
6.460065e+00	-6.885542e+01
6.470065e+00	-6.806053e+01
6.480065e+00	-6.899982e+01
6.490065e+00	-7.227960e+01
6.500065e+00	-7.398671e+01
6.510065e+00	-6.815167e+01
6.520065e+00	-6.220198e+01
6.530065e+00	-7.138327e+01
6.540065e+00	-7.374202e+01
6.550066e+00	-6.723930e+01
6.560066e+00	-6.697285e+01
6.570066e+00	-6.595350e+01
6.580066e+00	-7.748109e+01
6.590066e+00	-7.308658e+01
6.600066e+00	-7.129920e+01
6.610066e+00	-7.264355e+01
6.620066e+00	-7.227930e+01
6.630066e+00	-7.896398e+01
6.640066e+00	-6.745873e+01
6.650067e+00	-7.427253e+01
6.660067e+00	-7.890789e+01
6.670067e+00	-7.340849e+01
6.680067e+00	-7.028694e+01
6.690067e+00	-7.485279e+01
6.700067e+00	-7.330302e+01
6.710067e+00	-7.306654e+01
6.720067e+00	-7.397665e+01
6.730067e+00	-7.190728e+01
6.740067e+00	-7.427290e+01
6.750068e+00	-7.419737e+01
6.760068e+00	-7.274305e+01
6.770068e+00	-7.267070e+01
6.780068e+00	-7.293347e+01
6.790068e+00	-7.185044e+01
6.800068e+00	-7.219483e+01
6.810068e+00	-7.389890e+01
6.820068e+00	-7.591224e+01
6.830068e+00	-7.168851e+01
6.840068e+00	-7.825788e+01
6.850069e+00	-7.346351e+01
6.860069e+00	-6.950320e+01
6.870069e+00	-6.961464e+01
6.880069e+00	-8.009609e+01
6.890069e+00	-7.485092e+01
6.900069e+00	-6.685711e+01
6.910069e+00	-6.757749e+01
6.920069e+00	-6.933837e+01
6.930069e+00	-6.946808e+01
6.940069e+00	-6.561159e+01
6.950070e+00	-8.093042e+01
6.960070e+00	-6.431713e+01
6.970070e+00	-6.232333e+01
6.980070e+00	-7.250343e+01
6.990070e+00	-6.531567e+01
7.000070e+00	-7.502242e+01
7.010070e+00	-6.352552e+01
7.020070e+00	-6.481812e+01
7.030070e+00	-6.670627e+01
7.040070e+00	-8.737995e+01
7.050071e+00	-7.644777e+01
7.060071e+00	-6.046667e+01
7.070071e+00	-6.886911e+01
7.080071e+00	-7.196850e+01
7.090071e+00	-6.830042e+01
7.100071e+00	-6.220475e+01
7.110071e+00	-6.693204e+01
7.120071e+00	-6.672595e+01
7.130071e+00	-6.052249e+01
7.140071e+00	-7.228259e+01
7.150072e+00	-7.070955e+01
7.160072e+00	-7.260423e+01
7.170072e+00	-7.036286e+01
7.180072e+00	-6.978369e+01
7.190072e+00	-6.875561e+01
7.200072e+00	-7.057905e+01
7.210072e+00	-6.824229e+01
7.220072e+00	-6.225055e+01
7.230072e+00	-7.337818e+01
7.240072e+00	-6.611752e+01
7.250073e+00	-6.205875e+01
7.260073e+00	-8.852756e+01
7.270073e+00	-7.530946e+01
7.280073e+00	-6.218496e+01
7.290073e+00	-6.607366e+01
7.300073e+00	-7.161321e+01
7.310073e+00	-6.891080e+01
7.320073e+00	-6.935715e+01
7.330073e+00	-7.660485e+01
7.340073e+00	-6.969369e+01
7.350074e+00	-6.783192e+01
7.360074e+00	-6.635428e+01
7.370074e+00	-6.490308e+01
7.380074e+00	-6.327027e+01
7.390074e+00	-7.082016e+01
7.400074e+00	-6.726891e+01
7.410074e+00	-7.653810e+01
7.420074e+00	-8.239664e+01
7.430074e+00	-6.603903e+01
7.440074e+00	-7.256435e+01
7.450075e+00	-6.731960e+01
7.460075e+00	-7.816690e+01
7.470075e+00	-6.592578e+01
7.480075e+00	-7.834741e+01
7.490075e+00	-6.722817e+01
7.500075e+00	-7.056140e+01
7.510075e+00	-7.264964e+01
7.520075e+00	-7.071272e+01
7.530075e+00	-6.984521e+01
7.540075e+00	-7.401151e+01
7.550076e+00	-7.781237e+01
7.560076e+00	-7.342605e+01
7.570076e+00	-7.288314e+01
7.580076e+00	-7.277001e+01
7.590076e+00	-7.001609e+01
7.600076e+00	-6.963295e+01
7.610076e+00	-6.957555e+01
7.620076e+00	-7.355474e+01
7.630076e+00	-7.200109e+01
7.640076e+00	-7.399956e+01
7.650077e+00	-7.389731e+01
7.660077e+00	-7.546121e+01
7.670077e+00	-7.348534e+01
7.680077e+00	-7.444549e+01
7.690077e+00	-7.459603e+01
7.700077e+00	-7.467835e+01
7.710077e+00	-7.460231e+01
7.720077e+00	-7.425499e+01
7.730077e+00	-7.266773e+01
7.740077e+00	-7.234974e+01
7.750078e+00	-7.446991e+01
7.760078e+00	-7.886153e+01
7.770078e+00	-7.662299e+01
7.780078e+00	-7.747430e+01
7.790078e+00	-7.057090e+01
7.800078e+00	-7.222997e+01
7.810078e+00	-6.882135e+01
7.820078e+00	-7.269169e+01
7.830078e+00	-8.734682e+01
7.840078e+00	-7.285371e+01
7.850079e+00	-7.224720e+01
7.860079e+00	-7.743624e+01
7.870079e+00	-6.867170e+01
7.880079e+00	-7.428050e+01
7.890079e+00	-6.895678e+01
7.900079e+00	-7.359014e+01
7.910079e+00	-7.520275e+01
7.920079e+00	-8.233788e+01
7.930079e+00	-7.646316e+01
7.940079e+00	-7.074837e+01
7.950080e+00	-6.656876e+01
7.960080e+00	-6.664583e+01
7.970080e+00	-6.840846e+01
7.980080e+00	-7.926637e+01
7.990080e+00	-6.438831e+01
8.000080e+00	-7.029973e+01
8.010080e+00	-7.360808e+01
8.020080e+00	-6.675827e+01
8.030080e+00	-6.205593e+01
8.040080e+00	-7.426449e+01
8.050081e+00	-6.387216e+01
8.060081e+00	-7.047739e+01
8.070081e+00	-6.542126e+01
8.080081e+00	-6.847059e+01
8.090081e+00	-7.171452e+01
8.100081e+00	-7.217054e+01
8.110081e+00	-7.438533e+01
8.120081e+00	-7.740595e+01
8.130081e+00	-6.712209e+01
8.140081e+00	-6.457128e+01
8.150082e+00	-6.878252e+01
8.160082e+00	-6.610988e+01
8.170082e+00	-7.058474e+01
8.180082e+00	-7.425348e+01
8.190082e+00	-6.966827e+01
8.200082e+00	-6.502351e+01
8.210082e+00	-7.225221e+01
8.220082e+00	-7.958010e+01
8.230082e+00	-6.672566e+01
8.240082e+00	-7.962408e+01
8.250083e+00	-7.570151e+01
8.260083e+00	-8.083324e+01
8.270083e+00	-6.284914e+01
8.280083e+00	-6.873466e+01
8.290083e+00	-7.429017e+01
8.300083e+00	-6.601505e+01
8.310083e+00	-6.869304e+01
8.320083e+00	-6.734767e+01
8.330083e+00	-6.539071e+01
8.340083e+00	-7.606086e+01
8.350084e+00	-7.466851e+01
8.360084e+00	-7.909811e+01
8.370084e+00	-7.175524e+01
8.380084e+00	-6.728478e+01
8.390084e+00	-7.679265e+01
8.400084e+00	-6.675325e+01
8.410084e+00	-7.286393e+01
8.420084e+00	-6.696249e+01
8.430084e+00	-8.886679e+01
8.440084e+00	-6.600860e+01
8.450085e+00	-6.897895e+01
8.460085e+00	-8.015567e+01
8.470085e+00	-7.412962e+01
8.480085e+00	-7.408055e+01
8.490085e+00	-6.486659e+01
8.500085e+00	-7.098982e+01
8.510085e+00	-7.397069e+01
8.520085e+00	-7.356042e+01
8.530085e+00	-6.823387e+01
8.540085e+00	-7.935362e+01
8.550086e+00	-8.020190e+01
8.560086e+00	-7.401805e+01
8.570086e+00	-7.264910e+01
8.580086e+00	-7.312296e+01
8.590086e+00	-8.635100e+01
8.600086e+00	-7.759968e+01
8.610086e+00	-7.295409e+01
8.620086e+00	-7.513889e+01
8.630086e+00	-7.514965e+01
8.640086e+00	-7.640572e+01
8.650087e+00	-7.533138e+01
8.660087e+00	-7.522406e+01
8.670087e+00	-7.577723e+01
8.680087e+00	-7.459324e+01
8.690087e+00	-7.408082e+01
8.700087e+00	-7.470538e+01
8.710087e+00	-7.463185e+01
8.720087e+00	-7.194529e+01
8.730087e+00	-8.011258e+01
8.740087e+00	-8.046947e+01
8.750088e+00	-7.476832e+01
8.760088e+00	-7.108006e+01
8.770088e+00	-7.869775e+01
8.780088e+00	-7.550038e+01
8.790088e+00	-7.532487e+01
8.800088e+00	-7.159069e+01
8.810088e+00	-7.184925e+01
8.820088e+00	-7.235063e+01
8.830088e+00	-7.109849e+01
8.840088e+00	-7.200863e+01
8.850089e+00	-7.362996e+01
8.860089e+00	-7.996753e+01
8.870089e+00	-7.482462e+01
8.880089e+00	-6.830745e+01
8.890089e+00	-7.295483e+01
8.900089e+00	-7.211677e+01
8.910089e+00	-7.369274e+01
8.920089e+00	-6.974135e+01
8.930089e+00	-7.705365e+01
8.940089e+00	-7.832779e+01
8.950090e+00	-6.660791e+01
8.960090e+00	-6.280504e+01
8.970090e+00	-6.379189e+01
8.980090e+00	-7.033832e+01
8.990090e+00	-6.854369e+01
9.000090e+00	-6.480972e+01
9.010090e+00	-7.332208e+01
9.020090e+00	-7.336144e+01
9.030090e+00	-6.937139e+01
9.040090e+00	-6.305566e+01
9.050091e+00	-7.154255e+01
9.060091e+00	-7.350739e+01
9.070091e+00	-8.287278e+01
9.080091e+00	-7.835923e+01
9.090091e+00	-7.073914e+01
9.100091e+00	-6.586943e+01
9.110091e+00	-8.756114e+01
9.120091e+00	-6.814744e+01
9.130091e+00	-7.069828e+01
9.140091e+00	-7.140191e+01
9.150092e+00	-6.763562e+01
9.160092e+00	-6.927339e+01
9.170092e+00	-6.899156e+01
9.180092e+00	-7.424687e+01
9.190092e+00	-7.309032e+01
9.200092e+00	-6.982351e+01
9.210092e+00	-6.841642e+01
9.220092e+00	-6.893647e+01
9.230092e+00	-8.487444e+01
9.240092e+00	-7.160491e+01
9.250093e+00	-6.328756e+01
9.260093e+00	-7.239986e+01
9.270093e+00	-8.690790e+01
9.280093e+00	-8.103686e+01
9.290093e+00	-6.670242e+01
9.300093e+00	-7.446320e+01
9.310093e+00	-7.278939e+01
9.320093e+00	-6.561690e+01
9.330093e+00	-6.875439e+01
9.340093e+00	-6.838170e+01
9.350094e+00	-6.706971e+01
9.360094e+00	-7.300640e+01
9.370094e+00	-7.777023e+01
9.380094e+00	-7.445219e+01
9.390094e+00	-7.550825e+01
9.400094e+00	-8.362226e+01
9.410094e+00	-7.530174e+01
9.420094e+00	-7.226127e+01
9.430094e+00	-7.332550e+01
9.440094e+00	-7.951776e+01
9.450095e+00	-6.900488e+01
9.460095e+00	-7.085360e+01
9.470095e+00	-7.204446e+01
9.480095e+00	-7.407405e+01
9.490095e+00	-6.984224e+01
9.500095e+00	-7.359344e+01
9.510095e+00	-8.909340e+01
9.520095e+00	-7.064624e+01
9.530095e+00	-6.998856e+01
9.540095e+00	-7.428493e+01
9.550096e+00	-7.891947e+01
9.560096e+00	-8.124079e+01
9.570096e+00	-7.747787e+01
9.580096e+00	-7.681811e+01
9.590096e+00	-7.529616e+01
9.600096e+00	-7.502081e+01
9.610096e+00	-7.413166e+01
9.620096e+00	-7.349820e+01
9.630096e+00	-7.550271e+01
9.640096e+00	-7.587876e+01
9.650097e+00	-7.597613e+01
9.660097e+00	-7.641738e+01
9.670097e+00	-7.378918e+01
9.680097e+00	-7.522315e+01
9.690097e+00	-7.527754e+01
9.700097e+00	-7.609938e+01
9.710097e+00	-7.179128e+01
9.720097e+00	-8.176658e+01
9.730097e+00	-7.583705e+01
9.740097e+00	-7.611599e+01
9.750098e+00	-7.377471e+01
9.760098e+00	-7.657156e+01
9.770098e+00	-7.086510e+01
9.780098e+00	-7.884870e+01
9.790098e+00	-7.771596e+01
9.800098e+00	-7.247546e+01
9.810098e+00	-6.957926e+01
9.820098e+00	-7.095932e+01
9.830098e+00	-7.316198e+01
9.840098e+00	-7.582649e+01
9.850099e+00	-7.368236e+01
9.860099e+00	-7.026942e+01
9.870099e+00	-6.892220e+01
9.880099e+00	-7.166655e+01
9.890099e+00	-7.416255e+01
9.900099e+00	-6.929496e+01
9.910099e+00	-7.683077e+01
9.920099e+00	-7.291121e+01
9.930099e+00	-8.019746e+01
9.940099e+00	-7.156042e+01
9.950100e+00	-7.851645e+01
9.960100e+00	-6.229606e+01
9.970100e+00	-7.496222e+01
9.980100e+00	-6.813482e+01
9.990100e+00	-6.968270e+01
1.000010e+01	-7.140477e+01
1.001010e+01	-6.901165e+01
1.002010e+01	-6.921254e+01
1.003010e+01	-7.561279e+01
1.004010e+01	-6.863002e+01
1.005010e+01	-6.381026e+01
1.006010e+01	-7.058437e+01
1.007010e+01	-6.790557e+01
1.008010e+01	-6.700837e+01
1.009010e+01	-6.905844e+01
1.010010e+01	-7.376466e+01
1.011010e+01	-6.974449e+01
1.012010e+01	-7.039993e+01
1.013010e+01	-6.974021e+01
1.014010e+01	-6.858112e+01
1.015010e+01	-7.221868e+01
1.016010e+01	-7.582538e+01
1.017010e+01	-6.767660e+01
1.018010e+01	-6.735766e+01
1.019010e+01	-6.515122e+01
1.020010e+01	-7.066946e+01
1.021010e+01	-7.066245e+01
1.022010e+01	-6.804506e+01
1.023010e+01	-7.850727e+01
1.024010e+01	-7.663354e+01
1.025010e+01	-7.247709e+01
1.026010e+01	-6.619789e+01
1.027010e+01	-6.620890e+01
1.028010e+01	-7.775983e+01
1.029010e+01	-7.387618e+01
1.030010e+01	-7.027079e+01
1.031010e+01	-6.882965e+01
1.032010e+01	-7.185420e+01
1.033010e+01	-7.664946e+01
1.034010e+01	-8.059000e+01
1.035010e+01	-7.518718e+01
1.036010e+01	-7.338535e+01
1.037010e+01	-7.907351e+01
1.038010e+01	-7.410912e+01
1.039010e+01	-7.983563e+01
1.040010e+01	-7.829803e+01
1.041010e+01	-7.306784e+01
1.042010e+01	-6.662779e+01
1.043010e+01	-6.968600e+01
1.044010e+01	-7.274560e+01
1.045010e+01	-7.335592e+01
1.046010e+01	-7.423396e+01
1.047010e+01	-8.333077e+01
1.048010e+01	-7.128227e+01
1.049010e+01	-7.462049e+01
1.050011e+01	-7.345902e+01
1.051011e+01	-6.894219e+01
1.052011e+01	-7.497199e+01
1.053011e+01	-7.495353e+01
1.054011e+01	-7.433176e+01
1.055011e+01	-7.798490e+01
1.056011e+01	-7.841665e+01
1.057011e+01	-8.164326e+01
1.058011e+01	-7.860736e+01
1.059011e+01	-7.687473e+01
1.060011e+01	-7.426562e+01
1.061011e+01	-7.695925e+01
1.062011e+01	-7.685940e+01
1.063011e+01	-7.557103e+01
1.064011e+01	-7.519875e+01
1.065011e+01	-7.387823e+01
1.066011e+01	-7.670375e+01
1.067011e+01	-7.451006e+01
1.068011e+01	-8.107072e+01
1.069011e+01	-7.991167e+01
1.070011e+01	-7.867958e+01
1.071011e+01	-7.856131e+01
1.072011e+01	-7.150519e+01
1.073011e+01	-7.077213e+01
1.074011e+01	-7.980583e+01
1.075011e+01	-7.708733e+01
1.076011e+01	-7.536109e+01
1.077011e+01	-7.220168e+01
1.078011e+01	-7.458987e+01
1.079011e+01	-7.698831e+01
1.080011e+01	-7.993731e+01
1.081011e+01	-7.631333e+01
1.082011e+01	-8.514189e+01
1.083011e+01	-8.086259e+01
1.084011e+01	-7.394540e+01
1.085011e+01	-7.133399e+01
1.086011e+01	-6.831240e+01
1.087011e+01	-7.900021e+01
1.088011e+01	-7.038856e+01
1.089011e+01	-7.190938e+01
1.090011e+01	-6.534749e+01
1.091011e+01	-6.531661e+01
1.092011e+01	-6.514987e+01
1.093011e+01	-7.501998e+01
1.094011e+01	-7.033658e+01
1.095011e+01	-6.853164e+01
1.096011e+01	-7.367717e+01
1.097011e+01	-8.099253e+01
1.098011e+01	-7.444034e+01
1.099011e+01	-6.636514e+01
1.100011e+01	-8.543321e+01
1.101011e+01	-6.962649e+01
1.102011e+01	-7.652945e+01
1.103011e+01	-7.615411e+01
1.104011e+01	-7.289684e+01
1.105011e+01	-6.665444e+01
1.106011e+01	-6.156989e+01
1.107011e+01	-6.652711e+01
1.108011e+01	-6.678006e+01
1.109011e+01	-7.403172e+01
1.110011e+01	-6.955873e+01
1.111011e+01	-7.241540e+01
1.112011e+01	-7.114935e+01
1.113011e+01	-6.936631e+01
1.114011e+01	-7.087166e+01
1.115011e+01	-8.912353e+01
1.116011e+01	-7.049187e+01
1.117011e+01	-6.879201e+01
1.118011e+01	-6.890821e+01
1.119011e+01	-6.746057e+01
1.120011e+01	-6.809122e+01
1.121011e+01	-6.803905e+01
1.122011e+01	-7.644828e+01
1.123011e+01	-8.355749e+01
1.124011e+01	-7.931806e+01
1.125011e+01	-6.938988e+01
1.126011e+01	-7.770744e+01
1.127011e+01	-8.200711e+01
1.128011e+01	-6.440152e+01
1.129011e+01	-7.689884e+01
1.130011e+01	-8.642688e+01
1.131011e+01	-7.322197e+01
1.132011e+01	-6.877248e+01
1.133011e+01	-7.208995e+01
1.134011e+01	-6.956606e+01
1.135011e+01	-7.138451e+01
1.136011e+01	-6.461863e+01
1.137011e+01	-7.445158e+01
1.138011e+01	-7.556378e+01
1.139011e+01	-8.488103e+01
1.140011e+01	-7.234984e+01
1.141011e+01	-7.494947e+01
1.142011e+01	-7.347636e+01
1.143011e+01	-7.360445e+01
1.144011e+01	-7.868545e+01
1.145011e+01	-7.359161e+01
1.146011e+01	-7.927839e+01
1.147011e+01	-7.646228e+01
1.148011e+01	-7.168698e+01
1.149011e+01	-7.179834e+01
1.150012e+01	-7.799729e+01
1.151012e+01	-7.551104e+01
1.152012e+01	-7.441372e+01
1.153012e+01	-8.048966e+01
1.154012e+01	-8.189201e+01
1.155012e+01	-7.632981e+01
1.156012e+01	-7.870192e+01
1.157012e+01	-7.654280e+01
1.158012e+01	-7.693178e+01
1.159012e+01	-7.775644e+01
1.160012e+01	-7.621650e+01
1.161012e+01	-7.693725e+01
1.162012e+01	-7.741134e+01
1.163012e+01	-7.779829e+01
1.164012e+01	-7.807113e+01
1.165012e+01	-7.581945e+01
1.166012e+01	-7.457446e+01
1.167012e+01	-7.533564e+01
1.168012e+01	-7.404815e+01
1.169012e+01	-7.763440e+01
1.170012e+01	-7.738758e+01
1.171012e+01	-7.447767e+01
1.172012e+01	-7.529347e+01
1.173012e+01	-7.465636e+01
1.174012e+01	-7.120541e+01
1.175012e+01	-7.032978e+01
1.176012e+01	-8.697178e+01
1.177012e+01	-7.810651e+01
1.178012e+01	-8.085280e+01
1.179012e+01	-8.062790e+01
1.180012e+01	-6.983087e+01
1.181012e+01	-7.712898e+01
1.182012e+01	-7.221523e+01
1.183012e+01	-7.280700e+01
1.184012e+01	-6.687340e+01
1.185012e+01	-8.962980e+01
1.186012e+01	-7.389592e+01
1.187012e+01	-6.847454e+01
1.188012e+01	-7.624256e+01
1.189012e+01	-7.134212e+01
1.190012e+01	-7.266371e+01
1.191012e+01	-6.884521e+01
1.192012e+01	-7.040693e+01
1.193012e+01	-6.866864e+01
1.194012e+01	-6.825520e+01
1.195012e+01	-6.878470e+01
1.196012e+01	-7.515188e+01
1.197012e+01	-8.254188e+01
1.198012e+01	-7.657781e+01
1.199012e+01	-7.097778e+01
1.200012e+01	-8.228215e+01
1.201012e+01	-7.104632e+01
1.202012e+01	-7.292958e+01
1.203012e+01	-6.838283e+01
1.204012e+01	-7.337335e+01
1.205012e+01	-7.034029e+01
1.206012e+01	-6.779936e+01
1.207012e+01	-6.997918e+01
1.208012e+01	-6.780687e+01
1.209012e+01	-7.028201e+01
1.210012e+01	-6.535759e+01
1.211012e+01	-6.379294e+01
1.212012e+01	-7.772566e+01
1.213012e+01	-7.699493e+01
1.214012e+01	-6.760887e+01
1.215012e+01	-7.324998e+01
1.216012e+01	-7.142916e+01
1.217012e+01	-6.648239e+01
1.218012e+01	-7.883735e+01
1.219012e+01	-7.135056e+01
1.220012e+01	-6.813976e+01
1.221012e+01	-6.865555e+01
1.222012e+01	-6.716757e+01
1.223012e+01	-7.057431e+01
1.224012e+01	-7.371969e+01
1.225012e+01	-8.050078e+01
1.226012e+01	-8.098295e+01
1.227012e+01	-8.129756e+01
1.228012e+01	-6.942264e+01
1.229012e+01	-7.199908e+01
1.230012e+01	-7.505962e+01
1.231012e+01	-6.904008e+01
1.232012e+01	-7.665998e+01
1.233012e+01	-8.085095e+01
1.234012e+01	-7.316546e+01
1.235012e+01	-7.389428e+01
1.236012e+01	-8.089356e+01
1.237012e+01	-7.008416e+01
1.238012e+01	-7.967920e+01
1.239012e+01	-7.155605e+01
1.240012e+01	-7.006730e+01
1.241012e+01	-7.902425e+01
1.242012e+01	-7.956131e+01
1.243012e+01	-8.531774e+01
1.244012e+01	-8.116351e+01
1.245012e+01	-7.345410e+01
1.246012e+01	-7.604582e+01
1.247012e+01	-7.926387e+01
1.248012e+01	-7.321935e+01
1.249012e+01	-7.392642e+01
1.250013e+01	-7.404627e+01
1.251013e+01	-7.931867e+01
1.252013e+01	-7.835280e+01
1.253013e+01	-7.825884e+01
1.254013e+01	-7.789341e+01
1.255013e+01	-7.705458e+01
1.256013e+01	-7.667576e+01
1.257013e+01	-7.774489e+01
1.258013e+01	-7.781510e+01
1.259013e+01	-7.787015e+01
1.260013e+01	-7.539131e+01
1.261013e+01	-7.439042e+01
1.262013e+01	-7.340007e+01
1.263013e+01	-7.324238e+01
1.264013e+01	-7.618398e+01
1.265013e+01	-7.763578e+01
1.266013e+01	-8.282814e+01
1.267013e+01	-8.358192e+01
1.268013e+01	-8.107490e+01
1.269013e+01	-9.457796e+01
1.270013e+01	-7.606615e+01
1.271013e+01	-7.717681e+01
1.272013e+01	-1.003024e+02
1.273013e+01	-7.593926e+01
1.274013e+01	-7.293105e+01
1.275013e+01	-7.859422e+01
1.276013e+01	-7.385694e+01
1.277013e+01	-7.453679e+01
1.278013e+01	-8.227157e+01
1.279013e+01	-6.524018e+01
1.280013e+01	-8.998709e+01
1.281013e+01	-6.977880e+01
1.282013e+01	-7.305090e+01
1.283013e+01	-7.022232e+01
1.284013e+01	-6.788240e+01
1.285013e+01	-7.276196e+01
1.286013e+01	-7.933063e+01
1.287013e+01	-7.337043e+01
1.288013e+01	-7.738516e+01
1.289013e+01	-7.454715e+01
1.290013e+01	-7.077680e+01
1.291013e+01	-6.924489e+01
1.292013e+01	-7.018175e+01
1.293013e+01	-7.162594e+01
1.294013e+01	-7.028917e+01
1.295013e+01	-6.903297e+01
1.296013e+01	-7.961923e+01
1.297013e+01	-8.104837e+01
1.298013e+01	-6.549156e+01
1.299013e+01	-6.701919e+01
1.300013e+01	-7.144098e+01
1.301013e+01	-6.898063e+01
1.302013e+01	-7.150138e+01
1.303013e+01	-6.573967e+01
1.304013e+01	-7.173276e+01
1.305013e+01	-7.660507e+01
1.306013e+01	-7.309675e+01
1.307013e+01	-6.994941e+01
1.308013e+01	-8.073777e+01
1.309013e+01	-6.614436e+01
1.310013e+01	-6.983784e+01
1.311013e+01	-8.065622e+01
1.312013e+01	-7.010404e+01
1.313013e+01	-7.092294e+01
1.314013e+01	-6.749584e+01
1.315013e+01	-7.688733e+01
1.316013e+01	-7.146093e+01
1.317013e+01	-7.106094e+01
1.318013e+01	-7.241939e+01
1.319013e+01	-7.698596e+01
1.320013e+01	-7.436210e+01
1.321013e+01	-7.414057e+01
1.322013e+01	-8.119733e+01
1.323013e+01	-7.616681e+01
1.324013e+01	-8.730719e+01
1.325013e+01	-9.561559e+01
1.326013e+01	-6.884131e+01
1.327013e+01	-7.185601e+01
1.328013e+01	-7.886771e+01
1.329013e+01	-7.376281e+01
1.330013e+01	-6.939689e+01
1.331013e+01	-7.966170e+01
1.332013e+01	-7.889181e+01
1.333013e+01	-6.742061e+01
1.334013e+01	-7.480233e+01
1.335013e+01	-7.108118e+01
1.336013e+01	-7.477597e+01
1.337013e+01	-7.596649e+01
1.338013e+01	-7.389410e+01
1.339013e+01	-7.079379e+01
1.340013e+01	-7.489428e+01
1.341013e+01	-7.361013e+01
1.342013e+01	-7.556506e+01
1.343013e+01	-8.025541e+01
1.344013e+01	-7.964605e+01
1.345013e+01	-7.350177e+01
1.346013e+01	-8.154147e+01
1.347013e+01	-8.094310e+01
1.348013e+01	-7.783586e+01
1.349013e+01	-7.610573e+01
1.350014e+01	-7.710559e+01
1.351014e+01	-7.922561e+01
1.352014e+01	-7.996653e+01
1.353014e+01	-7.721848e+01
1.354014e+01	-7.694240e+01
1.355014e+01	-7.679797e+01
1.356014e+01	-7.824011e+01
1.357014e+01	-7.565861e+01
1.358014e+01	-7.551847e+01
1.359014e+01	-7.671046e+01
1.360014e+01	-7.517629e+01
1.361014e+01	-8.567903e+01
1.362014e+01	-7.793873e+01
1.363014e+01	-7.566233e+01
1.364014e+01	-8.422808e+01
1.365014e+01	-7.518819e+01
1.366014e+01	-7.943961e+01
1.367014e+01	-7.258606e+01
1.368014e+01	-7.297779e+01
1.369014e+01	-7.358992e+01
1.370014e+01	-7.980155e+01
1.371014e+01	-8.437189e+01
1.372014e+01	-6.911224e+01
1.373014e+01	-1.017581e+02
1.374014e+01	-8.769443e+01
1.375014e+01	-7.836902e+01
1.376014e+01	-7.890507e+01
1.377014e+01	-7.687786e+01
1.378014e+01	-8.817920e+01
1.379014e+01	-6.923477e+01
1.380014e+01	-7.071733e+01
1.381014e+01	-6.772655e+01
1.382014e+01	-6.597185e+01
1.383014e+01	-6.776972e+01
1.384014e+01	-7.310857e+01
1.385014e+01	-6.723869e+01
1.386014e+01	-7.309215e+01
1.387014e+01	-7.978504e+01
1.388014e+01	-7.031851e+01
1.389014e+01	-7.329720e+01
1.390014e+01	-6.975888e+01
1.391014e+01	-7.098246e+01
1.392014e+01	-7.569187e+01
1.393014e+01	-7.385163e+01
1.394014e+01	-6.868764e+01
1.395014e+01	-7.337329e+01
1.396014e+01	-6.724409e+01
1.397014e+01	-7.741420e+01
1.398014e+01	-6.593426e+01
1.399014e+01	-6.547623e+01
1.400014e+01	-7.337354e+01
1.401014e+01	-8.004365e+01
1.402014e+01	-6.525102e+01
1.403014e+01	-7.735836e+01
1.404014e+01	-6.872875e+01
1.405014e+01	-6.694180e+01
1.406014e+01	-6.896224e+01
1.407014e+01	-7.512067e+01
1.408014e+01	-8.076481e+01
1.409014e+01	-7.507263e+01
1.410014e+01	-7.134954e+01
1.411014e+01	-7.764875e+01
1.412014e+01	-6.846718e+01
1.413014e+01	-6.986595e+01
1.414014e+01	-6.968724e+01
1.415014e+01	-8.825966e+01
1.416014e+01	-7.022972e+01
1.417014e+01	-8.023872e+01
1.418014e+01	-6.773696e+01
1.419014e+01	-6.512609e+01
1.420014e+01	-8.051127e+01
1.421014e+01	-7.072090e+01
1.422014e+01	-7.830449e+01
1.423014e+01	-8.045756e+01
1.424014e+01	-8.590113e+01
1.425014e+01	-7.377545e+01
1.426014e+01	-8.352162e+01
1.427014e+01	-6.994593e+01
1.428014e+01	-8.901841e+01
1.429014e+01	-7.479016e+01
1.430014e+01	-6.767503e+01
1.431014e+01	-7.486472e+01
1.432014e+01	-7.214629e+01
1.433014e+01	-7.692461e+01
1.434014e+01	-7.603832e+01
1.435014e+01	-7.641046e+01
1.436014e+01	-7.090903e+01
1.437014e+01	-8.207901e+01
1.438014e+01	-8.025973e+01
1.439014e+01	-7.996429e+01
1.440014e+01	-7.674949e+01
1.441014e+01	-7.575827e+01
1.442014e+01	-7.550844e+01
1.443014e+01	-8.439666e+01
1.444014e+01	-7.782298e+01
1.445014e+01	-7.762618e+01
1.446014e+01	-7.810635e+01
1.447014e+01	-7.769326e+01
1.448014e+01	-7.590188e+01
1.449014e+01	-7.798879e+01
1.450015e+01	-7.802845e+01
1.451015e+01	-7.589414e+01
1.452015e+01	-7.725281e+01
1.453015e+01	-7.782610e+01
1.454015e+01	-7.509767e+01
1.455015e+01	-7.890248e+01
1.456015e+01	-7.593095e+01
1.457015e+01	-7.452020e+01
1.458015e+01	-7.691472e+01
1.459015e+01	-7.726229e+01
1.460015e+01	-7.742148e+01
1.461015e+01	-7.635305e+01
1.462015e+01	-8.094550e+01
1.463015e+01	-7.238734e+01
1.464015e+01	-7.320639e+01
1.465015e+01	-7.744303e+01
1.466015e+01	-7.832166e+01
1.467015e+01	-8.448786e+01
1.468015e+01	-8.767863e+01
1.469015e+01	-7.834844e+01
1.470015e+01	-8.100953e+01
1.471015e+01	-7.071518e+01
1.472015e+01	-6.691418e+01
1.473015e+01	-7.470172e+01
1.474015e+01	-7.078871e+01
1.475015e+01	-8.462132e+01
1.476015e+01	-7.163900e+01
1.477015e+01	-7.530293e+01
1.478015e+01	-7.454571e+01
1.479015e+01	-7.752490e+01
1.480015e+01	-7.445132e+01
1.481015e+01	-7.342481e+01
1.482015e+01	-8.301430e+01
1.483015e+01	-7.543185e+01
1.484015e+01	-7.070694e+01
1.485015e+01	-9.234094e+01
1.486015e+01	-8.111527e+01
1.487015e+01	-6.888395e+01
1.488015e+01	-7.166663e+01
1.489015e+01	-6.850114e+01
1.490015e+01	-6.781720e+01
1.491015e+01	-7.657880e+01
1.492015e+01	-6.947918e+01
1.493015e+01	-7.485159e+01
1.494015e+01	-7.025027e+01
1.495015e+01	-6.916257e+01
1.496015e+01	-6.656550e+01
1.497015e+01	-6.782007e+01
1.498015e+01	-6.535409e+01
1.499015e+01	-7.241628e+01
