0.000000e+00	1.425857e+01
1.000010e-02	-3.634704e+00
2.000020e-02	1.451149e+01
3.000030e-02	8.081561e+00
4.000040e-02	1.110684e+01
5.000050e-02	1.595008e+01
6.000060e-02	9.256537e+00
7.000070e-02	1.491870e+01
8.000080e-02	1.877919e+01
9.000090e-02	1.718747e+01
1.000010e-01	2.197982e+01
1.100011e-01	1.905225e+01
1.200012e-01	2.459203e+01
1.300013e-01	2.376398e+01
1.400014e-01	2.305917e+01
1.500015e-01	2.613839e+01
1.600016e-01	2.388342e+01
1.700017e-01	2.728388e+01
1.800018e-01	2.707320e+01
1.900019e-01	2.668748e+01
2.000020e-01	2.974500e+01
2.100021e-01	2.689552e+01
2.200022e-01	2.937847e+01
2.300023e-01	3.075770e+01
2.400024e-01	2.870453e+01
2.500025e-01	3.038071e+01
2.600026e-01	3.020818e+01
2.700027e-01	3.027221e+01
2.800028e-01	3.051912e+01
2.900029e-01	2.989767e+01
3.000030e-01	3.101864e+01
3.100031e-01	3.032725e+01
3.200032e-01	2.997650e+01
3.300033e-01	3.104264e+01
3.400034e-01	3.053134e+01
3.500035e-01	3.077104e+01
3.600036e-01	3.041822e+01
3.700037e-01	3.096169e+01
3.800038e-01	3.105620e+01
3.900039e-01	3.087192e+01
4.000040e-01	3.052179e+01
4.100041e-01	3.076790e+01
4.200042e-01	3.069848e+01
4.300043e-01	3.006538e+01
4.400044e-01	3.008201e+01
4.500045e-01	3.050710e+01
4.600046e-01	3.031538e+01
4.700047e-01	2.991161e+01
4.800048e-01	3.035199e+01
4.900049e-01	3.047965e+01
5.000050e-01	2.997120e+01
5.100051e-01	3.003953e+01
5.200052e-01	3.010205e+01
5.300053e-01	2.988578e+01
5.400054e-01	2.947684e+01
5.500055e-01	2.892372e+01
5.600056e-01	2.755162e+01
5.700057e-01	2.951414e+01
5.800058e-01	2.927535e+01
5.900059e-01	2.925453e+01
6.000060e-01	2.952765e+01
6.100061e-01	2.927456e+01
6.200062e-01	2.884278e+01
6.300063e-01	2.873374e+01
6.400064e-01	2.884298e+01
6.500065e-01	2.823596e+01
6.600066e-01	2.793847e+01
6.700067e-01	2.778063e+01
6.800068e-01	2.745551e+01
6.900069e-01	2.712141e+01
7.000070e-01	2.660555e+01
7.100071e-01	2.652305e+01
7.200072e-01	2.617139e+01
7.300073e-01	2.587087e+01
7.400074e-01	2.538492e+01
7.500075e-01	2.397072e+01
7.600076e-01	2.424698e+01
7.700077e-01	2.400127e+01
7.800078e-01	2.397618e+01
7.900079e-01	2.383738e+01
8.000080e-01	2.328784e+01
8.100081e-01	2.297618e+01
8.200082e-01	2.281101e+01
8.300083e-01	2.250032e+01
8.400084e-01	2.223236e+01
8.500085e-01	2.158631e+01
8.600086e-01	2.155088e+01
8.700087e-01	2.120922e+01
8.800088e-01	2.080245e+01
8.900089e-01	2.065190e+01
9.000090e-01	2.045275e+01
9.100091e-01	2.000123e+01
9.200092e-01	1.961634e+01
9.300093e-01	1.946380e+01
9.400094e-01	1.941711e+01
9.500095e-01	1.897007e+01
9.600096e-01	1.845376e+01
9.700097e-01	1.819176e+01
9.800098e-01	1.775306e+01
9.900099e-01	1.651282e+01
1.000010e+00	1.674632e+01
1.010010e+00	1.652793e+01
1.020010e+00	1.605029e+01
1.030010e+00	1.522288e+01
1.040010e+00	1.479187e+01
1.050011e+00	1.445720e+01
1.060011e+00	1.396074e+01
1.070011e+00	1.332625e+01
1.080011e+00	1.281649e+01
1.090011e+00	1.140925e+01
1.100011e+00	6.852255e+00
1.110011e+00	1.001944e+01
1.120011e+00	9.465900e+00
1.130011e+00	1.094912e+01
1.140011e+00	1.019325e+01
1.150012e+00	8.139229e+00
1.160012e+00	5.013162e+00
1.170012e+00	5.614331e+00
1.180012e+00	7.993301e+00
1.190012e+00	7.712121e+00
1.200012e+00	7.449938e+00
1.210012e+00	5.498880e+00
1.220012e+00	6.444542e+00
1.230012e+00	4.941932e+00
1.240012e+00	5.631034e+00
1.250013e+00	5.540962e+00
1.260013e+00	4.977481e+00
1.270013e+00	4.244630e+00
1.280013e+00	3.719881e+00
1.290013e+00	3.725326e+00
1.300013e+00	2.265509e+00
1.310013e+00	1.967527e+00
1.320013e+00	2.079650e+00
1.330013e+00	1.354704e+00
1.340013e+00	2.475375e-01
1.350014e+00	-8.455236e-02
1.360014e+00	-9.913012e-01
1.370014e+00	-1.324548e+00
1.380014e+00	-1.936746e+00
1.390014e+00	-3.507674e+00
1.400014e+00	-4.525715e+00
1.410014e+00	-8.349455e+00
1.420014e+00	-6.408471e+00
1.430014e+00	-7.201260e+00
1.440014e+00	-7.123592e+00
1.450015e+00	-7.406641e+00
1.460015e+00	-8.772506e+00
1.470015e+00	-9.518448e+00
1.480015e+00	-1.021625e+01
1.490015e+00	-1.081251e+01
1.500015e+00	-1.225886e+01
1.510015e+00	-1.319146e+01
1.520015e+00	-1.447471e+01
1.530015e+00	-1.421776e+01
1.540015e+00	-1.527268e+01
1.550016e+00	-1.560551e+01
1.560016e+00	-1.771949e+01
1.570016e+00	-1.979322e+01
1.580016e+00	-2.071405e+01
1.590016e+00	-2.202349e+01
1.600016e+00	-2.513545e+01
1.610016e+00	-2.574796e+01
1.620016e+00	-2.574959e+01
1.630016e+00	-2.928507e+01
1.640016e+00	-3.096892e+01
1.650017e+00	-3.554318e+01
1.660017e+00	-4.521013e+01
1.670017e+00	-7.394112e+01
1.680017e+00	-6.883979e+01
1.690017e+00	-5.022980e+01
1.700017e+00	-4.251383e+01
1.710017e+00	-3.909797e+01
1.720017e+00	-4.984442e+01
1.730017e+00	-3.762817e+01
1.740017e+00	-3.633935e+01
1.750018e+00	-3.265020e+01
1.760018e+00	-3.221586e+01
1.770018e+00	-3.094735e+01
1.780018e+00	-3.077340e+01
1.790018e+00	-3.042971e+01
1.800018e+00	-2.993366e+01
1.810018e+00	-3.336452e+01
1.820018e+00	-3.037061e+01
1.830018e+00	-3.081462e+01
1.840018e+00	-2.850095e+01
1.850019e+00	-3.187944e+01
1.860019e+00	-2.771511e+01
1.870019e+00	-3.118958e+01
1.880019e+00	-4.449952e+01
1.890019e+00	-3.475584e+01
1.900019e+00	-3.240716e+01
1.910019e+00	-3.505543e+01
1.920019e+00	-3.764344e+01
1.930019e+00	-3.180300e+01
1.940019e+00	-3.749473e+01
1.950020e+00	-3.117166e+01
1.960020e+00	-3.377749e+01
1.970020e+00	-3.281292e+01
1.980020e+00	-3.036614e+01
1.990020e+00	-2.885214e+01
2.000020e+00	-3.078260e+01
2.010020e+00	-3.194227e+01
2.020020e+00	-3.183738e+01
2.030020e+00	-3.071669e+01
2.040020e+00	-3.606328e+01
2.050021e+00	-2.980040e+01
2.060021e+00	-3.262297e+01
2.070021e+00	-3.337751e+01
2.080021e+00	-3.308077e+01
2.090021e+00	-4.243369e+01
2.100021e+00	-3.848321e+01
2.110021e+00	-3.948429e+01
2.120021e+00	-4.285713e+01
2.130021e+00	-3.428024e+01
2.140021e+00	-2.881115e+01
2.150022e+00	-3.869068e+01
2.160022e+00	-3.631909e+01
2.170022e+00	-3.576537e+01
2.180022e+00	-3.886466e+01
2.190022e+00	-5.009674e+01
2.200022e+00	-3.412773e+01
2.210022e+00	-3.336308e+01
2.220022e+00	-3.211878e+01
2.230022e+00	-4.180587e+01
2.240022e+00	-3.558282e+01
2.250023e+00	-3.577182e+01
2.260023e+00	-7.057666e+01
2.270023e+00	-3.702405e+01
2.280023e+00	-4.029070e+01
2.290023e+00	-4.047783e+01
2.300023e+00	-3.456094e+01
2.310023e+00	-3.670820e+01
2.320023e+00	-3.757886e+01
2.330023e+00	-4.005443e+01
2.340023e+00	-3.866212e+01
2.350024e+00	-4.006826e+01
2.360024e+00	-4.329604e+01
2.370024e+00	-4.086704e+01
2.380024e+00	-3.884276e+01
2.390024e+00	-4.147909e+01
2.400024e+00	-4.274944e+01
2.410024e+00	-4.273806e+01
2.420024e+00	-4.186926e+01
2.430024e+00	-3.588102e+01
2.440024e+00	-4.046580e+01
2.450025e+00	-4.942295e+01
2.460025e+00	-4.457316e+01
2.470025e+00	-5.378636e+01
2.480025e+00	-5.337943e+01
2.490025e+00	-4.577647e+01
2.500025e+00	-5.017742e+01
2.510025e+00	-4.344542e+01
2.520025e+00	-4.956636e+01
2.530025e+00	-4.526499e+01
2.540025e+00	-6.945103e+01
2.550026e+00	-4.915923e+01
2.560026e+00	-5.198991e+01
2.570026e+00	-5.703070e+01
2.580026e+00	-5.626980e+01
2.590026e+00	-4.701821e+01
2.600026e+00	-5.031874e+01
2.610026e+00	-4.984911e+01
2.620026e+00	-5.064692e+01
2.630026e+00	-4.916487e+01
2.640026e+00	-5.477878e+01
2.650027e+00	-5.549884e+01
2.660027e+00	-6.097954e+01
2.670027e+00	-6.207930e+01
2.680027e+00	-6.137314e+01
2.690027e+00	-5.697202e+01
2.700027e+00	-7.285347e+01
2.710027e+00	-6.299784e+01
2.720027e+00	-6.364597e+01
2.730027e+00	-7.162728e+01
2.740027e+00	-6.809173e+01
2.750028e+00	-7.003229e+01
2.760028e+00	-6.918077e+01
2.770028e+00	-6.196794e+01
2.780028e+00	-6.012129e+01
2.790028e+00	-6.663469e+01
2.800028e+00	-5.803996e+01
2.810028e+00	-6.376843e+01
2.820028e+00	-6.939311e+01
2.830028e+00	-5.703477e+01
2.840028e+00	-5.919307e+01
2.850029e+00	-5.233158e+01
2.860029e+00	-5.475861e+01
2.870029e+00	-5.413417e+01
2.880029e+00	-5.838682e+01
2.890029e+00	-5.284023e+01
2.900029e+00	-5.688533e+01
2.910029e+00	-6.410047e+01
2.920029e+00	-5.884043e+01
2.930029e+00	-5.565539e+01
2.940029e+00	-4.979880e+01
2.950030e+00	-5.141725e+01
2.960030e+00	-6.950511e+01
2.970030e+00	-5.729864e+01
2.980030e+00	-5.045810e+01
2.990030e+00	-5.615597e+01
3.000030e+00	-5.580695e+01
3.010030e+00	-5.375573e+01
3.020030e+00	-5.136480e+01
3.030030e+00	-5.761766e+01
3.040030e+00	-6.181984e+01
3.050031e+00	-5.662395e+01
3.060031e+00	-5.406066e+01
3.070031e+00	-6.321749e+01
3.080031e+00	-5.550164e+01
3.090031e+00	-5.319995e+01
3.100031e+00	-7.462243e+01
3.110031e+00	-6.134226e+01
3.120031e+00	-5.227205e+01
3.130031e+00	-4.969731e+01
3.140031e+00	-5.599191e+01
3.150032e+00	-7.917193e+01
3.160032e+00	-5.665151e+01
3.170032e+00	-5.473243e+01
3.180032e+00	-5.236904e+01
3.190032e+00	-5.562219e+01
3.200032e+00	-5.260450e+01
3.210032e+00	-5.934008e+01
3.220032e+00	-5.782229e+01
3.230032e+00	-4.981665e+01
3.240032e+00	-5.502836e+01
3.250033e+00	-6.326880e+01
3.260033e+00	-6.121941e+01
3.270033e+00	-5.891481e+01
3.280033e+00	-5.574879e+01
3.290033e+00	-5.269463e+01
3.300033e+00	-4.976489e+01
3.310033e+00	-5.908643e+01
3.320033e+00	-6.485249e+01
3.330033e+00	-5.351489e+01
3.340033e+00	-6.139287e+01
3.350034e+00	-5.365461e+01
3.360034e+00	-5.253551e+01
3.370034e+00	-5.572716e+01
3.380034e+00	-5.992178e+01
3.390034e+00	-5.925948e+01
3.400034e+00	-5.208804e+01
3.410034e+00	-5.343440e+01
3.420034e+00	-4.881564e+01
3.430034e+00	-5.938418e+01
3.440034e+00	-4.732010e+01
3.450035e+00	-5.513880e+01
3.460035e+00	-6.000774e+01
3.470035e+00	-5.840751e+01
3.480035e+00	-5.374805e+01
3.490035e+00	-5.214726e+01
3.500035e+00	-6.886130e+01
3.510035e+00	-6.478268e+01
3.520035e+00	-5.962082e+01
3.530035e+00	-5.792972e+01
3.540035e+00	-5.749465e+01
3.550036e+00	-6.030921e+01
3.560036e+00	-5.885159e+01
3.570036e+00	-5.517487e+01
3.580036e+00	-8.798587e+01
3.590036e+00	-6.045721e+01
3.600036e+00	-6.832332e+01
3.610036e+00	-6.372476e+01
3.620036e+00	-6.193187e+01
3.630036e+00	-6.298132e+01
3.640036e+00	-6.581717e+01
3.650037e+00	-6.545005e+01
3.660037e+00	-6.385202e+01
3.670037e+00	-6.650851e+01
3.680037e+00	-6.293540e+01
3.690037e+00	-6.902058e+01
3.700037e+00	-7.718168e+01
3.710037e+00	-7.431471e+01
3.720037e+00	-6.990240e+01
3.730037e+00	-6.753079e+01
3.740037e+00	-7.166862e+01
3.750038e+00	-7.048031e+01
3.760038e+00	-7.084008e+01
3.770038e+00	-7.154064e+01
3.780038e+00	-6.973055e+01
3.790038e+00	-7.123208e+01
3.800038e+00	-7.746503e+01
3.810038e+00	-7.410652e+01
3.820038e+00	-6.603972e+01
3.830038e+00	-6.256936e+01
3.840038e+00	-6.884557e+01
3.850039e+00	-6.595782e+01
3.860039e+00	-6.443638e+01
3.870039e+00	-6.564758e+01
3.880039e+00	-6.783880e+01
3.890039e+00	-6.384027e+01
3.900039e+00	-6.907411e+01
3.910039e+00	-5.743838e+01
3.920039e+00	-7.005435e+01
3.930039e+00	-6.455895e+01
3.940039e+00	-6.018941e+01
3.950040e+00	-5.611830e+01
3.960040e+00	-5.872560e+01
3.970040e+00	-6.281023e+01
3.980040e+00	-6.990796e+01
3.990040e+00	-6.532055e+01
4.000040e+00	-6.349325e+01
4.010040e+00	-5.668424e+01
4.020040e+00	-6.181217e+01
4.030040e+00	-6.316589e+01
4.040040e+00	-5.625285e+01
4.050041e+00	-6.586942e+01
4.060041e+00	-5.587057e+01
4.070041e+00	-6.607492e+01
4.080041e+00	-5.774822e+01
4.090041e+00	-6.381203e+01
4.100041e+00	-5.325704e+01
4.110041e+00	-6.011558e+01
4.120041e+00	-6.233572e+01
4.130041e+00	-8.018161e+01
4.140041e+00	-5.747351e+01
4.150042e+00	-6.183598e+01
4.160042e+00	-6.521594e+01
4.170042e+00	-5.613262e+01
4.180042e+00	-6.563697e+01
4.190042e+00	-6.719503e+01
4.200042e+00	-5.602596e+01
4.210042e+00	-6.081197e+01
4.220042e+00	-5.901854e+01
4.230042e+00	-6.316607e+01
4.240042e+00	-5.979636e+01
4.250043e+00	-6.398618e+01
4.260043e+00	-5.883700e+01
4.270043e+00	-6.560720e+01
4.280043e+00	-6.204531e+01
4.290043e+00	-5.905677e+01
4.300043e+00	-6.491862e+01
4.310043e+00	-7.173461e+01
4.320043e+00	-5.382750e+01
4.330043e+00	-6.126367e+01
4.340043e+00	-7.595394e+01
4.350044e+00	-6.284385e+01
4.360044e+00	-6.250233e+01
4.370044e+00	-5.448053e+01
4.380044e+00	-7.009924e+01
4.390044e+00	-6.438190e+01
4.400044e+00	-6.468599e+01
4.410044e+00	-6.549096e+01
4.420044e+00	-6.113555e+01
4.430044e+00	-6.473004e+01
4.440044e+00	-7.265428e+01
4.450045e+00	-7.075167e+01
4.460045e+00	-6.486019e+01
4.470045e+00	-6.228426e+01
4.480045e+00	-6.171940e+01
4.490045e+00	-6.496408e+01
4.500045e+00	-6.715885e+01
4.510045e+00	-6.645223e+01
4.520045e+00	-6.456702e+01
4.530045e+00	-6.772300e+01
4.540045e+00	-7.868771e+01
4.550046e+00	-7.693663e+01
4.560046e+00	-6.456335e+01
4.570046e+00	-6.893446e+01
4.580046e+00	-6.976753e+01
4.590046e+00	-6.285640e+01
4.600046e+00	-6.677954e+01
4.610046e+00	-6.362817e+01
4.620046e+00	-7.493645e+01
4.630046e+00	-8.378761e+01
4.640046e+00	-6.688627e+01
4.650047e+00	-6.415963e+01
4.660047e+00	-6.779212e+01
4.670047e+00	-7.131122e+01
4.680047e+00	-6.959945e+01
4.690047e+00	-6.832789e+01
4.700047e+00	-6.732258e+01
4.710047e+00	-7.060701e+01
4.720047e+00	-7.455277e+01
4.730047e+00	-7.241114e+01
4.740047e+00	-7.280858e+01
4.750048e+00	-7.380450e+01
4.760048e+00	-7.351956e+01
4.770048e+00	-8.184097e+01
4.780048e+00	-7.324793e+01
4.790048e+00	-7.026796e+01
4.800048e+00	-7.052131e+01
4.810048e+00	-8.534960e+01
4.820048e+00	-6.851369e+01
4.830048e+00	-7.021828e+01
4.840048e+00	-7.210900e+01
4.850049e+00	-7.111546e+01
4.860049e+00	-7.308143e+01
4.870049e+00	-7.670985e+01
4.880049e+00	-6.121986e+01
4.890049e+00	-6.997876e+01
4.900049e+00	-6.620450e+01
4.910049e+00	-6.791227e+01
4.920049e+00	-6.641835e+01
4.930049e+00	-6.649385e+01
4.940049e+00	-6.599753e+01
4.950050e+00	-6.370976e+01
4.960050e+00	-6.587640e+01
4.970050e+00	-7.055001e+01
4.980050e+00	-6.565011e+01
4.990050e+00	-5.853182e+01
5.000050e+00	-6.112395e+01
5.010050e+00	-6.107798e+01
5.020050e+00	-6.727154e+01
5.030050e+00	-6.575293e+01
5.040050e+00	-6.059571e+01
5.050051e+00	-7.251583e+01
5.060051e+00	-6.310735e+01
5.070051e+00	-5.608340e+01
5.080051e+00	-6.088175e+01
5.090051e+00	-6.977593e+01
5.100051e+00	-6.335977e+01
5.110051e+00	-6.162336e+01
5.120051e+00	-5.822597e+01
5.130051e+00	-6.293388e+01
5.140051e+00	-7.705276e+01
5.150052e+00	-6.272165e+01
5.160052e+00	-5.657954e+01
5.170052e+00	-6.136878e+01
5.180052e+00	-6.426307e+01
5.190052e+00	-6.139869e+01
5.200052e+00	-5.623917e+01
5.210052e+00	-6.805052e+01
5.220052e+00	-6.296362e+01
5.230052e+00	-5.994515e+01
5.240052e+00	-6.114325e+01
5.250053e+00	-5.764815e+01
5.260053e+00	-7.350035e+01
5.270053e+00	-6.360584e+01
5.280053e+00	-6.604722e+01
5.290053e+00	-6.566270e+01
5.300053e+00	-6.134136e+01
5.310053e+00	-6.851918e+01
5.320053e+00	-6.775251e+01
5.330053e+00	-6.089497e+01
5.340053e+00	-6.026963e+01
5.350054e+00	-6.679725e+01
5.360054e+00	-6.116663e+01
5.370054e+00	-8.466666e+01
5.380054e+00	-6.962976e+01
5.390054e+00	-6.189995e+01
5.400054e+00	-6.197884e+01
5.410054e+00	-6.815742e+01
5.420054e+00	-6.521478e+01
5.430054e+00	-6.529140e+01
5.440054e+00	-6.324968e+01
5.450055e+00	-7.311153e+01
5.460055e+00	-6.973122e+01
5.470055e+00	-6.367446e+01
5.480055e+00	-6.974322e+01
5.490055e+00	-6.950455e+01
5.500055e+00	-6.473221e+01
5.510055e+00	-6.346902e+01
5.520055e+00	-6.522644e+01
5.530055e+00	-6.777482e+01
5.540055e+00	-6.424308e+01
5.550056e+00	-7.384430e+01
5.560056e+00	-6.252723e+01
5.570056e+00	-8.425213e+01
5.580056e+00	-8.446981e+01
5.590056e+00	-8.027985e+01
5.600056e+00	-6.780789e+01
5.610056e+00	-7.387196e+01
5.620056e+00	-7.058696e+01
5.630056e+00	-7.528095e+01
5.640056e+00	-7.264531e+01
5.650057e+00	-7.455646e+01
5.660057e+00	-7.954995e+01
5.670057e+00	-7.460646e+01
5.680057e+00	-7.294727e+01
5.690057e+00	-7.086202e+01
5.700057e+00	-7.576287e+01
5.710057e+00	-7.514714e+01
5.720057e+00	-7.656727e+01
5.730057e+00	-7.577329e+01
5.740057e+00	-7.565928e+01
5.750058e+00	-7.621567e+01
5.760058e+00	-7.310395e+01
5.770058e+00	-7.562040e+01
5.780058e+00	-7.375581e+01
5.790058e+00	-7.394427e+01
5.800058e+00	-8.039523e+01
5.810058e+00	-7.396061e+01
5.820058e+00	-7.882057e+01
5.830058e+00	-7.662680e+01
5.840058e+00	-7.374148e+01
5.850059e+00	-7.197680e+01
5.860059e+00	-6.861991e+01
5.870059e+00	-6.612934e+01
5.880059e+00	-7.214243e+01
5.890059e+00	-6.986348e+01
5.900059e+00	-6.913116e+01
5.910059e+00	-7.014421e+01
5.920059e+00	-6.841305e+01
5.930059e+00	-6.429530e+01
5.940059e+00	-6.196604e+01
5.950060e+00	-6.528160e+01
5.960060e+00	-6.255849e+01
5.970060e+00	-6.328113e+01
5.980060e+00	-6.374200e+01
5.990060e+00	-7.322985e+01
6.000060e+00	-6.139856e+01
6.010060e+00	-6.696553e+01
6.020060e+00	-6.830766e+01
6.030060e+00	-6.401355e+01
6.040060e+00	-6.250438e+01
6.050061e+00	-5.787756e+01
6.060061e+00	-6.661132e+01
6.070061e+00	-6.317599e+01
6.080061e+00	-6.146740e+01
6.090061e+00	-7.214371e+01
6.100061e+00	-6.587239e+01
6.110061e+00	-7.216076e+01
6.120061e+00	-6.263039e+01
6.130061e+00	-7.407243e+01
6.140061e+00	-5.996630e+01
6.150062e+00	-5.885600e+01
6.160062e+00	-6.630898e+01
6.170062e+00	-5.947283e+01
6.180062e+00	-6.184370e+01
6.190062e+00	-6.280266e+01
6.200062e+00	-6.117652e+01
6.210062e+00	-5.973691e+01
6.220062e+00	-6.239133e+01
6.230062e+00	-6.089138e+01
6.240062e+00	-5.890283e+01
6.250063e+00	-5.757772e+01
6.260063e+00	-6.556537e+01
6.270063e+00	-8.432927e+01
6.280063e+00	-6.994988e+01
6.290063e+00	-5.629222e+01
6.300063e+00	-6.126735e+01
6.310063e+00	-6.243917e+01
6.320063e+00	-6.382625e+01
6.330063e+00	-6.079093e+01
6.340063e+00	-8.953151e+01
6.350064e+00	-6.608222e+01
6.360064e+00	-6.294679e+01
6.370064e+00	-6.849256e+01
6.380064e+00	-7.503187e+01
6.390064e+00	-6.576708e+01
6.400064e+00	-6.186795e+01
6.410064e+00	-8.300205e+01
6.420064e+00	-7.522713e+01
6.430064e+00	-6.453292e+01
6.440064e+00	-6.181861e+01
6.450065e+00	-7.249323e+01
6.460065e+00	-7.693849e+01
6.470065e+00	-7.006294e+01
6.480065e+00	-6.481373e+01
6.490065e+00	-6.392688e+01
6.500065e+00	-7.717522e+01
6.510065e+00	-7.074652e+01
6.520065e+00	-7.774652e+01
6.530065e+00	-6.666964e+01
6.540065e+00	-6.688625e+01
6.550066e+00	-7.597303e+01
6.560066e+00	-7.007392e+01
6.570066e+00	-7.606728e+01
6.580066e+00	-7.687884e+01
6.590066e+00	-7.023261e+01
6.600066e+00	-6.773067e+01
6.610066e+00	-7.765093e+01
6.620066e+00	-8.552723e+01
6.630066e+00	-7.465647e+01
6.640066e+00	-7.600825e+01
6.650067e+00	-7.498777e+01
6.660067e+00	-7.433906e+01
6.670067e+00	-7.673757e+01
6.680067e+00	-7.865658e+01
6.690067e+00	-7.916681e+01
6.700067e+00	-7.419519e+01
6.710067e+00	-7.580574e+01
6.720067e+00	-7.617539e+01
6.730067e+00	-7.635162e+01
6.740067e+00	-7.497279e+01
6.750068e+00	-7.566644e+01
6.760068e+00	-8.478373e+01
6.770068e+00	-7.759584e+01
6.780068e+00	-8.050693e+01
6.790068e+00	-7.783701e+01
6.800068e+00	-7.684637e+01
6.810068e+00	-7.421745e+01
6.820068e+00	-7.604567e+01
6.830068e+00	-7.417940e+01
6.840068e+00	-7.707765e+01
6.850069e+00	-8.023532e+01
6.860069e+00	-6.994593e+01
6.870069e+00	-7.638658e+01
6.880069e+00	-6.705441e+01
6.890069e+00	-6.749937e+01
6.900069e+00	-7.009491e+01
6.910069e+00	-7.364203e+01
6.920069e+00	-7.011170e+01
6.930069e+00	-6.897757e+01
6.940069e+00	-6.960413e+01
6.950070e+00	-6.741118e+01
6.960070e+00	-6.680352e+01
6.970070e+00	-6.767271e+01
6.980070e+00	-7.003735e+01
6.990070e+00	-6.437370e+01
7.000070e+00	-7.125589e+01
7.010070e+00	-7.044695e+01
7.020070e+00	-7.110188e+01
7.030070e+00	-6.824536e+01
7.040070e+00	-6.839076e+01
7.050071e+00	-7.608740e+01
7.060071e+00	-7.186758e+01
7.070071e+00	-6.672291e+01
7.080071e+00	-9.077950e+01
7.090071e+00	-7.103816e+01
7.100071e+00	-6.467369e+01
7.110071e+00	-7.775301e+01
7.120071e+00	-7.501625e+01
7.130071e+00	-8.201397e+01
7.140071e+00	-8.307324e+01
7.150072e+00	-6.450420e+01
7.160072e+00	-6.746293e+01
7.170072e+00	-6.530818e+01
7.180072e+00	-7.034524e+01
7.190072e+00	-7.741063e+01
7.200072e+00	-7.193755e+01
7.210072e+00	-7.253642e+01
7.220072e+00	-6.499321e+01
7.230072e+00	-6.169203e+01
7.240072e+00	-7.092631e+01
7.250073e+00	-7.121545e+01
7.260073e+00	-6.714303e+01
7.270073e+00	-6.573119e+01
7.280073e+00	-7.046186e+01
7.290073e+00	-7.054830e+01
7.300073e+00	-6.906172e+01
7.310073e+00	-7.146697e+01
7.320073e+00	-9.114061e+01
7.330073e+00	-7.487287e+01
7.340073e+00	-7.048020e+01
7.350074e+00	-8.615663e+01
7.360074e+00	-6.803115e+01
7.370074e+00	-6.960836e+01
7.380074e+00	-7.152721e+01
7.390074e+00	-6.978820e+01
7.400074e+00	-8.423978e+01
7.410074e+00	-7.113387e+01
7.420074e+00	-6.341164e+01
7.430074e+00	-7.030622e+01
7.440074e+00	-6.987917e+01
7.450075e+00	-6.596728e+01
7.460075e+00	-7.723027e+01
7.470075e+00	-7.124984e+01
7.480075e+00	-6.986818e+01
7.490075e+00	-8.150231e+01
7.500075e+00	-7.134132e+01
7.510075e+00	-7.015119e+01
7.520075e+00	-7.873368e+01
7.530075e+00	-7.200993e+01
7.540075e+00	-7.857550e+01
7.550076e+00	-6.965370e+01
7.560076e+00	-8.400773e+01
7.570076e+00	-7.174218e+01
7.580076e+00	-8.117051e+01
7.590076e+00	-7.325207e+01
7.600076e+00	-7.172986e+01
7.610076e+00	-7.648445e+01
7.620076e+00	-7.322714e+01
7.630076e+00	-7.708662e+01
7.640076e+00	-8.151977e+01
7.650077e+00	-8.145714e+01
7.660077e+00	-7.915308e+01
7.670077e+00	-7.938111e+01
7.680077e+00	-7.736008e+01
7.690077e+00	-7.682746e+01
7.700077e+00	-7.761389e+01
7.710077e+00	-7.632047e+01
7.720077e+00	-7.524969e+01
7.730077e+00	-7.762446e+01
7.740077e+00	-8.258208e+01
7.750078e+00	-7.649843e+01
7.760078e+00	-7.876703e+01
7.770078e+00	-7.128044e+01
7.780078e+00	-7.664959e+01
7.790078e+00	-8.444314e+01
7.800078e+00	-7.503473e+01
7.810078e+00	-7.826854e+01
7.820078e+00	-6.770422e+01
7.830078e+00	-7.551156e+01
7.840078e+00	-8.445379e+01
7.850079e+00	-6.756474e+01
7.860079e+00	-6.831051e+01
7.870079e+00	-6.784189e+01
7.880079e+00	-7.601420e+01
7.890079e+00	-8.068047e+01
7.900079e+00	-8.121124e+01
7.910079e+00	-7.070602e+01
7.920079e+00	-7.140647e+01
7.930079e+00	-7.435527e+01
7.940079e+00	-7.045343e+01
7.950080e+00	-7.294417e+01
7.960080e+00	-7.015082e+01
7.970080e+00	-7.524089e+01
7.980080e+00	-7.807926e+01
7.990080e+00	-7.279000e+01
8.000080e+00	-7.100737e+01
8.010080e+00	-7.035347e+01
8.020080e+00	-6.675140e+01
8.030080e+00	-6.469608e+01
8.040080e+00	-7.299239e+01
8.050081e+00	-8.131168e+01
8.060081e+00	-7.914869e+01
8.070081e+00	-6.577760e+01
8.080081e+00	-6.799988e+01
8.090081e+00	-6.290518e+01
8.100081e+00	-7.289978e+01
8.110081e+00	-6.921736e+01
8.120081e+00	-6.849047e+01
8.130081e+00	-7.042921e+01
8.140081e+00	-6.888711e+01
8.150082e+00	-6.733787e+01
8.160082e+00	-6.927065e+01
8.170082e+00	-7.498771e+01
8.180082e+00	-6.922944e+01
8.190082e+00	-6.710876e+01
8.200082e+00	-8.354741e+01
8.210082e+00	-7.362551e+01
8.220082e+00	-6.529040e+01
8.230082e+00	-8.824364e+01
8.240082e+00	-7.273702e+01
8.250083e+00	-6.919753e+01
8.260083e+00	-7.432722e+01
8.270083e+00	-6.697375e+01
8.280083e+00	-6.429473e+01
8.290083e+00	-6.594524e+01
8.300083e+00	-8.086179e+01
8.310083e+00	-7.435773e+01
8.320083e+00	-7.541706e+01
8.330083e+00	-6.648748e+01
8.340083e+00	-6.576940e+01
8.350084e+00	-8.262719e+01
8.360084e+00	-7.158773e+01
8.370084e+00	-7.929735e+01
8.380084e+00	-7.352997e+01
8.390084e+00	-7.165371e+01
8.400084e+00	-7.083404e+01
8.410084e+00	-6.972717e+01
8.420084e+00	-6.672322e+01
8.430084e+00	-8.121940e+01
8.440084e+00	-6.949049e+01
8.450085e+00	-6.612040e+01
8.460085e+00	-7.520400e+01
8.470085e+00	-7.844601e+01
8.480085e+00	-7.774801e+01
8.490085e+00	-6.665449e+01
8.500085e+00	-7.250361e+01
8.510085e+00	-7.971717e+01
8.520085e+00	-7.762658e+01
8.530085e+00	-7.481628e+01
8.540085e+00	-7.063226e+01
8.550086e+00	-7.278214e+01
8.560086e+00	-7.834469e+01
8.570086e+00	-8.164988e+01
8.580086e+00	-8.930752e+01
8.590086e+00	-8.155136e+01
8.600086e+00	-7.302374e+01
8.610086e+00	-7.268750e+01
8.620086e+00	-8.425292e+01
8.630086e+00	-7.911107e+01
8.640086e+00	-7.676714e+01
8.650087e+00	-7.677171e+01
8.660087e+00	-7.818788e+01
8.670087e+00	-7.921026e+01
8.680087e+00	-7.816165e+01
8.690087e+00	-7.643973e+01
8.700087e+00	-8.625640e+01
8.710087e+00	-7.888440e+01
8.720087e+00	-7.590873e+01
8.730087e+00	-7.800318e+01
8.740087e+00	-7.766432e+01
8.750088e+00	-7.585539e+01
8.760088e+00	-7.157873e+01
8.770088e+00	-7.523102e+01
8.780088e+00	-7.019462e+01
8.790088e+00	-7.126595e+01
8.800088e+00	-7.400787e+01
8.810088e+00	-7.471409e+01
8.820088e+00	-7.303194e+01
8.830088e+00	-7.453606e+01
8.840088e+00	-7.344703e+01
8.850089e+00	-7.378225e+01
8.860089e+00	-8.137589e+01
8.870089e+00	-7.651362e+01
8.880089e+00	-7.848622e+01
8.890089e+00	-6.687620e+01
8.900089e+00	-7.425220e+01
8.910089e+00	-7.006625e+01
8.920089e+00	-7.821711e+01
8.930089e+00	-7.785619e+01
8.940089e+00	-6.817128e+01
8.950090e+00	-6.877003e+01
8.960090e+00	-7.184876e+01
8.970090e+00	-6.782789e+01
8.980090e+00	-7.152138e+01
8.990090e+00	-6.867758e+01
9.000090e+00	-7.177679e+01
9.010090e+00	-6.813936e+01
9.020090e+00	-7.364768e+01
9.030090e+00	-6.841696e+01
9.040090e+00	-7.119496e+01
9.050091e+00	-6.486512e+01
9.060091e+00	-7.122497e+01
9.070091e+00	-6.445249e+01
9.080091e+00	-6.694534e+01
9.090091e+00	-9.297931e+01
9.100091e+00	-7.415273e+01
9.110091e+00	-6.457267e+01
9.120091e+00	-6.651830e+01
9.130091e+00	-6.349695e+01
9.140091e+00	-6.788038e+01
9.150092e+00	-7.159459e+01
9.160092e+00	-6.268065e+01
9.170092e+00	-6.572851e+01
9.180092e+00	-6.468556e+01
9.190092e+00	-7.628266e+01
9.200092e+00	-6.730003e+01
9.210092e+00	-7.661649e+01
9.220092e+00	-7.274168e+01
9.230092e+00	-6.924419e+01
9.240092e+00	-7.064395e+01
9.250093e+00	-7.836958e+01
9.260093e+00	-8.550894e+01
9.270093e+00	-7.071642e+01
9.280093e+00	-7.645876e+01
9.290093e+00	-7.164906e+01
9.300093e+00	-6.619989e+01
9.310093e+00	-8.874233e+01
9.320093e+00	-7.904667e+01
9.330093e+00	-7.170888e+01
9.340093e+00	-7.581625e+01
9.350094e+00	-6.640760e+01
9.360094e+00	-6.875860e+01
9.370094e+00	-7.777362e+01
9.380094e+00	-7.640403e+01
9.390094e+00	-7.172088e+01
9.400094e+00	-7.223394e+01
9.410094e+00	-7.593257e+01
9.420094e+00	-7.473879e+01
9.430094e+00	-6.797620e+01
9.440094e+00	-7.125972e+01
9.450095e+00	-8.150789e+01
9.460095e+00	-8.160098e+01
9.470095e+00	-8.035225e+01
9.480095e+00	-7.211366e+01
9.490095e+00	-7.290564e+01
9.500095e+00	-7.688929e+01
9.510095e+00	-7.220758e+01
9.520095e+00	-7.537713e+01
9.530095e+00	-7.306263e+01
9.540095e+00	-7.432428e+01
9.550096e+00	-8.519662e+01
9.560096e+00	-7.817881e+01
9.570096e+00	-8.377475e+01
9.580096e+00	-7.633662e+01
9.590096e+00	-7.840796e+01
9.600096e+00	-7.815615e+01
9.610096e+00	-7.847696e+01
9.620096e+00	-8.544648e+01
9.630096e+00	-7.868399e+01
9.640096e+00	-8.145338e+01
9.650097e+00	-7.802014e+01
9.660097e+00	-7.992845e+01
9.670097e+00	-7.945521e+01
9.680097e+00	-7.680946e+01
9.690097e+00	-7.822497e+01
9.700097e+00	-7.542177e+01
9.710097e+00	-8.006717e+01
9.720097e+00	-7.272238e+01
9.730097e+00	-7.513176e+01
9.740097e+00	-8.710166e+01
9.750098e+00	-8.121741e+01
9.760098e+00	-7.616251e+01
9.770098e+00	-8.337874e+01
9.780098e+00	-7.951988e+01
9.790098e+00	-7.388067e+01
9.800098e+00	-7.664277e+01
9.810098e+00	-8.474850e+01
9.820098e+00	-7.228915e+01
9.830098e+00	-6.695788e+01
9.840098e+00	-7.870932e+01
9.850099e+00	-7.662095e+01
9.860099e+00	-7.551788e+01
9.870099e+00	-7.143985e+01
9.880099e+00	-7.277451e+01
9.890099e+00	-6.859443e+01
9.900099e+00	-7.334103e+01
9.910099e+00	-6.727981e+01
9.920099e+00	-8.575644e+01
9.930099e+00	-6.655239e+01
9.940099e+00	-7.472643e+01
9.950100e+00	-7.917077e+01
9.960100e+00	-7.250758e+01
9.970100e+00	-9.376735e+01
9.980100e+00	-7.593006e+01
9.990100e+00	-7.468973e+01
1.000010e+01	-7.429235e+01
1.001010e+01	-6.930495e+01
1.002010e+01	-6.699223e+01
1.003010e+01	-7.355885e+01
1.004010e+01	-6.885945e+01
1.005010e+01	-7.507513e+01
1.006010e+01	-7.026203e+01
1.007010e+01	-6.599022e+01
1.008010e+01	-6.937931e+01
1.009010e+01	-6.734520e+01
1.010010e+01	-7.075822e+01
1.011010e+01	-8.725591e+01
1.012010e+01	-7.140405e+01
1.013010e+01	-7.181745e+01
1.014010e+01	-6.767075e+01
1.015010e+01	-6.564577e+01
1.016010e+01	-7.211665e+01
1.017010e+01	-7.006922e+01
1.018010e+01	-7.401969e+01
1.019010e+01	-6.988432e+01
1.020010e+01	-6.627392e+01
1.021010e+01	-6.765289e+01
1.022010e+01	-6.921762e+01
1.023010e+01	-7.473650e+01
1.024010e+01	-6.336497e+01
1.025010e+01	-7.050540e+01
1.026010e+01	-8.010893e+01
1.027010e+01	-8.588592e+01
1.028010e+01	-7.140092e+01
1.029010e+01	-9.817368e+01
1.030010e+01	-6.832061e+01
1.031010e+01	-7.839591e+01
1.032010e+01	-7.005546e+01
1.033010e+01	-7.563136e+01
1.034010e+01	-6.720895e+01
1.035010e+01	-8.066949e+01
1.036010e+01	-7.616386e+01
1.037010e+01	-7.489250e+01
1.038010e+01	-8.421145e+01
1.039010e+01	-8.325875e+01
1.040010e+01	-6.890843e+01
1.041010e+01	-7.233192e+01
1.042010e+01	-8.030509e+01
1.043010e+01	-6.970358e+01
1.044010e+01	-7.850803e+01
1.045010e+01	-7.593730e+01
1.046010e+01	-7.528765e+01
1.047010e+01	-6.974454e+01
1.048010e+01	-7.480570e+01
1.049010e+01	-7.397074e+01
1.050011e+01	-7.645273e+01
1.051011e+01	-7.778535e+01
1.052011e+01	-8.203239e+01
1.053011e+01	-7.944123e+01
1.054011e+01	-7.327443e+01
1.055011e+01	-7.821998e+01
1.056011e+01	-8.279868e+01
1.057011e+01	-9.647203e+01
1.058011e+01	-8.023068e+01
1.059011e+01	-7.789836e+01
1.060011e+01	-8.100133e+01
1.061011e+01	-7.988366e+01
1.062011e+01	-7.927219e+01
1.063011e+01	-7.959359e+01
1.064011e+01	-8.036676e+01
1.065011e+01	-7.896979e+01
1.066011e+01	-7.622277e+01
1.067011e+01	-7.937641e+01
1.068011e+01	-7.726167e+01
1.069011e+01	-8.249695e+01
1.070011e+01	-7.866287e+01
1.071011e+01	-7.420716e+01
1.072011e+01	-7.830819e+01
1.073011e+01	-8.568114e+01
1.074011e+01	-7.631123e+01
1.075011e+01	-7.891021e+01
1.076011e+01	-7.910385e+01
1.077011e+01	-7.169686e+01
1.078011e+01	-7.469069e+01
1.079011e+01	-7.937832e+01
1.080011e+01	-7.432065e+01
1.081011e+01	-6.948247e+01
1.082011e+01	-7.388071e+01
1.083011e+01	-8.022803e+01
1.084011e+01	-8.127214e+01
1.085011e+01	-8.248086e+01
1.086011e+01	-7.977946e+01
1.087011e+01	-6.969737e+01
1.088011e+01	-6.953644e+01
1.089011e+01	-7.352323e+01
1.090011e+01	-7.400624e+01
1.091011e+01	-7.459608e+01
1.092011e+01	-6.691799e+01
1.093011e+01	-7.005909e+01
1.094011e+01	-7.171988e+01
1.095011e+01	-7.021978e+01
1.096011e+01	-6.723653e+01
1.097011e+01	-7.434672e+01
1.098011e+01	-7.097902e+01
1.099011e+01	-6.636169e+01
1.100011e+01	-7.001446e+01
1.101011e+01	-8.580578e+01
1.102011e+01	-6.640501e+01
1.103011e+01	-7.813135e+01
1.104011e+01	-7.051171e+01
1.105011e+01	-7.599362e+01
1.106011e+01	-7.301223e+01
1.107011e+01	-7.025636e+01
1.108011e+01	-7.122514e+01
1.109011e+01	-7.013594e+01
1.110011e+01	-6.615411e+01
1.111011e+01	-7.095327e+01
1.112011e+01	-7.366397e+01
1.113011e+01	-7.305934e+01
1.114011e+01	-7.585732e+01
1.115011e+01	-7.372091e+01
1.116011e+01	-6.937751e+01
1.117011e+01	-7.084100e+01
1.118011e+01	-7.944607e+01
1.119011e+01	-7.736981e+01
1.120011e+01	-7.239003e+01
1.121011e+01	-7.156396e+01
1.122011e+01	-7.425711e+01
1.123011e+01	-7.596307e+01
1.124011e+01	-7.789591e+01
1.125011e+01	-6.943111e+01
1.126011e+01	-6.780427e+01
1.127011e+01	-6.895101e+01
1.128011e+01	-7.522888e+01
1.129011e+01	-7.241514e+01
1.130011e+01	-8.105325e+01
1.131011e+01	-7.617751e+01
1.132011e+01	-7.276641e+01
1.133011e+01	-7.041081e+01
1.134011e+01	-7.641817e+01
1.135011e+01	-7.322443e+01
1.136011e+01	-6.895090e+01
1.137011e+01	-7.261356e+01
1.138011e+01	-7.894125e+01
1.139011e+01	-7.222918e+01
1.140011e+01	-9.011323e+01
1.141011e+01	-6.961157e+01
1.142011e+01	-8.203146e+01
1.143011e+01	-8.101202e+01
1.144011e+01	-7.160442e+01
1.145011e+01	-8.245374e+01
1.146011e+01	-7.852089e+01
1.147011e+01	-8.519009e+01
1.148011e+01	-7.747723e+01
1.149011e+01	-7.810645e+01
1.150012e+01	-8.175419e+01
1.151012e+01	-8.606072e+01
1.152012e+01	-7.681482e+01
1.153012e+01	-7.746443e+01
1.154012e+01	-7.459316e+01
1.155012e+01	-8.076234e+01
1.156012e+01	-7.857481e+01
1.157012e+01	-7.902215e+01
1.158012e+01	-8.079141e+01
1.159012e+01	-7.999840e+01
1.160012e+01	-7.933137e+01
1.161012e+01	-8.195123e+01
1.162012e+01	-7.743340e+01
1.163012e+01	-7.670668e+01
1.164012e+01	-7.922391e+01
1.165012e+01	-7.718609e+01
1.166012e+01	-7.813440e+01
1.167012e+01	-8.610639e+01
1.168012e+01	-7.631513e+01
1.169012e+01	-7.423176e+01
1.170012e+01	-7.823778e+01
1.171012e+01	-7.527532e+01
1.172012e+01	-8.033190e+01
1.173012e+01	-7.025988e+01
1.174012e+01	-7.352427e+01
1.175012e+01	-9.073668e+01
1.176012e+01	-7.224087e+01
1.177012e+01	-8.200281e+01
1.178012e+01	-7.229161e+01
1.179012e+01	-7.534075e+01
1.180012e+01	-8.030941e+01
1.181012e+01	-8.504686e+01
1.182012e+01	-7.666015e+01
1.183012e+01	-7.221124e+01
1.184012e+01	-7.340785e+01
1.185012e+01	-6.781647e+01
1.186012e+01	-7.483058e+01
1.187012e+01	-7.995599e+01
1.188012e+01	-7.567398e+01
1.189012e+01	-7.250090e+01
1.190012e+01	-7.307533e+01
1.191012e+01	-7.294576e+01
1.192012e+01	-6.692707e+01
1.193012e+01	-7.784768e+01
1.194012e+01	-7.267803e+01
1.195012e+01	-8.513761e+01
1.196012e+01	-6.632237e+01
1.197012e+01	-8.127190e+01
1.198012e+01	-7.383105e+01
1.199012e+01	-7.898646e+01
1.200012e+01	-6.860889e+01
1.201012e+01	-6.881145e+01
1.202012e+01	-7.592454e+01
1.203012e+01	-7.456001e+01
1.204012e+01	-7.353736e+01
1.205012e+01	-7.713790e+01
1.206012e+01	-7.298001e+01
1.207012e+01	-6.906875e+01
1.208012e+01	-7.425615e+01
1.209012e+01	-8.701354e+01
1.210012e+01	-7.182597e+01
1.211012e+01	-7.869526e+01
1.212012e+01	-7.285457e+01
1.213012e+01	-7.963717e+01
1.214012e+01	-6.637278e+01
1.215012e+01	-7.557083e+01
1.216012e+01	-7.611173e+01
1.217012e+01	-6.419577e+01
1.218012e+01	-7.142709e+01
1.219012e+01	-7.315595e+01
1.220012e+01	-7.304329e+01
1.221012e+01	-7.294155e+01
1.222012e+01	-7.557774e+01
1.223012e+01	-7.416964e+01
1.224012e+01	-7.315500e+01
1.225012e+01	-8.156903e+01
1.226012e+01	-7.659943e+01
1.227012e+01	-9.603204e+01
1.228012e+01	-7.209811e+01
1.229012e+01	-7.676068e+01
1.230012e+01	-7.937418e+01
1.231012e+01	-7.977301e+01
1.232012e+01	-8.682750e+01
1.233012e+01	-7.370338e+01
1.234012e+01	-7.137848e+01
1.235012e+01	-7.312995e+01
1.236012e+01	-7.014598e+01
1.237012e+01	-8.668545e+01
1.238012e+01	-7.469646e+01
1.239012e+01	-8.231968e+01
1.240012e+01	-8.458335e+01
1.241012e+01	-7.649815e+01
1.242012e+01	-7.850190e+01
1.243012e+01	-8.318500e+01
1.244012e+01	-7.414796e+01
1.245012e+01	-8.803238e+01
1.246012e+01	-7.912273e+01
1.247012e+01	-7.845932e+01
1.248012e+01	-7.497339e+01
1.249012e+01	-7.853332e+01
1.250013e+01	-8.021411e+01
1.251013e+01	-8.177857e+01
1.252013e+01	-8.243251e+01
1.253013e+01	-7.786866e+01
1.254013e+01	-7.609503e+01
1.255013e+01	-8.003408e+01
1.256013e+01	-8.201996e+01
1.257013e+01	-8.118411e+01
1.258013e+01	-8.196462e+01
1.259013e+01	-8.406462e+01
1.260013e+01	-7.870439e+01
1.261013e+01	-7.696043e+01
1.262013e+01	-7.874317e+01
1.263013e+01	-9.238720e+01
1.264013e+01	-8.268126e+01
1.265013e+01	-8.587671e+01
1.266013e+01	-7.468507e+01
1.267013e+01	-7.650524e+01
1.268013e+01	-7.458446e+01
1.269013e+01	-8.009475e+01
1.270013e+01	-8.788838e+01
1.271013e+01	-7.307776e+01
1.272013e+01	-7.126458e+01
1.273013e+01	-7.840763e+01
1.274013e+01	-7.152933e+01
1.275013e+01	-8.856420e+01
1.276013e+01	-7.528422e+01
1.277013e+01	-7.739089e+01
1.278013e+01	-7.340687e+01
1.279013e+01	-8.073277e+01
1.280013e+01	-7.839443e+01
1.281013e+01	-7.968884e+01
1.282013e+01	-7.319906e+01
1.283013e+01	-6.649645e+01
1.284013e+01	-7.092350e+01
1.285013e+01	-8.023934e+01
1.286013e+01	-8.842181e+01
1.287013e+01	-7.833830e+01
1.288013e+01	-8.587182e+01
1.289013e+01	-7.564587e+01
1.290013e+01	-8.622242e+01
1.291013e+01	-7.284589e+01
1.292013e+01	-7.285966e+01
1.293013e+01	-7.390955e+01
1.294013e+01	-7.753957e+01
1.295013e+01	-7.159041e+01
1.296013e+01	-7.434603e+01
1.297013e+01	-7.227198e+01
1.298013e+01	-7.425082e+01
1.299013e+01	-6.786010e+01
1.300013e+01	-7.039497e+01
1.301013e+01	-7.011278e+01
1.302013e+01	-7.695502e+01
1.303013e+01	-7.317735e+01
1.304013e+01	-7.090480e+01
1.305013e+01	-7.115520e+01
1.306013e+01	-7.087390e+01
1.307013e+01	-6.832745e+01
1.308013e+01	-6.998108e+01
1.309013e+01	-6.564216e+01
1.310013e+01	-8.309855e+01
1.311013e+01	-6.899333e+01
1.312013e+01	-6.754859e+01
1.313013e+01	-7.830829e+01
1.314013e+01	-6.882140e+01
1.315013e+01	-7.152930e+01
1.316013e+01	-7.836857e+01
1.317013e+01	-7.429018e+01
1.318013e+01	-7.702352e+01
1.319013e+01	-7.560998e+01
1.320013e+01	-7.545595e+01
1.321013e+01	-7.018009e+01
1.322013e+01	-6.821248e+01
1.323013e+01	-7.365728e+01
1.324013e+01	-7.127362e+01
1.325013e+01	-9.181322e+01
1.326013e+01	-7.134426e+01
1.327013e+01	-8.207604e+01
1.328013e+01	-8.391712e+01
1.329013e+01	-6.892888e+01
1.330013e+01	-7.526876e+01
1.331013e+01	-1.034286e+02
1.332013e+01	-8.888751e+01
1.333013e+01	-6.821689e+01
1.334013e+01	-7.103057e+01
1.335013e+01	-7.370849e+01
1.336013e+01	-7.747011e+01
1.337013e+01	-8.220058e+01
1.338013e+01	-8.097076e+01
1.339013e+01	-8.681099e+01
1.340013e+01	-7.121349e+01
1.341013e+01	-8.774887e+01
1.342013e+01	-8.066657e+01
1.343013e+01	-8.161807e+01
1.344013e+01	-7.716556e+01
1.345013e+01	-7.711939e+01
1.346013e+01	-7.992859e+01
1.347013e+01	-7.667014e+01
1.348013e+01	-7.764478e+01
1.349013e+01	-8.012419e+01
1.350014e+01	-7.903703e+01
1.351014e+01	-7.917430e+01
1.352014e+01	-8.149143e+01
1.353014e+01	-8.219782e+01
1.354014e+01	-8.055194e+01
1.355014e+01	-8.229800e+01
1.356014e+01	-8.294842e+01
1.357014e+01	-7.799700e+01
1.358014e+01	-7.872717e+01
1.359014e+01	-7.857199e+01
1.360014e+01	-7.807502e+01
1.361014e+01	-7.807915e+01
1.362014e+01	-8.456626e+01
1.363014e+01	-8.215618e+01
1.364014e+01	-8.800511e+01
1.365014e+01	-7.755122e+01
1.366014e+01	-8.031907e+01
1.367014e+01	-7.929319e+01
1.368014e+01	-7.715406e+01
1.369014e+01	-7.786108e+01
1.370014e+01	-6.865359e+01
1.371014e+01	-6.996252e+01
1.372014e+01	-8.390821e+01
1.373014e+01	-6.954350e+01
1.374014e+01	-7.757211e+01
1.375014e+01	-8.021767e+01
1.376014e+01	-7.839271e+01
1.377014e+01	-7.375178e+01
1.378014e+01	-8.234130e+01
1.379014e+01	-7.397608e+01
1.380014e+01	-7.660628e+01
1.381014e+01	-7.707474e+01
1.382014e+01	-1.056507e+02
1.383014e+01	-7.906616e+01
1.384014e+01	-7.135361e+01
1.385014e+01	-8.266136e+01
1.386014e+01	-7.558357e+01
1.387014e+01	-7.180788e+01
1.388014e+01	-7.192040e+01
1.389014e+01	-7.199193e+01
1.390014e+01	-7.628293e+01
1.391014e+01	-7.615414e+01
1.392014e+01	-7.269267e+01
1.393014e+01	-6.897887e+01
1.394014e+01	-7.009155e+01
1.395014e+01	-7.485207e+01
1.396014e+01	-7.466236e+01
1.397014e+01	-6.936491e+01
1.398014e+01	-7.362712e+01
1.399014e+01	-6.937041e+01
1.400014e+01	-6.966144e+01
1.401014e+01	-9.654229e+01
1.402014e+01	-7.463761e+01
1.403014e+01	-6.537746e+01
1.404014e+01	-7.583432e+01
1.405014e+01	-6.625075e+01
1.406014e+01	-7.351322e+01
1.407014e+01	-7.588172e+01
1.408014e+01	-6.598323e+01
1.409014e+01	-7.328422e+01
1.410014e+01	-8.962890e+01
1.411014e+01	-7.074025e+01
1.412014e+01	-6.761816e+01
1.413014e+01	-7.260299e+01
1.414014e+01	-7.370458e+01
1.415014e+01	-7.598795e+01
1.416014e+01	-6.869074e+01
1.417014e+01	-8.094236e+01
1.418014e+01	-6.445373e+01
1.419014e+01	-7.100056e+01
1.420014e+01	-6.778117e+01
1.421014e+01	-7.610997e+01
1.422014e+01	-7.133960e+01
1.423014e+01	-7.145131e+01
1.424014e+01	-7.614057e+01
1.425014e+01	-8.136231e+01
1.426014e+01	-7.489749e+01
1.427014e+01	-6.829108e+01
1.428014e+01	-8.426913e+01
1.429014e+01	-7.310991e+01
1.430014e+01	-7.336383e+01
1.431014e+01	-8.193663e+01
1.432014e+01	-8.635282e+01
1.433014e+01	-7.851579e+01
1.434014e+01	-7.797714e+01
1.435014e+01	-8.440444e+01
1.436014e+01	-7.467194e+01
1.437014e+01	-7.384523e+01
1.438014e+01	-8.101353e+01
1.439014e+01	-8.109045e+01
1.440014e+01	-8.180729e+01
1.441014e+01	-8.242566e+01
1.442014e+01	-7.770432e+01
1.443014e+01	-7.317054e+01
1.444014e+01	-8.274116e+01
1.445014e+01	-7.790680e+01
1.446014e+01	-9.178915e+01
1.447014e+01	-8.440932e+01
1.448014e+01	-8.035086e+01
1.449014e+01	-7.916139e+01
1.450015e+01	-7.970981e+01
1.451015e+01	-8.050475e+01
1.452015e+01	-8.095587e+01
1.453015e+01	-7.859178e+01
1.454015e+01	-8.268893e+01
1.455015e+01	-8.008527e+01
1.456015e+01	-9.019221e+01
1.457015e+01	-7.996604e+01
1.458015e+01	-8.135505e+01
1.459015e+01	-7.872233e+01
1.460015e+01	-7.888463e+01
1.461015e+01	-8.808797e+01
1.462015e+01	-7.655847e+01
1.463015e+01	-7.713742e+01
1.464015e+01	-7.657804e+01
1.465015e+01	-7.741593e+01
1.466015e+01	-7.884863e+01
1.467015e+01	-7.323512e+01
1.468015e+01	-7.810637e+01
1.469015e+01	-8.637742e+01
1.470015e+01	-7.506928e+01
1.471015e+01	-7.353224e+01
1.472015e+01	-7.783776e+01
1.473015e+01	-7.813003e+01
1.474015e+01	-7.933243e+01
1.475015e+01	-7.780688e+01
1.476015e+01	-7.521975e+01
1.477015e+01	-7.479458e+01
1.478015e+01	-6.816187e+01
1.479015e+01	-7.027239e+01
1.480015e+01	-8.192409e+01
1.481015e+01	-9.141887e+01
1.482015e+01	-7.100751e+01
1.483015e+01	-7.861098e+01
1.484015e+01	-7.179894e+01
1.485015e+01	-7.267609e+01
1.486015e+01	-6.825611e+01
1.487015e+01	-6.992169e+01
1.488015e+01	-7.766289e+01
1.489015e+01	-7.605356e+01
1.490015e+01	-7.022081e+01
1.491015e+01	-7.746641e+01
1.492015e+01	-6.873273e+01
1.493015e+01	-7.698276e+01
1.494015e+01	-7.358697e+01
1.495015e+01	-6.712307e+01
1.496015e+01	-6.612677e+01
1.497015e+01	-7.106248e+01
1.498015e+01	-6.774165e+01
1.499015e+01	-7.704027e+01
