0.000000e+00	1.609070e+01
1.000010e-02	-2.375445e+00
2.000020e-02	1.476818e+01
3.000030e-02	7.294705e+00
4.000040e-02	9.922128e+00
5.000050e-02	1.536143e+01
6.000060e-02	9.225192e+00
7.000070e-02	1.511095e+01
8.000080e-02	1.743895e+01
9.000090e-02	1.648994e+01
1.000010e-01	2.144165e+01
1.100011e-01	1.563374e+01
1.200012e-01	2.350297e+01
1.300013e-01	2.214635e+01
1.400014e-01	2.312535e+01
1.500015e-01	2.541938e+01
1.600016e-01	2.262475e+01
1.700017e-01	2.679302e+01
1.800018e-01	2.474301e+01
1.900019e-01	2.570307e+01
2.000020e-01	2.870650e+01
2.100021e-01	2.477058e+01
2.200022e-01	2.835976e+01
2.300023e-01	2.834532e+01
2.400024e-01	2.764660e+01
2.500025e-01	2.921005e+01
2.600026e-01	2.806494e+01
2.700027e-01	2.900120e+01
2.800028e-01	2.845088e+01
2.900029e-01	2.869621e+01
3.000030e-01	2.909584e+01
3.100031e-01	2.860862e+01
3.200032e-01	2.862066e+01
3.300033e-01	2.891873e+01
3.400034e-01	2.856111e+01
3.500035e-01	2.839165e+01
3.600036e-01	2.870182e+01
3.700037e-01	2.808785e+01
3.800038e-01	2.829850e+01
3.900039e-01	2.838034e+01
4.000040e-01	2.809491e+01
4.100041e-01	2.804786e+01
4.200042e-01	2.788044e+01
4.300043e-01	2.727876e+01
4.400044e-01	2.730843e+01
4.500045e-01	2.736684e+01
4.600046e-01	2.719110e+01
4.700047e-01	2.702560e+01
4.800048e-01	2.690819e+01
4.900049e-01	2.714010e+01
5.000050e-01	2.687774e+01
5.100051e-01	2.722410e+01
5.200052e-01	2.674601e+01
5.300053e-01	2.654319e+01
5.400054e-01	2.638875e+01
5.500055e-01	2.605402e+01
5.600056e-01	2.411353e+01
5.700057e-01	2.603730e+01
5.800058e-01	2.614483e+01
5.900059e-01	2.599715e+01
6.000060e-01	2.613615e+01
6.100061e-01	2.590290e+01
6.200062e-01	2.569473e+01
6.300063e-01	2.521510e+01
6.400064e-01	2.540421e+01
6.500065e-01	2.516405e+01
6.600066e-01	2.466890e+01
6.700067e-01	2.437889e+01
6.800068e-01	2.389956e+01
6.900069e-01	2.412223e+01
7.000070e-01	2.340179e+01
7.100071e-01	2.299372e+01
7.200072e-01	2.256600e+01
7.300073e-01	2.242789e+01
7.400074e-01	2.206604e+01
7.500075e-01	2.066523e+01
7.600076e-01	2.086353e+01
7.700077e-01	2.087083e+01
7.800078e-01	2.035478e+01
7.900079e-01	2.043547e+01
8.000080e-01	1.993089e+01
8.100081e-01	1.948134e+01
8.200082e-01	1.917615e+01
8.300083e-01	1.887467e+01
8.400084e-01	1.888098e+01
8.500085e-01	1.840550e+01
8.600086e-01	1.813849e+01
8.700087e-01	1.780888e+01
8.800088e-01	1.758874e+01
8.900089e-01	1.715031e+01
9.000090e-01	1.693402e+01
9.100091e-01	1.649762e+01
9.200092e-01	1.609869e+01
9.300093e-01	1.584670e+01
9.400094e-01	1.585251e+01
9.500095e-01	1.545634e+01
9.600096e-01	1.493152e+01
9.700097e-01	1.450029e+01
9.800098e-01	1.411592e+01
9.900099e-01	1.295186e+01
1.000010e+00	1.297750e+01
1.010010e+00	1.262954e+01
1.020010e+00	1.212164e+01
1.030010e+00	1.161239e+01
1.040010e+00	1.111357e+01
1.050011e+00	1.070725e+01
1.060011e+00	1.038893e+01
1.070011e+00	9.792488e+00
1.080011e+00	9.063439e+00
1.090011e+00	7.708586e+00
1.100011e+00	3.343997e+00
1.110011e+00	6.096715e+00
1.120011e+00	5.402992e+00
1.130011e+00	6.781301e+00
1.140011e+00	6.458470e+00
1.150012e+00	4.043428e+00
1.160012e+00	1.362257e+00
1.170012e+00	1.803234e+00
1.180012e+00	4.456108e+00
1.190012e+00	4.060493e+00
1.200012e+00	4.056243e+00
1.210012e+00	1.789784e+00
1.220012e+00	2.934562e+00
1.230012e+00	8.084656e-01
1.240012e+00	1.973915e+00
1.250013e+00	1.705762e+00
1.260013e+00	1.037739e+00
1.270013e+00	-6.302250e-02
1.280013e+00	-2.429406e-01
1.290013e+00	-6.635911e-01
1.300013e+00	-1.452444e+00
1.310013e+00	-2.121254e+00
1.320013e+00	-2.276774e+00
1.330013e+00	-2.804934e+00
1.340013e+00	-4.117445e+00
1.350014e+00	-4.493066e+00
1.360014e+00	-5.085842e+00
1.370014e+00	-5.334758e+00
1.380014e+00	-5.987944e+00
1.390014e+00	-7.383101e+00
1.400014e+00	-8.937174e+00
1.410014e+00	-1.248373e+01
1.420014e+00	-1.077190e+01
1.430014e+00	-1.156401e+01
1.440014e+00	-1.169838e+01
1.450015e+00	-1.203223e+01
1.460015e+00	-1.323833e+01
1.470015e+00	-1.432174e+01
1.480015e+00	-1.476122e+01
1.490015e+00	-1.558034e+01
1.500015e+00	-1.658485e+01
1.510015e+00	-1.816357e+01
1.520015e+00	-1.874806e+01
1.530015e+00	-1.881595e+01
1.540015e+00	-1.917744e+01
1.550016e+00	-2.008269e+01
1.560016e+00	-2.215487e+01
1.570016e+00	-2.410278e+01
1.580016e+00	-2.488672e+01
1.590016e+00	-2.542081e+01
1.600016e+00	-2.992221e+01
1.610016e+00	-3.082404e+01
1.620016e+00	-3.248112e+01
1.630016e+00	-3.376774e+01
1.640016e+00	-3.652971e+01
1.650017e+00	-3.985749e+01
1.660017e+00	-4.631093e+01
1.670017e+00	-6.035737e+01
1.680017e+00	-6.614287e+01
1.690017e+00	-5.296324e+01
1.700017e+00	-4.940984e+01
1.710017e+00	-4.673903e+01
1.720017e+00	-5.941523e+01
1.730017e+00	-4.269494e+01
1.740017e+00	-3.877919e+01
1.750018e+00	-3.910262e+01
1.760018e+00	-3.716891e+01
1.770018e+00	-3.625953e+01
1.780018e+00	-3.630494e+01
1.790018e+00	-3.517859e+01
1.800018e+00	-3.360066e+01
1.810018e+00	-3.488030e+01
1.820018e+00	-3.546766e+01
1.830018e+00	-3.376944e+01
1.840018e+00	-3.307965e+01
1.850019e+00	-3.761854e+01
1.860019e+00	-3.246374e+01
1.870019e+00	-4.184433e+01
1.880019e+00	-4.861292e+01
1.890019e+00	-3.626826e+01
1.900019e+00	-3.725506e+01
1.910019e+00	-3.758428e+01
1.920019e+00	-4.074473e+01
1.930019e+00	-3.697867e+01
1.940019e+00	-3.903369e+01
1.950020e+00	-3.305866e+01
1.960020e+00	-3.288066e+01
1.970020e+00	-3.439499e+01
1.980020e+00	-3.498450e+01
1.990020e+00	-3.453125e+01
2.000020e+00	-3.708024e+01
2.010020e+00	-3.578628e+01
2.020020e+00	-3.242192e+01
2.030020e+00	-3.368531e+01
2.040020e+00	-3.991960e+01
2.050021e+00	-3.727377e+01
2.060021e+00	-4.182616e+01
2.070021e+00	-4.825615e+01
2.080021e+00	-3.719320e+01
2.090021e+00	-3.904441e+01
2.100021e+00	-4.131915e+01
2.110021e+00	-4.529427e+01
2.120021e+00	-5.161470e+01
2.130021e+00	-4.567045e+01
2.140021e+00	-4.118546e+01
2.150022e+00	-3.756182e+01
2.160022e+00	-4.280660e+01
2.170022e+00	-4.103997e+01
2.180022e+00	-3.845573e+01
2.190022e+00	-4.422157e+01
2.200022e+00	-3.904249e+01
2.210022e+00	-4.229127e+01
2.220022e+00	-4.401501e+01
2.230022e+00	-4.551538e+01
2.240022e+00	-4.707327e+01
2.250023e+00	-4.636895e+01
2.260023e+00	-3.944636e+01
2.270023e+00	-4.441569e+01
2.280023e+00	-5.693466e+01
2.290023e+00	-4.984888e+01
2.300023e+00	-5.246092e+01
2.310023e+00	-5.123036e+01
2.320023e+00	-4.503673e+01
2.330023e+00	-4.206933e+01
2.340023e+00	-6.205635e+01
2.350024e+00	-4.959753e+01
2.360024e+00	-4.335946e+01
2.370024e+00	-4.165516e+01
2.380024e+00	-4.040079e+01
2.390024e+00	-4.476265e+01
2.400024e+00	-4.457986e+01
2.410024e+00	-5.301804e+01
2.420024e+00	-5.162421e+01
2.430024e+00	-4.365332e+01
2.440024e+00	-4.976482e+01
2.450025e+00	-5.988342e+01
2.460025e+00	-5.321488e+01
2.470025e+00	-5.865552e+01
2.480025e+00	-5.317344e+01
2.490025e+00	-4.985061e+01
2.500025e+00	-4.930694e+01
2.510025e+00	-4.512804e+01
2.520025e+00	-5.976303e+01
2.530025e+00	-4.383286e+01
2.540025e+00	-4.959718e+01
2.550026e+00	-4.567176e+01
2.560026e+00	-4.809933e+01
2.570026e+00	-4.658536e+01
2.580026e+00	-5.076294e+01
2.590026e+00	-5.465732e+01
2.600026e+00	-5.291091e+01
2.610026e+00	-5.433170e+01
2.620026e+00	-6.664404e+01
2.630026e+00	-5.244172e+01
2.640026e+00	-5.496217e+01
2.650027e+00	-6.193661e+01
2.660027e+00	-5.467433e+01
2.670027e+00	-6.015238e+01
2.680027e+00	-6.246637e+01
2.690027e+00	-6.076052e+01
2.700027e+00	-6.437589e+01
2.710027e+00	-7.032498e+01
2.720027e+00	-6.932495e+01
2.730027e+00	-7.175554e+01
2.740027e+00	-7.277530e+01
2.750028e+00	-7.135542e+01
2.760028e+00	-7.050891e+01
2.770028e+00	-6.836935e+01
2.780028e+00	-6.921461e+01
2.790028e+00	-6.020051e+01
2.800028e+00	-6.014674e+01
2.810028e+00	-6.241067e+01
2.820028e+00	-6.407699e+01
2.830028e+00	-6.612674e+01
2.840028e+00	-6.201721e+01
2.850029e+00	-5.770001e+01
2.860029e+00	-6.157030e+01
2.870029e+00	-7.291783e+01
2.880029e+00	-6.418165e+01
2.890029e+00	-5.666222e+01
2.900029e+00	-5.801888e+01
2.910029e+00	-5.586737e+01
2.920029e+00	-6.289765e+01
2.930029e+00	-5.826168e+01
2.940029e+00	-5.806205e+01
2.950030e+00	-6.896612e+01
2.960030e+00	-5.940589e+01
2.970030e+00	-6.138241e+01
2.980030e+00	-8.106344e+01
2.990030e+00	-6.098184e+01
3.000030e+00	-6.231102e+01
3.010030e+00	-5.411996e+01
3.020030e+00	-5.886127e+01
3.030030e+00	-5.592273e+01
3.040030e+00	-6.136636e+01
3.050031e+00	-5.647536e+01
3.060031e+00	-5.935651e+01
3.070031e+00	-5.591771e+01
3.080031e+00	-5.443120e+01
3.090031e+00	-5.353160e+01
3.100031e+00	-5.469100e+01
3.110031e+00	-6.036212e+01
3.120031e+00	-5.640470e+01
3.130031e+00	-5.479817e+01
3.140031e+00	-5.198827e+01
3.150032e+00	-5.983218e+01
3.160032e+00	-5.131346e+01
3.170032e+00	-5.600471e+01
3.180032e+00	-5.855454e+01
3.190032e+00	-5.309349e+01
3.200032e+00	-5.554210e+01
3.210032e+00	-5.092345e+01
3.220032e+00	-5.539234e+01
3.230032e+00	-5.746259e+01
3.240032e+00	-5.621256e+01
3.250033e+00	-5.253091e+01
3.260033e+00	-4.976260e+01
3.270033e+00	-5.619830e+01
3.280033e+00	-5.323956e+01
3.290033e+00	-5.014581e+01
3.300033e+00	-5.250485e+01
3.310033e+00	-5.228504e+01
3.320033e+00	-4.935476e+01
3.330033e+00	-5.672699e+01
3.340033e+00	-5.266318e+01
3.350034e+00	-4.993002e+01
3.360034e+00	-4.971191e+01
3.370034e+00	-6.450369e+01
3.380034e+00	-6.460362e+01
3.390034e+00	-6.655453e+01
3.400034e+00	-6.612575e+01
3.410034e+00	-6.478863e+01
3.420034e+00	-5.526929e+01
3.430034e+00	-5.502724e+01
3.440034e+00	-5.596714e+01
3.450035e+00	-5.490537e+01
3.460035e+00	-5.772965e+01
3.470035e+00	-5.851164e+01
3.480035e+00	-5.663689e+01
3.490035e+00	-5.546924e+01
3.500035e+00	-5.744568e+01
3.510035e+00	-5.678303e+01
3.520035e+00	-6.270984e+01
3.530035e+00	-6.927314e+01
3.540035e+00	-5.704214e+01
3.550036e+00	-5.580124e+01
3.560036e+00	-5.300627e+01
3.570036e+00	-5.387527e+01
3.580036e+00	-6.100079e+01
3.590036e+00	-6.838811e+01
3.600036e+00	-6.269593e+01
3.610036e+00	-6.938255e+01
3.620036e+00	-6.542462e+01
3.630036e+00	-6.752435e+01
3.640036e+00	-7.090352e+01
3.650037e+00	-6.728810e+01
3.660037e+00	-6.505403e+01
3.670037e+00	-6.827218e+01
3.680037e+00	-7.949869e+01
3.690037e+00	-6.389117e+01
3.700037e+00	-7.583497e+01
3.710037e+00	-6.843924e+01
3.720037e+00	-7.723899e+01
3.730037e+00	-7.573939e+01
3.740037e+00	-7.941595e+01
3.750038e+00	-7.851177e+01
3.760038e+00	-7.721013e+01
3.770038e+00	-7.945347e+01
3.780038e+00	-7.861235e+01
3.790038e+00	-7.602865e+01
3.800038e+00	-7.787167e+01
3.810038e+00	-7.147192e+01
3.820038e+00	-7.464888e+01
3.830038e+00	-7.142886e+01
3.840038e+00	-7.301468e+01
3.850039e+00	-7.289247e+01
3.860039e+00	-6.942852e+01
3.870039e+00	-7.203888e+01
3.880039e+00	-6.324783e+01
3.890039e+00	-6.601078e+01
3.900039e+00	-7.085384e+01
3.910039e+00	-6.596185e+01
3.920039e+00	-5.881790e+01
3.930039e+00	-6.739885e+01
3.940039e+00	-6.116994e+01
3.950040e+00	-6.236354e+01
3.960040e+00	-6.718679e+01
3.970040e+00	-7.430700e+01
3.980040e+00	-5.855671e+01
3.990040e+00	-5.701660e+01
4.000040e+00	-6.460117e+01
4.010040e+00	-6.157998e+01
4.020040e+00	-6.350615e+01
4.030040e+00	-6.792438e+01
4.040040e+00	-6.692442e+01
4.050041e+00	-6.284150e+01
4.060041e+00	-5.785834e+01
4.070041e+00	-6.403375e+01
4.080041e+00	-5.741254e+01
4.090041e+00	-5.689583e+01
4.100041e+00	-6.459722e+01
4.110041e+00	-5.768238e+01
4.120041e+00	-5.878583e+01
4.130041e+00	-7.675832e+01
4.140041e+00	-5.601678e+01
4.150042e+00	-5.407556e+01
4.160042e+00	-6.270168e+01
4.170042e+00	-5.738444e+01
4.180042e+00	-6.297840e+01
4.190042e+00	-6.485165e+01
4.200042e+00	-6.257263e+01
4.210042e+00	-5.927900e+01
4.220042e+00	-5.590344e+01
4.230042e+00	-6.884241e+01
4.240042e+00	-5.856163e+01
4.250043e+00	-6.254978e+01
4.260043e+00	-6.634678e+01
4.270043e+00	-5.718912e+01
4.280043e+00	-6.175867e+01
4.290043e+00	-6.973566e+01
4.300043e+00	-5.695836e+01
4.310043e+00	-6.204765e+01
4.320043e+00	-5.808071e+01
4.330043e+00	-5.686698e+01
4.340043e+00	-5.827867e+01
4.350044e+00	-6.747813e+01
4.360044e+00	-8.646677e+01
4.370044e+00	-6.464941e+01
4.380044e+00	-7.353612e+01
4.390044e+00	-5.924681e+01
4.400044e+00	-6.273957e+01
4.410044e+00	-6.384389e+01
4.420044e+00	-5.577521e+01
4.430044e+00	-5.927799e+01
4.440044e+00	-6.090429e+01
4.450045e+00	-6.665409e+01
4.460045e+00	-6.035988e+01
4.470045e+00	-7.123003e+01
4.480045e+00	-6.069176e+01
4.490045e+00	-6.999945e+01
4.500045e+00	-6.940486e+01
4.510045e+00	-6.557729e+01
4.520045e+00	-6.531741e+01
4.530045e+00	-6.461693e+01
4.540045e+00	-6.458835e+01
4.550046e+00	-6.852179e+01
4.560046e+00	-5.970549e+01
4.570046e+00	-6.746670e+01
4.580046e+00	-7.395864e+01
4.590046e+00	-6.795149e+01
4.600046e+00	-6.822373e+01
4.610046e+00	-6.304407e+01
4.620046e+00	-6.906169e+01
4.630046e+00	-8.235235e+01
4.640046e+00	-9.745591e+01
4.650047e+00	-7.523382e+01
4.660047e+00	-7.249054e+01
4.670047e+00	-7.390692e+01
4.680047e+00	-7.703616e+01
4.690047e+00	-7.439569e+01
4.700047e+00	-8.224986e+01
4.710047e+00	-7.525804e+01
4.720047e+00	-7.609555e+01
4.730047e+00	-8.012824e+01
4.740047e+00	-8.046741e+01
4.750048e+00	-8.074101e+01
4.760048e+00	-7.762302e+01
4.770048e+00	-8.343908e+01
4.780048e+00	-7.966522e+01
4.790048e+00	-7.913313e+01
4.800048e+00	-8.325935e+01
4.810048e+00	-7.382852e+01
4.820048e+00	-7.227294e+01
4.830048e+00	-6.788860e+01
4.840048e+00	-6.477624e+01
4.850049e+00	-9.433451e+01
4.860049e+00	-6.572135e+01
4.870049e+00	-7.122797e+01
4.880049e+00	-6.685499e+01
4.890049e+00	-7.887110e+01
4.900049e+00	-7.303158e+01
4.910049e+00	-6.981871e+01
4.920049e+00	-7.113772e+01
4.930049e+00	-6.935889e+01
4.940049e+00	-6.154827e+01
4.950050e+00	-6.600962e+01
4.960050e+00	-6.397067e+01
4.970050e+00	-7.206527e+01
4.980050e+00	-6.941210e+01
4.990050e+00	-6.025492e+01
5.000050e+00	-6.917574e+01
5.010050e+00	-7.220257e+01
5.020050e+00	-7.628392e+01
5.030050e+00	-6.756114e+01
5.040050e+00	-7.033604e+01
5.050051e+00	-6.307613e+01
5.060051e+00	-7.186809e+01
5.070051e+00	-6.649065e+01
5.080051e+00	-6.246689e+01
5.090051e+00	-5.773436e+01
5.100051e+00	-7.122707e+01
5.110051e+00	-5.703917e+01
5.120051e+00	-6.240108e+01
5.130051e+00	-6.569602e+01
5.140051e+00	-6.464210e+01
5.150052e+00	-7.943936e+01
5.160052e+00	-6.146280e+01
5.170052e+00	-6.488655e+01
5.180052e+00	-6.893828e+01
5.190052e+00	-6.379277e+01
5.200052e+00	-6.566170e+01
5.210052e+00	-6.099016e+01
5.220052e+00	-6.083326e+01
5.230052e+00	-7.029635e+01
5.240052e+00	-6.281484e+01
5.250053e+00	-6.283443e+01
5.260053e+00	-6.208251e+01
5.270053e+00	-6.655885e+01
5.280053e+00	-7.242967e+01
5.290053e+00	-6.963171e+01
5.300053e+00	-5.685766e+01
5.310053e+00	-5.714542e+01
5.320053e+00	-6.074323e+01
5.330053e+00	-6.372051e+01
5.340053e+00	-6.855405e+01
5.350054e+00	-6.167046e+01
5.360054e+00	-6.411623e+01
5.370054e+00	-7.608994e+01
5.380054e+00	-6.771056e+01
5.390054e+00	-7.034173e+01
5.400054e+00	-7.492492e+01
5.410054e+00	-6.661693e+01
5.420054e+00	-7.758231e+01
5.430054e+00	-7.162831e+01
5.440054e+00	-6.169367e+01
5.450055e+00	-7.545820e+01
5.460055e+00	-6.504785e+01
5.470055e+00	-7.683354e+01
5.480055e+00	-6.460574e+01
5.490055e+00	-7.083879e+01
5.500055e+00	-6.333887e+01
5.510055e+00	-6.614371e+01
5.520055e+00	-7.365020e+01
5.530055e+00	-7.021564e+01
5.540055e+00	-7.225244e+01
5.550056e+00	-6.346945e+01
5.560056e+00	-6.549595e+01
5.570056e+00	-6.807534e+01
5.580056e+00	-6.570303e+01
5.590056e+00	-7.352299e+01
5.600056e+00	-7.354446e+01
5.610056e+00	-6.882250e+01
5.620056e+00	-7.074497e+01
5.630056e+00	-7.020984e+01
5.640056e+00	-7.134886e+01
5.650057e+00	-7.384888e+01
5.660057e+00	-7.382905e+01
5.670057e+00	-7.772187e+01
5.680057e+00	-7.634119e+01
5.690057e+00	-8.479559e+01
5.700057e+00	-8.405540e+01
5.710057e+00	-8.362956e+01
5.720057e+00	-8.318008e+01
5.730057e+00	-8.106178e+01
5.740057e+00	-8.260494e+01
5.750058e+00	-8.711615e+01
5.760058e+00	-8.303616e+01
5.770058e+00	-8.247903e+01
5.780058e+00	-7.371235e+01
5.790058e+00	-8.666815e+01
5.800058e+00	-8.358187e+01
5.810058e+00	-8.323542e+01
5.820058e+00	-7.528170e+01
5.830058e+00	-8.618457e+01
5.840058e+00	-7.715170e+01
5.850059e+00	-6.855592e+01
5.860059e+00	-8.343815e+01
5.870059e+00	-7.194135e+01
5.880059e+00	-7.788481e+01
5.890059e+00	-7.808708e+01
5.900059e+00	-6.673401e+01
5.910059e+00	-6.809291e+01
5.920059e+00	-7.055662e+01
5.930059e+00	-6.889110e+01
5.940059e+00	-7.062968e+01
5.950060e+00	-7.525671e+01
5.960060e+00	-6.948527e+01
5.970060e+00	-6.398515e+01
5.980060e+00	-5.886020e+01
5.990060e+00	-6.644315e+01
6.000060e+00	-6.182432e+01
6.010060e+00	-6.463401e+01
6.020060e+00	-6.657297e+01
6.030060e+00	-7.559479e+01
6.040060e+00	-7.609683e+01
6.050061e+00	-7.159008e+01
6.060061e+00	-6.617775e+01
6.070061e+00	-5.622846e+01
6.080061e+00	-6.645853e+01
6.090061e+00	-5.908298e+01
6.100061e+00	-5.871223e+01
6.110061e+00	-6.065324e+01
6.120061e+00	-6.312758e+01
6.130061e+00	-7.300098e+01
6.140061e+00	-7.372481e+01
6.150062e+00	-6.886353e+01
6.160062e+00	-6.986773e+01
6.170062e+00	-9.013354e+01
6.180062e+00	-6.648997e+01
6.190062e+00	-6.521697e+01
6.200062e+00	-6.907336e+01
6.210062e+00	-6.109026e+01
6.220062e+00	-7.022640e+01
6.230062e+00	-6.486024e+01
6.240062e+00	-6.690861e+01
6.250063e+00	-7.963975e+01
6.260063e+00	-6.271138e+01
6.270063e+00	-6.896689e+01
6.280063e+00	-6.602281e+01
6.290063e+00	-6.686433e+01
6.300063e+00	-6.287408e+01
6.310063e+00	-6.638491e+01
6.320063e+00	-7.126771e+01
6.330063e+00	-6.798558e+01
6.340063e+00	-6.733774e+01
6.350064e+00	-7.134566e+01
6.360064e+00	-6.798339e+01
6.370064e+00	-6.687017e+01
6.380064e+00	-6.378216e+01
6.390064e+00	-7.076453e+01
6.400064e+00	-7.430806e+01
6.410064e+00	-6.563596e+01
6.420064e+00	-6.831452e+01
6.430064e+00	-6.068626e+01
6.440064e+00	-6.876373e+01
6.450065e+00	-7.318651e+01
6.460065e+00	-7.457815e+01
6.470065e+00	-6.366680e+01
6.480065e+00	-6.686607e+01
6.490065e+00	-6.983198e+01
6.500065e+00	-7.388772e+01
6.510065e+00	-7.369094e+01
6.520065e+00	-7.432443e+01
6.530065e+00	-7.383453e+01
6.540065e+00	-8.317992e+01
6.550066e+00	-6.693915e+01
6.560066e+00	-8.029649e+01
6.570066e+00	-8.771783e+01
6.580066e+00	-7.661040e+01
6.590066e+00	-7.454496e+01
6.600066e+00	-7.781170e+01
6.610066e+00	-9.682271e+01
6.620066e+00	-7.778905e+01
6.630066e+00	-7.897163e+01
6.640066e+00	-8.071263e+01
6.650067e+00	-8.178207e+01
6.660067e+00	-8.368664e+01
6.670067e+00	-7.621498e+01
6.680067e+00	-7.844661e+01
6.690067e+00	-8.317977e+01
6.700067e+00	-8.208657e+01
6.710067e+00	-8.822421e+01
6.720067e+00	-8.371648e+01
6.730067e+00	-8.221615e+01
6.740067e+00	-8.394384e+01
6.750068e+00	-8.923754e+01
6.760068e+00	-8.896711e+01
6.770068e+00	-8.169002e+01
6.780068e+00	-7.504268e+01
6.790068e+00	-7.323590e+01
6.800068e+00	-8.147119e+01
6.810068e+00	-8.054316e+01
6.820068e+00	-8.374560e+01
6.830068e+00	-7.500490e+01
6.840068e+00	-7.474586e+01
6.850069e+00	-7.427010e+01
6.860069e+00	-6.971124e+01
6.870069e+00	-7.663032e+01
6.880069e+00	-6.978177e+01
6.890069e+00	-7.295626e+01
6.900069e+00	-8.187046e+01
6.910069e+00	-7.562959e+01
6.920069e+00	-6.783150e+01
6.930069e+00	-6.883837e+01
6.940069e+00	-7.255559e+01
6.950070e+00	-6.934388e+01
6.960070e+00	-7.226640e+01
6.970070e+00	-6.605589e+01
6.980070e+00	-6.753836e+01
6.990070e+00	-7.156397e+01
7.000070e+00	-7.951721e+01
7.010070e+00	-8.501288e+01
7.020070e+00	-7.296289e+01
7.030070e+00	-6.716603e+01
7.040070e+00	-7.004649e+01
7.050071e+00	-6.855666e+01
7.060071e+00	-6.737701e+01
7.070071e+00	-7.328563e+01
7.080071e+00	-6.899623e+01
7.090071e+00	-7.884541e+01
7.100071e+00	-6.688226e+01
7.110071e+00	-6.556905e+01
7.120071e+00	-6.859193e+01
7.130071e+00	-6.230715e+01
7.140071e+00	-7.250029e+01
7.150072e+00	-7.417112e+01
7.160072e+00	-7.243162e+01
7.170072e+00	-6.567868e+01
7.180072e+00	-6.959293e+01
7.190072e+00	-6.517142e+01
7.200072e+00	-6.576039e+01
7.210072e+00	-7.111302e+01
7.220072e+00	-6.936176e+01
7.230072e+00	-7.161479e+01
7.240072e+00	-6.772572e+01
7.250073e+00	-7.148799e+01
7.260073e+00	-6.596014e+01
7.270073e+00	-6.736262e+01
7.280073e+00	-7.457049e+01
7.290073e+00	-7.220879e+01
7.300073e+00	-7.209428e+01
7.310073e+00	-6.484923e+01
7.320073e+00	-7.584687e+01
7.330073e+00	-7.255796e+01
7.340073e+00	-7.242707e+01
7.350074e+00	-6.951099e+01
7.360074e+00	-7.225052e+01
7.370074e+00	-6.591583e+01
7.380074e+00	-7.099497e+01
7.390074e+00	-7.355390e+01
7.400074e+00	-7.811558e+01
7.410074e+00	-7.672846e+01
7.420074e+00	-6.581666e+01
7.430074e+00	-7.363701e+01
7.440074e+00	-7.014766e+01
7.450075e+00	-6.845390e+01
7.460075e+00	-8.542967e+01
7.470075e+00	-7.823324e+01
7.480075e+00	-6.809618e+01
7.490075e+00	-7.266438e+01
7.500075e+00	-7.340911e+01
7.510075e+00	-6.950111e+01
7.520075e+00	-7.994117e+01
7.530075e+00	-7.932403e+01
7.540075e+00	-7.899282e+01
7.550076e+00	-7.837710e+01
7.560076e+00	-7.460747e+01
7.570076e+00	-7.815047e+01
7.580076e+00	-7.229832e+01
7.590076e+00	-7.847193e+01
7.600076e+00	-7.292724e+01
7.610076e+00	-7.418714e+01
7.620076e+00	-8.174648e+01
7.630076e+00	-9.570225e+01
7.640076e+00	-7.935879e+01
7.650077e+00	-8.175923e+01
7.660077e+00	-8.659714e+01
7.670077e+00	-9.832648e+01
7.680077e+00	-8.146482e+01
7.690077e+00	-8.804742e+01
7.700077e+00	-8.526694e+01
7.710077e+00	-8.481825e+01
7.720077e+00	-8.051733e+01
7.730077e+00	-8.449017e+01
7.740077e+00	-8.025937e+01
7.750078e+00	-8.202097e+01
7.760078e+00	-8.109517e+01
7.770078e+00	-8.817479e+01
7.780078e+00	-7.532113e+01
7.790078e+00	-8.661871e+01
7.800078e+00	-7.378258e+01
7.810078e+00	-7.445719e+01
7.820078e+00	-7.182959e+01
7.830078e+00	-8.165880e+01
7.840078e+00	-7.065491e+01
7.850079e+00	-7.472735e+01
7.860079e+00	-7.230000e+01
7.870079e+00	-7.289047e+01
7.880079e+00	-6.970045e+01
7.890079e+00	-7.400563e+01
7.900079e+00	-6.748482e+01
7.910079e+00	-7.370777e+01
7.920079e+00	-6.974189e+01
7.930079e+00	-6.517003e+01
7.940079e+00	-7.220292e+01
7.950080e+00	-6.680877e+01
7.960080e+00	-7.258372e+01
7.970080e+00	-6.638803e+01
7.980080e+00	-7.894452e+01
7.990080e+00	-7.361197e+01
8.000080e+00	-8.027338e+01
8.010080e+00	-7.192761e+01
8.020080e+00	-7.237480e+01
8.030080e+00	-6.748723e+01
8.040080e+00	-7.528789e+01
8.050081e+00	-7.474543e+01
8.060081e+00	-6.583326e+01
8.070081e+00	-7.622020e+01
8.080081e+00	-7.109603e+01
8.090081e+00	-7.105286e+01
8.100081e+00	-6.499543e+01
8.110081e+00	-7.809516e+01
8.120081e+00	-7.326368e+01
8.130081e+00	-7.513439e+01
8.140081e+00	-6.487761e+01
8.150082e+00	-6.915904e+01
8.160082e+00	-7.594147e+01
8.170082e+00	-7.394848e+01
8.180082e+00	-7.727321e+01
8.190082e+00	-6.622937e+01
8.200082e+00	-6.916874e+01
8.210082e+00	-7.506988e+01
8.220082e+00	-6.919188e+01
8.230082e+00	-6.695321e+01
8.240082e+00	-6.722237e+01
8.250083e+00	-7.265991e+01
8.260083e+00	-7.312581e+01
8.270083e+00	-7.101387e+01
8.280083e+00	-6.655130e+01
8.290083e+00	-7.159607e+01
8.300083e+00	-7.809950e+01
8.310083e+00	-6.686464e+01
8.320083e+00	-7.094268e+01
8.330083e+00	-6.723879e+01
8.340083e+00	-6.873214e+01
8.350084e+00	-7.091797e+01
8.360084e+00	-7.172596e+01
8.370084e+00	-7.464790e+01
8.380084e+00	-7.398159e+01
8.390084e+00	-8.264113e+01
8.400084e+00	-7.178745e+01
8.410084e+00	-6.948804e+01
8.420084e+00	-7.341319e+01
8.430084e+00	-9.833751e+01
8.440084e+00	-7.447468e+01
8.450085e+00	-7.318351e+01
8.460085e+00	-7.431998e+01
8.470085e+00	-8.634234e+01
8.480085e+00	-8.358243e+01
8.490085e+00	-8.158212e+01
8.500085e+00	-7.401541e+01
8.510085e+00	-7.593344e+01
8.520085e+00	-7.613947e+01
8.530085e+00	-7.952514e+01
8.540085e+00	-7.750286e+01
8.550086e+00	-7.926713e+01
8.560086e+00	-8.232598e+01
8.570086e+00	-7.464090e+01
8.580086e+00	-8.658964e+01
8.590086e+00	-7.713431e+01
8.600086e+00	-9.305030e+01
8.610086e+00	-8.169018e+01
8.620086e+00	-8.364134e+01
8.630086e+00	-7.796407e+01
8.640086e+00	-8.012803e+01
8.650087e+00	-9.343240e+01
8.660087e+00	-8.694175e+01
8.670087e+00	-8.688108e+01
8.680087e+00	-8.676907e+01
8.690087e+00	-8.692425e+01
8.700087e+00	-8.380477e+01
8.710087e+00	-8.347920e+01
8.720087e+00	-8.740287e+01
8.730087e+00	-8.981079e+01
8.740087e+00	-7.696461e+01
8.750088e+00	-7.992832e+01
8.760088e+00	-8.094375e+01
8.770088e+00	-7.762549e+01
8.780088e+00	-7.180131e+01
8.790088e+00	-8.274395e+01
8.800088e+00	-7.684577e+01
8.810088e+00	-7.581810e+01
8.820088e+00	-8.060991e+01
8.830088e+00	-7.677562e+01
8.840088e+00	-1.014156e+02
8.850089e+00	-8.384968e+01
8.860089e+00	-8.006656e+01
8.870089e+00	-8.022426e+01
8.880089e+00	-7.140036e+01
8.890089e+00	-8.543107e+01
8.900089e+00	-7.565043e+01
8.910089e+00	-7.825750e+01
8.920089e+00	-7.978187e+01
8.930089e+00	-7.894936e+01
8.940089e+00	-7.159492e+01
8.950090e+00	-6.418486e+01
8.960090e+00	-7.332023e+01
8.970090e+00	-7.484534e+01
8.980090e+00	-7.444128e+01
8.990090e+00	-8.495432e+01
9.000090e+00	-7.664898e+01
9.010090e+00	-6.842730e+01
9.020090e+00	-6.501631e+01
9.030090e+00	-6.943672e+01
9.040090e+00	-7.233385e+01
9.050091e+00	-6.439661e+01
9.060091e+00	-7.436206e+01
9.070091e+00	-7.034428e+01
9.080091e+00	-7.089501e+01
9.090091e+00	-7.420559e+01
9.100091e+00	-6.496220e+01
9.110091e+00	-7.444174e+01
9.120091e+00	-7.014282e+01
9.130091e+00	-6.825730e+01
9.140091e+00	-7.278306e+01
9.150092e+00	-6.567682e+01
9.160092e+00	-7.207969e+01
9.170092e+00	-7.624392e+01
9.180092e+00	-6.770825e+01
9.190092e+00	-7.251564e+01
9.200092e+00	-7.515516e+01
9.210092e+00	-7.660563e+01
9.220092e+00	-7.350846e+01
9.230092e+00	-6.575236e+01
9.240092e+00	-7.180898e+01
9.250093e+00	-7.309990e+01
9.260093e+00	-6.542993e+01
9.270093e+00	-8.239389e+01
9.280093e+00	-6.617461e+01
9.290093e+00	-7.523969e+01
9.300093e+00	-7.434334e+01
9.310093e+00	-8.080159e+01
9.320093e+00	-8.514219e+01
9.330093e+00	-7.404592e+01
9.340093e+00	-6.590396e+01
9.350094e+00	-8.379168e+01
9.360094e+00	-8.751086e+01
9.370094e+00	-6.964321e+01
9.380094e+00	-7.347113e+01
9.390094e+00	-7.105690e+01
9.400094e+00	-7.339195e+01
9.410094e+00	-7.114617e+01
9.420094e+00	-7.627238e+01
9.430094e+00	-7.192986e+01
9.440094e+00	-7.339199e+01
9.450095e+00	-7.750575e+01
9.460095e+00	-8.014942e+01
9.470095e+00	-8.113203e+01
9.480095e+00	-7.509062e+01
9.490095e+00	-7.688037e+01
9.500095e+00	-7.321142e+01
9.510095e+00	-7.725808e+01
9.520095e+00	-7.400643e+01
9.530095e+00	-8.595411e+01
9.540095e+00	-7.678408e+01
9.550096e+00	-8.431069e+01
9.560096e+00	-7.558453e+01
9.570096e+00	-8.127317e+01
9.580096e+00	-8.889223e+01
9.590096e+00	-7.981398e+01
9.600096e+00	-9.004639e+01
9.610096e+00	-8.665334e+01
9.620096e+00	-8.809758e+01
9.630096e+00	-8.561591e+01
9.640096e+00	-8.800760e+01
9.650097e+00	-8.507687e+01
9.660097e+00	-9.284158e+01
9.670097e+00	-8.459279e+01
9.680097e+00	-8.633298e+01
9.690097e+00	-8.627590e+01
9.700097e+00	-8.384999e+01
9.710097e+00	-9.669720e+01
9.720097e+00	-7.676795e+01
9.730097e+00	-8.591257e+01
9.740097e+00	-7.377053e+01
9.750098e+00	-7.727961e+01
9.760098e+00	-8.696414e+01
9.770098e+00	-7.788016e+01
9.780098e+00	-7.430085e+01
9.790098e+00	-8.322804e+01
9.800098e+00	-7.256755e+01
9.810098e+00	-7.223906e+01
9.820098e+00	-7.567032e+01
9.830098e+00	-8.283376e+01
9.840098e+00	-7.665509e+01
9.850099e+00	-7.896241e+01
9.860099e+00	-7.139914e+01
9.870099e+00	-7.934607e+01
9.880099e+00	-7.116454e+01
9.890099e+00	-8.863461e+01
9.900099e+00	-8.304947e+01
9.910099e+00	-7.049842e+01
9.920099e+00	-7.785525e+01
9.930099e+00	-7.639308e+01
9.940099e+00	-7.807007e+01
9.950100e+00	-7.301891e+01
9.960100e+00	-7.536108e+01
9.970100e+00	-7.920403e+01
9.980100e+00	-7.528989e+01
9.990100e+00	-7.071654e+01
1.000010e+01	-7.143900e+01
1.001010e+01	-7.280805e+01
1.002010e+01	-8.005120e+01
1.003010e+01	-8.021728e+01
1.004010e+01	-7.145712e+01
1.005010e+01	-7.101903e+01
1.006010e+01	-6.424056e+01
1.007010e+01	-7.810475e+01
1.008010e+01	-6.771345e+01
1.009010e+01	-7.286933e+01
1.010010e+01	-7.571690e+01
1.011010e+01	-6.598790e+01
1.012010e+01	-7.237712e+01
1.013010e+01	-6.942189e+01
1.014010e+01	-6.896732e+01
1.015010e+01	-8.276213e+01
1.016010e+01	-6.873397e+01
1.017010e+01	-8.022413e+01
1.018010e+01	-6.822402e+01
1.019010e+01	-7.897427e+01
1.020010e+01	-7.131010e+01
1.021010e+01	-7.169728e+01
1.022010e+01	-8.060745e+01
1.023010e+01	-7.203939e+01
1.024010e+01	-7.152144e+01
1.025010e+01	-6.821435e+01
1.026010e+01	-6.810144e+01
1.027010e+01	-7.404689e+01
1.028010e+01	-7.139001e+01
1.029010e+01	-7.034442e+01
1.030010e+01	-7.303088e+01
1.031010e+01	-7.821096e+01
1.032010e+01	-7.256903e+01
1.033010e+01	-7.059679e+01
1.034010e+01	-8.498667e+01
1.035010e+01	-7.171924e+01
1.036010e+01	-7.899858e+01
1.037010e+01	-9.037510e+01
1.038010e+01	-7.693690e+01
1.039010e+01	-8.475006e+01
1.040010e+01	-7.011300e+01
1.041010e+01	-7.106861e+01
1.042010e+01	-9.029500e+01
1.043010e+01	-9.549389e+01
1.044010e+01	-7.584503e+01
1.045010e+01	-7.971542e+01
1.046010e+01	-7.897709e+01
1.047010e+01	-7.387481e+01
1.048010e+01	-7.726715e+01
1.049010e+01	-8.927023e+01
1.050011e+01	-8.711299e+01
1.051011e+01	-8.308368e+01
1.052011e+01	-7.990673e+01
1.053011e+01	-7.892377e+01
1.054011e+01	-7.845491e+01
1.055011e+01	-8.925521e+01
1.056011e+01	-9.376105e+01
1.057011e+01	-8.535983e+01
1.058011e+01	-8.337783e+01
1.059011e+01	-8.947336e+01
1.060011e+01	-8.645302e+01
1.061011e+01	-8.362825e+01
1.062011e+01	-8.424107e+01
1.063011e+01	-8.811002e+01
1.064011e+01	-8.615361e+01
1.065011e+01	-9.221813e+01
1.066011e+01	-8.473258e+01
1.067011e+01	-7.938672e+01
1.068011e+01	-8.632909e+01
1.069011e+01	-7.977437e+01
1.070011e+01	-8.973806e+01
1.071011e+01	-8.782221e+01
1.072011e+01	-8.022380e+01
1.073011e+01	-8.642169e+01
1.074011e+01	-7.186892e+01
1.075011e+01	-7.759596e+01
1.076011e+01	-8.059896e+01
1.077011e+01	-8.259197e+01
1.078011e+01	-8.436195e+01
1.079011e+01	-8.171167e+01
1.080011e+01	-7.634332e+01
1.081011e+01	-7.951352e+01
1.082011e+01	-7.857077e+01
1.083011e+01	-7.934577e+01
1.084011e+01	-7.857191e+01
1.085011e+01	-7.347173e+01
1.086011e+01	-6.907384e+01
1.087011e+01	-7.384291e+01
1.088011e+01	-8.453364e+01
1.089011e+01	-8.046435e+01
1.090011e+01	-9.212292e+01
1.091011e+01	-7.673305e+01
1.092011e+01	-8.068751e+01
1.093011e+01	-7.274677e+01
1.094011e+01	-7.444804e+01
1.095011e+01	-7.507933e+01
1.096011e+01	-7.271749e+01
1.097011e+01	-6.657460e+01
1.098011e+01	-7.443138e+01
1.099011e+01	-8.455521e+01
1.100011e+01	-8.608187e+01
1.101011e+01	-7.577260e+01
1.102011e+01	-8.434168e+01
1.103011e+01	-7.036410e+01
1.104011e+01	-7.718583e+01
1.105011e+01	-7.302222e+01
1.106011e+01	-6.521005e+01
1.107011e+01	-8.328287e+01
1.108011e+01	-7.193602e+01
1.109011e+01	-8.034610e+01
1.110011e+01	-7.852277e+01
1.111011e+01	-6.947382e+01
1.112011e+01	-6.883409e+01
1.113011e+01	-8.918257e+01
1.114011e+01	-7.973101e+01
1.115011e+01	-6.821064e+01
1.116011e+01	-6.863220e+01
1.117011e+01	-7.902754e+01
1.118011e+01	-7.045292e+01
1.119011e+01	-7.133669e+01
1.120011e+01	-7.328731e+01
1.121011e+01	-7.098981e+01
1.122011e+01	-7.410387e+01
1.123011e+01	-7.951179e+01
1.124011e+01	-6.836994e+01
1.125011e+01	-7.412796e+01
1.126011e+01	-7.601845e+01
1.127011e+01	-7.057924e+01
1.128011e+01	-7.020741e+01
1.129011e+01	-8.712267e+01
1.130011e+01	-7.409114e+01
1.131011e+01	-7.372070e+01
1.132011e+01	-8.232707e+01
1.133011e+01	-7.073207e+01
1.134011e+01	-9.606278e+01
1.135011e+01	-7.479599e+01
1.136011e+01	-8.342258e+01
1.137011e+01	-7.109268e+01
1.138011e+01	-7.452429e+01
1.139011e+01	-7.657815e+01
1.140011e+01	-7.426221e+01
1.141011e+01	-7.516238e+01
1.142011e+01	-7.834221e+01
1.143011e+01	-8.054902e+01
1.144011e+01	-7.744266e+01
1.145011e+01	-7.801754e+01
1.146011e+01	-8.376438e+01
1.147011e+01	-7.663910e+01
1.148011e+01	-9.210534e+01
1.149011e+01	-8.065683e+01
1.150012e+01	-8.148513e+01
1.151012e+01	-7.553708e+01
1.152012e+01	-8.063283e+01
1.153012e+01	-8.178151e+01
1.154012e+01	-8.023428e+01
1.155012e+01	-8.784496e+01
1.156012e+01	-8.232451e+01
1.157012e+01	-8.737049e+01
1.158012e+01	-8.347706e+01
1.159012e+01	-8.680107e+01
1.160012e+01	-9.671472e+01
1.161012e+01	-8.385949e+01
1.162012e+01	-8.832476e+01
1.163012e+01	-8.303309e+01
1.164012e+01	-9.268774e+01
1.165012e+01	-9.016310e+01
1.166012e+01	-8.283189e+01
1.167012e+01	-7.871026e+01
1.168012e+01	-7.849558e+01
1.169012e+01	-8.450116e+01
1.170012e+01	-8.488963e+01
1.171012e+01	-7.686569e+01
1.172012e+01	-8.028427e+01
1.173012e+01	-8.041653e+01
1.174012e+01	-8.196926e+01
1.175012e+01	-7.758737e+01
1.176012e+01	-7.438264e+01
1.177012e+01	-7.585205e+01
1.178012e+01	-8.533750e+01
1.179012e+01	-7.774340e+01
1.180012e+01	-8.036272e+01
1.181012e+01	-7.342501e+01
1.182012e+01	-8.134025e+01
1.183012e+01	-7.783295e+01
1.184012e+01	-7.482162e+01
1.185012e+01	-7.193721e+01
1.186012e+01	-7.626764e+01
1.187012e+01	-7.783832e+01
1.188012e+01	-7.933977e+01
1.189012e+01	-7.742585e+01
1.190012e+01	-8.235492e+01
1.191012e+01	-7.124414e+01
1.192012e+01	-8.303639e+01
1.193012e+01	-6.979701e+01
1.194012e+01	-7.593260e+01
1.195012e+01	-8.693470e+01
1.196012e+01	-7.186938e+01
1.197012e+01	-8.262542e+01
1.198012e+01	-6.768335e+01
1.199012e+01	-7.612751e+01
1.200012e+01	-7.626284e+01
1.201012e+01	-7.120073e+01
1.202012e+01	-7.212740e+01
1.203012e+01	-6.827033e+01
1.204012e+01	-7.186136e+01
1.205012e+01	-6.786921e+01
1.206012e+01	-6.873471e+01
1.207012e+01	-8.332786e+01
1.208012e+01	-7.323058e+01
1.209012e+01	-7.296435e+01
1.210012e+01	-7.879950e+01
1.211012e+01	-8.238007e+01
1.212012e+01	-7.088367e+01
1.213012e+01	-6.650554e+01
1.214012e+01	-8.527935e+01
1.215012e+01	-7.700447e+01
1.216012e+01	-7.228995e+01
1.217012e+01	-7.670652e+01
1.218012e+01	-7.480067e+01
1.219012e+01	-7.192574e+01
1.220012e+01	-7.252408e+01
1.221012e+01	-9.199568e+01
1.222012e+01	-6.785102e+01
1.223012e+01	-6.993819e+01
1.224012e+01	-7.083805e+01
1.225012e+01	-8.349166e+01
1.226012e+01	-8.482520e+01
1.227012e+01	-7.476764e+01
1.228012e+01	-7.057117e+01
1.229012e+01	-7.999144e+01
1.230012e+01	-7.326080e+01
1.231012e+01	-8.565998e+01
1.232012e+01	-7.397888e+01
1.233012e+01	-8.319613e+01
1.234012e+01	-7.535870e+01
1.235012e+01	-7.329721e+01
1.236012e+01	-9.146099e+01
1.237012e+01	-7.359666e+01
1.238012e+01	-8.978988e+01
1.239012e+01	-8.333320e+01
1.240012e+01	-8.120769e+01
1.241012e+01	-8.225154e+01
1.242012e+01	-8.506783e+01
1.243012e+01	-8.023584e+01
1.244012e+01	-7.922298e+01
1.245012e+01	-8.009452e+01
1.246012e+01	-8.181074e+01
1.247012e+01	-8.075817e+01
1.248012e+01	-9.336615e+01
1.249012e+01	-9.873095e+01
1.250013e+01	-8.306939e+01
1.251013e+01	-7.787970e+01
1.252013e+01	-1.009633e+02
1.253013e+01	-8.284918e+01
1.254013e+01	-8.837208e+01
1.255013e+01	-8.847454e+01
1.256013e+01	-9.041943e+01
1.257013e+01	-8.649997e+01
1.258013e+01	-8.897818e+01
1.259013e+01	-9.350198e+01
1.260013e+01	-8.897178e+01
1.261013e+01	-8.393544e+01
1.262013e+01	-8.759946e+01
1.263013e+01	-8.329828e+01
1.264013e+01	-7.857887e+01
1.265013e+01	-8.333045e+01
1.266013e+01	-8.443774e+01
1.267013e+01	-8.506158e+01
1.268013e+01	-7.924930e+01
1.269013e+01	-8.654719e+01
1.270013e+01	-7.863577e+01
1.271013e+01	-7.578756e+01
1.272013e+01	-8.020679e+01
1.273013e+01	-7.523091e+01
1.274013e+01	-8.114929e+01
1.275013e+01	-8.266227e+01
1.276013e+01	-7.869511e+01
1.277013e+01	-8.434070e+01
1.278013e+01	-7.780109e+01
1.279013e+01	-7.550072e+01
1.280013e+01	-7.575012e+01
1.281013e+01	-7.810651e+01
1.282013e+01	-7.309905e+01
1.283013e+01	-8.413384e+01
1.284013e+01	-9.562929e+01
1.285013e+01	-7.001906e+01
1.286013e+01	-7.767123e+01
1.287013e+01	-7.482925e+01
1.288013e+01	-7.723377e+01
1.289013e+01	-8.156178e+01
1.290013e+01	-7.346211e+01
1.291013e+01	-7.033450e+01
1.292013e+01	-7.425239e+01
1.293013e+01	-7.704840e+01
1.294013e+01	-8.040539e+01
1.295013e+01	-7.950175e+01
1.296013e+01	-7.049275e+01
1.297013e+01	-7.500831e+01
1.298013e+01	-6.716238e+01
1.299013e+01	-7.419117e+01
1.300013e+01	-6.542867e+01
1.301013e+01	-7.648186e+01
1.302013e+01	-7.310660e+01
1.303013e+01	-7.875289e+01
1.304013e+01	-7.498310e+01
1.305013e+01	-8.298402e+01
1.306013e+01	-7.521326e+01
1.307013e+01	-7.473564e+01
1.308013e+01	-7.081511e+01
1.309013e+01	-8.265679e+01
1.310013e+01	-7.029568e+01
1.311013e+01	-7.452967e+01
1.312013e+01	-7.617087e+01
1.313013e+01	-8.128453e+01
1.314013e+01	-7.123580e+01
1.315013e+01	-7.886592e+01
1.316013e+01	-6.763708e+01
1.317013e+01	-6.984272e+01
1.318013e+01	-7.051857e+01
1.319013e+01	-7.831351e+01
1.320013e+01	-8.108713e+01
1.321013e+01	-7.813851e+01
1.322013e+01	-8.060359e+01
1.323013e+01	-7.388210e+01
1.324013e+01	-7.372339e+01
1.325013e+01	-7.032169e+01
1.326013e+01	-7.584912e+01
1.327013e+01	-7.452536e+01
1.328013e+01	-1.021551e+02
1.329013e+01	-7.190557e+01
1.330013e+01	-6.879956e+01
1.331013e+01	-7.901112e+01
1.332013e+01	-8.056410e+01
1.333013e+01	-7.533843e+01
1.334013e+01	-9.311552e+01
1.335013e+01	-7.326663e+01
1.336013e+01	-8.191246e+01
1.337013e+01	-8.756515e+01
1.338013e+01	-8.198703e+01
1.339013e+01	-7.559891e+01
1.340013e+01	-7.323172e+01
1.341013e+01	-8.609645e+01
1.342013e+01	-8.038989e+01
1.343013e+01	-8.403851e+01
1.344013e+01	-8.391202e+01
1.345013e+01	-7.918431e+01
1.346013e+01	-9.321365e+01
1.347013e+01	-7.984426e+01
1.348013e+01	-8.067960e+01
1.349013e+01	-8.449219e+01
1.350014e+01	-8.362013e+01
1.351014e+01	-8.747779e+01
1.352014e+01	-8.835807e+01
1.353014e+01	-8.651469e+01
1.354014e+01	-8.632780e+01
1.355014e+01	-8.728096e+01
1.356014e+01	-9.019066e+01
1.357014e+01	-8.666767e+01
1.358014e+01	-8.904282e+01
1.359014e+01	-8.702961e+01
1.360014e+01	-7.939654e+01
1.361014e+01	-9.537393e+01
1.362014e+01	-9.187087e+01
1.363014e+01	-9.259940e+01
1.364014e+01	-8.816480e+01
1.365014e+01	-7.401680e+01
1.366014e+01	-7.926992e+01
1.367014e+01	-8.039366e+01
1.368014e+01	-8.648247e+01
1.369014e+01	-8.033985e+01
1.370014e+01	-7.677401e+01
1.371014e+01	-6.908749e+01
1.372014e+01	-7.578209e+01
1.373014e+01	-7.690392e+01
1.374014e+01	-7.634766e+01
1.375014e+01	-7.150803e+01
1.376014e+01	-7.580792e+01
1.377014e+01	-7.808829e+01
1.378014e+01	-8.242910e+01
1.379014e+01	-9.074521e+01
1.380014e+01	-8.222186e+01
1.381014e+01	-7.793496e+01
1.382014e+01	-7.325011e+01
1.383014e+01	-7.485092e+01
1.384014e+01	-7.880281e+01
1.385014e+01	-7.711628e+01
1.386014e+01	-7.584478e+01
1.387014e+01	-8.461208e+01
1.388014e+01	-7.684076e+01
1.389014e+01	-8.656944e+01
1.390014e+01	-7.714124e+01
1.391014e+01	-7.545641e+01
1.392014e+01	-8.366328e+01
1.393014e+01	-7.148091e+01
1.394014e+01	-7.190013e+01
1.395014e+01	-7.879124e+01
1.396014e+01	-7.261952e+01
1.397014e+01	-6.656310e+01
1.398014e+01	-7.503354e+01
1.399014e+01	-7.410309e+01
1.400014e+01	-7.629971e+01
1.401014e+01	-6.978445e+01
1.402014e+01	-7.927646e+01
1.403014e+01	-8.364827e+01
1.404014e+01	-6.582973e+01
1.405014e+01	-9.423934e+01
1.406014e+01	-7.139454e+01
1.407014e+01	-7.431700e+01
1.408014e+01	-7.472347e+01
1.409014e+01	-8.276644e+01
1.410014e+01	-7.080795e+01
1.411014e+01	-6.684231e+01
1.412014e+01	-7.375759e+01
1.413014e+01	-7.636230e+01
1.414014e+01	-8.119468e+01
1.415014e+01	-7.076456e+01
1.416014e+01	-7.165372e+01
1.417014e+01	-7.191960e+01
1.418014e+01	-7.257277e+01
1.419014e+01	-7.640624e+01
1.420014e+01	-8.944250e+01
1.421014e+01	-7.846968e+01
1.422014e+01	-7.546174e+01
1.423014e+01	-7.417986e+01
1.424014e+01	-9.217837e+01
1.425014e+01	-7.928646e+01
1.426014e+01	-8.233791e+01
1.427014e+01	-7.585217e+01
1.428014e+01	-8.081971e+01
1.429014e+01	-7.414152e+01
1.430014e+01	-7.733796e+01
1.431014e+01	-8.045330e+01
1.432014e+01	-1.022568e+02
1.433014e+01	-7.836241e+01
1.434014e+01	-8.701999e+01
1.435014e+01	-8.034782e+01
1.436014e+01	-7.262987e+01
1.437014e+01	-7.938066e+01
1.438014e+01	-8.232583e+01
1.439014e+01	-7.875384e+01
1.440014e+01	-8.493408e+01
1.441014e+01	-8.933730e+01
1.442014e+01	-8.305233e+01
1.443014e+01	-8.325782e+01
1.444014e+01	-8.102514e+01
1.445014e+01	-8.899144e+01
1.446014e+01	-9.114298e+01
1.447014e+01	-8.921117e+01
1.448014e+01	-8.263505e+01
1.449014e+01	-8.341857e+01
1.450015e+01	-8.497760e+01
1.451015e+01	-8.448414e+01
1.452015e+01	-9.262840e+01
1.453015e+01	-9.638669e+01
1.454015e+01	-8.805715e+01
1.455015e+01	-8.879675e+01
1.456015e+01	-8.686358e+01
1.457015e+01	-7.860656e+01
1.458015e+01	-7.708683e+01
1.459015e+01	-8.597466e+01
1.460015e+01	-8.343777e+01
1.461015e+01	-8.046476e+01
1.462015e+01	-8.433573e+01
1.463015e+01	-9.220723e+01
1.464015e+01	-7.872158e+01
1.465015e+01	-7.487583e+01
1.466015e+01	-8.747194e+01
1.467015e+01	-8.982235e+01
1.468015e+01	-8.750178e+01
1.469015e+01	-7.361853e+01
1.470015e+01	-7.222343e+01
1.471015e+01	-7.120793e+01
1.472015e+01	-7.775615e+01
1.473015e+01	-8.338041e+01
1.474015e+01	-8.102255e+01
1.475015e+01	-8.015685e+01
1.476015e+01	-7.711044e+01
1.477015e+01	-8.132921e+01
1.478015e+01	-9.187420e+01
1.479015e+01	-7.802876e+01
1.480015e+01	-7.090943e+01
1.481015e+01	-8.008287e+01
1.482015e+01	-7.850919e+01
1.483015e+01	-7.129294e+01
1.484015e+01	-7.565588e+01
1.485015e+01	-7.736678e+01
1.486015e+01	-7.558359e+01
1.487015e+01	-7.374514e+01
1.488015e+01	-7.528106e+01
1.489015e+01	-7.051483e+01
1.490015e+01	-7.674081e+01
1.491015e+01	-7.434607e+01
1.492015e+01	-6.938364e+01
1.493015e+01	-8.812607e+01
1.494015e+01	-8.899583e+01
1.495015e+01	-8.150595e+01
1.496015e+01	-7.083968e+01
1.497015e+01	-7.499503e+01
1.498015e+01	-7.684128e+01
1.499015e+01	-7.691813e+01
