0.000000e+00	1.812684e+01
1.000010e-02	-8.257321e-01
2.000020e-02	1.370849e+01
3.000030e-02	8.266748e+00
4.000040e-02	1.290322e+01
5.000050e-02	1.906124e+01
6.000060e-02	1.349124e+01
7.000070e-02	1.502534e+01
8.000080e-02	2.116230e+01
9.000090e-02	1.651232e+01
1.000010e-01	2.306480e+01
1.100011e-01	2.057955e+01
1.200012e-01	2.427851e+01
1.300013e-01	2.471091e+01
1.400014e-01	2.321422e+01
1.500015e-01	2.621056e+01
1.600016e-01	2.476950e+01
1.700017e-01	2.763814e+01
1.800018e-01	2.710034e+01
1.900019e-01	2.708159e+01
2.000020e-01	2.896222e+01
2.100021e-01	2.758931e+01
2.200022e-01	2.843551e+01
2.300023e-01	3.007183e+01
2.400024e-01	2.880746e+01
2.500025e-01	2.953574e+01
2.600026e-01	2.970698e+01
2.700027e-01	2.979809e+01
2.800028e-01	3.026216e+01
2.900029e-01	2.988756e+01
3.000030e-01	3.037837e+01
3.100031e-01	3.014630e+01
3.200032e-01	3.051402e+01
3.300033e-01	3.089070e+01
3.400034e-01	3.037650e+01
3.500035e-01	3.096350e+01
3.600036e-01	3.098519e+01
3.700037e-01	3.099339e+01
3.800038e-01	3.083615e+01
3.900039e-01	3.119107e+01
4.000040e-01	3.080477e+01
4.100041e-01	3.046915e+01
4.200042e-01	3.041454e+01
4.300043e-01	3.049120e+01
4.400044e-01	3.024540e+01
4.500045e-01	3.046288e+01
4.600046e-01	3.002244e+01
4.700047e-01	3.020866e+01
4.800048e-01	3.026033e+01
4.900049e-01	3.000658e+01
5.000050e-01	2.990304e+01
5.100051e-01	3.012275e+01
5.200052e-01	2.991836e+01
5.300053e-01	2.946642e+01
5.400054e-01	2.922979e+01
5.500055e-01	2.894939e+01
5.600056e-01	2.626261e+01
5.700057e-01	2.915692e+01
5.800058e-01	2.938920e+01
5.900059e-01	2.933072e+01
6.000060e-01	2.942101e+01
6.100061e-01	2.929138e+01
6.200062e-01	2.925284e+01
6.300063e-01	2.940727e+01
6.400064e-01	2.914933e+01
6.500065e-01	2.889610e+01
6.600066e-01	2.885122e+01
6.700067e-01	2.872539e+01
6.800068e-01	2.840384e+01
6.900069e-01	2.826467e+01
7.000070e-01	2.789391e+01
7.100071e-01	2.766493e+01
7.200072e-01	2.737010e+01
7.300073e-01	2.721548e+01
7.400074e-01	2.684613e+01
7.500075e-01	2.506856e+01
7.600076e-01	2.565237e+01
7.700077e-01	2.607922e+01
7.800078e-01	2.567129e+01
7.900079e-01	2.605142e+01
8.000080e-01	2.549865e+01
8.100081e-01	2.528723e+01
8.200082e-01	2.538054e+01
8.300083e-01	2.525374e+01
8.400084e-01	2.497145e+01
8.500085e-01	2.464646e+01
8.600086e-01	2.472020e+01
8.700087e-01	2.453308e+01
8.800088e-01	2.430156e+01
8.900089e-01	2.390632e+01
9.000090e-01	2.414566e+01
9.100091e-01	2.394243e+01
9.200092e-01	2.356163e+01
9.300093e-01	2.357742e+01
9.400094e-01	2.370259e+01
9.500095e-01	2.328846e+01
9.600096e-01	2.299421e+01
9.700097e-01	2.260626e+01
9.800098e-01	2.231542e+01
9.900099e-01	2.088322e+01
1.000010e+00	2.155587e+01
1.010010e+00	2.168784e+01
1.020010e+00	2.124654e+01
1.030010e+00	2.085254e+01
1.040010e+00	2.029993e+01
1.050011e+00	2.013408e+01
1.060011e+00	1.992101e+01
1.070011e+00	1.943570e+01
1.080011e+00	1.856411e+01
1.090011e+00	1.673691e+01
1.100011e+00	9.609965e+00
1.110011e+00	1.491992e+01
1.120011e+00	1.509340e+01
1.130011e+00	1.714952e+01
1.140011e+00	1.655354e+01
1.150012e+00	1.432233e+01
1.160012e+00	9.269824e+00
1.170012e+00	1.123009e+01
1.180012e+00	1.515191e+01
1.190012e+00	1.495734e+01
1.200012e+00	1.507471e+01
1.210012e+00	1.213655e+01
1.220012e+00	1.399675e+01
1.230012e+00	1.148101e+01
1.240012e+00	1.358934e+01
1.250013e+00	1.389706e+01
1.260013e+00	1.337976e+01
1.270013e+00	1.279274e+01
1.280013e+00	1.257623e+01
1.290013e+00	1.262449e+01
1.300013e+00	1.148210e+01
1.310013e+00	1.109033e+01
1.320013e+00	1.015323e+01
1.330013e+00	1.073820e+01
1.340013e+00	9.173978e+00
1.350014e+00	9.402022e+00
1.360014e+00	8.856147e+00
1.370014e+00	8.772147e+00
1.380014e+00	8.025026e+00
1.390014e+00	7.293027e+00
1.400014e+00	5.389802e+00
1.410014e+00	-5.807150e-01
1.420014e+00	2.347749e+00
1.430014e+00	3.253551e+00
1.440014e+00	3.919653e+00
1.450015e+00	3.163948e+00
1.460015e+00	2.158522e+00
1.470015e+00	1.684746e+00
1.480015e+00	8.828427e-01
1.490015e+00	2.637797e-01
1.500015e+00	-3.008716e-01
1.510015e+00	-1.594663e+00
1.520015e+00	-1.912500e+00
1.530015e+00	-2.753886e+00
1.540015e+00	-3.564365e+00
1.550016e+00	-4.286119e+00
1.560016e+00	-5.955910e+00
1.570016e+00	-6.892619e+00
1.580016e+00	-7.623777e+00
1.590016e+00	-9.473327e+00
1.600016e+00	-1.242120e+01
1.610016e+00	-1.397022e+01
1.620016e+00	-1.464233e+01
1.630016e+00	-1.680379e+01
1.640016e+00	-1.894532e+01
1.650017e+00	-2.308818e+01
1.660017e+00	-3.620982e+01
1.670017e+00	-4.949546e+01
1.680017e+00	-5.923566e+01
1.690017e+00	-3.493056e+01
1.700017e+00	-2.897479e+01
1.710017e+00	-2.928521e+01
1.720017e+00	-3.806075e+01
1.730017e+00	-2.593556e+01
1.740017e+00	-2.043877e+01
1.750018e+00	-1.890675e+01
1.760018e+00	-1.778235e+01
1.770018e+00	-1.751436e+01
1.780018e+00	-1.689666e+01
1.790018e+00	-1.716815e+01
1.800018e+00	-2.077500e+01
1.810018e+00	-1.596576e+01
1.820018e+00	-1.441511e+01
1.830018e+00	-1.434680e+01
1.840018e+00	-1.358360e+01
1.850019e+00	-1.419532e+01
1.860019e+00	-1.473790e+01
1.870019e+00	-2.305461e+01
1.880019e+00	-1.424493e+01
1.890019e+00	-1.303579e+01
1.900019e+00	-1.401658e+01
1.910019e+00	-1.419644e+01
1.920019e+00	-2.171435e+01
1.930019e+00	-1.579316e+01
1.940019e+00	-1.504434e+01
1.950020e+00	-1.221638e+01
1.960020e+00	-1.460668e+01
1.970020e+00	-1.374971e+01
1.980020e+00	-1.414917e+01
1.990020e+00	-1.474564e+01
2.000020e+00	-1.486376e+01
2.010020e+00	-1.492520e+01
2.020020e+00	-1.375925e+01
2.030020e+00	-1.588502e+01
2.040020e+00	-1.689756e+01
2.050021e+00	-1.711941e+01
2.060021e+00	-1.429111e+01
2.070021e+00	-1.938042e+01
2.080021e+00	-2.269726e+01
2.090021e+00	-1.561741e+01
2.100021e+00	-1.650013e+01
2.110021e+00	-1.930285e+01
2.120021e+00	-1.860107e+01
2.130021e+00	-1.654810e+01
2.140021e+00	-1.807758e+01
2.150022e+00	-1.798351e+01
2.160022e+00	-2.636100e+01
2.170022e+00	-2.703258e+01
2.180022e+00	-2.118927e+01
2.190022e+00	-2.369681e+01
2.200022e+00	-2.260605e+01
2.210022e+00	-2.326569e+01
2.220022e+00	-3.492634e+01
2.230022e+00	-2.374930e+01
2.240022e+00	-1.792118e+01
2.250023e+00	-1.826181e+01
2.260023e+00	-2.284585e+01
2.270023e+00	-3.441374e+01
2.280023e+00	-2.300251e+01
2.290023e+00	-2.133824e+01
2.300023e+00	-2.039089e+01
2.310023e+00	-2.362778e+01
2.320023e+00	-2.394456e+01
2.330023e+00	-2.241098e+01
2.340023e+00	-2.642009e+01
2.350024e+00	-2.343909e+01
2.360024e+00	-2.387992e+01
2.370024e+00	-2.488402e+01
2.380024e+00	-2.796253e+01
2.390024e+00	-3.106777e+01
2.400024e+00	-4.026659e+01
2.410024e+00	-2.687767e+01
2.420024e+00	-2.866959e+01
2.430024e+00	-3.166045e+01
2.440024e+00	-2.486959e+01
2.450025e+00	-2.465123e+01
2.460025e+00	-2.775778e+01
2.470025e+00	-4.085908e+01
2.480025e+00	-2.854135e+01
2.490025e+00	-2.747532e+01
2.500025e+00	-3.065276e+01
2.510025e+00	-2.912474e+01
2.520025e+00	-3.078364e+01
2.530025e+00	-2.995231e+01
2.540025e+00	-3.017567e+01
2.550026e+00	-3.373601e+01
2.560026e+00	-3.284743e+01
2.570026e+00	-3.230290e+01
2.580026e+00	-3.448453e+01
2.590026e+00	-3.615001e+01
2.600026e+00	-3.619933e+01
2.610026e+00	-4.088687e+01
2.620026e+00	-4.603380e+01
2.630026e+00	-4.375259e+01
2.640026e+00	-4.766181e+01
2.650027e+00	-4.652859e+01
2.660027e+00	-4.888685e+01
2.670027e+00	-5.440508e+01
2.680027e+00	-4.858653e+01
2.690027e+00	-5.019688e+01
2.700027e+00	-7.005871e+01
2.710027e+00	-5.785617e+01
2.720027e+00	-5.349582e+01
2.730027e+00	-5.981591e+01
2.740027e+00	-6.365534e+01
2.750028e+00	-6.146497e+01
2.760028e+00	-6.666510e+01
2.770028e+00	-6.139337e+01
2.780028e+00	-5.671079e+01
2.790028e+00	-6.382314e+01
2.800028e+00	-4.916394e+01
2.810028e+00	-5.314609e+01
2.820028e+00	-5.018202e+01
2.830028e+00	-5.053564e+01
2.840028e+00	-5.801952e+01
2.850029e+00	-5.067384e+01
2.860029e+00	-4.443329e+01
2.870029e+00	-4.525778e+01
2.880029e+00	-7.582621e+01
2.890029e+00	-5.323146e+01
2.900029e+00	-4.244815e+01
2.910029e+00	-3.917170e+01
2.920029e+00	-4.467649e+01
2.930029e+00	-4.237665e+01
2.940029e+00	-4.316816e+01
2.950030e+00	-4.247362e+01
2.960030e+00	-5.506131e+01
2.970030e+00	-4.642405e+01
2.980030e+00	-4.664814e+01
2.990030e+00	-3.900477e+01
3.000030e+00	-3.822998e+01
3.010030e+00	-4.693837e+01
3.020030e+00	-4.160110e+01
3.030030e+00	-5.097150e+01
3.040030e+00	-4.693895e+01
3.050031e+00	-4.900496e+01
3.060031e+00	-4.934602e+01
3.070031e+00	-4.758596e+01
3.080031e+00	-4.363609e+01
3.090031e+00	-4.157684e+01
3.100031e+00	-4.085026e+01
3.110031e+00	-3.954759e+01
3.120031e+00	-4.295478e+01
3.130031e+00	-5.111033e+01
3.140031e+00	-4.549416e+01
3.150032e+00	-4.437434e+01
3.160032e+00	-4.165991e+01
3.170032e+00	-5.096511e+01
3.180032e+00	-4.434632e+01
3.190032e+00	-4.319764e+01
3.200032e+00	-4.382596e+01
3.210032e+00	-4.293712e+01
3.220032e+00	-4.816295e+01
3.230032e+00	-5.406869e+01
3.240032e+00	-4.865251e+01
3.250033e+00	-4.722524e+01
3.260033e+00	-4.789894e+01
3.270033e+00	-4.975075e+01
3.280033e+00	-4.530657e+01
3.290033e+00	-4.105936e+01
3.300033e+00	-5.371631e+01
3.310033e+00	-4.766773e+01
3.320033e+00	-4.924570e+01
3.330033e+00	-5.410133e+01
3.340033e+00	-4.666401e+01
3.350034e+00	-4.441906e+01
3.360034e+00	-5.318743e+01
3.370034e+00	-4.539885e+01
3.380034e+00	-5.021335e+01
3.390034e+00	-5.309264e+01
3.400034e+00	-4.719662e+01
3.410034e+00	-4.830901e+01
3.420034e+00	-5.046811e+01
3.430034e+00	-4.596641e+01
3.440034e+00	-4.185290e+01
3.450035e+00	-4.606813e+01
3.460035e+00	-5.445064e+01
3.470035e+00	-4.730881e+01
3.480035e+00	-4.086883e+01
3.490035e+00	-4.236257e+01
3.500035e+00	-5.114829e+01
3.510035e+00	-4.990983e+01
3.520035e+00	-4.757013e+01
3.530035e+00	-4.317864e+01
3.540035e+00	-4.900352e+01
3.550036e+00	-4.109488e+01
3.560036e+00	-4.417617e+01
3.570036e+00	-4.875039e+01
3.580036e+00	-5.157743e+01
3.590036e+00	-5.450218e+01
3.600036e+00	-5.064425e+01
3.610036e+00	-5.765251e+01
3.620036e+00	-5.138282e+01
3.630036e+00	-5.363285e+01
3.640036e+00	-5.847072e+01
3.650037e+00	-5.598930e+01
3.660037e+00	-6.297185e+01
3.670037e+00	-6.016793e+01
3.680037e+00	-6.472835e+01
3.690037e+00	-6.111496e+01
3.700037e+00	-6.314640e+01
3.710037e+00	-6.822091e+01
3.720037e+00	-6.230933e+01
3.730037e+00	-6.019842e+01
3.740037e+00	-6.696966e+01
3.750038e+00	-6.614652e+01
3.760038e+00	-6.688824e+01
3.770038e+00	-6.278158e+01
3.780038e+00	-6.053810e+01
3.790038e+00	-7.280230e+01
3.800038e+00	-6.286192e+01
3.810038e+00	-6.507158e+01
3.820038e+00	-5.998487e+01
3.830038e+00	-6.166389e+01
3.840038e+00	-5.985188e+01
3.850039e+00	-6.047229e+01
3.860039e+00	-5.770745e+01
3.870039e+00	-5.640957e+01
3.880039e+00	-5.295609e+01
3.890039e+00	-5.525307e+01
3.900039e+00	-5.186213e+01
3.910039e+00	-5.540358e+01
3.920039e+00	-5.373493e+01
3.930039e+00	-6.166373e+01
3.940039e+00	-5.456134e+01
3.950040e+00	-4.865823e+01
3.960040e+00	-5.660964e+01
3.970040e+00	-4.724588e+01
3.980040e+00	-4.808167e+01
3.990040e+00	-6.049825e+01
4.000040e+00	-6.710969e+01
4.010040e+00	-5.035994e+01
4.020040e+00	-4.651559e+01
4.030040e+00	-5.176701e+01
4.040040e+00	-5.433367e+01
4.050041e+00	-5.118847e+01
4.060041e+00	-4.877183e+01
4.070041e+00	-5.018928e+01
4.080041e+00	-5.384504e+01
4.090041e+00	-5.127368e+01
4.100041e+00	-5.654704e+01
4.110041e+00	-5.545304e+01
4.120041e+00	-5.008485e+01
4.130041e+00	-4.477967e+01
4.140041e+00	-5.962093e+01
4.150042e+00	-5.311596e+01
4.160042e+00	-5.045279e+01
4.170042e+00	-5.596255e+01
4.180042e+00	-5.287167e+01
4.190042e+00	-5.358841e+01
4.200042e+00	-5.128327e+01
4.210042e+00	-6.130168e+01
4.220042e+00	-5.130312e+01
4.230042e+00	-6.050307e+01
4.240042e+00	-5.801457e+01
4.250043e+00	-5.365980e+01
4.260043e+00	-6.310770e+01
4.270043e+00	-5.721914e+01
4.280043e+00	-5.757913e+01
4.290043e+00	-5.549173e+01
4.300043e+00	-5.687951e+01
4.310043e+00	-4.924041e+01
4.320043e+00	-5.392893e+01
4.330043e+00	-5.880302e+01
4.340043e+00	-4.963393e+01
4.350044e+00	-5.638760e+01
4.360044e+00	-5.159215e+01
4.370044e+00	-5.170413e+01
4.380044e+00	-5.796592e+01
4.390044e+00	-4.923778e+01
4.400044e+00	-5.318457e+01
4.410044e+00	-5.010045e+01
4.420044e+00	-5.704515e+01
4.430044e+00	-6.525528e+01
4.440044e+00	-6.536062e+01
4.450045e+00	-5.756489e+01
4.460045e+00	-5.180621e+01
4.470045e+00	-5.586250e+01
4.480045e+00	-5.202983e+01
4.490045e+00	-5.700627e+01
4.500045e+00	-5.005105e+01
4.510045e+00	-4.966576e+01
4.520045e+00	-6.037330e+01
4.530045e+00	-5.857755e+01
4.540045e+00	-6.009468e+01
4.550046e+00	-5.431385e+01
4.560046e+00	-5.518482e+01
4.570046e+00	-6.037840e+01
4.580046e+00	-5.503263e+01
4.590046e+00	-5.875551e+01
4.600046e+00	-6.231244e+01
4.610046e+00	-6.531758e+01
4.620046e+00	-6.632966e+01
4.630046e+00	-6.693684e+01
4.640046e+00	-6.375507e+01
4.650047e+00	-6.616147e+01
4.660047e+00	-6.449281e+01
4.670047e+00	-6.688824e+01
4.680047e+00	-6.923540e+01
4.690047e+00	-6.773051e+01
4.700047e+00	-6.348340e+01
4.710047e+00	-7.014476e+01
4.720047e+00	-6.585574e+01
4.730047e+00	-6.815087e+01
4.740047e+00	-6.664507e+01
4.750048e+00	-6.789719e+01
4.760048e+00	-6.741965e+01
4.770048e+00	-7.015646e+01
4.780048e+00	-6.504951e+01
4.790048e+00	-6.685886e+01
4.800048e+00	-6.427343e+01
4.810048e+00	-6.418160e+01
4.820048e+00	-7.115628e+01
4.830048e+00	-6.570837e+01
4.840048e+00	-6.646270e+01
4.850049e+00	-6.237974e+01
4.860049e+00	-6.594752e+01
4.870049e+00	-7.172453e+01
4.880049e+00	-5.822566e+01
4.890049e+00	-5.870810e+01
4.900049e+00	-5.957194e+01
4.910049e+00	-5.670055e+01
4.920049e+00	-5.740264e+01
4.930049e+00	-5.842559e+01
4.940049e+00	-6.393208e+01
4.950050e+00	-5.336743e+01
4.960050e+00	-5.949544e+01
4.970050e+00	-5.601562e+01
4.980050e+00	-6.037587e+01
4.990050e+00	-5.244102e+01
5.000050e+00	-6.340232e+01
5.010050e+00	-5.215660e+01
5.020050e+00	-5.328320e+01
5.030050e+00	-6.149492e+01
5.040050e+00	-5.698688e+01
5.050051e+00	-5.125467e+01
5.060051e+00	-5.142167e+01
5.070051e+00	-5.173745e+01
5.080051e+00	-5.806053e+01
5.090051e+00	-5.747442e+01
5.100051e+00	-5.543565e+01
5.110051e+00	-5.396615e+01
5.120051e+00	-5.087588e+01
5.130051e+00	-5.324121e+01
5.140051e+00	-5.325621e+01
5.150052e+00	-5.790735e+01
5.160052e+00	-6.371792e+01
5.170052e+00	-5.878030e+01
5.180052e+00	-7.127112e+01
5.190052e+00	-6.411683e+01
5.200052e+00	-6.288221e+01
5.210052e+00	-5.769174e+01
5.220052e+00	-6.169763e+01
5.230052e+00	-6.114500e+01
5.240052e+00	-5.488764e+01
5.250053e+00	-5.301971e+01
5.260053e+00	-4.987062e+01
5.270053e+00	-5.771805e+01
5.280053e+00	-5.676625e+01
5.290053e+00	-6.417828e+01
5.300053e+00	-5.962825e+01
5.310053e+00	-5.933775e+01
5.320053e+00	-5.508992e+01
5.330053e+00	-5.040078e+01
5.340053e+00	-5.654529e+01
5.350054e+00	-6.154515e+01
5.360054e+00	-6.313133e+01
5.370054e+00	-5.700946e+01
5.380054e+00	-5.490662e+01
5.390054e+00	-5.397018e+01
5.400054e+00	-7.646948e+01
5.410054e+00	-5.697328e+01
5.420054e+00	-5.476352e+01
5.430054e+00	-5.329272e+01
5.440054e+00	-5.792305e+01
5.450055e+00	-5.671563e+01
5.460055e+00	-6.810471e+01
5.470055e+00	-5.683078e+01
5.480055e+00	-6.256901e+01
5.490055e+00	-6.304513e+01
5.500055e+00	-6.207531e+01
5.510055e+00	-5.960019e+01
5.520055e+00	-5.940938e+01
5.530055e+00	-6.507188e+01
5.540055e+00	-6.675985e+01
5.550056e+00	-6.228615e+01
5.560056e+00	-6.122699e+01
5.570056e+00	-6.259841e+01
5.580056e+00	-7.075148e+01
5.590056e+00	-6.246812e+01
5.600056e+00	-7.352104e+01
5.610056e+00	-7.286815e+01
5.620056e+00	-6.656413e+01
5.630056e+00	-6.242070e+01
5.640056e+00	-6.622274e+01
5.650057e+00	-6.540229e+01
5.660057e+00	-6.451932e+01
5.670057e+00	-6.873021e+01
5.680057e+00	-7.455119e+01
5.690057e+00	-6.411017e+01
5.700057e+00	-7.010881e+01
5.710057e+00	-7.031563e+01
5.720057e+00	-6.989849e+01
5.730057e+00	-6.972847e+01
5.740057e+00	-6.972317e+01
5.750058e+00	-6.802338e+01
5.760058e+00	-6.889205e+01
5.770058e+00	-6.907599e+01
5.780058e+00	-6.566209e+01
5.790058e+00	-7.073656e+01
5.800058e+00	-6.867715e+01
5.810058e+00	-6.573206e+01
5.820058e+00	-7.339444e+01
5.830058e+00	-6.301725e+01
5.840058e+00	-7.361899e+01
5.850059e+00	-6.189367e+01
5.860059e+00	-6.654338e+01
5.870059e+00	-7.639987e+01
5.880059e+00	-6.393215e+01
5.890059e+00	-6.805224e+01
5.900059e+00	-6.857996e+01
5.910059e+00	-6.834258e+01
5.920059e+00	-6.918080e+01
5.930059e+00	-6.123605e+01
5.940059e+00	-7.088028e+01
5.950060e+00	-6.707522e+01
5.960060e+00	-5.893226e+01
5.970060e+00	-6.209530e+01
5.980060e+00	-6.283980e+01
5.990060e+00	-6.294312e+01
6.000060e+00	-6.225663e+01
6.010060e+00	-6.200293e+01
6.020060e+00	-6.107207e+01
6.030060e+00	-6.008419e+01
6.040060e+00	-5.745557e+01
6.050061e+00	-5.955176e+01
6.060061e+00	-6.401253e+01
6.070061e+00	-6.811056e+01
6.080061e+00	-7.436104e+01
6.090061e+00	-6.108171e+01
6.100061e+00	-6.546756e+01
6.110061e+00	-6.582681e+01
6.120061e+00	-6.160809e+01
6.130061e+00	-5.666234e+01
6.140061e+00	-7.386689e+01
6.150062e+00	-6.042345e+01
6.160062e+00	-6.106670e+01
6.170062e+00	-6.070300e+01
6.180062e+00	-6.901082e+01
6.190062e+00	-6.559278e+01
6.200062e+00	-7.077164e+01
6.210062e+00	-6.340459e+01
6.220062e+00	-6.048281e+01
6.230062e+00	-6.541899e+01
6.240062e+00	-6.060590e+01
6.250063e+00	-6.205404e+01
6.260063e+00	-6.298586e+01
6.270063e+00	-6.297878e+01
6.280063e+00	-6.414226e+01
6.290063e+00	-6.195219e+01
6.300063e+00	-6.677484e+01
6.310063e+00	-5.984499e+01
6.320063e+00	-6.298315e+01
6.330063e+00	-6.277018e+01
6.340063e+00	-6.098051e+01
6.350064e+00	-6.494796e+01
6.360064e+00	-6.447756e+01
6.370064e+00	-6.263083e+01
6.380064e+00	-6.542562e+01
6.390064e+00	-7.225464e+01
6.400064e+00	-5.745837e+01
6.410064e+00	-6.499578e+01
6.420064e+00	-6.177137e+01
6.430064e+00	-6.380915e+01
6.440064e+00	-6.968366e+01
6.450065e+00	-7.297224e+01
6.460065e+00	-7.243529e+01
6.470065e+00	-6.423535e+01
6.480065e+00	-6.685551e+01
6.490065e+00	-6.454432e+01
6.500065e+00	-6.342699e+01
6.510065e+00	-6.635989e+01
6.520065e+00	-7.582145e+01
6.530065e+00	-6.496026e+01
6.540065e+00	-6.359934e+01
6.550066e+00	-6.813943e+01
6.560066e+00	-6.870557e+01
6.570066e+00	-6.462749e+01
6.580066e+00	-6.946881e+01
6.590066e+00	-6.695339e+01
6.600066e+00	-7.044134e+01
6.610066e+00	-7.609359e+01
6.620066e+00	-6.819815e+01
6.630066e+00	-7.017178e+01
6.640066e+00	-7.130304e+01
6.650067e+00	-6.861475e+01
6.660067e+00	-6.808176e+01
6.670067e+00	-6.924834e+01
6.680067e+00	-7.089633e+01
6.690067e+00	-7.119953e+01
6.700067e+00	-7.021768e+01
6.710067e+00	-7.022015e+01
6.720067e+00	-6.999162e+01
6.730067e+00	-6.950589e+01
6.740067e+00	-7.062128e+01
6.750068e+00	-7.217859e+01
6.760068e+00	-6.716350e+01
6.770068e+00	-7.071819e+01
6.780068e+00	-7.134094e+01
6.790068e+00	-6.773361e+01
6.800068e+00	-7.377770e+01
6.810068e+00	-7.589724e+01
6.820068e+00	-6.896861e+01
6.830068e+00	-6.690757e+01
6.840068e+00	-7.050991e+01
6.850069e+00	-6.875027e+01
6.860069e+00	-6.641389e+01
6.870069e+00	-7.288026e+01
6.880069e+00	-6.889657e+01
6.890069e+00	-6.731815e+01
6.900069e+00	-6.619878e+01
6.910069e+00	-6.952981e+01
6.920069e+00	-8.829224e+01
6.930069e+00	-6.869113e+01
6.940069e+00	-6.673633e+01
6.950070e+00	-7.494142e+01
6.960070e+00	-7.271618e+01
6.970070e+00	-6.462983e+01
6.980070e+00	-7.296746e+01
6.990070e+00	-7.042459e+01
7.000070e+00	-6.674717e+01
7.010070e+00	-6.982381e+01
7.020070e+00	-6.495610e+01
7.030070e+00	-6.693427e+01
7.040070e+00	-6.598650e+01
7.050071e+00	-6.444864e+01
7.060071e+00	-6.655468e+01
7.070071e+00	-7.002447e+01
7.080071e+00	-7.075499e+01
7.090071e+00	-7.447973e+01
7.100071e+00	-6.210688e+01
7.110071e+00	-6.399442e+01
7.120071e+00	-6.582623e+01
7.130071e+00	-9.042134e+01
7.140071e+00	-7.295042e+01
7.150072e+00	-6.038918e+01
7.160072e+00	-7.407353e+01
7.170072e+00	-5.845361e+01
7.180072e+00	-6.864146e+01
7.190072e+00	-8.341129e+01
7.200072e+00	-6.341554e+01
7.210072e+00	-6.270702e+01
7.220072e+00	-6.051282e+01
7.230072e+00	-6.835275e+01
7.240072e+00	-6.426547e+01
7.250073e+00	-6.622820e+01
7.260073e+00	-5.755239e+01
7.270073e+00	-5.983233e+01
7.280073e+00	-5.974798e+01
7.290073e+00	-6.802072e+01
7.300073e+00	-6.384889e+01
7.310073e+00	-6.520923e+01
7.320073e+00	-7.483214e+01
7.330073e+00	-6.889258e+01
7.340073e+00	-6.125865e+01
7.350074e+00	-6.589123e+01
7.360074e+00	-6.341608e+01
7.370074e+00	-6.897058e+01
7.380074e+00	-6.710860e+01
7.390074e+00	-6.470357e+01
7.400074e+00	-6.189287e+01
7.410074e+00	-6.709175e+01
7.420074e+00	-6.595684e+01
7.430074e+00	-5.914360e+01
7.440074e+00	-7.355440e+01
7.450075e+00	-6.330301e+01
7.460075e+00	-6.565828e+01
7.470075e+00	-7.402538e+01
7.480075e+00	-7.114821e+01
7.490075e+00	-7.418192e+01
7.500075e+00	-6.914335e+01
7.510075e+00	-6.596069e+01
7.520075e+00	-7.178146e+01
7.530075e+00	-7.075662e+01
7.540075e+00	-7.431595e+01
7.550076e+00	-6.372971e+01
7.560076e+00	-6.575070e+01
7.570076e+00	-7.540230e+01
7.580076e+00	-6.630304e+01
7.590076e+00	-7.350290e+01
7.600076e+00	-6.965182e+01
7.610076e+00	-6.818797e+01
7.620076e+00	-6.935113e+01
7.630076e+00	-6.964872e+01
7.640076e+00	-7.258618e+01
7.650077e+00	-7.163388e+01
7.660077e+00	-7.053980e+01
7.670077e+00	-7.153826e+01
7.680077e+00	-7.143854e+01
7.690077e+00	-7.119715e+01
7.700077e+00	-7.090716e+01
7.710077e+00	-7.153353e+01
7.720077e+00	-7.036968e+01
7.730077e+00	-6.845623e+01
7.740077e+00	-7.493765e+01
7.750078e+00	-7.261983e+01
7.760078e+00	-7.073467e+01
7.770078e+00	-7.295568e+01
7.780078e+00	-7.410105e+01
7.790078e+00	-6.812682e+01
7.800078e+00	-7.465831e+01
7.810078e+00	-7.696617e+01
7.820078e+00	-6.583522e+01
7.830078e+00	-6.828960e+01
7.840078e+00	-6.829393e+01
7.850079e+00	-6.569162e+01
7.860079e+00	-7.106997e+01
7.870079e+00	-7.084295e+01
7.880079e+00	-6.775169e+01
7.890079e+00	-8.369003e+01
7.900079e+00	-7.999681e+01
7.910079e+00	-6.989613e+01
7.920079e+00	-6.932077e+01
7.930079e+00	-6.843486e+01
7.940079e+00	-6.923291e+01
7.950080e+00	-7.281554e+01
7.960080e+00	-6.574433e+01
7.970080e+00	-7.064443e+01
7.980080e+00	-7.711903e+01
7.990080e+00	-6.684646e+01
8.000080e+00	-7.234223e+01
8.010080e+00	-6.064669e+01
8.020080e+00	-6.368068e+01
8.030080e+00	-6.594848e+01
8.040080e+00	-7.639082e+01
8.050081e+00	-8.048526e+01
8.060081e+00	-6.085034e+01
8.070081e+00	-6.597527e+01
8.080081e+00	-6.379653e+01
8.090081e+00	-6.394404e+01
8.100081e+00	-6.199131e+01
8.110081e+00	-6.727536e+01
8.120081e+00	-6.815976e+01
8.130081e+00	-6.124999e+01
8.140081e+00	-6.693119e+01
8.150082e+00	-6.564846e+01
8.160082e+00	-6.363735e+01
8.170082e+00	-7.251112e+01
8.180082e+00	-6.716615e+01
8.190082e+00	-7.221693e+01
8.200082e+00	-6.237366e+01
8.210082e+00	-7.265891e+01
8.220082e+00	-6.896122e+01
8.230082e+00	-5.861576e+01
8.240082e+00	-7.355636e+01
8.250083e+00	-7.413264e+01
8.260083e+00	-6.568879e+01
8.270083e+00	-7.789606e+01
8.280083e+00	-6.936839e+01
8.290083e+00	-6.845797e+01
8.300083e+00	-7.374332e+01
8.310083e+00	-6.234203e+01
8.320083e+00	-7.900851e+01
8.330083e+00	-6.864187e+01
8.340083e+00	-6.469720e+01
8.350084e+00	-6.746950e+01
8.360084e+00	-7.356892e+01
8.370084e+00	-6.704979e+01
8.380084e+00	-7.909866e+01
8.390084e+00	-6.494928e+01
8.400084e+00	-6.624948e+01
8.410084e+00	-7.228766e+01
8.420084e+00	-6.852942e+01
8.430084e+00	-6.420490e+01
8.440084e+00	-7.638299e+01
8.450085e+00	-6.944449e+01
8.460085e+00	-7.437877e+01
8.470085e+00	-6.498206e+01
8.480085e+00	-6.252067e+01
8.490085e+00	-7.086206e+01
8.500085e+00	-7.533940e+01
8.510085e+00	-6.989530e+01
8.520085e+00	-8.401294e+01
8.530085e+00	-6.588057e+01
8.540085e+00	-6.903967e+01
8.550086e+00	-7.162808e+01
8.560086e+00	-7.098697e+01
8.570086e+00	-6.899040e+01
8.580086e+00	-7.111810e+01
8.590086e+00	-6.896755e+01
8.600086e+00	-7.169259e+01
8.610086e+00	-7.446903e+01
8.620086e+00	-7.287856e+01
8.630086e+00	-7.288248e+01
8.640086e+00	-7.277172e+01
8.650087e+00	-7.178347e+01
8.660087e+00	-7.297822e+01
8.670087e+00	-7.117723e+01
8.680087e+00	-7.191291e+01
8.690087e+00	-7.149492e+01
8.700087e+00	-7.250708e+01
8.710087e+00	-7.425902e+01
8.720087e+00	-7.296352e+01
8.730087e+00	-7.299541e+01
8.740087e+00	-7.209513e+01
8.750088e+00	-7.441212e+01
8.760088e+00	-7.108386e+01
8.770088e+00	-7.035664e+01
8.780088e+00	-6.980328e+01
8.790088e+00	-6.598160e+01
8.800088e+00	-6.818751e+01
8.810088e+00	-7.011548e+01
8.820088e+00	-7.828546e+01
8.830088e+00	-6.753659e+01
8.840088e+00	-7.279293e+01
8.850089e+00	-7.404841e+01
8.860089e+00	-7.683272e+01
8.870089e+00	-6.560083e+01
8.880089e+00	-7.761187e+01
8.890089e+00	-7.227662e+01
8.900089e+00	-6.580336e+01
8.910089e+00	-7.250951e+01
8.920089e+00	-6.855250e+01
8.930089e+00	-6.757519e+01
8.940089e+00	-6.819820e+01
8.950090e+00	-6.802674e+01
8.960090e+00	-7.240359e+01
8.970090e+00	-7.480120e+01
8.980090e+00	-7.090906e+01
8.990090e+00	-6.722533e+01
9.000090e+00	-6.946262e+01
9.010090e+00	-6.874547e+01
9.020090e+00	-6.713430e+01
9.030090e+00	-6.912151e+01
9.040090e+00	-6.509748e+01
9.050091e+00	-7.434402e+01
9.060091e+00	-7.182105e+01
9.070091e+00	-7.333665e+01
9.080091e+00	-6.506865e+01
9.090091e+00	-6.627870e+01
9.100091e+00	-6.714545e+01
9.110091e+00	-6.480670e+01
9.120091e+00	-7.308324e+01
9.130091e+00	-6.856180e+01
9.140091e+00	-6.231334e+01
9.150092e+00	-6.324878e+01
9.160092e+00	-6.948988e+01
9.170092e+00	-6.078496e+01
9.180092e+00	-6.852010e+01
9.190092e+00	-6.592081e+01
9.200092e+00	-6.286926e+01
9.210092e+00	-6.473234e+01
9.220092e+00	-7.259863e+01
9.230092e+00	-6.859521e+01
9.240092e+00	-6.332386e+01
9.250093e+00	-7.213670e+01
9.260093e+00	-7.209024e+01
9.270093e+00	-6.468497e+01
9.280093e+00	-6.742238e+01
9.290093e+00	-7.429552e+01
9.300093e+00	-7.781252e+01
9.310093e+00	-6.898462e+01
9.320093e+00	-6.741248e+01
9.330093e+00	-7.285205e+01
9.340093e+00	-6.992070e+01
9.350094e+00	-6.641911e+01
9.360094e+00	-6.694943e+01
9.370094e+00	-6.465424e+01
9.380094e+00	-6.786885e+01
9.390094e+00	-6.797053e+01
9.400094e+00	-7.448884e+01
9.410094e+00	-6.863438e+01
9.420094e+00	-6.527836e+01
9.430094e+00	-7.507813e+01
9.440094e+00	-6.811986e+01
9.450095e+00	-7.347731e+01
9.460095e+00	-7.443149e+01
9.470095e+00	-6.738061e+01
9.480095e+00	-7.030640e+01
9.490095e+00	-7.118514e+01
9.500095e+00	-7.350835e+01
9.510095e+00	-7.022050e+01
9.520095e+00	-6.598325e+01
9.530095e+00	-7.095412e+01
9.540095e+00	-8.049645e+01
9.550096e+00	-7.918341e+01
9.560096e+00	-7.154205e+01
9.570096e+00	-7.182551e+01
9.580096e+00	-7.490830e+01
9.590096e+00	-7.124155e+01
9.600096e+00	-7.377328e+01
9.610096e+00	-7.119067e+01
9.620096e+00	-7.208003e+01
9.630096e+00	-7.243246e+01
9.640096e+00	-7.304501e+01
9.650097e+00	-7.252313e+01
9.660097e+00	-7.291197e+01
9.670097e+00	-7.218159e+01
9.680097e+00	-7.296931e+01
9.690097e+00	-7.135822e+01
9.700097e+00	-6.985428e+01
9.710097e+00	-7.651492e+01
9.720097e+00	-7.487668e+01
9.730097e+00	-7.256594e+01
9.740097e+00	-7.272640e+01
9.750098e+00	-8.300776e+01
9.760098e+00	-7.548714e+01
9.770098e+00	-6.960219e+01
9.780098e+00	-6.965324e+01
9.790098e+00	-7.296985e+01
9.800098e+00	-6.907466e+01
9.810098e+00	-7.620322e+01
9.820098e+00	-6.966002e+01
9.830098e+00	-7.057585e+01
9.840098e+00	-7.030548e+01
9.850099e+00	-7.182878e+01
9.860099e+00	-7.528089e+01
9.870099e+00	-7.710933e+01
9.880099e+00	-6.886062e+01
9.890099e+00	-7.251862e+01
9.900099e+00	-6.485042e+01
9.910099e+00	-6.644751e+01
9.920099e+00	-6.585378e+01
9.930099e+00	-7.491945e+01
9.940099e+00	-6.909246e+01
9.950100e+00	-7.006544e+01
9.960100e+00	-6.392082e+01
9.970100e+00	-7.092372e+01
9.980100e+00	-6.598050e+01
9.990100e+00	-6.646666e+01
1.000010e+01	-6.325032e+01
1.001010e+01	-6.116351e+01
1.002010e+01	-7.276344e+01
1.003010e+01	-7.368002e+01
1.004010e+01	-7.129301e+01
1.005010e+01	-7.222726e+01
1.006010e+01	-7.056970e+01
1.007010e+01	-6.636786e+01
1.008010e+01	-6.807811e+01
1.009010e+01	-7.078666e+01
1.010010e+01	-7.245265e+01
1.011010e+01	-6.570117e+01
1.012010e+01	-6.974236e+01
1.013010e+01	-6.458173e+01
1.014010e+01	-6.471672e+01
1.015010e+01	-6.875796e+01
1.016010e+01	-6.582702e+01
1.017010e+01	-6.882430e+01
1.018010e+01	-6.465161e+01
1.019010e+01	-7.328907e+01
1.020010e+01	-6.368625e+01
1.021010e+01	-6.488679e+01
1.022010e+01	-6.927640e+01
1.023010e+01	-7.141803e+01
1.024010e+01	-8.783665e+01
1.025010e+01	-6.399822e+01
1.026010e+01	-7.126859e+01
1.027010e+01	-7.132097e+01
1.028010e+01	-6.910192e+01
1.029010e+01	-7.291870e+01
1.030010e+01	-6.720688e+01
1.031010e+01	-6.495524e+01
1.032010e+01	-7.016662e+01
1.033010e+01	-6.665176e+01
1.034010e+01	-6.909596e+01
1.035010e+01	-6.591455e+01
1.036010e+01	-7.747847e+01
1.037010e+01	-6.600288e+01
1.038010e+01	-7.843081e+01
1.039010e+01	-7.545070e+01
1.040010e+01	-7.713489e+01
1.041010e+01	-7.741283e+01
1.042010e+01	-6.764776e+01
1.043010e+01	-6.611525e+01
1.044010e+01	-8.139713e+01
1.045010e+01	-6.953994e+01
1.046010e+01	-6.968747e+01
1.047010e+01	-7.390705e+01
1.048010e+01	-7.837954e+01
1.049010e+01	-7.642382e+01
1.050011e+01	-7.001907e+01
1.051011e+01	-8.215016e+01
1.052011e+01	-7.101537e+01
1.053011e+01	-7.268012e+01
1.054011e+01	-7.286448e+01
1.055011e+01	-7.547013e+01
1.056011e+01	-7.075653e+01
1.057011e+01	-7.378850e+01
1.058011e+01	-7.448526e+01
1.059011e+01	-7.493264e+01
1.060011e+01	-7.217064e+01
1.061011e+01	-7.327732e+01
1.062011e+01	-7.317462e+01
1.063011e+01	-7.380708e+01
1.064011e+01	-7.349599e+01
1.065011e+01	-7.360245e+01
1.066011e+01	-7.361375e+01
1.067011e+01	-7.437545e+01
1.068011e+01	-7.038087e+01
1.069011e+01	-7.415032e+01
1.070011e+01	-8.789901e+01
1.071011e+01	-7.324514e+01
1.072011e+01	-6.940102e+01
1.073011e+01	-7.185393e+01
1.074011e+01	-7.215985e+01
1.075011e+01	-6.859566e+01
1.076011e+01	-7.088693e+01
1.077011e+01	-7.481281e+01
1.078011e+01	-7.063868e+01
1.079011e+01	-7.480290e+01
1.080011e+01	-8.000640e+01
1.081011e+01	-7.568418e+01
1.082011e+01	-6.952425e+01
1.083011e+01	-6.765261e+01
1.084011e+01	-7.920481e+01
1.085011e+01	-7.099911e+01
1.086011e+01	-7.117333e+01
1.087011e+01	-6.637288e+01
1.088011e+01	-6.935718e+01
1.089011e+01	-6.547319e+01
1.090011e+01	-7.134908e+01
1.091011e+01	-6.395758e+01
1.092011e+01	-7.014652e+01
1.093011e+01	-6.782518e+01
1.094011e+01	-6.748504e+01
1.095011e+01	-7.252316e+01
1.096011e+01	-7.153807e+01
1.097011e+01	-6.847671e+01
1.098011e+01	-6.511892e+01
1.099011e+01	-6.432584e+01
1.100011e+01	-7.139130e+01
1.101011e+01	-6.468048e+01
1.102011e+01	-6.264900e+01
1.103011e+01	-7.584735e+01
1.104011e+01	-7.246912e+01
1.105011e+01	-6.799162e+01
1.106011e+01	-7.246563e+01
1.107011e+01	-6.576089e+01
1.108011e+01	-8.317312e+01
1.109011e+01	-7.828155e+01
1.110011e+01	-8.166777e+01
1.111011e+01	-6.762087e+01
1.112011e+01	-7.097111e+01
1.113011e+01	-7.113053e+01
1.114011e+01	-7.775842e+01
1.115011e+01	-6.875708e+01
1.116011e+01	-6.945950e+01
1.117011e+01	-7.952138e+01
1.118011e+01	-6.873244e+01
1.119011e+01	-6.620215e+01
1.120011e+01	-6.971154e+01
1.121011e+01	-6.306159e+01
1.122011e+01	-7.029862e+01
1.123011e+01	-6.954125e+01
1.124011e+01	-7.199704e+01
1.125011e+01	-7.157301e+01
1.126011e+01	-7.058515e+01
1.127011e+01	-8.062981e+01
1.128011e+01	-7.056547e+01
1.129011e+01	-7.018945e+01
1.130011e+01	-6.998522e+01
1.131011e+01	-6.871006e+01
1.132011e+01	-7.191866e+01
1.133011e+01	-6.936856e+01
1.134011e+01	-6.888598e+01
1.135011e+01	-7.723672e+01
1.136011e+01	-8.126658e+01
1.137011e+01	-6.699055e+01
1.138011e+01	-6.708754e+01
1.139011e+01	-6.546827e+01
1.140011e+01	-7.078005e+01
1.141011e+01	-7.201152e+01
1.142011e+01	-7.623453e+01
1.143011e+01	-8.374025e+01
1.144011e+01	-6.882297e+01
1.145011e+01	-6.967088e+01
1.146011e+01	-7.331965e+01
1.147011e+01	-7.407312e+01
1.148011e+01	-7.177572e+01
1.149011e+01	-8.107892e+01
1.150012e+01	-7.256785e+01
1.151012e+01	-7.486090e+01
1.152012e+01	-7.236235e+01
1.153012e+01	-7.423393e+01
1.154012e+01	-7.131245e+01
1.155012e+01	-7.221102e+01
1.156012e+01	-7.254155e+01
1.157012e+01	-7.284567e+01
1.158012e+01	-7.429495e+01
1.159012e+01	-7.397959e+01
1.160012e+01	-7.415361e+01
1.161012e+01	-7.310519e+01
1.162012e+01	-7.203811e+01
1.163012e+01	-7.254048e+01
1.164012e+01	-7.280083e+01
1.165012e+01	-7.482618e+01
1.166012e+01	-7.329400e+01
1.167012e+01	-7.293303e+01
1.168012e+01	-7.790021e+01
1.169012e+01	-7.349180e+01
1.170012e+01	-8.768855e+01
1.171012e+01	-7.536393e+01
1.172012e+01	-6.884732e+01
1.173012e+01	-7.098762e+01
1.174012e+01	-7.150699e+01
1.175012e+01	-7.739197e+01
1.176012e+01	-7.054955e+01
1.177012e+01	-6.848736e+01
1.178012e+01	-7.547378e+01
1.179012e+01	-7.107990e+01
1.180012e+01	-7.669174e+01
1.181012e+01	-6.941117e+01
1.182012e+01	-7.104154e+01
1.183012e+01	-6.763484e+01
1.184012e+01	-6.890848e+01
1.185012e+01	-6.869690e+01
1.186012e+01	-7.208122e+01
1.187012e+01	-7.630603e+01
1.188012e+01	-8.308957e+01
1.189012e+01	-7.663283e+01
1.190012e+01	-7.737915e+01
1.191012e+01	-7.556683e+01
1.192012e+01	-6.611917e+01
1.193012e+01	-7.880594e+01
1.194012e+01	-7.550420e+01
1.195012e+01	-7.317513e+01
1.196012e+01	-6.569368e+01
1.197012e+01	-6.334612e+01
1.198012e+01	-6.900591e+01
1.199012e+01	-6.933824e+01
1.200012e+01	-6.539337e+01
1.201012e+01	-7.413970e+01
1.202012e+01	-7.799154e+01
1.203012e+01	-7.759049e+01
1.204012e+01	-7.804466e+01
1.205012e+01	-7.683225e+01
1.206012e+01	-7.261520e+01
1.207012e+01	-8.204712e+01
1.208012e+01	-6.886364e+01
1.209012e+01	-6.856556e+01
1.210012e+01	-7.165385e+01
1.211012e+01	-7.650998e+01
1.212012e+01	-7.185722e+01
1.213012e+01	-6.637983e+01
1.214012e+01	-6.446968e+01
1.215012e+01	-6.978308e+01
1.216012e+01	-7.104185e+01
1.217012e+01	-7.614475e+01
1.218012e+01	-7.330618e+01
1.219012e+01	-6.741047e+01
1.220012e+01	-8.080605e+01
1.221012e+01	-8.328077e+01
1.222012e+01	-6.864985e+01
1.223012e+01	-7.697773e+01
1.224012e+01	-7.200479e+01
1.225012e+01	-6.898855e+01
1.226012e+01	-7.644172e+01
1.227012e+01	-7.382618e+01
1.228012e+01	-6.561538e+01
1.229012e+01	-6.998505e+01
1.230012e+01	-7.364235e+01
1.231012e+01	-7.212955e+01
1.232012e+01	-7.344273e+01
1.233012e+01	-6.878184e+01
1.234012e+01	-8.441200e+01
1.235012e+01	-6.943525e+01
1.236012e+01	-6.690147e+01
1.237012e+01	-7.070366e+01
1.238012e+01	-6.657488e+01
1.239012e+01	-7.383585e+01
1.240012e+01	-7.919761e+01
1.241012e+01	-7.154109e+01
1.242012e+01	-7.354554e+01
1.243012e+01	-7.037442e+01
1.244012e+01	-7.014055e+01
1.245012e+01	-8.164710e+01
1.246012e+01	-8.137168e+01
1.247012e+01	-7.594865e+01
1.248012e+01	-7.170548e+01
1.249012e+01	-7.024747e+01
1.250013e+01	-7.269115e+01
1.251013e+01	-7.045350e+01
1.252013e+01	-7.376368e+01
1.253013e+01	-7.405936e+01
1.254013e+01	-7.478380e+01
1.255013e+01	-7.478150e+01
1.256013e+01	-7.514660e+01
1.257013e+01	-7.469067e+01
1.258013e+01	-7.331410e+01
1.259013e+01	-7.318778e+01
1.260013e+01	-7.344055e+01
1.261013e+01	-7.369067e+01
1.262013e+01	-7.200095e+01
1.263013e+01	-7.562043e+01
1.264013e+01	-7.357765e+01
1.265013e+01	-7.213880e+01
1.266013e+01	-7.506678e+01
1.267013e+01	-7.233225e+01
1.268013e+01	-7.307381e+01
1.269013e+01	-7.224278e+01
1.270013e+01	-7.384651e+01
1.271013e+01	-8.138025e+01
1.272013e+01	-7.225159e+01
1.273013e+01	-7.086176e+01
1.274013e+01	-7.130404e+01
1.275013e+01	-6.780857e+01
1.276013e+01	-8.023815e+01
1.277013e+01	-6.827845e+01
1.278013e+01	-7.248844e+01
1.279013e+01	-8.116009e+01
1.280013e+01	-7.332899e+01
1.281013e+01	-7.307930e+01
1.282013e+01	-7.055786e+01
1.283013e+01	-7.686854e+01
1.284013e+01	-7.427842e+01
1.285013e+01	-6.994826e+01
1.286013e+01	-7.019313e+01
1.287013e+01	-6.655381e+01
1.288013e+01	-7.340258e+01
1.289013e+01	-6.811094e+01
1.290013e+01	-7.152315e+01
1.291013e+01	-6.621003e+01
1.292013e+01	-7.729019e+01
1.293013e+01	-7.459324e+01
1.294013e+01	-8.330387e+01
1.295013e+01	-6.911046e+01
1.296013e+01	-6.719308e+01
1.297013e+01	-6.557458e+01
1.298013e+01	-6.638650e+01
1.299013e+01	-8.430308e+01
1.300013e+01	-7.317045e+01
1.301013e+01	-7.930386e+01
1.302013e+01	-6.573265e+01
1.303013e+01	-6.592459e+01
1.304013e+01	-7.493654e+01
1.305013e+01	-6.450864e+01
1.306013e+01	-8.023107e+01
1.307013e+01	-7.588927e+01
1.308013e+01	-7.258661e+01
1.309013e+01	-7.048465e+01
1.310013e+01	-6.734556e+01
1.311013e+01	-7.028708e+01
1.312013e+01	-7.375734e+01
1.313013e+01	-6.822116e+01
1.314013e+01	-6.909779e+01
1.315013e+01	-7.938593e+01
1.316013e+01	-6.688704e+01
1.317013e+01	-6.929004e+01
1.318013e+01	-6.958621e+01
1.319013e+01	-6.358104e+01
1.320013e+01	-7.916245e+01
1.321013e+01	-7.615308e+01
1.322013e+01	-7.550614e+01
1.323013e+01	-6.920701e+01
1.324013e+01	-6.755081e+01
1.325013e+01	-8.077134e+01
1.326013e+01	-6.937336e+01
1.327013e+01	-7.052325e+01
1.328013e+01	-7.423571e+01
1.329013e+01	-8.399917e+01
1.330013e+01	-8.053158e+01
1.331013e+01	-8.026555e+01
1.332013e+01	-6.726274e+01
1.333013e+01	-7.787337e+01
1.334013e+01	-7.574418e+01
1.335013e+01	-7.501664e+01
1.336013e+01	-7.446777e+01
1.337013e+01	-7.104023e+01
1.338013e+01	-7.431226e+01
1.339013e+01	-7.291219e+01
1.340013e+01	-8.605244e+01
1.341013e+01	-7.208859e+01
1.342013e+01	-7.625964e+01
1.343013e+01	-7.242030e+01
1.344013e+01	-7.644990e+01
1.345013e+01	-7.299186e+01
1.346013e+01	-7.272812e+01
1.347013e+01	-7.081688e+01
1.348013e+01	-7.389334e+01
1.349013e+01	-7.386507e+01
1.350014e+01	-7.377091e+01
1.351014e+01	-7.423758e+01
1.352014e+01	-7.523295e+01
1.353014e+01	-7.372509e+01
1.354014e+01	-7.404808e+01
1.355014e+01	-7.387378e+01
1.356014e+01	-7.342714e+01
1.357014e+01	-7.211987e+01
1.358014e+01	-7.316447e+01
1.359014e+01	-7.641737e+01
1.360014e+01	-7.415034e+01
1.361014e+01	-7.192234e+01
1.362014e+01	-8.254123e+01
1.363014e+01	-7.357509e+01
1.364014e+01	-7.485866e+01
1.365014e+01	-7.449754e+01
1.366014e+01	-7.200203e+01
1.367014e+01	-7.477814e+01
1.368014e+01	-8.078442e+01
1.369014e+01	-6.884019e+01
1.370014e+01	-7.474924e+01
1.371014e+01	-7.479068e+01
1.372014e+01	-7.272095e+01
1.373014e+01	-7.254691e+01
1.374014e+01	-7.649330e+01
1.375014e+01	-7.147236e+01
1.376014e+01	-7.165374e+01
1.377014e+01	-7.715972e+01
1.378014e+01	-7.398421e+01
1.379014e+01	-7.031470e+01
1.380014e+01	-6.415378e+01
1.381014e+01	-6.987358e+01
1.382014e+01	-7.935872e+01
1.383014e+01	-6.673421e+01
1.384014e+01	-8.593924e+01
1.385014e+01	-8.082692e+01
1.386014e+01	-7.133274e+01
1.387014e+01	-8.000681e+01
1.388014e+01	-8.633259e+01
1.389014e+01	-6.693238e+01
1.390014e+01	-6.943991e+01
1.391014e+01	-7.053359e+01
1.392014e+01	-6.484120e+01
1.393014e+01	-7.382828e+01
1.394014e+01	-7.357342e+01
1.395014e+01	-7.482886e+01
1.396014e+01	-6.694398e+01
1.397014e+01	-7.407019e+01
1.398014e+01	-7.366160e+01
1.399014e+01	-7.808524e+01
1.400014e+01	-7.050627e+01
1.401014e+01	-6.324321e+01
1.402014e+01	-7.889250e+01
1.403014e+01	-6.748625e+01
1.404014e+01	-6.919053e+01
1.405014e+01	-6.376619e+01
1.406014e+01	-6.832643e+01
1.407014e+01	-7.018169e+01
1.408014e+01	-6.463321e+01
1.409014e+01	-7.761768e+01
1.410014e+01	-6.847834e+01
1.411014e+01	-7.066401e+01
1.412014e+01	-7.368119e+01
1.413014e+01	-6.870172e+01
1.414014e+01	-7.101866e+01
1.415014e+01	-7.131542e+01
1.416014e+01	-7.441635e+01
1.417014e+01	-8.285280e+01
1.418014e+01	-6.688747e+01
1.419014e+01	-7.709086e+01
1.420014e+01	-6.691112e+01
1.421014e+01	-7.475596e+01
1.422014e+01	-7.568587e+01
1.423014e+01	-7.304710e+01
1.424014e+01	-7.327243e+01
1.425014e+01	-7.717933e+01
1.426014e+01	-6.602181e+01
1.427014e+01	-7.708933e+01
1.428014e+01	-7.500269e+01
1.429014e+01	-7.299998e+01
1.430014e+01	-6.963045e+01
1.431014e+01	-7.567881e+01
1.432014e+01	-7.693418e+01
1.433014e+01	-8.215564e+01
1.434014e+01	-7.923778e+01
1.435014e+01	-6.853073e+01
1.436014e+01	-7.204503e+01
1.437014e+01	-7.221568e+01
1.438014e+01	-7.026280e+01
1.439014e+01	-7.111581e+01
1.440014e+01	-7.598301e+01
1.441014e+01	-7.630014e+01
1.442014e+01	-7.432322e+01
1.443014e+01	-7.026562e+01
1.444014e+01	-7.135875e+01
1.445014e+01	-7.016084e+01
1.446014e+01	-7.521232e+01
1.447014e+01	-7.359712e+01
1.448014e+01	-7.419009e+01
1.449014e+01	-7.368387e+01
1.450015e+01	-7.341767e+01
1.451015e+01	-7.312327e+01
1.452015e+01	-7.366044e+01
1.453015e+01	-7.301580e+01
1.454015e+01	-7.296684e+01
1.455015e+01	-7.378393e+01
1.456015e+01	-7.386042e+01
1.457015e+01	-7.426763e+01
1.458015e+01	-7.626333e+01
1.459015e+01	-7.510550e+01
1.460015e+01	-7.473389e+01
1.461015e+01	-7.410880e+01
1.462015e+01	-7.611197e+01
1.463015e+01	-7.255307e+01
1.464015e+01	-7.136034e+01
1.465015e+01	-7.001247e+01
1.466015e+01	-6.939963e+01
1.467015e+01	-6.824845e+01
1.468015e+01	-7.824774e+01
1.469015e+01	-7.018363e+01
1.470015e+01	-7.419346e+01
1.471015e+01	-6.914016e+01
1.472015e+01	-7.466757e+01
1.473015e+01	-9.033273e+01
1.474015e+01	-6.815119e+01
1.475015e+01	-7.203938e+01
1.476015e+01	-7.294034e+01
1.477015e+01	-7.450616e+01
1.478015e+01	-7.348643e+01
1.479015e+01	-7.005270e+01
1.480015e+01	-7.003829e+01
1.481015e+01	-6.948171e+01
1.482015e+01	-7.094794e+01
1.483015e+01	-7.109774e+01
1.484015e+01	-6.756996e+01
1.485015e+01	-7.036544e+01
1.486015e+01	-6.419634e+01
1.487015e+01	-8.326232e+01
1.488015e+01	-7.912650e+01
1.489015e+01	-7.967253e+01
1.490015e+01	-7.483271e+01
1.491015e+01	-6.584769e+01
1.492015e+01	-6.727277e+01
1.493015e+01	-7.003190e+01
1.494015e+01	-7.229103e+01
1.495015e+01	-7.142287e+01
1.496015e+01	-7.082449e+01
1.497015e+01	-6.608374e+01
1.498015e+01	-6.870076e+01
1.499015e+01	-7.231570e+01
