0.000000e+00	1.566149e+01
1.000010e-02	-2.812028e+00
2.000020e-02	1.334221e+01
3.000030e-02	8.828549e+00
4.000040e-02	1.059992e+01
5.000050e-02	1.484118e+01
6.000060e-02	9.166429e+00
7.000070e-02	1.523427e+01
8.000080e-02	1.863607e+01
9.000090e-02	1.599905e+01
1.000010e-01	2.267766e+01
1.100011e-01	1.753439e+01
1.200012e-01	2.391757e+01
1.300013e-01	2.350877e+01
1.400014e-01	2.309540e+01
1.500015e-01	2.577668e+01
1.600016e-01	2.321762e+01
1.700017e-01	2.770400e+01
1.800018e-01	2.719374e+01
1.900019e-01	2.598247e+01
2.000020e-01	2.970167e+01
2.100021e-01	2.744196e+01
2.200022e-01	2.907718e+01
2.300023e-01	3.019157e+01
2.400024e-01	2.880000e+01
2.500025e-01	3.031988e+01
2.600026e-01	2.963130e+01
2.700027e-01	2.974640e+01
2.800028e-01	3.061122e+01
2.900029e-01	2.953211e+01
3.000030e-01	3.028638e+01
3.100031e-01	2.999297e+01
3.200032e-01	2.982082e+01
3.300033e-01	3.047730e+01
3.400034e-01	2.994237e+01
3.500035e-01	3.030711e+01
3.600036e-01	3.020218e+01
3.700037e-01	3.020254e+01
3.800038e-01	3.039633e+01
3.900039e-01	3.035457e+01
4.000040e-01	3.005109e+01
4.100041e-01	3.007500e+01
4.200042e-01	2.994563e+01
4.300043e-01	2.959991e+01
4.400044e-01	2.955303e+01
4.500045e-01	2.970000e+01
4.600046e-01	2.945209e+01
4.700047e-01	2.916779e+01
4.800048e-01	2.939225e+01
4.900049e-01	2.918423e+01
5.000050e-01	2.870116e+01
5.100051e-01	2.895639e+01
5.200052e-01	2.875386e+01
5.300053e-01	2.819847e+01
5.400054e-01	2.803859e+01
5.500055e-01	2.728851e+01
5.600056e-01	2.456372e+01
5.700057e-01	2.732534e+01
5.800058e-01	2.762920e+01
5.900059e-01	2.734188e+01
6.000060e-01	2.725988e+01
6.100061e-01	2.718098e+01
6.200062e-01	2.703451e+01
6.300063e-01	2.659930e+01
6.400064e-01	2.655991e+01
6.500065e-01	2.631630e+01
6.600066e-01	2.601380e+01
6.700067e-01	2.555788e+01
6.800068e-01	2.523916e+01
6.900069e-01	2.518990e+01
7.000070e-01	2.431396e+01
7.100071e-01	2.418077e+01
7.200072e-01	2.379360e+01
7.300073e-01	2.347308e+01
7.400074e-01	2.276189e+01
7.500075e-01	2.058663e+01
7.600076e-01	2.141161e+01
7.700077e-01	2.127068e+01
7.800078e-01	2.123222e+01
7.900079e-01	2.084817e+01
8.000080e-01	2.035742e+01
8.100081e-01	1.991789e+01
8.200082e-01	1.967441e+01
8.300083e-01	1.920644e+01
8.400084e-01	1.894277e+01
8.500085e-01	1.840622e+01
8.600086e-01	1.826460e+01
8.700087e-01	1.769752e+01
8.800088e-01	1.736408e+01
8.900089e-01	1.728564e+01
9.000090e-01	1.668213e+01
9.100091e-01	1.631350e+01
9.200092e-01	1.584870e+01
9.300093e-01	1.564610e+01
9.400094e-01	1.526221e+01
9.500095e-01	1.487616e+01
9.600096e-01	1.438937e+01
9.700097e-01	1.386056e+01
9.800098e-01	1.325006e+01
9.900099e-01	1.160650e+01
1.000010e+00	1.205580e+01
1.010010e+00	1.177296e+01
1.020010e+00	1.120027e+01
1.030010e+00	1.061801e+01
1.040010e+00	9.955314e+00
1.050011e+00	9.579340e+00
1.060011e+00	8.718642e+00
1.070011e+00	8.370922e+00
1.080011e+00	7.555520e+00
1.090011e+00	5.227923e+00
1.100011e+00	-1.948439e+00
1.110011e+00	3.349115e+00
1.120011e+00	3.691197e+00
1.130011e+00	5.109938e+00
1.140011e+00	4.083782e+00
1.150012e+00	1.773429e+00
1.160012e+00	-3.555372e+00
1.170012e+00	-1.604941e+00
1.180012e+00	1.730998e+00
1.190012e+00	1.467455e+00
1.200012e+00	8.884180e-01
1.210012e+00	-1.728594e+00
1.220012e+00	-1.860596e-01
1.230012e+00	-2.287833e+00
1.240012e+00	-1.724033e+00
1.250013e+00	-6.483513e-01
1.260013e+00	-1.523279e+00
1.270013e+00	-1.553529e+00
1.280013e+00	-2.806064e+00
1.290013e+00	-2.364590e+00
1.300013e+00	-3.290070e+00
1.310013e+00	-4.014280e+00
1.320013e+00	-3.404829e+00
1.330013e+00	-5.630541e+00
1.340013e+00	-6.596686e+00
1.350014e+00	-6.546924e+00
1.360014e+00	-8.099310e+00
1.370014e+00	-7.956013e+00
1.380014e+00	-9.244825e+00
1.390014e+00	-1.053905e+01
1.400014e+00	-1.228839e+01
1.410014e+00	-1.715084e+01
1.420014e+00	-1.324952e+01
1.430014e+00	-1.345491e+01
1.440014e+00	-1.300266e+01
1.450015e+00	-1.409012e+01
1.460015e+00	-1.534820e+01
1.470015e+00	-1.743602e+01
1.480015e+00	-1.747574e+01
1.490015e+00	-1.830342e+01
1.500015e+00	-1.861533e+01
1.510015e+00	-2.010121e+01
1.520015e+00	-2.175104e+01
1.530015e+00	-2.029808e+01
1.540015e+00	-2.261791e+01
1.550016e+00	-2.199632e+01
1.560016e+00	-2.249692e+01
1.570016e+00	-2.563415e+01
1.580016e+00	-2.802646e+01
1.590016e+00	-2.888498e+01
1.600016e+00	-3.207651e+01
1.610016e+00	-3.299975e+01
1.620016e+00	-3.342896e+01
1.630016e+00	-3.631558e+01
1.640016e+00	-3.777163e+01
1.650017e+00	-4.284375e+01
1.660017e+00	-5.972497e+01
1.670017e+00	-6.320130e+01
1.680017e+00	-6.878017e+01
1.690017e+00	-6.405577e+01
1.700017e+00	-4.769777e+01
1.710017e+00	-4.882374e+01
1.720017e+00	-5.364104e+01
1.730017e+00	-4.434243e+01
1.740017e+00	-4.539192e+01
1.750018e+00	-3.760588e+01
1.760018e+00	-3.994997e+01
1.770018e+00	-3.910809e+01
1.780018e+00	-4.251149e+01
1.790018e+00	-3.846063e+01
1.800018e+00	-3.854562e+01
1.810018e+00	-3.931265e+01
1.820018e+00	-4.306779e+01
1.830018e+00	-3.898914e+01
1.840018e+00	-4.608417e+01
1.850019e+00	-4.530929e+01
1.860019e+00	-3.980796e+01
1.870019e+00	-5.500755e+01
1.880019e+00	-4.279369e+01
1.890019e+00	-4.319529e+01
1.900019e+00	-4.327348e+01
1.910019e+00	-4.036464e+01
1.920019e+00	-3.881859e+01
1.930019e+00	-4.400731e+01
1.940019e+00	-3.571881e+01
1.950020e+00	-3.526798e+01
1.960020e+00	-3.788439e+01
1.970020e+00	-4.414538e+01
1.980020e+00	-3.582879e+01
1.990020e+00	-4.033237e+01
2.000020e+00	-3.801065e+01
2.010020e+00	-5.273912e+01
2.020020e+00	-4.756244e+01
2.030020e+00	-4.319347e+01
2.040020e+00	-3.776867e+01
2.050021e+00	-3.512051e+01
2.060021e+00	-4.453174e+01
2.070021e+00	-5.154669e+01
2.080021e+00	-4.454271e+01
2.090021e+00	-5.166304e+01
2.100021e+00	-4.090581e+01
2.110021e+00	-4.006883e+01
2.120021e+00	-3.996365e+01
2.130021e+00	-3.887022e+01
2.140021e+00	-4.346985e+01
2.150022e+00	-4.896451e+01
2.160022e+00	-4.296734e+01
2.170022e+00	-5.838047e+01
2.180022e+00	-4.161921e+01
2.190022e+00	-3.576568e+01
2.200022e+00	-3.800844e+01
2.210022e+00	-5.852125e+01
2.220022e+00	-3.682435e+01
2.230022e+00	-4.713109e+01
2.240022e+00	-6.575349e+01
2.250023e+00	-4.705896e+01
2.260023e+00	-6.304054e+01
2.270023e+00	-4.725982e+01
2.280023e+00	-5.120725e+01
2.290023e+00	-5.372564e+01
2.300023e+00	-4.592469e+01
2.310023e+00	-4.256417e+01
2.320023e+00	-4.582539e+01
2.330023e+00	-4.009120e+01
2.340023e+00	-4.859010e+01
2.350024e+00	-5.554137e+01
2.360024e+00	-5.257434e+01
2.370024e+00	-4.160247e+01
2.380024e+00	-4.362511e+01
2.390024e+00	-6.866169e+01
2.400024e+00	-4.753792e+01
2.410024e+00	-5.459796e+01
2.420024e+00	-4.935961e+01
2.430024e+00	-4.116275e+01
2.440024e+00	-4.237557e+01
2.450025e+00	-4.618836e+01
2.460025e+00	-5.187607e+01
2.470025e+00	-4.705179e+01
2.480025e+00	-5.036005e+01
2.490025e+00	-5.666737e+01
2.500025e+00	-5.730456e+01
2.510025e+00	-4.844645e+01
2.520025e+00	-5.297890e+01
2.530025e+00	-5.836754e+01
2.540025e+00	-4.746261e+01
2.550026e+00	-5.100686e+01
2.560026e+00	-5.967966e+01
2.570026e+00	-5.903160e+01
2.580026e+00	-4.723849e+01
2.590026e+00	-4.629220e+01
2.600026e+00	-5.574819e+01
2.610026e+00	-5.425003e+01
2.620026e+00	-5.130484e+01
2.630026e+00	-5.033488e+01
2.640026e+00	-5.572725e+01
2.650027e+00	-5.431648e+01
2.660027e+00	-5.363456e+01
2.670027e+00	-5.784167e+01
2.680027e+00	-6.564004e+01
2.690027e+00	-6.541037e+01
2.700027e+00	-6.574605e+01
2.710027e+00	-6.348013e+01
2.720027e+00	-7.294773e+01
2.730027e+00	-7.225709e+01
2.740027e+00	-7.547089e+01
2.750028e+00	-7.138663e+01
2.760028e+00	-7.077363e+01
2.770028e+00	-7.447462e+01
2.780028e+00	-6.923792e+01
2.790028e+00	-6.964733e+01
2.800028e+00	-7.149656e+01
2.810028e+00	-6.582981e+01
2.820028e+00	-5.798899e+01
2.830028e+00	-5.987093e+01
2.840028e+00	-7.320048e+01
2.850029e+00	-6.543971e+01
2.860029e+00	-6.377180e+01
2.870029e+00	-5.780301e+01
2.880029e+00	-6.058894e+01
2.890029e+00	-5.470398e+01
2.900029e+00	-5.913906e+01
2.910029e+00	-6.690885e+01
2.920029e+00	-5.725189e+01
2.930029e+00	-5.613401e+01
2.940029e+00	-5.627953e+01
2.950030e+00	-6.676060e+01
2.960030e+00	-6.473860e+01
2.970030e+00	-6.559721e+01
2.980030e+00	-6.080109e+01
2.990030e+00	-5.036703e+01
3.000030e+00	-4.989676e+01
3.010030e+00	-6.454273e+01
3.020030e+00	-5.742338e+01
3.030030e+00	-5.636284e+01
3.040030e+00	-6.402923e+01
3.050031e+00	-6.448422e+01
3.060031e+00	-5.311020e+01
3.070031e+00	-5.262597e+01
3.080031e+00	-4.971264e+01
3.090031e+00	-5.168851e+01
3.100031e+00	-5.178491e+01
3.110031e+00	-4.930668e+01
3.120031e+00	-5.249950e+01
3.130031e+00	-5.851571e+01
3.140031e+00	-5.825657e+01
3.150032e+00	-5.440275e+01
3.160032e+00	-5.616243e+01
3.170032e+00	-5.588160e+01
3.180032e+00	-5.447456e+01
3.190032e+00	-4.726914e+01
3.200032e+00	-5.759312e+01
3.210032e+00	-5.335755e+01
3.220032e+00	-5.621535e+01
3.230032e+00	-6.010810e+01
3.240032e+00	-6.408780e+01
3.250033e+00	-5.986414e+01
3.260033e+00	-6.066082e+01
3.270033e+00	-6.440930e+01
3.280033e+00	-5.141691e+01
3.290033e+00	-5.774561e+01
3.300033e+00	-5.095662e+01
3.310033e+00	-6.855740e+01
3.320033e+00	-5.467176e+01
3.330033e+00	-5.703583e+01
3.340033e+00	-5.203405e+01
3.350034e+00	-6.116809e+01
3.360034e+00	-5.761925e+01
3.370034e+00	-6.104905e+01
3.380034e+00	-6.910394e+01
3.390034e+00	-5.173522e+01
3.400034e+00	-5.492011e+01
3.410034e+00	-6.831663e+01
3.420034e+00	-5.439683e+01
3.430034e+00	-5.988246e+01
3.440034e+00	-5.875328e+01
3.450035e+00	-5.011812e+01
3.460035e+00	-5.666231e+01
3.470035e+00	-6.188708e+01
3.480035e+00	-5.524384e+01
3.490035e+00	-6.460759e+01
3.500035e+00	-5.406349e+01
3.510035e+00	-5.499826e+01
3.520035e+00	-6.350812e+01
3.530035e+00	-5.777873e+01
3.540035e+00	-5.830887e+01
3.550036e+00	-6.236277e+01
3.560036e+00	-6.035980e+01
3.570036e+00	-7.359827e+01
3.580036e+00	-6.172984e+01
3.590036e+00	-6.680473e+01
3.600036e+00	-6.291699e+01
3.610036e+00	-6.497265e+01
3.620036e+00	-6.442193e+01
3.630036e+00	-7.179635e+01
3.640036e+00	-6.754478e+01
3.650037e+00	-7.214516e+01
3.660037e+00	-7.658237e+01
3.670037e+00	-7.126636e+01
3.680037e+00	-8.092357e+01
3.690037e+00	-7.124658e+01
3.700037e+00	-7.826306e+01
3.710037e+00	-7.348885e+01
3.720037e+00	-8.535535e+01
3.730037e+00	-7.072377e+01
3.740037e+00	-7.510706e+01
3.750038e+00	-7.568389e+01
3.760038e+00	-7.618562e+01
3.770038e+00	-7.409536e+01
3.780038e+00	-7.717002e+01
3.790038e+00	-7.248013e+01
3.800038e+00	-7.658110e+01
3.810038e+00	-7.028392e+01
3.820038e+00	-6.865847e+01
3.830038e+00	-7.408015e+01
3.840038e+00	-7.923543e+01
3.850039e+00	-6.382332e+01
3.860039e+00	-6.800854e+01
3.870039e+00	-8.503377e+01
3.880039e+00	-6.549411e+01
3.890039e+00	-6.456331e+01
3.900039e+00	-7.696797e+01
3.910039e+00	-6.752699e+01
3.920039e+00	-6.480933e+01
3.930039e+00	-7.196120e+01
3.940039e+00	-6.609758e+01
3.950040e+00	-6.095336e+01
3.960040e+00	-6.891959e+01
3.970040e+00	-7.431100e+01
3.980040e+00	-6.669808e+01
3.990040e+00	-6.006741e+01
4.000040e+00	-6.056581e+01
4.010040e+00	-6.554386e+01
4.020040e+00	-6.652264e+01
4.030040e+00	-5.956282e+01
4.040040e+00	-6.333683e+01
4.050041e+00	-6.810718e+01
4.060041e+00	-5.544667e+01
4.070041e+00	-6.687270e+01
4.080041e+00	-6.147274e+01
4.090041e+00	-7.044044e+01
4.100041e+00	-6.389506e+01
4.110041e+00	-5.931154e+01
4.120041e+00	-6.587823e+01
4.130041e+00	-6.712646e+01
4.140041e+00	-5.864268e+01
4.150042e+00	-6.817014e+01
4.160042e+00	-5.719824e+01
4.170042e+00	-6.823704e+01
4.180042e+00	-5.935518e+01
4.190042e+00	-5.848702e+01
4.200042e+00	-5.762645e+01
4.210042e+00	-5.771920e+01
4.220042e+00	-6.022057e+01
4.230042e+00	-7.771519e+01
4.240042e+00	-5.605275e+01
4.250043e+00	-7.182887e+01
4.260043e+00	-6.168382e+01
4.270043e+00	-6.427697e+01
4.280043e+00	-6.420208e+01
4.290043e+00	-7.258648e+01
4.300043e+00	-6.232665e+01
4.310043e+00	-5.787311e+01
4.320043e+00	-6.735992e+01
4.330043e+00	-5.319924e+01
4.340043e+00	-6.607976e+01
4.350044e+00	-7.331119e+01
4.360044e+00	-6.157329e+01
4.370044e+00	-7.464834e+01
4.380044e+00	-5.714584e+01
4.390044e+00	-5.745750e+01
4.400044e+00	-7.498768e+01
4.410044e+00	-6.071522e+01
4.420044e+00	-5.686752e+01
4.430044e+00	-7.520439e+01
4.440044e+00	-6.719390e+01
4.450045e+00	-7.447962e+01
4.460045e+00	-6.389810e+01
4.470045e+00	-6.907455e+01
4.480045e+00	-6.060021e+01
4.490045e+00	-6.485304e+01
4.500045e+00	-6.092083e+01
4.510045e+00	-5.992855e+01
4.520045e+00	-6.776629e+01
4.530045e+00	-6.340065e+01
4.540045e+00	-6.077647e+01
4.550046e+00	-7.132431e+01
4.560046e+00	-6.577259e+01
4.570046e+00	-7.046124e+01
4.580046e+00	-6.990455e+01
4.590046e+00	-6.341691e+01
4.600046e+00	-6.601802e+01
4.610046e+00	-7.042507e+01
4.620046e+00	-6.636705e+01
4.630046e+00	-6.592908e+01
4.640046e+00	-7.332482e+01
4.650047e+00	-8.098614e+01
4.660047e+00	-7.257357e+01
4.670047e+00	-7.204950e+01
4.680047e+00	-7.679582e+01
4.690047e+00	-7.572207e+01
4.700047e+00	-7.594221e+01
4.710047e+00	-7.704482e+01
4.720047e+00	-7.536488e+01
4.730047e+00	-8.099251e+01
4.740047e+00	-8.166488e+01
4.750048e+00	-8.061878e+01
4.760048e+00	-8.421698e+01
4.770048e+00	-7.609830e+01
4.780048e+00	-8.003698e+01
4.790048e+00	-8.320414e+01
4.800048e+00	-7.391239e+01
4.810048e+00	-8.183478e+01
4.820048e+00	-6.884477e+01
4.830048e+00	-7.096885e+01
4.840048e+00	-6.873656e+01
4.850049e+00	-6.613892e+01
4.860049e+00	-6.900752e+01
4.870049e+00	-6.337738e+01
4.880049e+00	-6.782497e+01
4.890049e+00	-7.222941e+01
4.900049e+00	-6.698588e+01
4.910049e+00	-6.868738e+01
4.920049e+00	-7.472006e+01
4.930049e+00	-6.749144e+01
4.940049e+00	-7.017817e+01
4.950050e+00	-6.630134e+01
4.960050e+00	-6.391001e+01
4.970050e+00	-7.635787e+01
4.980050e+00	-6.747992e+01
4.990050e+00	-6.749340e+01
5.000050e+00	-6.177676e+01
5.010050e+00	-7.963140e+01
5.020050e+00	-7.102591e+01
5.030050e+00	-6.087922e+01
5.040050e+00	-6.068201e+01
5.050051e+00	-5.921140e+01
5.060051e+00	-5.874095e+01
5.070051e+00	-6.215138e+01
5.080051e+00	-6.770036e+01
5.090051e+00	-6.716763e+01
5.100051e+00	-6.408535e+01
5.110051e+00	-7.318495e+01
5.120051e+00	-6.786298e+01
5.130051e+00	-7.565478e+01
5.140051e+00	-7.939340e+01
5.150052e+00	-6.677242e+01
5.160052e+00	-5.626054e+01
5.170052e+00	-6.261105e+01
5.180052e+00	-6.100279e+01
5.190052e+00	-7.870339e+01
5.200052e+00	-6.411651e+01
5.210052e+00	-6.941879e+01
5.220052e+00	-6.028613e+01
5.230052e+00	-6.206996e+01
5.240052e+00	-5.840126e+01
5.250053e+00	-6.810172e+01
5.260053e+00	-7.939089e+01
5.270053e+00	-6.389672e+01
5.280053e+00	-5.981387e+01
5.290053e+00	-7.808686e+01
5.300053e+00	-6.408444e+01
5.310053e+00	-7.144100e+01
5.320053e+00	-7.086542e+01
5.330053e+00	-6.230843e+01
5.340053e+00	-5.980074e+01
5.350054e+00	-6.320881e+01
5.360054e+00	-6.803562e+01
5.370054e+00	-7.288542e+01
5.380054e+00	-6.663921e+01
5.390054e+00	-6.496413e+01
5.400054e+00	-6.165486e+01
5.410054e+00	-6.769057e+01
5.420054e+00	-6.358829e+01
5.430054e+00	-7.233739e+01
5.440054e+00	-7.048029e+01
5.450055e+00	-7.059330e+01
5.460055e+00	-6.353510e+01
5.470055e+00	-6.223575e+01
5.480055e+00	-6.492272e+01
5.490055e+00	-7.307707e+01
5.500055e+00	-7.564790e+01
5.510055e+00	-7.177123e+01
5.520055e+00	-8.312976e+01
5.530055e+00	-7.033324e+01
5.540055e+00	-7.709590e+01
5.550056e+00	-6.936095e+01
5.560056e+00	-8.682461e+01
5.570056e+00	-6.662704e+01
5.580056e+00	-7.741981e+01
5.590056e+00	-7.188107e+01
5.600056e+00	-7.104824e+01
5.610056e+00	-7.427838e+01
5.620056e+00	-7.419512e+01
5.630056e+00	-7.631060e+01
5.640056e+00	-7.755588e+01
5.650057e+00	-7.534970e+01
5.660057e+00	-7.399708e+01
5.670057e+00	-8.113234e+01
5.680057e+00	-8.305083e+01
5.690057e+00	-8.427676e+01
5.700057e+00	-7.750772e+01
5.710057e+00	-8.526050e+01
5.720057e+00	-8.002662e+01
5.730057e+00	-8.411342e+01
5.740057e+00	-7.929016e+01
5.750058e+00	-7.989027e+01
5.760058e+00	-8.542038e+01
5.770058e+00	-8.197224e+01
5.780058e+00	-7.935098e+01
5.790058e+00	-8.123381e+01
5.800058e+00	-7.798734e+01
5.810058e+00	-7.680806e+01
5.820058e+00	-7.114618e+01
5.830058e+00	-7.511881e+01
5.840058e+00	-7.819116e+01
5.850059e+00	-6.646442e+01
5.860059e+00	-7.606473e+01
5.870059e+00	-7.057110e+01
5.880059e+00	-8.385961e+01
5.890059e+00	-7.721359e+01
5.900059e+00	-7.205644e+01
5.910059e+00	-6.887556e+01
5.920059e+00	-7.242464e+01
5.930059e+00	-7.066546e+01
5.940059e+00	-6.717291e+01
5.950060e+00	-6.752301e+01
5.960060e+00	-7.303044e+01
5.970060e+00	-7.639273e+01
5.980060e+00	-6.566935e+01
5.990060e+00	-6.397955e+01
6.000060e+00	-7.434419e+01
6.010060e+00	-7.562064e+01
6.020060e+00	-7.096760e+01
6.030060e+00	-7.057644e+01
6.040060e+00	-6.264928e+01
6.050061e+00	-7.948021e+01
6.060061e+00	-7.458080e+01
6.070061e+00	-6.395394e+01
6.080061e+00	-6.063348e+01
6.090061e+00	-6.927865e+01
6.100061e+00	-6.275961e+01
6.110061e+00	-6.615311e+01
6.120061e+00	-7.004809e+01
6.130061e+00	-7.417562e+01
6.140061e+00	-6.371840e+01
6.150062e+00	-7.514662e+01
6.160062e+00	-6.597455e+01
6.170062e+00	-6.900717e+01
6.180062e+00	-6.240630e+01
6.190062e+00	-6.384091e+01
6.200062e+00	-6.550377e+01
6.210062e+00	-6.877271e+01
6.220062e+00	-6.656451e+01
6.230062e+00	-6.293259e+01
6.240062e+00	-6.345568e+01
6.250063e+00	-5.910887e+01
6.260063e+00	-7.985517e+01
6.270063e+00	-6.559365e+01
6.280063e+00	-8.245485e+01
6.290063e+00	-6.698592e+01
6.300063e+00	-6.209060e+01
6.310063e+00	-6.315668e+01
6.320063e+00	-6.856396e+01
6.330063e+00	-7.890714e+01
6.340063e+00	-7.209151e+01
6.350064e+00	-6.706737e+01
6.360064e+00	-6.763488e+01
6.370064e+00	-6.754447e+01
6.380064e+00	-6.710693e+01
6.390064e+00	-6.316034e+01
6.400064e+00	-7.084932e+01
6.410064e+00	-6.586270e+01
6.420064e+00	-7.644006e+01
6.430064e+00	-6.447002e+01
6.440064e+00	-6.509166e+01
6.450065e+00	-6.377973e+01
6.460065e+00	-6.424683e+01
6.470065e+00	-6.471387e+01
6.480065e+00	-7.017479e+01
6.490065e+00	-7.437064e+01
6.500065e+00	-6.508099e+01
6.510065e+00	-6.504897e+01
6.520065e+00	-7.018170e+01
6.530065e+00	-8.455920e+01
6.540065e+00	-6.788115e+01
6.550066e+00	-7.113459e+01
6.560066e+00	-8.170507e+01
6.570066e+00	-6.866480e+01
6.580066e+00	-7.520823e+01
6.590066e+00	-6.610195e+01
6.600066e+00	-6.914392e+01
6.610066e+00	-7.863834e+01
6.620066e+00	-6.903369e+01
6.630066e+00	-7.463966e+01
6.640066e+00	-8.549822e+01
6.650067e+00	-8.246086e+01
6.660067e+00	-7.763004e+01
6.670067e+00	-8.254059e+01
6.680067e+00	-7.814465e+01
6.690067e+00	-8.089027e+01
6.700067e+00	-8.007615e+01
6.710067e+00	-8.277887e+01
6.720067e+00	-8.360065e+01
6.730067e+00	-8.414448e+01
6.740067e+00	-8.033146e+01
6.750068e+00	-7.617874e+01
6.760068e+00	-9.353043e+01
6.770068e+00	-8.483107e+01
6.780068e+00	-8.112202e+01
6.790068e+00	-7.248035e+01
6.800068e+00	-7.344437e+01
6.810068e+00	-7.802053e+01
6.820068e+00	-7.739455e+01
6.830068e+00	-7.988030e+01
6.840068e+00	-7.339604e+01
6.850069e+00	-7.805593e+01
6.860069e+00	-7.592668e+01
6.870069e+00	-6.790830e+01
6.880069e+00	-7.111650e+01
6.890069e+00	-7.330297e+01
6.900069e+00	-6.845061e+01
6.910069e+00	-7.148753e+01
6.920069e+00	-7.212395e+01
6.930069e+00	-7.164912e+01
6.940069e+00	-7.716221e+01
6.950070e+00	-7.720587e+01
6.960070e+00	-6.637174e+01
6.970070e+00	-7.528095e+01
6.980070e+00	-7.154674e+01
6.990070e+00	-7.135844e+01
7.000070e+00	-7.037155e+01
7.010070e+00	-7.024897e+01
7.020070e+00	-6.312019e+01
7.030070e+00	-6.966211e+01
7.040070e+00	-6.984151e+01
7.050071e+00	-7.069957e+01
7.060071e+00	-6.475846e+01
7.070071e+00	-7.000068e+01
7.080071e+00	-6.800974e+01
7.090071e+00	-7.270063e+01
7.100071e+00	-6.771456e+01
7.110071e+00	-6.311163e+01
7.120071e+00	-7.134676e+01
7.130071e+00	-8.012666e+01
7.140071e+00	-6.299115e+01
7.150072e+00	-6.630597e+01
7.160072e+00	-6.417560e+01
7.170072e+00	-7.254294e+01
7.180072e+00	-7.092309e+01
7.190072e+00	-7.919913e+01
7.200072e+00	-7.175908e+01
7.210072e+00	-6.468584e+01
7.220072e+00	-6.872227e+01
7.230072e+00	-7.962370e+01
7.240072e+00	-7.964602e+01
7.250073e+00	-7.131835e+01
7.260073e+00	-6.735395e+01
7.270073e+00	-7.466671e+01
7.280073e+00	-7.301452e+01
7.290073e+00	-7.043289e+01
7.300073e+00	-6.155681e+01
7.310073e+00	-7.025454e+01
7.320073e+00	-7.672356e+01
7.330073e+00	-6.998735e+01
7.340073e+00	-6.846858e+01
7.350074e+00	-6.725990e+01
7.360074e+00	-6.667047e+01
7.370074e+00	-7.356350e+01
7.380074e+00	-6.605866e+01
7.390074e+00	-6.730744e+01
7.400074e+00	-6.688331e+01
7.410074e+00	-6.779280e+01
7.420074e+00	-8.483206e+01
7.430074e+00	-6.478710e+01
7.440074e+00	-6.820320e+01
7.450075e+00	-7.565293e+01
7.460075e+00	-7.165037e+01
7.470075e+00	-7.126443e+01
7.480075e+00	-7.457457e+01
7.490075e+00	-6.541921e+01
7.500075e+00	-6.799902e+01
7.510075e+00	-7.538484e+01
7.520075e+00	-6.986259e+01
7.530075e+00	-8.407309e+01
7.540075e+00	-7.902976e+01
7.550076e+00	-6.997137e+01
7.560076e+00	-8.636814e+01
7.570076e+00	-7.879382e+01
7.580076e+00	-7.550463e+01
7.590076e+00	-7.609759e+01
7.600076e+00	-7.204803e+01
7.610076e+00	-7.836665e+01
7.620076e+00	-8.598108e+01
7.630076e+00	-8.029910e+01
7.640076e+00	-8.953793e+01
7.650077e+00	-7.799969e+01
7.660077e+00	-8.102431e+01
7.670077e+00	-8.095984e+01
7.680077e+00	-8.508173e+01
7.690077e+00	-8.295208e+01
7.700077e+00	-8.510510e+01
7.710077e+00	-8.145026e+01
7.720077e+00	-9.155242e+01
7.730077e+00	-8.490410e+01
7.740077e+00	-8.216262e+01
7.750078e+00	-7.797530e+01
7.760078e+00	-7.802811e+01
7.770078e+00	-7.938717e+01
7.780078e+00	-7.395002e+01
7.790078e+00	-7.741922e+01
7.800078e+00	-7.360902e+01
7.810078e+00	-7.247954e+01
7.820078e+00	-8.154335e+01
7.830078e+00	-6.842783e+01
7.840078e+00	-8.333304e+01
7.850079e+00	-7.494967e+01
7.860079e+00	-8.070036e+01
7.870079e+00	-7.808919e+01
7.880079e+00	-8.248961e+01
7.890079e+00	-6.847316e+01
7.900079e+00	-7.066457e+01
7.910079e+00	-7.066387e+01
7.920079e+00	-6.904927e+01
7.930079e+00	-7.084301e+01
7.940079e+00	-7.458629e+01
7.950080e+00	-6.641107e+01
7.960080e+00	-6.584335e+01
7.970080e+00	-6.436802e+01
7.980080e+00	-6.924786e+01
7.990080e+00	-6.643548e+01
8.000080e+00	-7.343625e+01
8.010080e+00	-6.499069e+01
8.020080e+00	-6.568894e+01
8.030080e+00	-7.288966e+01
8.040080e+00	-6.775058e+01
8.050081e+00	-7.076330e+01
8.060081e+00	-7.079912e+01
8.070081e+00	-7.011308e+01
8.080081e+00	-7.957932e+01
8.090081e+00	-7.321900e+01
8.100081e+00	-6.262577e+01
8.110081e+00	-7.052138e+01
8.120081e+00	-7.235730e+01
8.130081e+00	-6.753360e+01
8.140081e+00	-7.025852e+01
8.150082e+00	-7.409225e+01
8.160082e+00	-7.380311e+01
8.170082e+00	-8.618052e+01
8.180082e+00	-7.828317e+01
8.190082e+00	-7.182773e+01
8.200082e+00	-6.695004e+01
8.210082e+00	-7.270944e+01
8.220082e+00	-6.257052e+01
8.230082e+00	-7.212849e+01
8.240082e+00	-6.477573e+01
8.250083e+00	-6.684154e+01
8.260083e+00	-7.686386e+01
8.270083e+00	-6.782651e+01
8.280083e+00	-7.346711e+01
8.290083e+00	-7.933909e+01
8.300083e+00	-8.229349e+01
8.310083e+00	-7.153164e+01
8.320083e+00	-6.952563e+01
8.330083e+00	-6.434295e+01
8.340083e+00	-7.336467e+01
8.350084e+00	-8.371555e+01
8.360084e+00	-6.708272e+01
8.370084e+00	-7.327513e+01
8.380084e+00	-7.902674e+01
8.390084e+00	-7.187079e+01
8.400084e+00	-7.157373e+01
8.410084e+00	-7.354836e+01
8.420084e+00	-7.446650e+01
8.430084e+00	-7.649955e+01
8.440084e+00	-6.828165e+01
8.450085e+00	-7.413886e+01
8.460085e+00	-7.517350e+01
8.470085e+00	-7.751984e+01
8.480085e+00	-7.731978e+01
8.490085e+00	-7.817151e+01
8.500085e+00	-7.308177e+01
8.510085e+00	-7.938496e+01
8.520085e+00	-8.536124e+01
8.530085e+00	-7.592055e+01
8.540085e+00	-7.523782e+01
8.550086e+00	-7.600830e+01
8.560086e+00	-8.140628e+01
8.570086e+00	-7.518917e+01
8.580086e+00	-8.057701e+01
8.590086e+00	-8.144218e+01
8.600086e+00	-8.747459e+01
8.610086e+00	-9.468721e+01
8.620086e+00	-7.963183e+01
8.630086e+00	-8.544976e+01
8.640086e+00	-9.394389e+01
8.650087e+00	-8.430907e+01
8.660087e+00	-8.222363e+01
8.670087e+00	-8.396749e+01
8.680087e+00	-8.311890e+01
8.690087e+00	-8.251988e+01
8.700087e+00	-8.788753e+01
8.710087e+00	-8.255629e+01
8.720087e+00	-8.014435e+01
8.730087e+00	-7.858472e+01
8.740087e+00	-8.298373e+01
8.750088e+00	-8.889872e+01
8.760088e+00	-8.223134e+01
8.770088e+00	-7.630036e+01
8.780088e+00	-8.392726e+01
8.790088e+00	-7.678687e+01
8.800088e+00	-7.486139e+01
8.810088e+00	-7.903672e+01
8.820088e+00	-7.436936e+01
8.830088e+00	-7.634789e+01
8.840088e+00	-7.492343e+01
8.850089e+00	-7.767169e+01
8.860089e+00	-7.675000e+01
8.870089e+00	-7.585399e+01
8.880089e+00	-8.804852e+01
8.890089e+00	-7.300064e+01
8.900089e+00	-8.012686e+01
8.910089e+00	-7.410768e+01
8.920089e+00	-7.781013e+01
8.930089e+00	-8.154489e+01
8.940089e+00	-7.177095e+01
8.950090e+00	-6.620316e+01
8.960090e+00	-7.989010e+01
8.970090e+00	-7.103161e+01
8.980090e+00	-8.650491e+01
8.990090e+00	-7.732208e+01
9.000090e+00	-6.976227e+01
9.010090e+00	-6.716333e+01
9.020090e+00	-7.491872e+01
9.030090e+00	-6.473081e+01
9.040090e+00	-7.089195e+01
9.050091e+00	-7.075042e+01
9.060091e+00	-7.788773e+01
9.070091e+00	-6.760619e+01
9.080091e+00	-7.092701e+01
9.090091e+00	-7.503943e+01
9.100091e+00	-7.106314e+01
9.110091e+00	-6.630738e+01
9.120091e+00	-7.825622e+01
9.130091e+00	-9.198455e+01
9.140091e+00	-6.912953e+01
9.150092e+00	-7.574720e+01
9.160092e+00	-7.312694e+01
9.170092e+00	-7.324818e+01
9.180092e+00	-7.627755e+01
9.190092e+00	-6.818910e+01
9.200092e+00	-6.474576e+01
9.210092e+00	-6.868197e+01
9.220092e+00	-6.913670e+01
9.230092e+00	-6.396658e+01
9.240092e+00	-6.461063e+01
9.250093e+00	-7.145925e+01
9.260093e+00	-8.064556e+01
9.270093e+00	-7.236926e+01
9.280093e+00	-7.094162e+01
9.290093e+00	-6.720937e+01
9.300093e+00	-7.371871e+01
9.310093e+00	-7.369163e+01
9.320093e+00	-6.889263e+01
9.330093e+00	-7.393958e+01
9.340093e+00	-7.089069e+01
9.350094e+00	-7.651699e+01
9.360094e+00	-7.513052e+01
9.370094e+00	-6.728795e+01
9.380094e+00	-6.982730e+01
9.390094e+00	-7.200786e+01
9.400094e+00	-7.783257e+01
9.410094e+00	-7.391819e+01
9.420094e+00	-7.580491e+01
9.430094e+00	-7.945094e+01
9.440094e+00	-7.540209e+01
9.450095e+00	-7.423208e+01
9.460095e+00	-7.841543e+01
9.470095e+00	-7.616754e+01
9.480095e+00	-7.767630e+01
9.490095e+00	-7.286742e+01
9.500095e+00	-9.178946e+01
9.510095e+00	-7.817932e+01
9.520095e+00	-7.209612e+01
9.530095e+00	-7.530612e+01
9.540095e+00	-7.841184e+01
9.550096e+00	-8.987502e+01
9.560096e+00	-7.444629e+01
9.570096e+00	-9.443388e+01
9.580096e+00	-8.577443e+01
9.590096e+00	-7.880078e+01
9.600096e+00	-8.212107e+01
9.610096e+00	-8.124147e+01
9.620096e+00	-8.690934e+01
9.630096e+00	-8.771234e+01
9.640096e+00	-8.457494e+01
9.650097e+00	-8.568445e+01
9.660097e+00	-8.209445e+01
9.670097e+00	-8.556008e+01
9.680097e+00	-8.752650e+01
9.690097e+00	-8.825028e+01
9.700097e+00	-7.934610e+01
9.710097e+00	-8.246524e+01
9.720097e+00	-8.798202e+01
9.730097e+00	-7.839766e+01
9.740097e+00	-7.643780e+01
9.750098e+00	-8.277460e+01
9.760098e+00	-7.380726e+01
9.770098e+00	-7.580816e+01
9.780098e+00	-8.115893e+01
9.790098e+00	-8.460038e+01
9.800098e+00	-7.326397e+01
9.810098e+00	-7.260662e+01
9.820098e+00	-7.215639e+01
9.830098e+00	-7.173016e+01
9.840098e+00	-7.169583e+01
9.850099e+00	-7.557797e+01
9.860099e+00	-6.974248e+01
9.870099e+00	-7.839419e+01
9.880099e+00	-7.258785e+01
9.890099e+00	-7.313642e+01
9.900099e+00	-7.664899e+01
9.910099e+00	-7.136571e+01
9.920099e+00	-6.904381e+01
9.930099e+00	-7.125075e+01
9.940099e+00	-7.558530e+01
9.950100e+00	-6.937023e+01
9.960100e+00	-7.338628e+01
9.970100e+00	-7.958719e+01
9.980100e+00	-7.766558e+01
9.990100e+00	-8.185770e+01
1.000010e+01	-8.498804e+01
1.001010e+01	-6.923366e+01
1.002010e+01	-7.471199e+01
1.003010e+01	-7.376545e+01
1.004010e+01	-7.161067e+01
1.005010e+01	-7.369537e+01
1.006010e+01	-7.062296e+01
1.007010e+01	-6.982741e+01
1.008010e+01	-7.385982e+01
1.009010e+01	-6.677315e+01
1.010010e+01	-8.041626e+01
1.011010e+01	-7.507639e+01
1.012010e+01	-8.158066e+01
1.013010e+01	-6.621264e+01
1.014010e+01	-7.206860e+01
1.015010e+01	-7.408758e+01
1.016010e+01	-6.813247e+01
1.017010e+01	-6.847751e+01
1.018010e+01	-7.087443e+01
1.019010e+01	-6.844486e+01
1.020010e+01	-7.389323e+01
1.021010e+01	-7.487904e+01
1.022010e+01	-6.505101e+01
1.023010e+01	-8.138049e+01
1.024010e+01	-7.413198e+01
1.025010e+01	-7.074469e+01
1.026010e+01	-7.179590e+01
1.027010e+01	-7.002294e+01
1.028010e+01	-7.366909e+01
1.029010e+01	-7.666451e+01
1.030010e+01	-7.479490e+01
1.031010e+01	-7.940419e+01
1.032010e+01	-6.856337e+01
1.033010e+01	-7.875657e+01
1.034010e+01	-7.195607e+01
1.035010e+01	-7.554369e+01
1.036010e+01	-7.769939e+01
1.037010e+01	-8.393719e+01
1.038010e+01	-7.545736e+01
1.039010e+01	-8.100402e+01
1.040010e+01	-7.119474e+01
1.041010e+01	-7.851698e+01
1.042010e+01	-7.898371e+01
1.043010e+01	-7.733269e+01
1.044010e+01	-7.726392e+01
1.045010e+01	-7.573406e+01
1.046010e+01	-7.990507e+01
1.047010e+01	-7.541114e+01
1.048010e+01	-7.724534e+01
1.049010e+01	-8.108945e+01
1.050011e+01	-8.112238e+01
1.051011e+01	-7.866366e+01
1.052011e+01	-8.418739e+01
1.053011e+01	-7.836056e+01
1.054011e+01	-7.943744e+01
1.055011e+01	-8.775906e+01
1.056011e+01	-7.955435e+01
1.057011e+01	-8.333586e+01
1.058011e+01	-8.058980e+01
1.059011e+01	-9.126211e+01
1.060011e+01	-8.253425e+01
1.061011e+01	-8.701216e+01
1.062011e+01	-8.778932e+01
1.063011e+01	-8.567633e+01
1.064011e+01	-8.650805e+01
1.065011e+01	-8.529999e+01
1.066011e+01	-7.804329e+01
1.067011e+01	-8.439938e+01
1.068011e+01	-8.028494e+01
1.069011e+01	-8.343039e+01
1.070011e+01	-8.942287e+01
1.071011e+01	-7.709459e+01
1.072011e+01	-8.487036e+01
1.073011e+01	-7.872630e+01
1.074011e+01	-8.197549e+01
1.075011e+01	-8.227258e+01
1.076011e+01	-8.365411e+01
1.077011e+01	-7.823928e+01
1.078011e+01	-7.725629e+01
1.079011e+01	-7.156796e+01
1.080011e+01	-7.000903e+01
1.081011e+01	-7.792782e+01
1.082011e+01	-7.557830e+01
1.083011e+01	-7.998753e+01
1.084011e+01	-7.577187e+01
1.085011e+01	-7.558924e+01
1.086011e+01	-7.164199e+01
1.087011e+01	-7.246706e+01
1.088011e+01	-7.081127e+01
1.089011e+01	-7.530811e+01
1.090011e+01	-8.129126e+01
1.091011e+01	-7.602509e+01
1.092011e+01	-7.655097e+01
1.093011e+01	-6.907335e+01
1.094011e+01	-7.195196e+01
1.095011e+01	-8.821185e+01
1.096011e+01	-7.086960e+01
1.097011e+01	-7.676446e+01
1.098011e+01	-7.788308e+01
1.099011e+01	-6.754999e+01
1.100011e+01	-7.253883e+01
1.101011e+01	-8.253177e+01
1.102011e+01	-7.306172e+01
1.103011e+01	-6.609592e+01
1.104011e+01	-6.559250e+01
1.105011e+01	-7.075118e+01
1.106011e+01	-7.239585e+01
1.107011e+01	-7.432057e+01
1.108011e+01	-7.002703e+01
1.109011e+01	-7.156951e+01
1.110011e+01	-7.935343e+01
1.111011e+01	-7.854147e+01
1.112011e+01	-8.403871e+01
1.113011e+01	-7.209643e+01
1.114011e+01	-7.257836e+01
1.115011e+01	-8.012578e+01
1.116011e+01	-7.498808e+01
1.117011e+01	-7.677402e+01
1.118011e+01	-7.056305e+01
1.119011e+01	-6.726268e+01
1.120011e+01	-8.414679e+01
1.121011e+01	-8.302688e+01
1.122011e+01	-6.918274e+01
1.123011e+01	-6.641717e+01
1.124011e+01	-7.061447e+01
1.125011e+01	-7.364691e+01
1.126011e+01	-7.314784e+01
1.127011e+01	-6.850616e+01
1.128011e+01	-7.030755e+01
1.129011e+01	-8.328473e+01
1.130011e+01	-6.966311e+01
1.131011e+01	-7.201078e+01
1.132011e+01	-7.633938e+01
1.133011e+01	-7.827127e+01
1.134011e+01	-8.915551e+01
1.135011e+01	-7.131458e+01
1.136011e+01	-7.565979e+01
1.137011e+01	-7.044693e+01
1.138011e+01	-7.078135e+01
1.139011e+01	-7.925015e+01
1.140011e+01	-7.682357e+01
1.141011e+01	-8.959785e+01
1.142011e+01	-7.352870e+01
1.143011e+01	-7.580829e+01
1.144011e+01	-9.558829e+01
1.145011e+01	-1.055423e+02
1.146011e+01	-7.738751e+01
1.147011e+01	-7.565123e+01
1.148011e+01	-7.741600e+01
1.149011e+01	-7.277057e+01
1.150012e+01	-7.847342e+01
1.151012e+01	-7.738605e+01
1.152012e+01	-9.647089e+01
1.153012e+01	-7.773041e+01
1.154012e+01	-8.664693e+01
1.155012e+01	-8.331584e+01
1.156012e+01	-9.515380e+01
1.157012e+01	-8.703563e+01
1.158012e+01	-8.487241e+01
1.159012e+01	-8.575449e+01
1.160012e+01	-8.496650e+01
1.161012e+01	-8.745457e+01
1.162012e+01	-8.462566e+01
1.163012e+01	-8.144108e+01
1.164012e+01	-8.375963e+01
1.165012e+01	-8.203958e+01
1.166012e+01	-8.370169e+01
1.167012e+01	-8.009183e+01
1.168012e+01	-7.689061e+01
1.169012e+01	-8.337916e+01
1.170012e+01	-8.707449e+01
1.171012e+01	-7.690412e+01
1.172012e+01	-8.062080e+01
1.173012e+01	-7.777662e+01
1.174012e+01	-7.769448e+01
1.175012e+01	-8.066600e+01
1.176012e+01	-7.632001e+01
1.177012e+01	-7.602430e+01
1.178012e+01	-7.725264e+01
1.179012e+01	-8.019930e+01
1.180012e+01	-8.699379e+01
1.181012e+01	-7.583959e+01
1.182012e+01	-8.409566e+01
1.183012e+01	-7.859625e+01
1.184012e+01	-6.830407e+01
1.185012e+01	-8.577547e+01
1.186012e+01	-7.364668e+01
1.187012e+01	-7.336387e+01
1.188012e+01	-7.988697e+01
1.189012e+01	-7.481923e+01
1.190012e+01	-7.749082e+01
1.191012e+01	-6.666271e+01
1.192012e+01	-7.848190e+01
1.193012e+01	-6.968290e+01
1.194012e+01	-7.151369e+01
1.195012e+01	-8.342239e+01
1.196012e+01	-7.143992e+01
1.197012e+01	-7.648587e+01
1.198012e+01	-8.030076e+01
1.199012e+01	-6.770435e+01
1.200012e+01	-8.192426e+01
1.201012e+01	-7.416852e+01
1.202012e+01	-6.411230e+01
1.203012e+01	-7.457452e+01
1.204012e+01	-7.135772e+01
1.205012e+01	-7.120687e+01
1.206012e+01	-8.199175e+01
1.207012e+01	-6.911957e+01
1.208012e+01	-6.749867e+01
1.209012e+01	-7.028795e+01
1.210012e+01	-7.392129e+01
1.211012e+01	-7.239030e+01
1.212012e+01	-7.050064e+01
1.213012e+01	-8.282267e+01
1.214012e+01	-7.095550e+01
1.215012e+01	-7.572018e+01
1.216012e+01	-8.162076e+01
1.217012e+01	-8.490555e+01
1.218012e+01	-9.209328e+01
1.219012e+01	-7.657278e+01
1.220012e+01	-7.024332e+01
1.221012e+01	-7.585931e+01
1.222012e+01	-7.536347e+01
1.223012e+01	-7.505386e+01
1.224012e+01	-7.895582e+01
1.225012e+01	-7.273886e+01
1.226012e+01	-7.292130e+01
1.227012e+01	-7.249000e+01
1.228012e+01	-7.687890e+01
1.229012e+01	-6.908080e+01
1.230012e+01	-7.727904e+01
1.231012e+01	-7.146936e+01
1.232012e+01	-7.403894e+01
1.233012e+01	-7.414203e+01
1.234012e+01	-7.431107e+01
1.235012e+01	-8.171615e+01
1.236012e+01	-7.468688e+01
1.237012e+01	-7.641918e+01
1.238012e+01	-7.581459e+01
1.239012e+01	-7.725355e+01
1.240012e+01	-9.191899e+01
1.241012e+01	-8.182893e+01
1.242012e+01	-7.407701e+01
1.243012e+01	-8.325330e+01
1.244012e+01	-8.274682e+01
1.245012e+01	-7.364479e+01
1.246012e+01	-7.958244e+01
1.247012e+01	-7.604966e+01
1.248012e+01	-7.844939e+01
1.249012e+01	-7.938717e+01
1.250013e+01	-8.071563e+01
1.251013e+01	-7.902358e+01
1.252013e+01	-1.022560e+02
1.253013e+01	-8.234114e+01
1.254013e+01	-8.667377e+01
1.255013e+01	-8.388683e+01
1.256013e+01	-8.734470e+01
1.257013e+01	-8.583799e+01
1.258013e+01	-8.597556e+01
1.259013e+01	-8.549094e+01
1.260013e+01	-8.188462e+01
1.261013e+01	-8.981580e+01
1.262013e+01	-8.279815e+01
1.263013e+01	-8.278455e+01
1.264013e+01	-8.499755e+01
1.265013e+01	-8.825996e+01
1.266013e+01	-7.835084e+01
1.267013e+01	-7.307071e+01
1.268013e+01	-8.001947e+01
1.269013e+01	-7.765216e+01
1.270013e+01	-7.448569e+01
1.271013e+01	-7.614016e+01
1.272013e+01	-7.682036e+01
1.273013e+01	-7.326622e+01
1.274013e+01	-7.578722e+01
1.275013e+01	-9.090774e+01
1.276013e+01	-8.901850e+01
1.277013e+01	-7.489641e+01
1.278013e+01	-7.537551e+01
1.279013e+01	-7.758296e+01
1.280013e+01	-7.217109e+01
1.281013e+01	-7.328330e+01
1.282013e+01	-7.290840e+01
1.283013e+01	-7.726515e+01
1.284013e+01	-8.757934e+01
1.285013e+01	-7.122774e+01
1.286013e+01	-7.614069e+01
1.287013e+01	-8.268061e+01
1.288013e+01	-7.251154e+01
1.289013e+01	-7.066237e+01
1.290013e+01	-7.892574e+01
1.291013e+01	-7.017558e+01
1.292013e+01	-7.948613e+01
1.293013e+01	-7.162917e+01
1.294013e+01	-7.045172e+01
1.295013e+01	-7.110715e+01
1.296013e+01	-7.466541e+01
1.297013e+01	-7.103467e+01
1.298013e+01	-7.023434e+01
1.299013e+01	-6.962251e+01
1.300013e+01	-7.442417e+01
1.301013e+01	-6.776966e+01
1.302013e+01	-7.409289e+01
1.303013e+01	-7.733320e+01
1.304013e+01	-6.726327e+01
1.305013e+01	-7.423168e+01
1.306013e+01	-7.220023e+01
1.307013e+01	-7.196610e+01
1.308013e+01	-7.342940e+01
1.309013e+01	-7.325954e+01
1.310013e+01	-7.335568e+01
1.311013e+01	-7.366664e+01
1.312013e+01	-7.593932e+01
1.313013e+01	-6.987186e+01
1.314013e+01	-7.039415e+01
1.315013e+01	-7.394297e+01
1.316013e+01	-6.668653e+01
1.317013e+01	-7.509679e+01
1.318013e+01	-7.254682e+01
1.319013e+01	-7.568384e+01
1.320013e+01	-7.273561e+01
1.321013e+01	-9.249590e+01
1.322013e+01	-7.348727e+01
1.323013e+01	-7.376234e+01
1.324013e+01	-7.633490e+01
1.325013e+01	-8.475931e+01
1.326013e+01	-7.351794e+01
1.327013e+01	-7.262872e+01
1.328013e+01	-7.502243e+01
1.329013e+01	-8.039251e+01
1.330013e+01	-7.098140e+01
1.331013e+01	-7.610997e+01
1.332013e+01	-8.680901e+01
1.333013e+01	-7.694170e+01
1.334013e+01	-1.013190e+02
1.335013e+01	-8.106933e+01
1.336013e+01	-7.738379e+01
1.337013e+01	-8.205873e+01
1.338013e+01	-7.702514e+01
1.339013e+01	-7.566298e+01
1.340013e+01	-7.693904e+01
1.341013e+01	-8.696683e+01
1.342013e+01	-8.748666e+01
1.343013e+01	-9.354158e+01
1.344013e+01	-7.725343e+01
1.345013e+01	-8.056670e+01
1.346013e+01	-7.755024e+01
1.347013e+01	-9.180509e+01
1.348013e+01	-9.205758e+01
1.349013e+01	-8.265748e+01
1.350014e+01	-8.750213e+01
1.351014e+01	-8.605683e+01
1.352014e+01	-8.537418e+01
1.353014e+01	-8.524088e+01
1.354014e+01	-8.550108e+01
1.355014e+01	-8.665163e+01
1.356014e+01	-8.180937e+01
1.357014e+01	-8.290092e+01
1.358014e+01	-9.241218e+01
1.359014e+01	-7.988645e+01
1.360014e+01	-8.148472e+01
1.361014e+01	-9.553660e+01
1.362014e+01	-7.920069e+01
1.363014e+01	-8.486763e+01
1.364014e+01	-8.031655e+01
1.365014e+01	-7.643177e+01
1.366014e+01	-9.160874e+01
1.367014e+01	-7.221856e+01
1.368014e+01	-8.100939e+01
1.369014e+01	-7.472493e+01
1.370014e+01	-7.065280e+01
1.371014e+01	-8.058360e+01
1.372014e+01	-7.300766e+01
1.373014e+01	-8.802111e+01
1.374014e+01	-7.629893e+01
1.375014e+01	-7.748540e+01
1.376014e+01	-7.795969e+01
1.377014e+01	-7.512720e+01
1.378014e+01	-7.739602e+01
1.379014e+01	-8.291586e+01
1.380014e+01	-8.067218e+01
1.381014e+01	-8.931378e+01
1.382014e+01	-7.587632e+01
1.383014e+01	-7.310763e+01
1.384014e+01	-8.069542e+01
1.385014e+01	-7.366731e+01
1.386014e+01	-7.689774e+01
1.387014e+01	-8.552373e+01
1.388014e+01	-7.972265e+01
1.389014e+01	-7.265092e+01
1.390014e+01	-7.421074e+01
1.391014e+01	-7.846962e+01
1.392014e+01	-7.277681e+01
1.393014e+01	-7.434541e+01
1.394014e+01	-7.023065e+01
1.395014e+01	-7.593387e+01
1.396014e+01	-6.964896e+01
1.397014e+01	-6.860635e+01
1.398014e+01	-7.245889e+01
1.399014e+01	-7.569199e+01
1.400014e+01	-6.821340e+01
1.401014e+01	-9.329704e+01
1.402014e+01	-6.728268e+01
1.403014e+01	-6.928582e+01
1.404014e+01	-7.883054e+01
1.405014e+01	-7.086464e+01
1.406014e+01	-6.539892e+01
1.407014e+01	-6.929412e+01
1.408014e+01	-7.616292e+01
1.409014e+01	-7.587047e+01
1.410014e+01	-7.122689e+01
1.411014e+01	-7.800775e+01
1.412014e+01	-8.390094e+01
1.413014e+01	-7.469553e+01
1.414014e+01	-7.481604e+01
1.415014e+01	-7.868945e+01
1.416014e+01	-7.088408e+01
1.417014e+01	-6.881402e+01
1.418014e+01	-8.647363e+01
1.419014e+01	-7.985425e+01
1.420014e+01	-7.978245e+01
1.421014e+01	-8.500297e+01
1.422014e+01	-6.702368e+01
1.423014e+01	-7.522657e+01
1.424014e+01	-7.653943e+01
1.425014e+01	-9.652718e+01
1.426014e+01	-7.283788e+01
1.427014e+01	-7.442937e+01
1.428014e+01	-7.882464e+01
1.429014e+01	-7.111818e+01
1.430014e+01	-7.165753e+01
1.431014e+01	-7.684673e+01
1.432014e+01	-8.485295e+01
1.433014e+01	-7.891333e+01
1.434014e+01	-7.839879e+01
1.435014e+01	-8.406902e+01
1.436014e+01	-8.080244e+01
1.437014e+01	-7.403810e+01
1.438014e+01	-7.757272e+01
1.439014e+01	-8.145489e+01
1.440014e+01	-8.173406e+01
1.441014e+01	-7.501946e+01
1.442014e+01	-9.162551e+01
1.443014e+01	-7.835894e+01
1.444014e+01	-8.232644e+01
1.445014e+01	-8.744475e+01
1.446014e+01	-8.365453e+01
1.447014e+01	-8.016989e+01
1.448014e+01	-8.915571e+01
1.449014e+01	-8.764155e+01
1.450015e+01	-8.630727e+01
1.451015e+01	-8.376316e+01
1.452015e+01	-8.673286e+01
1.453015e+01	-8.562241e+01
1.454015e+01	-8.495537e+01
1.455015e+01	-8.305377e+01
1.456015e+01	-8.253644e+01
1.457015e+01	-8.208929e+01
1.458015e+01	-7.949343e+01
1.459015e+01	-8.205602e+01
1.460015e+01	-8.071588e+01
1.461015e+01	-8.340912e+01
1.462015e+01	-7.364432e+01
1.463015e+01	-8.320886e+01
1.464015e+01	-7.734048e+01
1.465015e+01	-7.526626e+01
1.466015e+01	-8.273774e+01
1.467015e+01	-9.851324e+01
1.468015e+01	-8.110150e+01
1.469015e+01	-8.240594e+01
1.470015e+01	-8.202023e+01
1.471015e+01	-8.820313e+01
1.472015e+01	-7.474535e+01
1.473015e+01	-7.840932e+01
1.474015e+01	-7.248488e+01
1.475015e+01	-7.798134e+01
1.476015e+01	-9.445518e+01
1.477015e+01	-7.781586e+01
1.478015e+01	-6.942899e+01
1.479015e+01	-7.248378e+01
1.480015e+01	-8.907468e+01
1.481015e+01	-7.451102e+01
1.482015e+01	-7.241115e+01
1.483015e+01	-8.023081e+01
1.484015e+01	-7.957443e+01
1.485015e+01	-7.434725e+01
1.486015e+01	-7.481028e+01
1.487015e+01	-7.939093e+01
1.488015e+01	-7.891651e+01
1.489015e+01	-6.947218e+01
1.490015e+01	-7.904189e+01
1.491015e+01	-7.837351e+01
1.492015e+01	-7.374420e+01
1.493015e+01	-8.269875e+01
1.494015e+01	-7.593227e+01
1.495015e+01	-7.283821e+01
1.496015e+01	-7.011391e+01
1.497015e+01	-8.194751e+01
1.498015e+01	-7.153558e+01
1.499015e+01	-6.557724e+01
