0.000000e+00	1.559164e+01
1.000010e-02	4.704518e-01
2.000020e-02	1.404601e+01
3.000030e-02	8.983107e+00
4.000040e-02	1.220687e+01
5.000050e-02	1.675286e+01
6.000060e-02	9.742911e+00
7.000070e-02	1.534426e+01
8.000080e-02	2.006739e+01
9.000090e-02	1.560772e+01
1.000010e-01	2.249112e+01
1.100011e-01	1.806114e+01
1.200012e-01	2.384685e+01
1.300013e-01	2.313258e+01
1.400014e-01	2.173114e+01
1.500015e-01	2.514340e+01
1.600016e-01	2.239146e+01
1.700017e-01	2.684661e+01
1.800018e-01	2.570983e+01
1.900019e-01	2.563947e+01
2.000020e-01	2.891217e+01
2.100021e-01	2.545961e+01
2.200022e-01	2.855997e+01
2.300023e-01	2.849793e+01
2.400024e-01	2.768204e+01
2.500025e-01	2.871209e+01
2.600026e-01	2.840679e+01
2.700027e-01	2.781972e+01
2.800028e-01	2.873853e+01
2.900029e-01	2.790556e+01
3.000030e-01	2.829465e+01
3.100031e-01	2.790386e+01
3.200032e-01	2.749164e+01
3.300033e-01	2.845728e+01
3.400034e-01	2.747686e+01
3.500035e-01	2.766263e+01
3.600036e-01	2.790909e+01
3.700037e-01	2.735480e+01
3.800038e-01	2.754251e+01
3.900039e-01	2.732633e+01
4.000040e-01	2.726200e+01
4.100041e-01	2.708635e+01
4.200042e-01	2.709308e+01
4.300043e-01	2.677567e+01
4.400044e-01	2.701111e+01
4.500045e-01	2.708444e+01
4.600046e-01	2.681570e+01
4.700047e-01	2.700653e+01
4.800048e-01	2.691387e+01
4.900049e-01	2.705627e+01
5.000050e-01	2.642891e+01
5.100051e-01	2.690818e+01
5.200052e-01	2.654094e+01
5.300053e-01	2.627163e+01
5.400054e-01	2.608379e+01
5.500055e-01	2.571650e+01
5.600056e-01	2.395971e+01
5.700057e-01	2.569398e+01
5.800058e-01	2.560359e+01
5.900059e-01	2.521064e+01
6.000060e-01	2.519133e+01
6.100061e-01	2.489272e+01
6.200062e-01	2.480080e+01
6.300063e-01	2.436266e+01
6.400064e-01	2.427218e+01
6.500065e-01	2.400348e+01
6.600066e-01	2.369083e+01
6.700067e-01	2.335161e+01
6.800068e-01	2.275009e+01
6.900069e-01	2.279727e+01
7.000070e-01	2.208742e+01
7.100071e-01	2.175611e+01
7.200072e-01	2.115945e+01
7.300073e-01	2.090841e+01
7.400074e-01	2.040501e+01
7.500075e-01	1.892223e+01
7.600076e-01	1.923868e+01
7.700077e-01	1.928398e+01
7.800078e-01	1.862758e+01
7.900079e-01	1.846624e+01
8.000080e-01	1.796283e+01
8.100081e-01	1.748739e+01
8.200082e-01	1.709169e+01
8.300083e-01	1.668909e+01
8.400084e-01	1.640597e+01
8.500085e-01	1.589605e+01
8.600086e-01	1.559548e+01
8.700087e-01	1.525533e+01
8.800088e-01	1.504299e+01
8.900089e-01	1.460025e+01
9.000090e-01	1.424312e+01
9.100091e-01	1.385580e+01
9.200092e-01	1.338778e+01
9.300093e-01	1.314887e+01
9.400094e-01	1.275319e+01
9.500095e-01	1.221949e+01
9.600096e-01	1.168250e+01
9.700097e-01	1.102116e+01
9.800098e-01	1.035475e+01
9.900099e-01	9.391436e+00
1.000010e+00	9.481014e+00
1.010010e+00	9.255773e+00
1.020010e+00	8.707601e+00
1.030010e+00	8.331050e+00
1.040010e+00	7.841332e+00
1.050011e+00	7.258348e+00
1.060011e+00	6.713136e+00
1.070011e+00	6.351858e+00
1.080011e+00	5.208791e+00
1.090011e+00	3.787393e+00
1.100011e+00	-2.397954e-01
1.110011e+00	2.287470e+00
1.120011e+00	2.689397e+00
1.130011e+00	2.209052e+00
1.140011e+00	2.057145e+00
1.150012e+00	7.159352e-01
1.160012e+00	-2.621362e+00
1.170012e+00	-1.961731e+00
1.180012e+00	1.662050e-01
1.190012e+00	2.386141e-01
1.200012e+00	-2.287377e-01
1.210012e+00	-2.370456e+00
1.220012e+00	-1.401912e+00
1.230012e+00	-3.096309e+00
1.240012e+00	-1.573769e+00
1.250013e+00	-2.252923e+00
1.260013e+00	-2.652136e+00
1.270013e+00	-3.651494e+00
1.280013e+00	-4.080198e+00
1.290013e+00	-5.282247e+00
1.300013e+00	-5.099086e+00
1.310013e+00	-5.422312e+00
1.320013e+00	-8.824625e+00
1.330013e+00	-7.293093e+00
1.340013e+00	-8.491532e+00
1.350014e+00	-9.768066e+00
1.360014e+00	-9.942029e+00
1.370014e+00	-9.868716e+00
1.380014e+00	-1.123484e+01
1.390014e+00	-1.142079e+01
1.400014e+00	-1.421320e+01
1.410014e+00	-1.777234e+01
1.420014e+00	-1.670724e+01
1.430014e+00	-1.652125e+01
1.440014e+00	-1.693924e+01
1.450015e+00	-1.731695e+01
1.460015e+00	-1.870876e+01
1.470015e+00	-1.916081e+01
1.480015e+00	-2.031494e+01
1.490015e+00	-2.170704e+01
1.500015e+00	-2.201876e+01
1.510015e+00	-2.446795e+01
1.520015e+00	-2.342676e+01
1.530015e+00	-2.410453e+01
1.540015e+00	-2.480740e+01
1.550016e+00	-2.754130e+01
1.560016e+00	-2.788448e+01
1.570016e+00	-2.872251e+01
1.580016e+00	-2.952145e+01
1.590016e+00	-3.213423e+01
1.600016e+00	-3.525999e+01
1.610016e+00	-3.374004e+01
1.620016e+00	-3.790112e+01
1.630016e+00	-3.676141e+01
1.640016e+00	-4.155919e+01
1.650017e+00	-4.544982e+01
1.660017e+00	-4.986789e+01
1.670017e+00	-5.875343e+01
1.680017e+00	-7.854012e+01
1.690017e+00	-6.334972e+01
1.700017e+00	-5.385126e+01
1.710017e+00	-5.077535e+01
1.720017e+00	-5.219160e+01
1.730017e+00	-5.345296e+01
1.740017e+00	-4.646646e+01
1.750018e+00	-4.588603e+01
1.760018e+00	-4.629225e+01
1.770018e+00	-4.469342e+01
1.780018e+00	-4.237650e+01
1.790018e+00	-4.389354e+01
1.800018e+00	-4.176727e+01
1.810018e+00	-3.967541e+01
1.820018e+00	-3.904560e+01
1.830018e+00	-3.791310e+01
1.840018e+00	-3.928407e+01
1.850019e+00	-3.796322e+01
1.860019e+00	-4.268304e+01
1.870019e+00	-4.028099e+01
1.880019e+00	-4.100876e+01
1.890019e+00	-4.001748e+01
1.900019e+00	-3.799070e+01
1.910019e+00	-3.882924e+01
1.920019e+00	-3.958719e+01
1.930019e+00	-4.255986e+01
1.940019e+00	-4.003639e+01
1.950020e+00	-4.107300e+01
1.960020e+00	-4.396163e+01
1.970020e+00	-4.630630e+01
1.980020e+00	-4.721194e+01
1.990020e+00	-5.605971e+01
2.000020e+00	-4.323957e+01
2.010020e+00	-4.614266e+01
2.020020e+00	-3.951528e+01
2.030020e+00	-3.998657e+01
2.040020e+00	-4.384002e+01
2.050021e+00	-4.733726e+01
2.060021e+00	-3.917492e+01
2.070021e+00	-3.449570e+01
2.080021e+00	-4.032982e+01
2.090021e+00	-4.105366e+01
2.100021e+00	-4.634547e+01
2.110021e+00	-4.610652e+01
2.120021e+00	-4.024607e+01
2.130021e+00	-4.519342e+01
2.140021e+00	-3.949916e+01
2.150022e+00	-5.922063e+01
2.160022e+00	-4.378392e+01
2.170022e+00	-4.395722e+01
2.180022e+00	-4.801040e+01
2.190022e+00	-5.837545e+01
2.200022e+00	-4.540301e+01
2.210022e+00	-4.226306e+01
2.220022e+00	-4.550255e+01
2.230022e+00	-5.009246e+01
2.240022e+00	-4.189589e+01
2.250023e+00	-4.635378e+01
2.260023e+00	-4.710158e+01
2.270023e+00	-5.053307e+01
2.280023e+00	-4.871724e+01
2.290023e+00	-5.195155e+01
2.300023e+00	-5.261781e+01
2.310023e+00	-5.654878e+01
2.320023e+00	-5.476166e+01
2.330023e+00	-4.821930e+01
2.340023e+00	-4.311017e+01
2.350024e+00	-4.769077e+01
2.360024e+00	-4.623956e+01
2.370024e+00	-5.407295e+01
2.380024e+00	-4.413149e+01
2.390024e+00	-4.264884e+01
2.400024e+00	-5.078705e+01
2.410024e+00	-5.189232e+01
2.420024e+00	-5.487624e+01
2.430024e+00	-3.932719e+01
2.440024e+00	-4.114160e+01
2.450025e+00	-4.623831e+01
2.460025e+00	-5.894833e+01
2.470025e+00	-5.424986e+01
2.480025e+00	-5.392504e+01
2.490025e+00	-5.033698e+01
2.500025e+00	-4.930882e+01
2.510025e+00	-4.395724e+01
2.520025e+00	-4.795625e+01
2.530025e+00	-4.527487e+01
2.540025e+00	-5.381695e+01
2.550026e+00	-5.078527e+01
2.560026e+00	-5.370462e+01
2.570026e+00	-4.930747e+01
2.580026e+00	-5.320244e+01
2.590026e+00	-5.611675e+01
2.600026e+00	-5.533686e+01
2.610026e+00	-6.933891e+01
2.620026e+00	-5.815737e+01
2.630026e+00	-5.714409e+01
2.640026e+00	-6.225747e+01
2.650027e+00	-5.556188e+01
2.660027e+00	-5.853270e+01
2.670027e+00	-6.450691e+01
2.680027e+00	-6.126092e+01
2.690027e+00	-6.327907e+01
2.700027e+00	-7.105954e+01
2.710027e+00	-6.633154e+01
2.720027e+00	-6.862273e+01
2.730027e+00	-8.313513e+01
2.740027e+00	-8.334404e+01
2.750028e+00	-8.878770e+01
2.760028e+00	-8.246485e+01
2.770028e+00	-7.196985e+01
2.780028e+00	-7.160212e+01
2.790028e+00	-6.952901e+01
2.800028e+00	-7.075883e+01
2.810028e+00	-7.110786e+01
2.820028e+00	-5.997501e+01
2.830028e+00	-6.130814e+01
2.840028e+00	-5.753033e+01
2.850029e+00	-6.054670e+01
2.860029e+00	-6.043036e+01
2.870029e+00	-6.044044e+01
2.880029e+00	-5.858658e+01
2.890029e+00	-6.348085e+01
2.900029e+00	-5.763853e+01
2.910029e+00	-6.326549e+01
2.920029e+00	-6.825036e+01
2.930029e+00	-5.798315e+01
2.940029e+00	-6.060682e+01
2.950030e+00	-6.216585e+01
2.960030e+00	-5.623662e+01
2.970030e+00	-6.110385e+01
2.980030e+00	-5.559674e+01
2.990030e+00	-6.063440e+01
3.000030e+00	-6.047718e+01
3.010030e+00	-5.704857e+01
3.020030e+00	-5.705832e+01
3.030030e+00	-5.737545e+01
3.040030e+00	-7.075464e+01
3.050031e+00	-6.701105e+01
3.060031e+00	-6.157645e+01
3.070031e+00	-6.305533e+01
3.080031e+00	-5.516992e+01
3.090031e+00	-5.909780e+01
3.100031e+00	-5.718303e+01
3.110031e+00	-5.389808e+01
3.120031e+00	-6.096076e+01
3.130031e+00	-7.104197e+01
3.140031e+00	-6.428982e+01
3.150032e+00	-5.894181e+01
3.160032e+00	-5.214263e+01
3.170032e+00	-5.204621e+01
3.180032e+00	-5.792859e+01
3.190032e+00	-5.150685e+01
3.200032e+00	-5.652079e+01
3.210032e+00	-6.283937e+01
3.220032e+00	-5.883638e+01
3.230032e+00	-6.729792e+01
3.240032e+00	-6.193942e+01
3.250033e+00	-5.445665e+01
3.260033e+00	-5.386570e+01
3.270033e+00	-5.868157e+01
3.280033e+00	-6.113682e+01
3.290033e+00	-5.524060e+01
3.300033e+00	-5.797423e+01
3.310033e+00	-6.007154e+01
3.320033e+00	-6.465345e+01
3.330033e+00	-5.771866e+01
3.340033e+00	-6.187015e+01
3.350034e+00	-6.657003e+01
3.360034e+00	-5.783097e+01
3.370034e+00	-5.937793e+01
3.380034e+00	-5.476619e+01
3.390034e+00	-5.629675e+01
3.400034e+00	-7.008093e+01
3.410034e+00	-6.315778e+01
3.420034e+00	-5.991255e+01
3.430034e+00	-6.562732e+01
3.440034e+00	-7.193455e+01
3.450035e+00	-6.343019e+01
3.460035e+00	-6.427675e+01
3.470035e+00	-6.119726e+01
3.480035e+00	-7.535999e+01
3.490035e+00	-6.591968e+01
3.500035e+00	-5.619451e+01
3.510035e+00	-6.057778e+01
3.520035e+00	-6.233872e+01
3.530035e+00	-7.116965e+01
3.540035e+00	-6.743693e+01
3.550036e+00	-6.907833e+01
3.560036e+00	-6.344307e+01
3.570036e+00	-8.046458e+01
3.580036e+00	-7.231583e+01
3.590036e+00	-7.549869e+01
3.600036e+00	-7.505257e+01
3.610036e+00	-6.376486e+01
3.620036e+00	-6.875464e+01
3.630036e+00	-6.770917e+01
3.640036e+00	-6.515680e+01
3.650037e+00	-7.805210e+01
3.660037e+00	-6.462218e+01
3.670037e+00	-7.296037e+01
3.680037e+00	-7.199858e+01
3.690037e+00	-8.673158e+01
3.700037e+00	-7.758471e+01
3.710037e+00	-6.832094e+01
3.720037e+00	-8.736185e+01
3.730037e+00	-7.837469e+01
3.740037e+00	-8.401716e+01
3.750038e+00	-8.686852e+01
3.760038e+00	-8.125450e+01
3.770038e+00	-8.432565e+01
3.780038e+00	-8.204872e+01
3.790038e+00	-7.339910e+01
3.800038e+00	-7.393544e+01
3.810038e+00	-7.507669e+01
3.820038e+00	-8.076095e+01
3.830038e+00	-9.078799e+01
3.840038e+00	-7.168642e+01
3.850039e+00	-7.191776e+01
3.860039e+00	-6.545883e+01
3.870039e+00	-7.098999e+01
3.880039e+00	-6.621102e+01
3.890039e+00	-6.338627e+01
3.900039e+00	-7.029161e+01
3.910039e+00	-6.149860e+01
3.920039e+00	-6.648515e+01
3.930039e+00	-6.902566e+01
3.940039e+00	-7.720499e+01
3.950040e+00	-9.020711e+01
3.960040e+00	-6.682516e+01
3.970040e+00	-7.989524e+01
3.980040e+00	-6.938848e+01
3.990040e+00	-8.781353e+01
4.000040e+00	-6.234451e+01
4.010040e+00	-7.249964e+01
4.020040e+00	-6.046042e+01
4.030040e+00	-6.638650e+01
4.040040e+00	-6.239949e+01
4.050041e+00	-6.962520e+01
4.060041e+00	-6.219170e+01
4.070041e+00	-5.899682e+01
4.080041e+00	-7.040793e+01
4.090041e+00	-5.739750e+01
4.100041e+00	-6.346387e+01
4.110041e+00	-6.490869e+01
4.120041e+00	-5.970921e+01
4.130041e+00	-5.938417e+01
4.140041e+00	-5.802986e+01
4.150042e+00	-6.240587e+01
4.160042e+00	-5.998210e+01
4.170042e+00	-6.319957e+01
4.180042e+00	-6.296318e+01
4.190042e+00	-6.055822e+01
4.200042e+00	-5.599531e+01
4.210042e+00	-5.823217e+01
4.220042e+00	-6.259197e+01
4.230042e+00	-5.881227e+01
4.240042e+00	-6.703935e+01
4.250043e+00	-6.108932e+01
4.260043e+00	-6.287159e+01
4.270043e+00	-5.717995e+01
4.280043e+00	-6.391495e+01
4.290043e+00	-6.025303e+01
4.300043e+00	-6.409277e+01
4.310043e+00	-5.662196e+01
4.320043e+00	-6.372233e+01
4.330043e+00	-5.462294e+01
4.340043e+00	-6.038351e+01
4.350044e+00	-7.141480e+01
4.360044e+00	-5.773071e+01
4.370044e+00	-7.648274e+01
4.380044e+00	-5.904940e+01
4.390044e+00	-6.534565e+01
4.400044e+00	-6.315227e+01
4.410044e+00	-7.145661e+01
4.420044e+00	-6.874473e+01
4.430044e+00	-6.612400e+01
4.440044e+00	-6.687190e+01
4.450045e+00	-6.630056e+01
4.460045e+00	-6.940959e+01
4.470045e+00	-6.192757e+01
4.480045e+00	-7.148555e+01
4.490045e+00	-6.060343e+01
4.500045e+00	-6.423291e+01
4.510045e+00	-7.746270e+01
4.520045e+00	-5.883822e+01
4.530045e+00	-6.653572e+01
4.540045e+00	-7.286676e+01
4.550046e+00	-6.379220e+01
4.560046e+00	-6.325170e+01
4.570046e+00	-6.774837e+01
4.580046e+00	-6.784699e+01
4.590046e+00	-6.661512e+01
4.600046e+00	-6.861273e+01
4.610046e+00	-6.835359e+01
4.620046e+00	-7.301274e+01
4.630046e+00	-7.598765e+01
4.640046e+00	-6.772155e+01
4.650047e+00	-7.771420e+01
4.660047e+00	-9.064052e+01
4.670047e+00	-7.983616e+01
4.680047e+00	-7.683323e+01
4.690047e+00	-7.891455e+01
4.700047e+00	-8.409473e+01
4.710047e+00	-8.736722e+01
4.720047e+00	-8.165905e+01
4.730047e+00	-8.620791e+01
4.740047e+00	-8.628282e+01
4.750048e+00	-9.860330e+01
4.760048e+00	-9.012485e+01
4.770048e+00	-8.707158e+01
4.780048e+00	-7.990263e+01
4.790048e+00	-8.599130e+01
4.800048e+00	-8.205255e+01
4.810048e+00	-7.450194e+01
4.820048e+00	-8.174586e+01
4.830048e+00	-7.626660e+01
4.840048e+00	-6.910685e+01
4.850049e+00	-7.305291e+01
4.860049e+00	-6.887021e+01
4.870049e+00	-6.581147e+01
4.880049e+00	-7.510040e+01
4.890049e+00	-7.033563e+01
4.900049e+00	-6.789660e+01
4.910049e+00	-6.936223e+01
4.920049e+00	-7.008338e+01
4.930049e+00	-6.492314e+01
4.940049e+00	-6.339250e+01
4.950050e+00	-6.200405e+01
4.960050e+00	-7.352196e+01
4.970050e+00	-6.684423e+01
4.980050e+00	-7.415651e+01
4.990050e+00	-6.144004e+01
5.000050e+00	-6.999596e+01
5.010050e+00	-6.248342e+01
5.020050e+00	-6.518075e+01
5.030050e+00	-6.988911e+01
5.040050e+00	-6.322843e+01
5.050051e+00	-6.391395e+01
5.060051e+00	-6.098399e+01
5.070051e+00	-6.746099e+01
5.080051e+00	-6.152255e+01
5.090051e+00	-6.647588e+01
5.100051e+00	-6.325827e+01
5.110051e+00	-6.635591e+01
5.120051e+00	-6.475545e+01
5.130051e+00	-6.070310e+01
5.140051e+00	-6.551248e+01
5.150052e+00	-6.261990e+01
5.160052e+00	-6.076452e+01
5.170052e+00	-6.062759e+01
5.180052e+00	-6.529237e+01
5.190052e+00	-5.911898e+01
5.200052e+00	-6.527695e+01
5.210052e+00	-6.374349e+01
5.220052e+00	-5.869063e+01
5.230052e+00	-6.229383e+01
5.240052e+00	-6.883700e+01
5.250053e+00	-6.053311e+01
5.260053e+00	-6.597299e+01
5.270053e+00	-7.137695e+01
5.280053e+00	-6.427694e+01
5.290053e+00	-7.117970e+01
5.300053e+00	-8.032723e+01
5.310053e+00	-6.544164e+01
5.320053e+00	-6.843305e+01
5.330053e+00	-6.732078e+01
5.340053e+00	-6.712531e+01
5.350054e+00	-6.420448e+01
5.360054e+00	-7.509913e+01
5.370054e+00	-6.399432e+01
5.380054e+00	-6.727918e+01
5.390054e+00	-7.560837e+01
5.400054e+00	-6.937373e+01
5.410054e+00	-6.719781e+01
5.420054e+00	-6.761932e+01
5.430054e+00	-6.372975e+01
5.440054e+00	-5.890721e+01
5.450055e+00	-7.182521e+01
5.460055e+00	-6.778124e+01
5.470055e+00	-6.615729e+01
5.480055e+00	-6.570018e+01
5.490055e+00	-8.229314e+01
5.500055e+00	-6.869194e+01
5.510055e+00	-7.185903e+01
5.520055e+00	-7.724578e+01
5.530055e+00	-6.476196e+01
5.540055e+00	-7.413860e+01
5.550056e+00	-7.148199e+01
5.560056e+00	-7.556496e+01
5.570056e+00	-7.112119e+01
5.580056e+00	-9.278513e+01
5.590056e+00	-7.393191e+01
5.600056e+00	-8.120763e+01
5.610056e+00	-7.466529e+01
5.620056e+00	-7.411461e+01
5.630056e+00	-7.988952e+01
5.640056e+00	-7.448503e+01
5.650057e+00	-7.549208e+01
5.660057e+00	-7.860796e+01
5.670057e+00	-7.473582e+01
5.680057e+00	-8.934319e+01
5.690057e+00	-7.808143e+01
5.700057e+00	-7.826807e+01
5.710057e+00	-8.421358e+01
5.720057e+00	-9.169938e+01
5.730057e+00	-8.837308e+01
5.740057e+00	-9.179212e+01
5.750058e+00	-8.030623e+01
5.760058e+00	-8.311525e+01
5.770058e+00	-8.385251e+01
5.780058e+00	-7.978737e+01
5.790058e+00	-8.845987e+01
5.800058e+00	-7.236208e+01
5.810058e+00	-8.390961e+01
5.820058e+00	-6.733889e+01
5.830058e+00	-7.752453e+01
5.840058e+00	-7.154251e+01
5.850059e+00	-7.514508e+01
5.860059e+00	-7.637153e+01
5.870059e+00	-8.051615e+01
5.880059e+00	-8.425431e+01
5.890059e+00	-6.785382e+01
5.900059e+00	-7.423116e+01
5.910059e+00	-6.913076e+01
5.920059e+00	-6.794114e+01
5.930059e+00	-6.513846e+01
5.940059e+00	-7.549368e+01
5.950060e+00	-6.555719e+01
5.960060e+00	-6.971717e+01
5.970060e+00	-7.011907e+01
5.980060e+00	-6.631304e+01
5.990060e+00	-7.633295e+01
6.000060e+00	-7.078315e+01
6.010060e+00	-7.064258e+01
6.020060e+00	-7.577178e+01
6.030060e+00	-7.652083e+01
6.040060e+00	-6.981432e+01
6.050061e+00	-7.232778e+01
6.060061e+00	-6.158785e+01
6.070061e+00	-7.192667e+01
6.080061e+00	-7.747732e+01
6.090061e+00	-6.357618e+01
6.100061e+00	-6.105220e+01
6.110061e+00	-6.244235e+01
6.120061e+00	-6.925356e+01
6.130061e+00	-6.281731e+01
6.140061e+00	-6.465802e+01
6.150062e+00	-7.459214e+01
6.160062e+00	-6.550628e+01
6.170062e+00	-6.560280e+01
6.180062e+00	-6.487683e+01
6.190062e+00	-6.986876e+01
6.200062e+00	-6.366731e+01
6.210062e+00	-6.519458e+01
6.220062e+00	-6.355891e+01
6.230062e+00	-6.746614e+01
6.240062e+00	-6.814441e+01
6.250063e+00	-6.891377e+01
6.260063e+00	-7.230063e+01
6.270063e+00	-6.277780e+01
6.280063e+00	-6.491100e+01
6.290063e+00	-6.425243e+01
6.300063e+00	-6.394695e+01
6.310063e+00	-7.142857e+01
6.320063e+00	-6.076615e+01
6.330063e+00	-6.798299e+01
6.340063e+00	-7.080996e+01
6.350064e+00	-6.247346e+01
6.360064e+00	-6.610230e+01
6.370064e+00	-6.000076e+01
6.380064e+00	-6.414820e+01
6.390064e+00	-6.683307e+01
6.400064e+00	-7.163720e+01
6.410064e+00	-7.687379e+01
6.420064e+00	-6.026175e+01
6.430064e+00	-7.063887e+01
6.440064e+00	-6.408800e+01
6.450065e+00	-6.661787e+01
6.460065e+00	-6.858122e+01
6.470065e+00	-6.465553e+01
6.480065e+00	-6.907876e+01
6.490065e+00	-7.538058e+01
6.500065e+00	-7.602303e+01
6.510065e+00	-7.449437e+01
6.520065e+00	-6.911101e+01
6.530065e+00	-7.438116e+01
6.540065e+00	-6.645340e+01
6.550066e+00	-8.478361e+01
6.560066e+00	-7.359866e+01
6.570066e+00	-7.247441e+01
6.580066e+00	-7.036953e+01
6.590066e+00	-7.069844e+01
6.600066e+00	-7.352107e+01
6.610066e+00	-7.177193e+01
6.620066e+00	-8.494910e+01
6.630066e+00	-8.177879e+01
6.640066e+00	-7.822072e+01
6.650067e+00	-8.309672e+01
6.660067e+00	-8.366957e+01
6.670067e+00	-8.134369e+01
6.680067e+00	-1.018523e+02
6.690067e+00	-8.856678e+01
6.700067e+00	-8.585946e+01
6.710067e+00	-9.239906e+01
6.720067e+00	-9.518862e+01
6.730067e+00	-9.948220e+01
6.740067e+00	-8.543842e+01
6.750068e+00	-8.141889e+01
6.760068e+00	-8.007218e+01
6.770068e+00	-7.813487e+01
6.780068e+00	-7.569129e+01
6.790068e+00	-7.867068e+01
6.800068e+00	-7.541221e+01
6.810068e+00	-7.557401e+01
6.820068e+00	-7.580798e+01
6.830068e+00	-8.079285e+01
6.840068e+00	-8.517751e+01
6.850069e+00	-7.924678e+01
6.860069e+00	-7.835776e+01
6.870069e+00	-7.796661e+01
6.880069e+00	-7.096829e+01
6.890069e+00	-7.844208e+01
6.900069e+00	-6.954316e+01
6.910069e+00	-6.670278e+01
6.920069e+00	-7.158622e+01
6.930069e+00	-6.937420e+01
6.940069e+00	-7.257785e+01
6.950070e+00	-6.801780e+01
6.960070e+00	-6.605913e+01
6.970070e+00	-6.146752e+01
6.980070e+00	-6.569746e+01
6.990070e+00	-6.977406e+01
7.000070e+00	-7.699571e+01
7.010070e+00	-6.726760e+01
7.020070e+00	-7.417091e+01
7.030070e+00	-6.765959e+01
7.040070e+00	-6.836045e+01
7.050071e+00	-6.343168e+01
7.060071e+00	-6.982504e+01
7.070071e+00	-6.542604e+01
7.080071e+00	-6.369126e+01
7.090071e+00	-6.684673e+01
7.100071e+00	-6.944401e+01
7.110071e+00	-7.009199e+01
7.120071e+00	-6.464701e+01
7.130071e+00	-6.826338e+01
7.140071e+00	-8.356107e+01
7.150072e+00	-7.086879e+01
7.160072e+00	-7.245756e+01
7.170072e+00	-6.971282e+01
7.180072e+00	-6.573567e+01
7.190072e+00	-7.032331e+01
7.200072e+00	-6.739171e+01
7.210072e+00	-7.101392e+01
7.220072e+00	-7.360119e+01
7.230072e+00	-6.895542e+01
7.240072e+00	-6.855981e+01
7.250073e+00	-7.550778e+01
7.260073e+00	-6.667381e+01
7.270073e+00	-6.685662e+01
7.280073e+00	-6.928149e+01
7.290073e+00	-6.966345e+01
7.300073e+00	-6.644070e+01
7.310073e+00	-7.515356e+01
7.320073e+00	-7.412464e+01
7.330073e+00	-6.792164e+01
7.340073e+00	-6.342047e+01
7.350074e+00	-6.665864e+01
7.360074e+00	-7.035067e+01
7.370074e+00	-6.109753e+01
7.380074e+00	-6.900107e+01
7.390074e+00	-7.797698e+01
7.400074e+00	-8.058437e+01
7.410074e+00	-8.066600e+01
7.420074e+00	-6.768752e+01
7.430074e+00	-7.508849e+01
7.440074e+00	-7.308564e+01
7.450075e+00	-6.896662e+01
7.460075e+00	-7.159545e+01
7.470075e+00	-7.612727e+01
7.480075e+00	-7.123278e+01
7.490075e+00	-7.737303e+01
7.500075e+00	-7.022473e+01
7.510075e+00	-8.801753e+01
7.520075e+00	-7.297753e+01
7.530075e+00	-7.449121e+01
7.540075e+00	-8.031890e+01
7.550076e+00	-8.377993e+01
7.560076e+00	-7.466152e+01
7.570076e+00	-7.796916e+01
7.580076e+00	-7.142378e+01
7.590076e+00	-7.495361e+01
7.600076e+00	-7.525824e+01
7.610076e+00	-7.753363e+01
7.620076e+00	-9.041925e+01
7.630076e+00	-8.432684e+01
7.640076e+00	-7.961977e+01
7.650077e+00	-8.716351e+01
7.660077e+00	-9.891056e+01
7.670077e+00	-8.291315e+01
7.680077e+00	-8.393418e+01
7.690077e+00	-9.627812e+01
7.700077e+00	-9.341866e+01
7.710077e+00	-9.250737e+01
7.720077e+00	-8.726220e+01
7.730077e+00	-8.495940e+01
7.740077e+00	-8.311625e+01
7.750078e+00	-8.019657e+01
7.760078e+00	-8.553898e+01
7.770078e+00	-8.676874e+01
7.780078e+00	-7.334731e+01
7.790078e+00	-7.903673e+01
7.800078e+00	-8.541181e+01
7.810078e+00	-7.975154e+01
7.820078e+00	-9.023352e+01
7.830078e+00	-7.867650e+01
7.840078e+00	-7.236231e+01
7.850079e+00	-8.379923e+01
7.860079e+00	-7.351627e+01
7.870079e+00	-8.034240e+01
7.880079e+00	-7.476360e+01
7.890079e+00	-7.295035e+01
7.900079e+00	-6.987508e+01
7.910079e+00	-6.764221e+01
7.920079e+00	-6.738688e+01
7.930079e+00	-7.670990e+01
7.940079e+00	-6.932240e+01
7.950080e+00	-7.324227e+01
7.960080e+00	-6.940842e+01
7.970080e+00	-6.734888e+01
7.980080e+00	-7.653927e+01
7.990080e+00	-6.687074e+01
8.000080e+00	-7.236707e+01
8.010080e+00	-7.794831e+01
8.020080e+00	-6.816077e+01
8.030080e+00	-9.553371e+01
8.040080e+00	-7.004975e+01
8.050081e+00	-6.651537e+01
8.060081e+00	-6.756482e+01
8.070081e+00	-7.189644e+01
8.080081e+00	-6.883264e+01
8.090081e+00	-7.974599e+01
8.100081e+00	-6.902476e+01
8.110081e+00	-7.262691e+01
8.120081e+00	-7.194057e+01
8.130081e+00	-6.592048e+01
8.140081e+00	-7.911575e+01
8.150082e+00	-6.898209e+01
8.160082e+00	-6.497876e+01
8.170082e+00	-6.763489e+01
8.180082e+00	-7.063877e+01
8.190082e+00	-6.554653e+01
8.200082e+00	-7.395986e+01
8.210082e+00	-6.317507e+01
8.220082e+00	-7.111725e+01
8.230082e+00	-8.217281e+01
8.240082e+00	-6.319818e+01
8.250083e+00	-8.018716e+01
8.260083e+00	-7.413879e+01
8.270083e+00	-6.835921e+01
8.280083e+00	-7.225052e+01
8.290083e+00	-6.902192e+01
8.300083e+00	-6.305628e+01
8.310083e+00	-7.115657e+01
8.320083e+00	-6.876987e+01
8.330083e+00	-6.487484e+01
8.340083e+00	-6.943935e+01
8.350084e+00	-6.709144e+01
8.360084e+00	-7.212827e+01
8.370084e+00	-7.191315e+01
8.380084e+00	-7.747048e+01
8.390084e+00	-6.706288e+01
8.400084e+00	-7.201196e+01
8.410084e+00	-8.231579e+01
8.420084e+00	-6.652393e+01
8.430084e+00	-6.917942e+01
8.440084e+00	-6.882316e+01
8.450085e+00	-6.676118e+01
8.460085e+00	-6.724866e+01
8.470085e+00	-8.003337e+01
8.480085e+00	-7.495359e+01
8.490085e+00	-7.059315e+01
8.500085e+00	-7.654110e+01
8.510085e+00	-8.584301e+01
8.520085e+00	-7.262592e+01
8.530085e+00	-8.107023e+01
8.540085e+00	-9.661571e+01
8.550086e+00	-7.619466e+01
8.560086e+00	-9.047065e+01
8.570086e+00	-7.956336e+01
8.580086e+00	-7.825239e+01
8.590086e+00	-7.261507e+01
8.600086e+00	-8.054851e+01
8.610086e+00	-8.119477e+01
8.620086e+00	-7.928917e+01
8.630086e+00	-8.655970e+01
8.640086e+00	-8.625845e+01
8.650087e+00	-8.316124e+01
8.660087e+00	-9.764814e+01
8.670087e+00	-9.111285e+01
8.680087e+00	-8.976786e+01
8.690087e+00	-8.815105e+01
8.700087e+00	-8.525350e+01
8.710087e+00	-9.438681e+01
8.720087e+00	-8.366568e+01
8.730087e+00	-8.630154e+01
8.740087e+00	-7.710556e+01
8.750088e+00	-8.378143e+01
8.760088e+00	-8.250935e+01
8.770088e+00	-9.140633e+01
8.780088e+00	-8.169951e+01
8.790088e+00	-7.493738e+01
8.800088e+00	-7.746207e+01
8.810088e+00	-8.727197e+01
8.820088e+00	-7.922019e+01
8.830088e+00	-7.648433e+01
8.840088e+00	-7.170348e+01
8.850089e+00	-7.144883e+01
8.860089e+00	-7.112784e+01
8.870089e+00	-7.550246e+01
8.880089e+00	-6.923166e+01
8.890089e+00	-7.518794e+01
8.900089e+00	-6.772098e+01
8.910089e+00	-6.607814e+01
8.920089e+00	-7.473017e+01
8.930089e+00	-7.974956e+01
8.940089e+00	-7.333848e+01
8.950090e+00	-7.387323e+01
8.960090e+00	-6.728333e+01
8.970090e+00	-7.304565e+01
8.980090e+00	-7.212823e+01
8.990090e+00	-8.067018e+01
9.000090e+00	-7.475440e+01
9.010090e+00	-7.268181e+01
9.020090e+00	-7.998530e+01
9.030090e+00	-8.214899e+01
9.040090e+00	-7.530526e+01
9.050091e+00	-6.578560e+01
9.060091e+00	-7.497756e+01
9.070091e+00	-7.133987e+01
9.080091e+00	-6.772617e+01
9.090091e+00	-8.195073e+01
9.100091e+00	-6.847641e+01
9.110091e+00	-6.796951e+01
9.120091e+00	-7.734746e+01
9.130091e+00	-7.145164e+01
9.140091e+00	-6.638015e+01
9.150092e+00	-7.286574e+01
9.160092e+00	-6.814524e+01
9.170092e+00	-6.577403e+01
9.180092e+00	-7.097333e+01
9.190092e+00	-8.111138e+01
9.200092e+00	-6.694850e+01
9.210092e+00	-6.506463e+01
9.220092e+00	-6.519550e+01
9.230092e+00	-6.849021e+01
9.240092e+00	-7.876972e+01
9.250093e+00	-7.191968e+01
9.260093e+00	-8.344194e+01
9.270093e+00	-7.505244e+01
9.280093e+00	-7.321700e+01
9.290093e+00	-6.894490e+01
9.300093e+00	-7.402482e+01
9.310093e+00	-7.151120e+01
9.320093e+00	-6.821414e+01
9.330093e+00	-7.297997e+01
9.340093e+00	-6.733825e+01
9.350094e+00	-7.081490e+01
9.360094e+00	-7.434465e+01
9.370094e+00	-6.941268e+01
9.380094e+00	-7.525814e+01
9.390094e+00	-7.787866e+01
9.400094e+00	-6.965380e+01
9.410094e+00	-7.174065e+01
9.420094e+00	-7.583523e+01
9.430094e+00	-7.117808e+01
9.440094e+00	-7.046692e+01
9.450095e+00	-7.362680e+01
9.460095e+00	-7.968091e+01
9.470095e+00	-7.088286e+01
9.480095e+00	-7.655223e+01
9.490095e+00	-7.872325e+01
9.500095e+00	-7.353047e+01
9.510095e+00	-7.373655e+01
9.520095e+00	-9.350342e+01
9.530095e+00	-7.693494e+01
9.540095e+00	-7.748230e+01
9.550096e+00	-8.319899e+01
9.560096e+00	-8.724583e+01
9.570096e+00	-8.259199e+01
9.580096e+00	-8.145697e+01
9.590096e+00	-8.085505e+01
9.600096e+00	-8.272690e+01
9.610096e+00	-8.818397e+01
9.620096e+00	-1.022822e+02
9.630096e+00	-8.583957e+01
9.640096e+00	-9.054131e+01
9.650097e+00	-8.935302e+01
9.660097e+00	-9.147462e+01
9.670097e+00	-8.866610e+01
9.680097e+00	-9.546171e+01
9.690097e+00	-7.967300e+01
9.700097e+00	-8.757466e+01
9.710097e+00	-8.595839e+01
9.720097e+00	-7.988174e+01
9.730097e+00	-7.190942e+01
9.740097e+00	-9.039594e+01
9.750098e+00	-8.176940e+01
9.760098e+00	-7.694178e+01
9.770098e+00	-8.558944e+01
9.780098e+00	-7.878388e+01
9.790098e+00	-8.481702e+01
9.800098e+00	-9.430457e+01
9.810098e+00	-7.631439e+01
9.820098e+00	-7.623034e+01
9.830098e+00	-7.643034e+01
9.840098e+00	-7.315422e+01
9.850099e+00	-8.672364e+01
9.860099e+00	-7.873060e+01
9.870099e+00	-7.103810e+01
9.880099e+00	-8.057357e+01
9.890099e+00	-7.559680e+01
9.900099e+00	-7.643365e+01
9.910099e+00	-7.096174e+01
9.920099e+00	-6.933180e+01
9.930099e+00	-6.797523e+01
9.940099e+00	-7.182444e+01
9.950100e+00	-6.619832e+01
9.960100e+00	-6.983960e+01
9.970100e+00	-7.400218e+01
9.980100e+00	-7.008675e+01
9.990100e+00	-8.375547e+01
1.000010e+01	-8.879097e+01
1.001010e+01	-8.340394e+01
1.002010e+01	-8.151860e+01
1.003010e+01	-7.019556e+01
1.004010e+01	-6.922887e+01
1.005010e+01	-6.632522e+01
1.006010e+01	-7.436145e+01
1.007010e+01	-6.771251e+01
1.008010e+01	-7.730770e+01
1.009010e+01	-7.860617e+01
1.010010e+01	-7.408102e+01
1.011010e+01	-7.531504e+01
1.012010e+01	-7.087570e+01
1.013010e+01	-7.204149e+01
1.014010e+01	-7.070197e+01
1.015010e+01	-7.287337e+01
1.016010e+01	-6.971870e+01
1.017010e+01	-7.167173e+01
1.018010e+01	-6.941944e+01
1.019010e+01	-6.794434e+01
1.020010e+01	-6.698589e+01
1.021010e+01	-7.898727e+01
1.022010e+01	-6.699770e+01
1.023010e+01	-6.637041e+01
1.024010e+01	-7.746411e+01
1.025010e+01	-7.679327e+01
1.026010e+01	-8.782605e+01
1.027010e+01	-6.760096e+01
1.028010e+01	-6.935188e+01
1.029010e+01	-8.195311e+01
1.030010e+01	-7.567054e+01
1.031010e+01	-7.679896e+01
1.032010e+01	-8.281536e+01
1.033010e+01	-8.304163e+01
1.034010e+01	-7.497444e+01
1.035010e+01	-7.458466e+01
1.036010e+01	-6.929571e+01
1.037010e+01	-7.110125e+01
1.038010e+01	-7.017082e+01
1.039010e+01	-6.822685e+01
1.040010e+01	-8.015753e+01
1.041010e+01	-7.423316e+01
1.042010e+01	-8.307684e+01
1.043010e+01	-7.410218e+01
1.044010e+01	-7.437845e+01
1.045010e+01	-8.777443e+01
1.046010e+01	-7.808642e+01
1.047010e+01	-8.002532e+01
1.048010e+01	-8.392172e+01
1.049010e+01	-7.619388e+01
1.050011e+01	-8.499054e+01
1.051011e+01	-8.623943e+01
1.052011e+01	-8.129460e+01
1.053011e+01	-8.741834e+01
1.054011e+01	-7.665536e+01
1.055011e+01	-8.413502e+01
1.056011e+01	-8.912508e+01
1.057011e+01	-8.587305e+01
1.058011e+01	-8.458858e+01
1.059011e+01	-9.501192e+01
1.060011e+01	-9.752268e+01
1.061011e+01	-9.050259e+01
1.062011e+01	-9.174764e+01
1.063011e+01	-9.619747e+01
1.064011e+01	-9.829429e+01
1.065011e+01	-8.705456e+01
1.066011e+01	-9.013975e+01
1.067011e+01	-9.201223e+01
1.068011e+01	-8.877264e+01
1.069011e+01	-8.896928e+01
1.070011e+01	-8.216762e+01
1.071011e+01	-8.452175e+01
1.072011e+01	-8.701233e+01
1.073011e+01	-8.104610e+01
1.074011e+01	-7.942214e+01
1.075011e+01	-8.717428e+01
1.076011e+01	-7.694288e+01
1.077011e+01	-7.856699e+01
1.078011e+01	-7.110589e+01
1.079011e+01	-7.254501e+01
1.080011e+01	-8.017799e+01
1.081011e+01	-7.159265e+01
1.082011e+01	-7.200585e+01
1.083011e+01	-7.172770e+01
1.084011e+01	-7.829740e+01
1.085011e+01	-1.050742e+02
1.086011e+01	-6.849008e+01
1.087011e+01	-7.798572e+01
1.088011e+01	-6.824237e+01
1.089011e+01	-7.043454e+01
1.090011e+01	-6.806673e+01
1.091011e+01	-7.412828e+01
1.092011e+01	-7.023621e+01
1.093011e+01	-6.500582e+01
1.094011e+01	-7.022279e+01
1.095011e+01	-7.056442e+01
1.096011e+01	-7.565375e+01
1.097011e+01	-7.694693e+01
1.098011e+01	-8.630389e+01
1.099011e+01	-7.177889e+01
1.100011e+01	-7.291836e+01
1.101011e+01	-6.860789e+01
1.102011e+01	-6.566868e+01
1.103011e+01	-6.695792e+01
1.104011e+01	-7.274193e+01
1.105011e+01	-7.231780e+01
1.106011e+01	-6.783761e+01
1.107011e+01	-7.195634e+01
1.108011e+01	-7.479601e+01
1.109011e+01	-6.837202e+01
1.110011e+01	-7.531595e+01
1.111011e+01	-6.557927e+01
1.112011e+01	-7.485851e+01
1.113011e+01	-7.907631e+01
1.114011e+01	-6.919450e+01
1.115011e+01	-7.277024e+01
1.116011e+01	-7.376436e+01
1.117011e+01	-7.351453e+01
1.118011e+01	-7.234148e+01
1.119011e+01	-8.115234e+01
1.120011e+01	-6.827476e+01
1.121011e+01	-6.592064e+01
1.122011e+01	-6.747763e+01
1.123011e+01	-7.506871e+01
1.124011e+01	-7.335611e+01
1.125011e+01	-7.639910e+01
1.126011e+01	-8.574072e+01
1.127011e+01	-7.348324e+01
1.128011e+01	-7.388511e+01
1.129011e+01	-7.603365e+01
1.130011e+01	-7.665111e+01
1.131011e+01	-8.684407e+01
1.132011e+01	-7.452659e+01
1.133011e+01	-7.853646e+01
1.134011e+01	-7.942519e+01
1.135011e+01	-7.751121e+01
1.136011e+01	-6.812574e+01
1.137011e+01	-8.150351e+01
1.138011e+01	-7.169946e+01
1.139011e+01	-7.236360e+01
1.140011e+01	-7.500754e+01
1.141011e+01	-9.786131e+01
1.142011e+01	-7.514290e+01
1.143011e+01	-7.114177e+01
1.144011e+01	-7.535644e+01
1.145011e+01	-7.502458e+01
1.146011e+01	-8.998567e+01
1.147011e+01	-7.337023e+01
1.148011e+01	-8.179670e+01
1.149011e+01	-7.482095e+01
1.150012e+01	-8.215719e+01
1.151012e+01	-9.099317e+01
1.152012e+01	-9.301582e+01
1.153012e+01	-7.614536e+01
1.154012e+01	-9.582461e+01
1.155012e+01	-8.531065e+01
1.156012e+01	-8.937930e+01
1.157012e+01	-9.719283e+01
1.158012e+01	-9.276806e+01
1.159012e+01	-9.531845e+01
1.160012e+01	-8.838709e+01
1.161012e+01	-9.482685e+01
1.162012e+01	-8.857438e+01
1.163012e+01	-8.514986e+01
1.164012e+01	-9.196627e+01
1.165012e+01	-8.320427e+01
1.166012e+01	-9.317449e+01
1.167012e+01	-7.592934e+01
1.168012e+01	-7.418759e+01
1.169012e+01	-8.498270e+01
1.170012e+01	-9.102967e+01
1.171012e+01	-8.283672e+01
1.172012e+01	-7.739471e+01
1.173012e+01	-8.102592e+01
1.174012e+01	-8.654843e+01
1.175012e+01	-7.409306e+01
1.176012e+01	-7.057950e+01
1.177012e+01	-7.875125e+01
1.178012e+01	-7.323501e+01
1.179012e+01	-8.202090e+01
1.180012e+01	-7.493362e+01
1.181012e+01	-7.812367e+01
1.182012e+01	-7.471224e+01
1.183012e+01	-7.648168e+01
1.184012e+01	-8.141488e+01
1.185012e+01	-7.475249e+01
1.186012e+01	-8.162094e+01
1.187012e+01	-7.064833e+01
1.188012e+01	-7.352499e+01
1.189012e+01	-8.694483e+01
1.190012e+01	-7.284358e+01
1.191012e+01	-6.678378e+01
1.192012e+01	-7.260151e+01
1.193012e+01	-7.198285e+01
1.194012e+01	-6.650161e+01
1.195012e+01	-6.765148e+01
1.196012e+01	-6.990448e+01
1.197012e+01	-8.051313e+01
1.198012e+01	-7.447184e+01
1.199012e+01	-7.270570e+01
1.200012e+01	-7.221470e+01
1.201012e+01	-7.426318e+01
1.202012e+01	-7.237627e+01
1.203012e+01	-7.335376e+01
1.204012e+01	-7.387013e+01
1.205012e+01	-6.873235e+01
1.206012e+01	-6.731479e+01
1.207012e+01	-7.119384e+01
1.208012e+01	-6.451442e+01
1.209012e+01	-8.474278e+01
1.210012e+01	-7.276490e+01
1.211012e+01	-7.509877e+01
1.212012e+01	-7.222706e+01
1.213012e+01	-7.573994e+01
1.214012e+01	-6.744645e+01
1.215012e+01	-8.337829e+01
1.216012e+01	-1.010037e+02
1.217012e+01	-7.551664e+01
1.218012e+01	-8.512250e+01
1.219012e+01	-7.618712e+01
1.220012e+01	-7.291929e+01
1.221012e+01	-7.021385e+01
1.222012e+01	-7.269764e+01
1.223012e+01	-7.313596e+01
1.224012e+01	-7.140521e+01
1.225012e+01	-7.353853e+01
1.226012e+01	-7.194597e+01
1.227012e+01	-7.214993e+01
1.228012e+01	-7.004399e+01
1.229012e+01	-7.357013e+01
1.230012e+01	-7.320503e+01
1.231012e+01	-7.618673e+01
1.232012e+01	-7.052027e+01
1.233012e+01	-7.311103e+01
1.234012e+01	-8.277321e+01
1.235012e+01	-8.061099e+01
1.236012e+01	-7.463020e+01
1.237012e+01	-7.000484e+01
1.238012e+01	-7.459222e+01
1.239012e+01	-7.987300e+01
1.240012e+01	-8.455967e+01
1.241012e+01	-8.573225e+01
1.242012e+01	-7.500358e+01
1.243012e+01	-7.390806e+01
1.244012e+01	-7.440904e+01
1.245012e+01	-7.779440e+01
1.246012e+01	-7.733654e+01
1.247012e+01	-8.463294e+01
1.248012e+01	-1.108325e+02
1.249012e+01	-9.157948e+01
1.250013e+01	-8.650603e+01
1.251013e+01	-8.018588e+01
1.252013e+01	-9.086119e+01
1.253013e+01	-8.395212e+01
1.254013e+01	-8.263409e+01
1.255013e+01	-8.813206e+01
1.256013e+01	-9.442652e+01
1.257013e+01	-9.340989e+01
1.258013e+01	-9.088806e+01
1.259013e+01	-9.050978e+01
1.260013e+01	-8.758197e+01
1.261013e+01	-8.377053e+01
1.262013e+01	-8.540034e+01
1.263013e+01	-8.554295e+01
1.264013e+01	-7.646866e+01
1.265013e+01	-8.121152e+01
1.266013e+01	-8.756523e+01
1.267013e+01	-8.461152e+01
1.268013e+01	-8.179285e+01
1.269013e+01	-8.539615e+01
1.270013e+01	-7.848424e+01
1.271013e+01	-7.359182e+01
1.272013e+01	-7.628963e+01
1.273013e+01	-7.431073e+01
1.274013e+01	-7.381814e+01
1.275013e+01	-7.307107e+01
1.276013e+01	-7.197599e+01
1.277013e+01	-8.140575e+01
1.278013e+01	-8.403782e+01
1.279013e+01	-8.608762e+01
1.280013e+01	-7.065019e+01
1.281013e+01	-7.529001e+01
1.282013e+01	-7.243420e+01
1.283013e+01	-7.013391e+01
1.284013e+01	-7.250258e+01
1.285013e+01	-7.985893e+01
1.286013e+01	-7.611559e+01
1.287013e+01	-7.325942e+01
1.288013e+01	-7.106457e+01
1.289013e+01	-7.394016e+01
1.290013e+01	-9.017961e+01
1.291013e+01	-7.164559e+01
1.292013e+01	-7.373973e+01
1.293013e+01	-7.800376e+01
1.294013e+01	-7.055320e+01
1.295013e+01	-7.350283e+01
1.296013e+01	-7.246126e+01
1.297013e+01	-7.054878e+01
1.298013e+01	-7.968468e+01
1.299013e+01	-7.155838e+01
1.300013e+01	-6.633248e+01
1.301013e+01	-6.426585e+01
1.302013e+01	-7.072226e+01
1.303013e+01	-7.439857e+01
1.304013e+01	-6.586597e+01
1.305013e+01	-8.349374e+01
1.306013e+01	-7.823273e+01
1.307013e+01	-7.033944e+01
1.308013e+01	-7.464989e+01
1.309013e+01	-6.894736e+01
1.310013e+01	-6.924292e+01
1.311013e+01	-7.994774e+01
1.312013e+01	-6.942767e+01
1.313013e+01	-7.403268e+01
1.314013e+01	-7.524100e+01
1.315013e+01	-7.218128e+01
1.316013e+01	-7.876693e+01
1.317013e+01	-6.588875e+01
1.318013e+01	-7.501429e+01
1.319013e+01	-7.229376e+01
1.320013e+01	-6.733728e+01
1.321013e+01	-7.089286e+01
1.322013e+01	-6.810700e+01
1.323013e+01	-7.149310e+01
1.324013e+01	-7.586882e+01
1.325013e+01	-7.924501e+01
1.326013e+01	-6.733114e+01
1.327013e+01	-6.771876e+01
1.328013e+01	-9.130341e+01
1.329013e+01	-7.563902e+01
1.330013e+01	-7.838972e+01
1.331013e+01	-7.816302e+01
1.332013e+01	-7.085061e+01
1.333013e+01	-7.439349e+01
1.334013e+01	-7.541978e+01
1.335013e+01	-7.823701e+01
1.336013e+01	-7.616663e+01
1.337013e+01	-9.864992e+01
1.338013e+01	-7.849954e+01
1.339013e+01	-7.286472e+01
1.340013e+01	-7.791583e+01
1.341013e+01	-8.166324e+01
1.342013e+01	-8.160968e+01
1.343013e+01	-8.372995e+01
1.344013e+01	-8.540186e+01
1.345013e+01	-8.650664e+01
1.346013e+01	-8.859147e+01
1.347013e+01	-8.290238e+01
1.348013e+01	-7.995264e+01
1.349013e+01	-9.214198e+01
1.350014e+01	-9.165141e+01
1.351014e+01	-9.171794e+01
1.352014e+01	-8.520485e+01
1.353014e+01	-8.905110e+01
1.354014e+01	-9.410857e+01
1.355014e+01	-1.000924e+02
1.356014e+01	-1.013232e+02
1.357014e+01	-8.643143e+01
1.358014e+01	-9.817944e+01
1.359014e+01	-8.547983e+01
1.360014e+01	-9.129897e+01
1.361014e+01	-8.022496e+01
1.362014e+01	-9.151838e+01
1.363014e+01	-8.689652e+01
1.364014e+01	-8.568188e+01
1.365014e+01	-8.138125e+01
1.366014e+01	-8.822966e+01
1.367014e+01	-7.979786e+01
1.368014e+01	-8.215996e+01
1.369014e+01	-8.407829e+01
1.370014e+01	-7.874955e+01
1.371014e+01	-8.258055e+01
1.372014e+01	-8.955983e+01
1.373014e+01	-7.322673e+01
1.374014e+01	-7.746301e+01
1.375014e+01	-7.471268e+01
1.376014e+01	-7.587962e+01
1.377014e+01	-7.445801e+01
1.378014e+01	-7.767136e+01
1.379014e+01	-7.165935e+01
1.380014e+01	-7.721398e+01
1.381014e+01	-7.402164e+01
1.382014e+01	-7.151533e+01
1.383014e+01	-7.675292e+01
1.384014e+01	-7.130938e+01
1.385014e+01	-7.378149e+01
1.386014e+01	-6.687488e+01
1.387014e+01	-8.056712e+01
1.388014e+01	-6.656391e+01
1.389014e+01	-7.357240e+01
1.390014e+01	-8.318135e+01
1.391014e+01	-7.307778e+01
1.392014e+01	-7.027365e+01
1.393014e+01	-7.283358e+01
1.394014e+01	-7.017107e+01
1.395014e+01	-7.393932e+01
1.396014e+01	-7.107101e+01
1.397014e+01	-7.420778e+01
1.398014e+01	-8.805175e+01
1.399014e+01	-6.679419e+01
1.400014e+01	-8.002302e+01
1.401014e+01	-7.167634e+01
1.402014e+01	-7.921058e+01
1.403014e+01	-7.033496e+01
1.404014e+01	-7.238040e+01
1.405014e+01	-6.809730e+01
1.406014e+01	-7.378450e+01
1.407014e+01	-8.694407e+01
1.408014e+01	-7.470041e+01
1.409014e+01	-6.762888e+01
1.410014e+01	-7.069313e+01
1.411014e+01	-7.165316e+01
1.412014e+01	-7.477365e+01
1.413014e+01	-6.951143e+01
1.414014e+01	-6.919765e+01
1.415014e+01	-7.188293e+01
1.416014e+01	-7.070790e+01
1.417014e+01	-7.502696e+01
1.418014e+01	-6.862897e+01
1.419014e+01	-7.003675e+01
1.420014e+01	-7.846027e+01
1.421014e+01	-7.589520e+01
1.422014e+01	-6.986621e+01
1.423014e+01	-8.030106e+01
1.424014e+01	-7.345811e+01
1.425014e+01	-7.355185e+01
1.426014e+01	-7.603953e+01
1.427014e+01	-7.080325e+01
1.428014e+01	-7.483491e+01
1.429014e+01	-6.628828e+01
1.430014e+01	-7.763684e+01
1.431014e+01	-7.239920e+01
1.432014e+01	-7.746634e+01
1.433014e+01	-7.182785e+01
1.434014e+01	-7.671406e+01
1.435014e+01	-8.762584e+01
1.436014e+01	-7.254998e+01
1.437014e+01	-8.417426e+01
1.438014e+01	-7.723397e+01
1.439014e+01	-7.606277e+01
1.440014e+01	-8.101175e+01
1.441014e+01	-8.412730e+01
1.442014e+01	-8.448110e+01
1.443014e+01	-8.100456e+01
1.444014e+01	-8.208802e+01
1.445014e+01	-7.971093e+01
1.446014e+01	-9.019165e+01
1.447014e+01	-8.881883e+01
1.448014e+01	-7.859210e+01
1.449014e+01	-9.880861e+01
1.450015e+01	-9.670907e+01
1.451015e+01	-1.016739e+02
1.452015e+01	-8.875265e+01
1.453015e+01	-1.011352e+02
1.454015e+01	-9.206645e+01
1.455015e+01	-9.605609e+01
1.456015e+01	-8.972505e+01
1.457015e+01	-8.574017e+01
1.458015e+01	-8.673837e+01
1.459015e+01	-8.054005e+01
1.460015e+01	-7.876234e+01
1.461015e+01	-8.151197e+01
1.462015e+01	-9.446986e+01
1.463015e+01	-7.524590e+01
1.464015e+01	-7.780516e+01
1.465015e+01	-8.074654e+01
1.466015e+01	-1.085162e+02
1.467015e+01	-8.035259e+01
1.468015e+01	-7.886725e+01
1.469015e+01	-7.840825e+01
1.470015e+01	-7.196150e+01
1.471015e+01	-7.752468e+01
1.472015e+01	-7.890866e+01
1.473015e+01	-7.584237e+01
1.474015e+01	-7.136011e+01
1.475015e+01	-8.214338e+01
1.476015e+01	-7.069561e+01
1.477015e+01	-7.475831e+01
1.478015e+01	-7.492046e+01
1.479015e+01	-7.156099e+01
1.480015e+01	-7.467588e+01
1.481015e+01	-7.085219e+01
1.482015e+01	-8.245805e+01
1.483015e+01	-7.321936e+01
1.484015e+01	-7.122507e+01
1.485015e+01	-6.760171e+01
1.486015e+01	-7.788664e+01
1.487015e+01	-7.365198e+01
1.488015e+01	-7.758922e+01
1.489015e+01	-7.044636e+01
1.490015e+01	-7.141346e+01
1.491015e+01	-7.592080e+01
1.492015e+01	-7.407037e+01
1.493015e+01	-7.336201e+01
1.494015e+01	-7.792212e+01
1.495015e+01	-6.973890e+01
1.496015e+01	-7.606457e+01
1.497015e+01	-7.760960e+01
1.498015e+01	-7.594874e+01
1.499015e+01	-7.438822e+01
