0.000000e+00	1.627325e+01
1.000010e-02	-2.952382e+00
2.000020e-02	1.367205e+01
3.000030e-02	7.101060e+00
4.000040e-02	1.055991e+01
5.000050e-02	1.420703e+01
6.000060e-02	1.057007e+01
7.000070e-02	9.453270e+00
8.000080e-02	1.767715e+01
9.000090e-02	1.208612e+01
1.000010e-01	2.024522e+01
1.100011e-01	1.720839e+01
1.200012e-01	2.333632e+01
1.300013e-01	2.362967e+01
1.400014e-01	2.325137e+01
1.500015e-01	2.503277e+01
1.600016e-01	2.491805e+01
1.700017e-01	2.656325e+01
1.800018e-01	2.708104e+01
1.900019e-01	2.581310e+01
2.000020e-01	2.901733e+01
2.100021e-01	2.700240e+01
2.200022e-01	2.892553e+01
2.300023e-01	3.027732e+01
2.400024e-01	2.799592e+01
2.500025e-01	3.094184e+01
2.600026e-01	2.929004e+01
2.700027e-01	2.992099e+01
2.800028e-01	3.084959e+01
2.900029e-01	2.929571e+01
3.000030e-01	3.049120e+01
3.100031e-01	3.010212e+01
3.200032e-01	2.968635e+01
3.300033e-01	3.079387e+01
3.400034e-01	2.975426e+01
3.500035e-01	3.033415e+01
3.600036e-01	3.020312e+01
3.700037e-01	3.052144e+01
3.800038e-01	3.047612e+01
3.900039e-01	3.049686e+01
4.000040e-01	3.066214e+01
4.100041e-01	3.018234e+01
4.200042e-01	3.002161e+01
4.300043e-01	3.013076e+01
4.400044e-01	2.965428e+01
4.500045e-01	2.966196e+01
4.600046e-01	3.002282e+01
4.700047e-01	2.945742e+01
4.800048e-01	2.949415e+01
4.900049e-01	2.968150e+01
5.000050e-01	2.928698e+01
5.100051e-01	2.927822e+01
5.200052e-01	2.936799e+01
5.300053e-01	2.889828e+01
5.400054e-01	2.851993e+01
5.500055e-01	2.802772e+01
5.600056e-01	2.540811e+01
5.700057e-01	2.827992e+01
5.800058e-01	2.855978e+01
5.900059e-01	2.837439e+01
6.000060e-01	2.814726e+01
6.100061e-01	2.839320e+01
6.200062e-01	2.807403e+01
6.300063e-01	2.753503e+01
6.400064e-01	2.777850e+01
6.500065e-01	2.742007e+01
6.600066e-01	2.701548e+01
6.700067e-01	2.682985e+01
6.800068e-01	2.638177e+01
6.900069e-01	2.624133e+01
7.000070e-01	2.568483e+01
7.100071e-01	2.573387e+01
7.200072e-01	2.502350e+01
7.300073e-01	2.493978e+01
7.400074e-01	2.439518e+01
7.500075e-01	2.201814e+01
7.600076e-01	2.304538e+01
7.700077e-01	2.299282e+01
7.800078e-01	2.282620e+01
7.900079e-01	2.259750e+01
8.000080e-01	2.216150e+01
8.100081e-01	2.183536e+01
8.200082e-01	2.142282e+01
8.300083e-01	2.117272e+01
8.400084e-01	2.093636e+01
8.500085e-01	2.046514e+01
8.600086e-01	2.052774e+01
8.700087e-01	1.990273e+01
8.800088e-01	1.960115e+01
8.900089e-01	1.968293e+01
9.000090e-01	1.907557e+01
9.100091e-01	1.863875e+01
9.200092e-01	1.842717e+01
9.300093e-01	1.812884e+01
9.400094e-01	1.793073e+01
9.500095e-01	1.768404e+01
9.600096e-01	1.721321e+01
9.700097e-01	1.675059e+01
9.800098e-01	1.626027e+01
9.900099e-01	1.472607e+01
1.000010e+00	1.532321e+01
1.010010e+00	1.526147e+01
1.020010e+00	1.454797e+01
1.030010e+00	1.408877e+01
1.040010e+00	1.355573e+01
1.050011e+00	1.318534e+01
1.060011e+00	1.228848e+01
1.070011e+00	1.224809e+01
1.080011e+00	1.135563e+01
1.090011e+00	9.165787e+00
1.100011e+00	1.892801e+00
1.110011e+00	7.239591e+00
1.120011e+00	8.354825e+00
1.130011e+00	9.378274e+00
1.140011e+00	8.255577e+00
1.150012e+00	6.282144e+00
1.160012e+00	8.302946e-01
1.170012e+00	2.720841e+00
1.180012e+00	6.257367e+00
1.190012e+00	6.123501e+00
1.200012e+00	5.329600e+00
1.210012e+00	2.888325e+00
1.220012e+00	4.634012e+00
1.230012e+00	1.951944e+00
1.240012e+00	3.565163e+00
1.250013e+00	4.415798e+00
1.260013e+00	3.678201e+00
1.270013e+00	3.339608e+00
1.280013e+00	2.423941e+00
1.290013e+00	2.558734e+00
1.300013e+00	1.674451e+00
1.310013e+00	1.322140e+00
1.320013e+00	9.868115e-01
1.330013e+00	3.396900e-01
1.340013e+00	-9.459137e-01
1.350014e+00	-1.207207e+00
1.360014e+00	-2.065677e+00
1.370014e+00	-2.111551e+00
1.380014e+00	-3.881671e+00
1.390014e+00	-4.799402e+00
1.400014e+00	-6.012026e+00
1.410014e+00	-1.161924e+01
1.420014e+00	-8.030980e+00
1.430014e+00	-7.956813e+00
1.440014e+00	-7.524958e+00
1.450015e+00	-8.013203e+00
1.460015e+00	-9.139960e+00
1.470015e+00	-1.130701e+01
1.480015e+00	-1.101201e+01
1.490015e+00	-1.140028e+01
1.500015e+00	-1.274258e+01
1.510015e+00	-1.335292e+01
1.520015e+00	-1.510740e+01
1.530015e+00	-1.457136e+01
1.540015e+00	-1.586333e+01
1.550016e+00	-1.551916e+01
1.560016e+00	-1.641469e+01
1.570016e+00	-1.869398e+01
1.580016e+00	-2.043116e+01
1.590016e+00	-2.213937e+01
1.600016e+00	-2.610898e+01
1.610016e+00	-2.864409e+01
1.620016e+00	-2.834743e+01
1.630016e+00	-2.914355e+01
1.640016e+00	-3.123005e+01
1.650017e+00	-3.647246e+01
1.660017e+00	-5.121504e+01
1.670017e+00	-5.601968e+01
1.680017e+00	-5.754220e+01
1.690017e+00	-5.275619e+01
1.700017e+00	-4.248658e+01
1.710017e+00	-4.736058e+01
1.720017e+00	-5.340948e+01
1.730017e+00	-4.094628e+01
1.740017e+00	-3.712591e+01
1.750018e+00	-3.332106e+01
1.760018e+00	-3.404993e+01
1.770018e+00	-3.241466e+01
1.780018e+00	-3.186456e+01
1.790018e+00	-3.252111e+01
1.800018e+00	-3.368870e+01
1.810018e+00	-3.623176e+01
1.820018e+00	-3.177360e+01
1.830018e+00	-3.345872e+01
1.840018e+00	-3.272326e+01
1.850019e+00	-3.483251e+01
1.860019e+00	-3.241767e+01
1.870019e+00	-3.990826e+01
1.880019e+00	-3.276583e+01
1.890019e+00	-3.343769e+01
1.900019e+00	-2.967664e+01
1.910019e+00	-3.266438e+01
1.920019e+00	-3.512813e+01
1.930019e+00	-3.369484e+01
1.940019e+00	-2.785559e+01
1.950020e+00	-2.951345e+01
1.960020e+00	-3.328444e+01
1.970020e+00	-3.394949e+01
1.980020e+00	-3.507012e+01
1.990020e+00	-3.456565e+01
2.000020e+00	-4.078265e+01
2.010020e+00	-3.130009e+01
2.020020e+00	-3.600708e+01
2.030020e+00	-3.669302e+01
2.040020e+00	-3.749747e+01
2.050021e+00	-3.857903e+01
2.060021e+00	-3.721179e+01
2.070021e+00	-3.474945e+01
2.080021e+00	-3.450763e+01
2.090021e+00	-3.613992e+01
2.100021e+00	-3.030916e+01
2.110021e+00	-3.311223e+01
2.120021e+00	-3.274332e+01
2.130021e+00	-4.217725e+01
2.140021e+00	-3.261924e+01
2.150022e+00	-3.647837e+01
2.160022e+00	-3.296910e+01
2.170022e+00	-3.754071e+01
2.180022e+00	-3.407548e+01
2.190022e+00	-2.970350e+01
2.200022e+00	-3.176197e+01
2.210022e+00	-4.145853e+01
2.220022e+00	-3.445238e+01
2.230022e+00	-4.506161e+01
2.240022e+00	-5.313412e+01
2.250023e+00	-4.258601e+01
2.260023e+00	-3.968448e+01
2.270023e+00	-3.641054e+01
2.280023e+00	-3.890535e+01
2.290023e+00	-4.212758e+01
2.300023e+00	-3.816860e+01
2.310023e+00	-3.718452e+01
2.320023e+00	-4.679458e+01
2.330023e+00	-4.377646e+01
2.340023e+00	-4.810788e+01
2.350024e+00	-5.264037e+01
2.360024e+00	-4.871239e+01
2.370024e+00	-4.012048e+01
2.380024e+00	-4.256609e+01
2.390024e+00	-5.586565e+01
2.400024e+00	-4.067534e+01
2.410024e+00	-4.283426e+01
2.420024e+00	-4.034137e+01
2.430024e+00	-3.925481e+01
2.440024e+00	-3.878269e+01
2.450025e+00	-5.155001e+01
2.460025e+00	-4.670841e+01
2.470025e+00	-4.942818e+01
2.480025e+00	-4.469973e+01
2.490025e+00	-4.518562e+01
2.500025e+00	-5.165410e+01
2.510025e+00	-4.496256e+01
2.520025e+00	-4.533326e+01
2.530025e+00	-5.312749e+01
2.540025e+00	-5.409496e+01
2.550026e+00	-4.355059e+01
2.560026e+00	-5.459176e+01
2.570026e+00	-5.826450e+01
2.580026e+00	-6.347305e+01
2.590026e+00	-4.816771e+01
2.600026e+00	-6.656495e+01
2.610026e+00	-5.375805e+01
2.620026e+00	-4.684153e+01
2.630026e+00	-5.325505e+01
2.640026e+00	-6.415750e+01
2.650027e+00	-6.087894e+01
2.660027e+00	-5.009196e+01
2.670027e+00	-5.892287e+01
2.680027e+00	-5.314788e+01
2.690027e+00	-6.252544e+01
2.700027e+00	-5.593672e+01
2.710027e+00	-6.233345e+01
2.720027e+00	-5.904636e+01
2.730027e+00	-5.853897e+01
2.740027e+00	-5.961090e+01
2.750028e+00	-5.911207e+01
2.760028e+00	-5.907218e+01
2.770028e+00	-6.222785e+01
2.780028e+00	-5.858759e+01
2.790028e+00	-5.725966e+01
2.800028e+00	-6.183653e+01
2.810028e+00	-6.073706e+01
2.820028e+00	-5.707960e+01
2.830028e+00	-5.261643e+01
2.840028e+00	-7.840406e+01
2.850029e+00	-5.823119e+01
2.860029e+00	-5.106446e+01
2.870029e+00	-5.589293e+01
2.880029e+00	-6.150925e+01
2.890029e+00	-5.690488e+01
2.900029e+00	-5.286029e+01
2.910029e+00	-6.884624e+01
2.920029e+00	-5.535445e+01
2.930029e+00	-5.454305e+01
2.940029e+00	-7.114730e+01
2.950030e+00	-5.664917e+01
2.960030e+00	-5.848169e+01
2.970030e+00	-5.364867e+01
2.980030e+00	-5.706477e+01
2.990030e+00	-4.889528e+01
3.000030e+00	-4.659594e+01
3.010030e+00	-5.828943e+01
3.020030e+00	-4.999555e+01
3.030030e+00	-5.424404e+01
3.040030e+00	-6.149292e+01
3.050031e+00	-5.053654e+01
3.060031e+00	-5.081881e+01
3.070031e+00	-5.572231e+01
3.080031e+00	-4.951924e+01
3.090031e+00	-5.212589e+01
3.100031e+00	-5.208830e+01
3.110031e+00	-5.319134e+01
3.120031e+00	-5.158372e+01
3.130031e+00	-4.738637e+01
3.140031e+00	-5.921601e+01
3.150032e+00	-5.394242e+01
3.160032e+00	-5.241689e+01
3.170032e+00	-5.269407e+01
3.180032e+00	-5.216843e+01
3.190032e+00	-4.675411e+01
3.200032e+00	-5.205320e+01
3.210032e+00	-4.994552e+01
3.220032e+00	-5.558213e+01
3.230032e+00	-5.615167e+01
3.240032e+00	-5.244752e+01
3.250033e+00	-5.073356e+01
3.260033e+00	-7.263891e+01
3.270033e+00	-6.675923e+01
3.280033e+00	-5.945550e+01
3.290033e+00	-5.905050e+01
3.300033e+00	-4.881627e+01
3.310033e+00	-5.242557e+01
3.320033e+00	-5.414311e+01
3.330033e+00	-7.213189e+01
3.340033e+00	-4.697130e+01
3.350034e+00	-6.507534e+01
3.360034e+00	-5.074908e+01
3.370034e+00	-5.294504e+01
3.380034e+00	-5.124276e+01
3.390034e+00	-5.197319e+01
3.400034e+00	-5.934574e+01
3.410034e+00	-4.682197e+01
3.420034e+00	-5.218266e+01
3.430034e+00	-5.342290e+01
3.440034e+00	-5.301852e+01
3.450035e+00	-6.279723e+01
3.460035e+00	-5.985607e+01
3.470035e+00	-5.388868e+01
3.480035e+00	-5.795220e+01
3.490035e+00	-5.773164e+01
3.500035e+00	-5.400006e+01
3.510035e+00	-5.689441e+01
3.520035e+00	-6.084380e+01
3.530035e+00	-5.783187e+01
3.540035e+00	-5.355785e+01
3.550036e+00	-5.648167e+01
3.560036e+00	-5.459715e+01
3.570036e+00	-5.528500e+01
3.580036e+00	-5.471756e+01
3.590036e+00	-5.598559e+01
3.600036e+00	-6.423767e+01
3.610036e+00	-5.640073e+01
3.620036e+00	-6.195109e+01
3.630036e+00	-6.255140e+01
3.640036e+00	-7.155656e+01
3.650037e+00	-5.698454e+01
3.660037e+00	-6.934248e+01
3.670037e+00	-5.789416e+01
3.680037e+00	-6.200203e+01
3.690037e+00	-6.324669e+01
3.700037e+00	-6.313496e+01
3.710037e+00	-5.892356e+01
3.720037e+00	-6.190400e+01
3.730037e+00	-6.356757e+01
3.740037e+00	-6.149886e+01
3.750038e+00	-6.237154e+01
3.760038e+00	-6.211099e+01
3.770038e+00	-6.453898e+01
3.780038e+00	-6.115141e+01
3.790038e+00	-5.987876e+01
3.800038e+00	-6.507360e+01
3.810038e+00	-6.193215e+01
3.820038e+00	-6.168485e+01
3.830038e+00	-6.248791e+01
3.840038e+00	-6.535328e+01
3.850039e+00	-5.691295e+01
3.860039e+00	-6.136789e+01
3.870039e+00	-6.160017e+01
3.880039e+00	-5.849829e+01
3.890039e+00	-5.886876e+01
3.900039e+00	-7.327753e+01
3.910039e+00	-6.146094e+01
3.920039e+00	-5.662887e+01
3.930039e+00	-6.118312e+01
3.940039e+00	-5.450382e+01
3.950040e+00	-5.935928e+01
3.960040e+00	-5.662986e+01
3.970040e+00	-5.653594e+01
3.980040e+00	-6.211418e+01
3.990040e+00	-5.514599e+01
4.000040e+00	-6.634082e+01
4.010040e+00	-6.152630e+01
4.020040e+00	-6.125474e+01
4.030040e+00	-5.808946e+01
4.040040e+00	-6.051376e+01
4.050041e+00	-5.619741e+01
4.060041e+00	-5.385288e+01
4.070041e+00	-5.566767e+01
4.080041e+00	-6.234135e+01
4.090041e+00	-5.260343e+01
4.100041e+00	-6.281738e+01
4.110041e+00	-5.494161e+01
4.120041e+00	-5.298842e+01
4.130041e+00	-6.887028e+01
4.140041e+00	-5.473452e+01
4.150042e+00	-5.986817e+01
4.160042e+00	-5.156720e+01
4.170042e+00	-6.123202e+01
4.180042e+00	-6.099313e+01
4.190042e+00	-5.593043e+01
4.200042e+00	-6.890573e+01
4.210042e+00	-6.989556e+01
4.220042e+00	-5.690444e+01
4.230042e+00	-5.884096e+01
4.240042e+00	-5.625596e+01
4.250043e+00	-6.057939e+01
4.260043e+00	-5.616526e+01
4.270043e+00	-6.437464e+01
4.280043e+00	-5.927673e+01
4.290043e+00	-5.714482e+01
4.300043e+00	-5.956604e+01
4.310043e+00	-5.778301e+01
4.320043e+00	-5.594907e+01
4.330043e+00	-6.581804e+01
4.340043e+00	-5.507762e+01
4.350044e+00	-5.875014e+01
4.360044e+00	-5.922281e+01
4.370044e+00	-5.815670e+01
4.380044e+00	-6.682865e+01
4.390044e+00	-5.314772e+01
4.400044e+00	-6.553719e+01
4.410044e+00	-6.017114e+01
4.420044e+00	-5.900137e+01
4.430044e+00	-6.509388e+01
4.440044e+00	-5.684773e+01
4.450045e+00	-6.533006e+01
4.460045e+00	-6.723970e+01
4.470045e+00	-6.683330e+01
4.480045e+00	-6.504888e+01
4.490045e+00	-6.309060e+01
4.500045e+00	-5.680744e+01
4.510045e+00	-5.675910e+01
4.520045e+00	-6.030079e+01
4.530045e+00	-6.653695e+01
4.540045e+00	-5.742953e+01
4.550046e+00	-6.777227e+01
4.560046e+00	-6.712449e+01
4.570046e+00	-5.704469e+01
4.580046e+00	-5.719364e+01
4.590046e+00	-7.210898e+01
4.600046e+00	-6.128704e+01
4.610046e+00	-6.679194e+01
4.620046e+00	-6.016827e+01
4.630046e+00	-6.281557e+01
4.640046e+00	-5.925448e+01
4.650047e+00	-6.353183e+01
4.660047e+00	-7.026888e+01
4.670047e+00	-6.633971e+01
4.680047e+00	-6.232235e+01
4.690047e+00	-6.400313e+01
4.700047e+00	-6.764892e+01
4.710047e+00	-6.432272e+01
4.720047e+00	-6.477757e+01
4.730047e+00	-6.420345e+01
4.740047e+00	-6.423207e+01
4.750048e+00	-6.423385e+01
4.760048e+00	-6.474635e+01
4.770048e+00	-6.379116e+01
4.780048e+00	-6.369499e+01
4.790048e+00	-6.658422e+01
4.800048e+00	-6.716140e+01
4.810048e+00	-6.352019e+01
4.820048e+00	-6.200256e+01
4.830048e+00	-6.816931e+01
4.840048e+00	-6.044222e+01
4.850049e+00	-6.813209e+01
4.860049e+00	-6.603857e+01
4.870049e+00	-6.744287e+01
4.880049e+00	-5.904966e+01
4.890049e+00	-6.246359e+01
4.900049e+00	-6.504318e+01
4.910049e+00	-6.368558e+01
4.920049e+00	-6.137922e+01
4.930049e+00	-6.819352e+01
4.940049e+00	-6.235901e+01
4.950050e+00	-5.859550e+01
4.960050e+00	-7.011491e+01
4.970050e+00	-6.225726e+01
4.980050e+00	-6.203537e+01
4.990050e+00	-6.594033e+01
5.000050e+00	-6.338806e+01
5.010050e+00	-6.897198e+01
5.020050e+00	-6.055852e+01
5.030050e+00	-6.162617e+01
5.040050e+00	-5.740955e+01
5.050051e+00	-7.321266e+01
5.060051e+00	-6.896512e+01
5.070051e+00	-6.277751e+01
5.080051e+00	-5.763206e+01
5.090051e+00	-6.395132e+01
5.100051e+00	-6.183230e+01
5.110051e+00	-5.983535e+01
5.120051e+00	-5.571016e+01
5.130051e+00	-6.132095e+01
5.140051e+00	-6.219073e+01
5.150052e+00	-6.357276e+01
5.160052e+00	-5.861782e+01
5.170052e+00	-6.187732e+01
5.180052e+00	-5.858965e+01
5.190052e+00	-5.935585e+01
5.200052e+00	-5.553751e+01
5.210052e+00	-6.610021e+01
5.220052e+00	-5.964898e+01
5.230052e+00	-5.715002e+01
5.240052e+00	-6.332162e+01
5.250053e+00	-6.007390e+01
5.260053e+00	-7.045329e+01
5.270053e+00	-6.417339e+01
5.280053e+00	-6.026573e+01
5.290053e+00	-6.139469e+01
5.300053e+00	-5.723049e+01
5.310053e+00	-5.802038e+01
5.320053e+00	-5.672243e+01
5.330053e+00	-6.436412e+01
5.340053e+00	-5.808189e+01
5.350054e+00	-7.279750e+01
5.360054e+00	-6.348265e+01
5.370054e+00	-6.958586e+01
5.380054e+00	-5.876647e+01
5.390054e+00	-5.793754e+01
5.400054e+00	-5.925514e+01
5.410054e+00	-6.794753e+01
5.420054e+00	-7.043726e+01
5.430054e+00	-5.879017e+01
5.440054e+00	-5.997843e+01
5.450055e+00	-6.312353e+01
5.460055e+00	-6.652991e+01
5.470055e+00	-6.314761e+01
5.480055e+00	-6.307454e+01
5.490055e+00	-6.391100e+01
5.500055e+00	-5.808264e+01
5.510055e+00	-6.554420e+01
5.520055e+00	-6.814735e+01
5.530055e+00	-6.201324e+01
5.540055e+00	-6.333863e+01
5.550056e+00	-8.113180e+01
5.560056e+00	-6.029173e+01
5.570056e+00	-6.964308e+01
5.580056e+00	-6.788052e+01
5.590056e+00	-6.279278e+01
5.600056e+00	-6.403552e+01
5.610056e+00	-6.421113e+01
5.620056e+00	-6.326494e+01
5.630056e+00	-6.594202e+01
5.640056e+00	-6.319754e+01
5.650057e+00	-6.399514e+01
5.660057e+00	-6.372919e+01
5.670057e+00	-6.750048e+01
5.680057e+00	-6.609257e+01
5.690057e+00	-6.465979e+01
5.700057e+00	-6.682156e+01
5.710057e+00	-6.574244e+01
5.720057e+00	-6.635786e+01
5.730057e+00	-6.582887e+01
5.740057e+00	-6.555974e+01
5.750058e+00	-6.596835e+01
5.760058e+00	-6.472352e+01
5.770058e+00	-6.482016e+01
5.780058e+00	-6.790997e+01
5.790058e+00	-6.421528e+01
5.800058e+00	-6.493626e+01
5.810058e+00	-6.481540e+01
5.820058e+00	-6.691555e+01
5.830058e+00	-6.325360e+01
5.840058e+00	-6.700001e+01
5.850059e+00	-6.765248e+01
5.860059e+00	-6.829406e+01
5.870059e+00	-6.944238e+01
5.880059e+00	-6.324066e+01
5.890059e+00	-6.523427e+01
5.900059e+00	-6.398490e+01
5.910059e+00	-7.024347e+01
5.920059e+00	-7.964912e+01
5.930059e+00	-6.184166e+01
5.940059e+00	-6.098933e+01
5.950060e+00	-7.281515e+01
5.960060e+00	-6.013951e+01
5.970060e+00	-6.106401e+01
5.980060e+00	-6.391424e+01
5.990060e+00	-6.485544e+01
6.000060e+00	-5.745064e+01
6.010060e+00	-6.183963e+01
6.020060e+00	-9.352581e+01
6.030060e+00	-6.388212e+01
6.040060e+00	-6.132959e+01
6.050061e+00	-7.129883e+01
6.060061e+00	-6.876040e+01
6.070061e+00	-6.619323e+01
6.080061e+00	-5.795716e+01
6.090061e+00	-6.705605e+01
6.100061e+00	-6.267862e+01
6.110061e+00	-6.763844e+01
6.120061e+00	-6.007620e+01
6.130061e+00	-6.007218e+01
6.140061e+00	-6.427919e+01
6.150062e+00	-8.631364e+01
6.160062e+00	-5.882877e+01
6.170062e+00	-6.607725e+01
6.180062e+00	-6.901078e+01
6.190062e+00	-5.669407e+01
6.200062e+00	-6.254299e+01
6.210062e+00	-6.495327e+01
6.220062e+00	-7.057670e+01
6.230062e+00	-6.027849e+01
6.240062e+00	-5.975098e+01
6.250063e+00	-7.734013e+01
6.260063e+00	-6.354358e+01
6.270063e+00	-6.511105e+01
6.280063e+00	-6.365466e+01
6.290063e+00	-6.026182e+01
6.300063e+00	-6.155325e+01
6.310063e+00	-7.644918e+01
6.320063e+00	-7.199423e+01
6.330063e+00	-5.873046e+01
6.340063e+00	-6.458984e+01
6.350064e+00	-7.199987e+01
6.360064e+00	-5.925525e+01
6.370064e+00	-7.583920e+01
6.380064e+00	-6.661004e+01
6.390064e+00	-7.053759e+01
6.400064e+00	-6.372262e+01
6.410064e+00	-7.358479e+01
6.420064e+00	-6.704245e+01
6.430064e+00	-6.206669e+01
6.440064e+00	-6.698221e+01
6.450065e+00	-7.146632e+01
6.460065e+00	-5.921523e+01
6.470065e+00	-6.168148e+01
6.480065e+00	-6.632764e+01
6.490065e+00	-6.174803e+01
6.500065e+00	-6.387073e+01
6.510065e+00	-7.373188e+01
6.520065e+00	-6.551802e+01
6.530065e+00	-6.402867e+01
6.540065e+00	-6.658943e+01
6.550066e+00	-6.346632e+01
6.560066e+00	-7.208943e+01
6.570066e+00	-6.554362e+01
6.580066e+00	-6.421060e+01
6.590066e+00	-7.173315e+01
6.600066e+00	-6.576323e+01
6.610066e+00	-6.462510e+01
6.620066e+00	-6.679969e+01
6.630066e+00	-6.728709e+01
6.640066e+00	-6.457810e+01
6.650067e+00	-6.710681e+01
6.660067e+00	-6.649697e+01
6.670067e+00	-6.813050e+01
6.680067e+00	-6.696783e+01
6.690067e+00	-6.589834e+01
6.700067e+00	-6.595999e+01
6.710067e+00	-6.704339e+01
6.720067e+00	-6.703116e+01
6.730067e+00	-6.677575e+01
6.740067e+00	-6.709930e+01
6.750068e+00	-6.561615e+01
6.760068e+00	-6.651449e+01
6.770068e+00	-6.696065e+01
6.780068e+00	-6.653155e+01
6.790068e+00	-6.552787e+01
6.800068e+00	-6.673102e+01
6.810068e+00	-6.422475e+01
6.820068e+00	-6.871282e+01
6.830068e+00	-7.001375e+01
6.840068e+00	-6.446693e+01
6.850069e+00	-6.949626e+01
6.860069e+00	-6.358163e+01
6.870069e+00	-7.085549e+01
6.880069e+00	-6.749303e+01
6.890069e+00	-6.518909e+01
6.900069e+00	-6.120619e+01
6.910069e+00	-8.199149e+01
6.920069e+00	-6.495629e+01
6.930069e+00	-7.205654e+01
6.940069e+00	-6.644941e+01
6.950070e+00	-6.593608e+01
6.960070e+00	-6.348110e+01
6.970070e+00	-6.687984e+01
6.980070e+00	-7.006387e+01
6.990070e+00	-6.528434e+01
7.000070e+00	-6.471455e+01
7.010070e+00	-6.262390e+01
7.020070e+00	-6.711307e+01
7.030070e+00	-6.878753e+01
7.040070e+00	-6.556690e+01
7.050071e+00	-6.445936e+01
7.060071e+00	-6.574925e+01
7.070071e+00	-6.538441e+01
7.080071e+00	-6.506088e+01
7.090071e+00	-6.250617e+01
7.100071e+00	-6.621568e+01
7.110071e+00	-6.063642e+01
7.120071e+00	-6.833697e+01
7.130071e+00	-6.536639e+01
7.140071e+00	-6.781124e+01
7.150072e+00	-6.578653e+01
7.160072e+00	-6.504088e+01
7.170072e+00	-6.114223e+01
7.180072e+00	-6.418467e+01
7.190072e+00	-6.547418e+01
7.200072e+00	-6.379592e+01
7.210072e+00	-6.432717e+01
7.220072e+00	-8.048286e+01
7.230072e+00	-6.190232e+01
7.240072e+00	-7.491710e+01
7.250073e+00	-6.943096e+01
7.260073e+00	-6.930376e+01
7.270073e+00	-6.122406e+01
7.280073e+00	-5.836711e+01
7.290073e+00	-7.426057e+01
7.300073e+00	-6.457897e+01
7.310073e+00	-7.855579e+01
7.320073e+00	-6.721003e+01
7.330073e+00	-6.726159e+01
7.340073e+00	-6.731340e+01
7.350074e+00	-5.920236e+01
7.360074e+00	-6.161314e+01
7.370074e+00	-6.114314e+01
7.380074e+00	-7.258369e+01
7.390074e+00	-6.530537e+01
7.400074e+00	-6.962806e+01
7.410074e+00	-6.326949e+01
7.420074e+00	-6.579877e+01
7.430074e+00	-6.653626e+01
7.440074e+00	-6.796693e+01
7.450075e+00	-7.990555e+01
7.460075e+00	-6.774111e+01
7.470075e+00	-6.570968e+01
7.480075e+00	-6.476911e+01
7.490075e+00	-6.524181e+01
7.500075e+00	-6.725960e+01
7.510075e+00	-6.452645e+01
7.520075e+00	-7.100823e+01
7.530075e+00	-6.322326e+01
7.540075e+00	-6.593234e+01
7.550076e+00	-7.092228e+01
7.560076e+00	-7.063316e+01
7.570076e+00	-6.654609e+01
7.580076e+00	-6.518056e+01
7.590076e+00	-7.111629e+01
7.600076e+00	-6.682109e+01
7.610076e+00	-6.543049e+01
7.620076e+00	-6.651348e+01
7.630076e+00	-6.805016e+01
7.640076e+00	-6.654710e+01
7.650077e+00	-6.908848e+01
7.660077e+00	-6.734225e+01
7.670077e+00	-6.888118e+01
7.680077e+00	-6.817941e+01
7.690077e+00	-6.776149e+01
7.700077e+00	-6.737592e+01
7.710077e+00	-6.755438e+01
7.720077e+00	-6.739717e+01
7.730077e+00	-6.756934e+01
7.740077e+00	-6.617772e+01
7.750078e+00	-6.728810e+01
7.760078e+00	-7.066086e+01
7.770078e+00	-6.986839e+01
7.780078e+00	-6.809654e+01
7.790078e+00	-7.195868e+01
7.800078e+00	-6.912732e+01
7.810078e+00	-6.732097e+01
7.820078e+00	-6.719016e+01
7.830078e+00	-6.767764e+01
7.840078e+00	-6.826551e+01
7.850079e+00	-6.721653e+01
7.860079e+00	-6.973744e+01
7.870079e+00	-6.660978e+01
7.880079e+00	-7.088257e+01
7.890079e+00	-6.742133e+01
7.900079e+00	-6.447101e+01
7.910079e+00	-6.459740e+01
7.920079e+00	-7.153156e+01
7.930079e+00	-6.581887e+01
7.940079e+00	-6.787867e+01
7.950080e+00	-6.505048e+01
7.960080e+00	-6.666082e+01
7.970080e+00	-6.647706e+01
7.980080e+00	-6.570579e+01
7.990080e+00	-6.745985e+01
8.000080e+00	-6.659994e+01
8.010080e+00	-6.265946e+01
8.020080e+00	-6.319636e+01
8.030080e+00	-7.172207e+01
8.040080e+00	-6.676281e+01
8.050081e+00	-6.839477e+01
8.060081e+00	-7.001683e+01
8.070081e+00	-7.142544e+01
8.080081e+00	-7.770495e+01
8.090081e+00	-6.803893e+01
8.100081e+00	-6.704088e+01
8.110081e+00	-6.684635e+01
8.120081e+00	-6.209303e+01
8.130081e+00	-7.015946e+01
8.140081e+00	-6.949833e+01
8.150082e+00	-6.453750e+01
8.160082e+00	-6.820414e+01
8.170082e+00	-6.199725e+01
8.180082e+00	-6.300808e+01
8.190082e+00	-6.539090e+01
8.200082e+00	-6.397075e+01
8.210082e+00	-6.367241e+01
8.220082e+00	-6.575010e+01
8.230082e+00	-6.210933e+01
8.240082e+00	-6.600869e+01
8.250083e+00	-6.853062e+01
8.260083e+00	-6.850967e+01
8.270083e+00	-6.921853e+01
8.280083e+00	-6.285329e+01
8.290083e+00	-7.318332e+01
8.300083e+00	-7.530563e+01
8.310083e+00	-6.434591e+01
8.320083e+00	-6.536714e+01
8.330083e+00	-6.491948e+01
8.340083e+00	-6.919808e+01
8.350084e+00	-7.017445e+01
8.360084e+00	-7.062125e+01
8.370084e+00	-7.219730e+01
8.380084e+00	-7.033715e+01
8.390084e+00	-6.640780e+01
8.400084e+00	-6.379953e+01
8.410084e+00	-6.555193e+01
8.420084e+00	-6.412735e+01
8.430084e+00	-6.452045e+01
8.440084e+00	-6.500053e+01
8.450085e+00	-6.999654e+01
8.460085e+00	-7.687475e+01
8.470085e+00	-6.716918e+01
8.480085e+00	-6.989688e+01
8.490085e+00	-6.825605e+01
8.500085e+00	-6.661602e+01
8.510085e+00	-7.193301e+01
8.520085e+00	-6.569217e+01
8.530085e+00	-6.462570e+01
8.540085e+00	-6.910963e+01
8.550086e+00	-6.881968e+01
8.560086e+00	-7.080753e+01
8.570086e+00	-6.789236e+01
8.580086e+00	-6.864546e+01
8.590086e+00	-7.011144e+01
8.600086e+00	-6.751684e+01
8.610086e+00	-6.770577e+01
8.620086e+00	-6.862192e+01
8.630086e+00	-6.788253e+01
8.640086e+00	-6.922448e+01
8.650087e+00	-6.858958e+01
8.660087e+00	-6.801729e+01
8.670087e+00	-6.824045e+01
8.680087e+00	-6.867272e+01
8.690087e+00	-6.909404e+01
8.700087e+00	-6.913576e+01
8.710087e+00	-6.906931e+01
8.720087e+00	-6.738653e+01
8.730087e+00	-6.771209e+01
8.740087e+00	-6.927974e+01
8.750088e+00	-6.997224e+01
8.760088e+00	-6.532310e+01
8.770088e+00	-6.488801e+01
8.780088e+00	-6.911381e+01
8.790088e+00	-6.731931e+01
8.800088e+00	-6.680587e+01
8.810088e+00	-6.907282e+01
8.820088e+00	-7.056021e+01
8.830088e+00	-6.578566e+01
8.840088e+00	-6.671254e+01
8.850089e+00	-7.233847e+01
8.860089e+00	-6.960453e+01
8.870089e+00	-6.734855e+01
8.880089e+00	-6.841785e+01
8.890089e+00	-6.443796e+01
8.900089e+00	-7.030892e+01
8.910089e+00	-6.586756e+01
8.920089e+00	-6.349351e+01
8.930089e+00	-6.981877e+01
8.940089e+00	-7.103765e+01
8.950090e+00	-6.389101e+01
8.960090e+00	-6.734887e+01
8.970090e+00	-6.479523e+01
8.980090e+00	-6.553314e+01
8.990090e+00	-6.779481e+01
9.000090e+00	-6.696421e+01
9.010090e+00	-7.174362e+01
9.020090e+00	-6.047640e+01
9.030090e+00	-6.710941e+01
9.040090e+00	-6.747344e+01
9.050091e+00	-7.796852e+01
9.060091e+00	-6.477481e+01
9.070091e+00	-7.090941e+01
9.080091e+00	-6.125638e+01
9.090091e+00	-7.160247e+01
9.100091e+00	-6.140297e+01
9.110091e+00	-7.949592e+01
9.120091e+00	-6.299145e+01
9.130091e+00	-7.278328e+01
9.140091e+00	-7.114831e+01
9.150092e+00	-6.630951e+01
9.160092e+00	-6.370075e+01
9.170092e+00	-6.808532e+01
9.180092e+00	-7.248457e+01
9.190092e+00	-6.124600e+01
9.200092e+00	-6.482993e+01
9.210092e+00	-6.917026e+01
9.220092e+00	-6.643947e+01
9.230092e+00	-6.626216e+01
9.240092e+00	-6.867275e+01
9.250093e+00	-6.379936e+01
9.260093e+00	-6.596524e+01
9.270093e+00	-6.759137e+01
9.280093e+00	-6.986727e+01
9.290093e+00	-6.728493e+01
9.300093e+00	-6.872176e+01
9.310093e+00	-6.468976e+01
9.320093e+00	-6.828986e+01
9.330093e+00	-6.973151e+01
9.340093e+00	-6.897716e+01
9.350094e+00	-6.511796e+01
9.360094e+00	-6.054155e+01
9.370094e+00	-8.019345e+01
9.380094e+00	-6.626340e+01
9.390094e+00	-7.158056e+01
9.400094e+00	-7.394856e+01
9.410094e+00	-7.202958e+01
9.420094e+00	-7.001952e+01
9.430094e+00	-7.040501e+01
9.440094e+00	-6.289755e+01
9.450095e+00	-6.756493e+01
9.460095e+00	-6.406682e+01
9.470095e+00	-6.719968e+01
9.480095e+00	-6.945291e+01
9.490095e+00	-7.484254e+01
9.500095e+00	-6.783499e+01
9.510095e+00	-6.840554e+01
9.520095e+00	-6.886022e+01
9.530095e+00	-6.899661e+01
9.540095e+00	-7.197492e+01
9.550096e+00	-7.137870e+01
9.560096e+00	-6.888622e+01
9.570096e+00	-6.862162e+01
9.580096e+00	-6.987874e+01
9.590096e+00	-6.994205e+01
9.600096e+00	-6.918511e+01
9.610096e+00	-7.003546e+01
9.620096e+00	-6.913499e+01
9.630096e+00	-6.930255e+01
9.640096e+00	-6.881369e+01
9.650097e+00	-6.921914e+01
9.660097e+00	-6.955500e+01
9.670097e+00	-6.928717e+01
9.680097e+00	-6.901802e+01
9.690097e+00	-6.874744e+01
9.700097e+00	-7.033821e+01
9.710097e+00	-6.821212e+01
9.720097e+00	-6.891379e+01
9.730097e+00	-6.996572e+01
9.740097e+00	-7.052620e+01
9.750098e+00	-6.854563e+01
9.760098e+00	-7.171933e+01
9.770098e+00	-6.713004e+01
9.780098e+00	-6.817256e+01
9.790098e+00	-6.972777e+01
9.800098e+00	-6.992280e+01
9.810098e+00	-7.567105e+01
9.820098e+00	-6.469362e+01
9.830098e+00	-6.570710e+01
9.840098e+00	-7.299726e+01
9.850099e+00	-6.857703e+01
9.860099e+00	-7.019651e+01
9.870099e+00	-6.835384e+01
9.880099e+00	-6.790088e+01
9.890099e+00	-6.737420e+01
9.900099e+00	-6.685099e+01
9.910099e+00	-6.646187e+01
9.920099e+00	-6.938899e+01
9.930099e+00	-6.806703e+01
9.940099e+00	-6.611863e+01
9.950100e+00	-7.579370e+01
9.960100e+00	-6.764041e+01
9.970100e+00	-7.344046e+01
9.980100e+00	-6.400965e+01
9.990100e+00	-6.404008e+01
1.000010e+01	-7.804128e+01
1.001010e+01	-6.745281e+01
1.002010e+01	-6.705428e+01
1.003010e+01	-6.580015e+01
1.004010e+01	-7.703504e+01
1.005010e+01	-6.671689e+01
1.006010e+01	-7.283511e+01
1.007010e+01	-6.624766e+01
1.008010e+01	-7.648378e+01
1.009010e+01	-6.437407e+01
1.010010e+01	-6.727899e+01
1.011010e+01	-6.918699e+01
1.012010e+01	-6.998034e+01
1.013010e+01	-6.253011e+01
1.014010e+01	-7.387962e+01
1.015010e+01	-6.480509e+01
1.016010e+01	-6.647176e+01
1.017010e+01	-6.920816e+01
1.018010e+01	-6.505778e+01
1.019010e+01	-6.831946e+01
1.020010e+01	-7.131744e+01
1.021010e+01	-6.289335e+01
1.022010e+01	-7.531242e+01
1.023010e+01	-6.890504e+01
1.024010e+01	-7.205089e+01
1.025010e+01	-7.081306e+01
1.026010e+01	-6.534475e+01
1.027010e+01	-6.806789e+01
1.028010e+01	-8.077974e+01
1.029010e+01	-6.796793e+01
1.030010e+01	-6.787461e+01
1.031010e+01	-6.906846e+01
1.032010e+01	-6.637015e+01
1.033010e+01	-6.650323e+01
1.034010e+01	-7.414596e+01
1.035010e+01	-7.106303e+01
1.036010e+01	-6.396396e+01
1.037010e+01	-6.844074e+01
1.038010e+01	-6.841322e+01
1.039010e+01	-7.151226e+01
1.040010e+01	-6.601446e+01
1.041010e+01	-6.709827e+01
1.042010e+01	-7.254456e+01
1.043010e+01	-6.643768e+01
1.044010e+01	-6.885154e+01
1.045010e+01	-6.938267e+01
1.046010e+01	-6.683836e+01
1.047010e+01	-6.976185e+01
1.048010e+01	-7.518142e+01
1.049010e+01	-7.068682e+01
1.050011e+01	-6.903626e+01
1.051011e+01	-6.869343e+01
1.052011e+01	-6.978232e+01
1.053011e+01	-6.846526e+01
1.054011e+01	-7.041126e+01
1.055011e+01	-6.894408e+01
1.056011e+01	-7.103253e+01
1.057011e+01	-6.834625e+01
1.058011e+01	-6.945299e+01
1.059011e+01	-6.998861e+01
1.060011e+01	-6.997411e+01
1.061011e+01	-6.933276e+01
1.062011e+01	-6.976558e+01
1.063011e+01	-6.998424e+01
1.064011e+01	-6.943679e+01
1.065011e+01	-6.930165e+01
1.066011e+01	-6.852896e+01
1.067011e+01	-6.946838e+01
1.068011e+01	-7.293712e+01
1.069011e+01	-7.099545e+01
1.070011e+01	-7.168287e+01
1.071011e+01	-7.272336e+01
1.072011e+01	-6.842775e+01
1.073011e+01	-6.794340e+01
1.074011e+01	-7.202160e+01
1.075011e+01	-7.385411e+01
1.076011e+01	-6.943618e+01
1.077011e+01	-7.150949e+01
1.078011e+01	-6.997192e+01
1.079011e+01	-6.969489e+01
1.080011e+01	-6.698702e+01
1.081011e+01	-6.635597e+01
1.082011e+01	-6.623273e+01
1.083011e+01	-6.860485e+01
1.084011e+01	-6.797722e+01
1.085011e+01	-6.907453e+01
1.086011e+01	-7.238150e+01
1.087011e+01	-6.956536e+01
1.088011e+01	-6.657647e+01
1.089011e+01	-7.179332e+01
1.090011e+01	-6.483740e+01
1.091011e+01	-6.489994e+01
1.092011e+01	-6.596086e+01
1.093011e+01	-6.821097e+01
1.094011e+01	-6.450969e+01
1.095011e+01	-8.184245e+01
1.096011e+01	-6.604300e+01
1.097011e+01	-7.286188e+01
1.098011e+01	-7.126022e+01
1.099011e+01	-6.641484e+01
1.100011e+01	-6.786766e+01
1.101011e+01	-6.946414e+01
1.102011e+01	-7.445486e+01
1.103011e+01	-6.688759e+01
1.104011e+01	-6.852442e+01
1.105011e+01	-7.376889e+01
1.106011e+01	-6.773301e+01
1.107011e+01	-6.537643e+01
1.108011e+01	-6.916121e+01
1.109011e+01	-6.630198e+01
1.110011e+01	-6.849993e+01
1.111011e+01	-6.923563e+01
1.112011e+01	-6.602281e+01
1.113011e+01	-7.322455e+01
1.114011e+01	-7.632894e+01
1.115011e+01	-6.814147e+01
1.116011e+01	-6.490456e+01
1.117011e+01	-6.685977e+01
1.118011e+01	-6.436450e+01
1.119011e+01	-6.593876e+01
1.120011e+01	-6.401370e+01
1.121011e+01	-6.781232e+01
1.122011e+01	-6.928368e+01
1.123011e+01	-6.683446e+01
1.124011e+01	-6.727627e+01
1.125011e+01	-7.609429e+01
1.126011e+01	-7.304174e+01
1.127011e+01	-7.522074e+01
1.128011e+01	-6.598626e+01
1.129011e+01	-7.220870e+01
1.130011e+01	-7.058071e+01
1.131011e+01	-6.749578e+01
1.132011e+01	-6.703887e+01
1.133011e+01	-6.771012e+01
1.134011e+01	-6.995723e+01
1.135011e+01	-6.935180e+01
1.136011e+01	-7.161404e+01
1.137011e+01	-6.533630e+01
1.138011e+01	-6.970518e+01
1.139011e+01	-6.802889e+01
1.140011e+01	-6.590981e+01
1.141011e+01	-7.159531e+01
1.142011e+01	-6.627004e+01
1.143011e+01	-7.477588e+01
1.144011e+01	-6.695561e+01
1.145011e+01	-6.866594e+01
1.146011e+01	-6.865962e+01
1.147011e+01	-7.294011e+01
1.148011e+01	-6.998140e+01
1.149011e+01	-6.807171e+01
1.150012e+01	-7.419250e+01
1.151012e+01	-6.900501e+01
1.152012e+01	-7.059397e+01
1.153012e+01	-7.008610e+01
1.154012e+01	-6.992174e+01
1.155012e+01	-6.930945e+01
1.156012e+01	-6.983948e+01
1.157012e+01	-7.028735e+01
1.158012e+01	-7.019302e+01
1.159012e+01	-6.989286e+01
1.160012e+01	-7.001844e+01
1.161012e+01	-7.040218e+01
1.162012e+01	-7.077212e+01
1.163012e+01	-7.009850e+01
1.164012e+01	-6.965464e+01
1.165012e+01	-7.028170e+01
1.166012e+01	-7.012656e+01
1.167012e+01	-7.081462e+01
1.168012e+01	-7.097222e+01
1.169012e+01	-7.145766e+01
1.170012e+01	-6.857529e+01
1.171012e+01	-7.006794e+01
1.172012e+01	-6.789780e+01
1.173012e+01	-6.984122e+01
1.174012e+01	-6.518996e+01
1.175012e+01	-6.678346e+01
1.176012e+01	-6.872568e+01
1.177012e+01	-7.145507e+01
1.178012e+01	-6.838452e+01
1.179012e+01	-6.883438e+01
1.180012e+01	-6.773002e+01
1.181012e+01	-7.062653e+01
1.182012e+01	-7.494097e+01
1.183012e+01	-7.202708e+01
1.184012e+01	-6.934590e+01
1.185012e+01	-7.251446e+01
1.186012e+01	-6.959699e+01
1.187012e+01	-6.943323e+01
1.188012e+01	-7.390450e+01
1.189012e+01	-7.220750e+01
1.190012e+01	-6.893985e+01
1.191012e+01	-6.852121e+01
1.192012e+01	-7.122124e+01
1.193012e+01	-6.483464e+01
1.194012e+01	-7.301418e+01
1.195012e+01	-6.295574e+01
1.196012e+01	-6.754424e+01
1.197012e+01	-7.026338e+01
1.198012e+01	-6.860200e+01
1.199012e+01	-6.469002e+01
1.200012e+01	-6.828532e+01
1.201012e+01	-6.189165e+01
1.202012e+01	-6.997905e+01
1.203012e+01	-6.637138e+01
1.204012e+01	-6.727778e+01
1.205012e+01	-7.521177e+01
1.206012e+01	-6.706745e+01
1.207012e+01	-6.332243e+01
1.208012e+01	-6.866627e+01
1.209012e+01	-7.144511e+01
1.210012e+01	-6.991016e+01
1.211012e+01	-6.606802e+01
1.212012e+01	-6.914178e+01
1.213012e+01	-6.964471e+01
1.214012e+01	-6.538429e+01
1.215012e+01	-6.511712e+01
1.216012e+01	-6.877585e+01
1.217012e+01	-7.275630e+01
1.218012e+01	-7.457877e+01
1.219012e+01	-7.573438e+01
1.220012e+01	-7.193655e+01
1.221012e+01	-6.881655e+01
1.222012e+01	-6.495659e+01
1.223012e+01	-6.845360e+01
1.224012e+01	-7.437299e+01
1.225012e+01	-6.545377e+01
1.226012e+01	-6.618377e+01
1.227012e+01	-7.049808e+01
1.228012e+01	-6.829784e+01
1.229012e+01	-6.729478e+01
1.230012e+01	-7.214639e+01
1.231012e+01	-6.953809e+01
1.232012e+01	-6.822224e+01
1.233012e+01	-6.747569e+01
1.234012e+01	-6.751392e+01
1.235012e+01	-6.681816e+01
1.236012e+01	-7.274933e+01
1.237012e+01	-6.905477e+01
1.238012e+01	-6.903814e+01
1.239012e+01	-6.933167e+01
1.240012e+01	-7.109562e+01
1.241012e+01	-7.734873e+01
1.242012e+01	-6.788174e+01
1.243012e+01	-7.049247e+01
1.244012e+01	-6.684418e+01
1.245012e+01	-7.078382e+01
1.246012e+01	-6.914957e+01
1.247012e+01	-7.180279e+01
1.248012e+01	-6.914303e+01
1.249012e+01	-7.005325e+01
1.250013e+01	-6.941030e+01
1.251013e+01	-7.085078e+01
1.252013e+01	-7.142597e+01
1.253013e+01	-7.005290e+01
1.254013e+01	-7.064095e+01
1.255013e+01	-7.161331e+01
1.256013e+01	-7.083132e+01
1.257013e+01	-7.056912e+01
1.258013e+01	-7.080448e+01
1.259013e+01	-7.043387e+01
1.260013e+01	-7.018613e+01
1.261013e+01	-7.025071e+01
1.262013e+01	-7.108056e+01
1.263013e+01	-7.064324e+01
1.264013e+01	-6.954004e+01
1.265013e+01	-6.883419e+01
1.266013e+01	-7.320546e+01
1.267013e+01	-7.459056e+01
1.268013e+01	-7.220160e+01
1.269013e+01	-6.890262e+01
1.270013e+01	-7.328889e+01
1.271013e+01	-6.948140e+01
1.272013e+01	-7.320556e+01
1.273013e+01	-7.048090e+01
1.274013e+01	-6.642198e+01
1.275013e+01	-7.254446e+01
1.276013e+01	-7.098350e+01
1.277013e+01	-6.622014e+01
1.278013e+01	-6.570936e+01
1.279013e+01	-7.849355e+01
1.280013e+01	-6.659921e+01
1.281013e+01	-6.904140e+01
1.282013e+01	-6.929793e+01
1.283013e+01	-7.569779e+01
1.284013e+01	-6.643370e+01
1.285013e+01	-6.664895e+01
1.286013e+01	-7.286180e+01
1.287013e+01	-7.124880e+01
1.288013e+01	-6.766991e+01
1.289013e+01	-6.617039e+01
1.290013e+01	-6.621832e+01
1.291013e+01	-6.932775e+01
1.292013e+01	-7.345723e+01
1.293013e+01	-7.190393e+01
1.294013e+01	-8.213839e+01
1.295013e+01	-7.080986e+01
1.296013e+01	-7.146830e+01
1.297013e+01	-6.679614e+01
1.298013e+01	-7.213652e+01
1.299013e+01	-7.060164e+01
1.300013e+01	-6.865826e+01
1.301013e+01	-7.480738e+01
1.302013e+01	-6.848926e+01
1.303013e+01	-6.859938e+01
1.304013e+01	-6.635024e+01
1.305013e+01	-6.253671e+01
1.306013e+01	-6.372746e+01
1.307013e+01	-6.590139e+01
1.308013e+01	-6.510784e+01
1.309013e+01	-7.156040e+01
1.310013e+01	-7.424774e+01
1.311013e+01	-7.082037e+01
1.312013e+01	-6.482868e+01
1.313013e+01	-8.061429e+01
1.314013e+01	-6.569646e+01
1.315013e+01	-6.818250e+01
1.316013e+01	-6.834065e+01
1.317013e+01	-6.928545e+01
1.318013e+01	-7.151289e+01
1.319013e+01	-7.059594e+01
1.320013e+01	-6.651707e+01
1.321013e+01	-7.027011e+01
1.322013e+01	-7.451461e+01
1.323013e+01	-6.889669e+01
1.324013e+01	-6.715209e+01
1.325013e+01	-6.467950e+01
1.326013e+01	-6.670198e+01
1.327013e+01	-6.823248e+01
1.328013e+01	-7.877572e+01
1.329013e+01	-6.661865e+01
1.330013e+01	-7.279040e+01
1.331013e+01	-7.036449e+01
1.332013e+01	-7.421132e+01
1.333013e+01	-7.212483e+01
1.334013e+01	-7.160210e+01
1.335013e+01	-6.597063e+01
1.336013e+01	-6.797433e+01
1.337013e+01	-6.748825e+01
1.338013e+01	-7.076729e+01
1.339013e+01	-6.885296e+01
1.340013e+01	-7.050139e+01
1.341013e+01	-7.548792e+01
1.342013e+01	-7.300807e+01
1.343013e+01	-7.131133e+01
1.344013e+01	-7.220812e+01
1.345013e+01	-6.987882e+01
1.346013e+01	-6.915216e+01
1.347013e+01	-7.019916e+01
1.348013e+01	-7.049953e+01
1.349013e+01	-7.047067e+01
1.350014e+01	-7.018545e+01
1.351014e+01	-7.102164e+01
1.352014e+01	-7.094864e+01
1.353014e+01	-6.975705e+01
1.354014e+01	-7.038887e+01
1.355014e+01	-7.109900e+01
1.356014e+01	-7.071871e+01
1.357014e+01	-7.111765e+01
1.358014e+01	-6.998633e+01
1.359014e+01	-7.055496e+01
1.360014e+01	-6.869798e+01
1.361014e+01	-7.083277e+01
1.362014e+01	-7.165848e+01
1.363014e+01	-7.127617e+01
1.364014e+01	-6.868476e+01
1.365014e+01	-6.952567e+01
1.366014e+01	-7.112323e+01
1.367014e+01	-7.466876e+01
1.368014e+01	-6.939758e+01
1.369014e+01	-7.321304e+01
1.370014e+01	-6.600765e+01
1.371014e+01	-7.184932e+01
1.372014e+01	-6.741724e+01
1.373014e+01	-6.769597e+01
1.374014e+01	-7.031075e+01
1.375014e+01	-7.074674e+01
1.376014e+01	-6.692791e+01
1.377014e+01	-7.128680e+01
1.378014e+01	-6.932781e+01
1.379014e+01	-6.367705e+01
1.380014e+01	-7.241047e+01
1.381014e+01	-7.735944e+01
1.382014e+01	-6.634685e+01
1.383014e+01	-7.874672e+01
1.384014e+01	-6.839290e+01
1.385014e+01	-6.797077e+01
1.386014e+01	-7.719175e+01
1.387014e+01	-8.225532e+01
1.388014e+01	-7.022506e+01
1.389014e+01	-7.519910e+01
1.390014e+01	-7.253617e+01
1.391014e+01	-7.012901e+01
1.392014e+01	-6.541590e+01
1.393014e+01	-6.815096e+01
1.394014e+01	-6.963882e+01
1.395014e+01	-6.686356e+01
1.396014e+01	-6.844699e+01
1.397014e+01	-6.464879e+01
1.398014e+01	-6.437019e+01
1.399014e+01	-7.123639e+01
1.400014e+01	-7.477083e+01
1.401014e+01	-7.758294e+01
1.402014e+01	-7.360376e+01
1.403014e+01	-6.472306e+01
1.404014e+01	-6.909853e+01
1.405014e+01	-7.008784e+01
1.406014e+01	-6.521823e+01
1.407014e+01	-8.932272e+01
1.408014e+01	-6.556961e+01
1.409014e+01	-7.355346e+01
1.410014e+01	-6.463417e+01
1.411014e+01	-7.537748e+01
1.412014e+01	-6.890099e+01
1.413014e+01	-6.668878e+01
1.414014e+01	-6.480199e+01
1.415014e+01	-6.948206e+01
1.416014e+01	-6.856236e+01
1.417014e+01	-6.646444e+01
1.418014e+01	-6.964714e+01
1.419014e+01	-7.168572e+01
1.420014e+01	-7.066411e+01
1.421014e+01	-8.189573e+01
1.422014e+01	-6.556074e+01
1.423014e+01	-7.061377e+01
1.424014e+01	-7.235806e+01
1.425014e+01	-7.060211e+01
1.426014e+01	-6.969139e+01
1.427014e+01	-7.584412e+01
1.428014e+01	-6.993380e+01
1.429014e+01	-6.976626e+01
1.430014e+01	-7.146512e+01
1.431014e+01	-6.697190e+01
1.432014e+01	-7.305945e+01
1.433014e+01	-7.678100e+01
1.434014e+01	-6.836128e+01
1.435014e+01	-7.051102e+01
1.436014e+01	-6.816737e+01
1.437014e+01	-7.344116e+01
1.438014e+01	-6.875167e+01
1.439014e+01	-7.044141e+01
1.440014e+01	-6.725503e+01
1.441014e+01	-6.936172e+01
1.442014e+01	-7.056198e+01
1.443014e+01	-7.114308e+01
1.444014e+01	-7.039403e+01
1.445014e+01	-7.271513e+01
1.446014e+01	-7.033257e+01
1.447014e+01	-7.021441e+01
1.448014e+01	-7.094120e+01
1.449014e+01	-7.078010e+01
1.450015e+01	-7.065738e+01
1.451015e+01	-7.042442e+01
1.452015e+01	-7.043986e+01
1.453015e+01	-7.033717e+01
1.454015e+01	-7.006890e+01
1.455015e+01	-7.157355e+01
1.456015e+01	-7.219179e+01
1.457015e+01	-6.962516e+01
1.458015e+01	-7.127645e+01
1.459015e+01	-6.905832e+01
1.460015e+01	-7.543735e+01
1.461015e+01	-6.990562e+01
1.462015e+01	-7.060236e+01
1.463015e+01	-6.931965e+01
1.464015e+01	-7.329569e+01
1.465015e+01	-7.208245e+01
1.466015e+01	-7.380062e+01
1.467015e+01	-7.995060e+01
1.468015e+01	-7.572891e+01
1.469015e+01	-6.745537e+01
1.470015e+01	-6.603590e+01
1.471015e+01	-7.479237e+01
1.472015e+01	-7.169163e+01
1.473015e+01	-6.494529e+01
1.474015e+01	-7.042467e+01
1.475015e+01	-6.347656e+01
1.476015e+01	-6.732332e+01
1.477015e+01	-6.855039e+01
1.478015e+01	-6.973533e+01
1.479015e+01	-6.607716e+01
1.480015e+01	-6.860697e+01
1.481015e+01	-6.563638e+01
1.482015e+01	-7.160782e+01
1.483015e+01	-6.868040e+01
1.484015e+01	-7.615054e+01
1.485015e+01	-8.606793e+01
1.486015e+01	-7.207301e+01
1.487015e+01	-6.818020e+01
1.488015e+01	-7.297624e+01
1.489015e+01	-6.620784e+01
1.490015e+01	-8.626954e+01
1.491015e+01	-6.860497e+01
1.492015e+01	-6.889353e+01
1.493015e+01	-7.185692e+01
1.494015e+01	-6.822395e+01
1.495015e+01	-6.505557e+01
1.496015e+01	-7.570716e+01
1.497015e+01	-6.855199e+01
1.498015e+01	-6.734544e+01
1.499015e+01	-7.146172e+01
