0.000000e+00	1.255906e+01
1.000010e-02	2.175590e+00
2.000020e-02	1.429154e+01
3.000030e-02	1.013981e+01
4.000040e-02	1.312794e+01
5.000050e-02	1.685707e+01
6.000060e-02	9.770615e+00
7.000070e-02	1.537576e+01
8.000080e-02	1.879485e+01
9.000090e-02	1.561082e+01
1.000010e-01	2.213261e+01
1.100011e-01	1.735161e+01
1.200012e-01	2.316375e+01
1.300013e-01	2.228075e+01
1.400014e-01	2.096333e+01
1.500015e-01	2.422156e+01
1.600016e-01	2.003346e+01
1.700017e-01	2.629606e+01
1.800018e-01	2.414158e+01
1.900019e-01	2.369030e+01
2.000020e-01	2.793180e+01
2.100021e-01	2.248654e+01
2.200022e-01	2.747488e+01
2.300023e-01	2.749712e+01
2.400024e-01	2.462463e+01
2.500025e-01	2.832631e+01
2.600026e-01	2.623543e+01
2.700027e-01	2.662104e+01
2.800028e-01	2.809636e+01
2.900029e-01	2.650598e+01
3.000030e-01	2.795741e+01
3.100031e-01	2.781295e+01
3.200032e-01	2.752579e+01
3.300033e-01	2.860673e+01
3.400034e-01	2.807139e+01
3.500035e-01	2.843417e+01
3.600036e-01	2.873848e+01
3.700037e-01	2.851565e+01
3.800038e-01	2.844848e+01
3.900039e-01	2.889617e+01
4.000040e-01	2.843790e+01
4.100041e-01	2.826112e+01
4.200042e-01	2.859839e+01
4.300043e-01	2.826350e+01
4.400044e-01	2.785642e+01
4.500045e-01	2.853945e+01
4.600046e-01	2.809728e+01
4.700047e-01	2.804958e+01
4.800048e-01	2.837049e+01
4.900049e-01	2.818885e+01
5.000050e-01	2.810576e+01
5.100051e-01	2.830408e+01
5.200052e-01	2.800983e+01
5.300053e-01	2.790046e+01
5.400054e-01	2.776963e+01
5.500055e-01	2.713295e+01
5.600056e-01	2.564752e+01
5.700057e-01	2.743517e+01
5.800058e-01	2.742493e+01
5.900059e-01	2.739677e+01
6.000060e-01	2.726178e+01
6.100061e-01	2.725013e+01
6.200062e-01	2.702874e+01
6.300063e-01	2.667286e+01
6.400064e-01	2.670198e+01
6.500065e-01	2.621407e+01
6.600066e-01	2.585004e+01
6.700067e-01	2.559563e+01
6.800068e-01	2.516645e+01
6.900069e-01	2.485279e+01
7.000070e-01	2.441520e+01
7.100071e-01	2.403786e+01
7.200072e-01	2.359893e+01
7.300073e-01	2.352194e+01
7.400074e-01	2.298033e+01
7.500075e-01	2.148102e+01
7.600076e-01	2.174457e+01
7.700077e-01	2.164107e+01
7.800078e-01	2.110050e+01
7.900079e-01	2.094170e+01
8.000080e-01	2.023344e+01
8.100081e-01	2.001185e+01
8.200082e-01	1.959790e+01
8.300083e-01	1.924368e+01
8.400084e-01	1.911047e+01
8.500085e-01	1.863926e+01
8.600086e-01	1.836309e+01
8.700087e-01	1.805319e+01
8.800088e-01	1.772972e+01
8.900089e-01	1.728183e+01
9.000090e-01	1.712144e+01
9.100091e-01	1.666615e+01
9.200092e-01	1.635553e+01
9.300093e-01	1.610849e+01
9.400094e-01	1.586428e+01
9.500095e-01	1.552517e+01
9.600096e-01	1.517316e+01
9.700097e-01	1.455132e+01
9.800098e-01	1.399012e+01
9.900099e-01	1.280974e+01
1.000010e+00	1.288478e+01
1.010010e+00	1.250910e+01
1.020010e+00	1.179303e+01
1.030010e+00	1.129778e+01
1.040010e+00	1.071741e+01
1.050011e+00	1.012519e+01
1.060011e+00	9.799592e+00
1.070011e+00	9.435852e+00
1.080011e+00	8.461131e+00
1.090011e+00	7.193830e+00
1.100011e+00	3.017266e+00
1.110011e+00	5.650569e+00
1.120011e+00	4.808910e+00
1.130011e+00	5.788612e+00
1.140011e+00	5.755251e+00
1.150012e+00	3.573616e+00
1.160012e+00	6.692015e-01
1.170012e+00	1.152069e+00
1.180012e+00	3.596383e+00
1.190012e+00	3.477147e+00
1.200012e+00	3.351116e+00
1.210012e+00	9.229098e-01
1.220012e+00	2.013916e+00
1.230012e+00	1.738637e-01
1.240012e+00	1.329530e+00
1.250013e+00	7.463298e-01
1.260013e+00	4.041645e-01
1.270013e+00	-1.162006e+00
1.280013e+00	-1.086033e+00
1.290013e+00	-1.840255e+00
1.300013e+00	-2.611505e+00
1.310013e+00	-3.686341e+00
1.320013e+00	-3.857223e+00
1.330013e+00	-3.771615e+00
1.340013e+00	-5.061926e+00
1.350014e+00	-5.632306e+00
1.360014e+00	-5.926057e+00
1.370014e+00	-6.155699e+00
1.380014e+00	-7.224005e+00
1.390014e+00	-7.984022e+00
1.400014e+00	-1.055260e+01
1.410014e+00	-1.372131e+01
1.420014e+00	-1.246885e+01
1.430014e+00	-1.311405e+01
1.440014e+00	-1.297391e+01
1.450015e+00	-1.368388e+01
1.460015e+00	-1.426410e+01
1.470015e+00	-1.485121e+01
1.480015e+00	-1.593852e+01
1.490015e+00	-1.802117e+01
1.500015e+00	-1.825139e+01
1.510015e+00	-1.944972e+01
1.520015e+00	-1.914359e+01
1.530015e+00	-1.967369e+01
1.540015e+00	-2.111239e+01
1.550016e+00	-2.175059e+01
1.560016e+00	-2.355390e+01
1.570016e+00	-2.511320e+01
1.580016e+00	-2.531958e+01
1.590016e+00	-2.759643e+01
1.600016e+00	-3.166670e+01
1.610016e+00	-3.150972e+01
1.620016e+00	-3.280433e+01
1.630016e+00	-3.592436e+01
1.640016e+00	-3.705995e+01
1.650017e+00	-4.076294e+01
1.660017e+00	-4.793598e+01
1.670017e+00	-6.410002e+01
1.680017e+00	-6.381585e+01
1.690017e+00	-6.059931e+01
1.700017e+00	-5.013924e+01
1.710017e+00	-4.501797e+01
1.720017e+00	-5.831513e+01
1.730017e+00	-5.125736e+01
1.740017e+00	-4.019100e+01
1.750018e+00	-4.033087e+01
1.760018e+00	-4.095296e+01
1.770018e+00	-3.970094e+01
1.780018e+00	-4.006514e+01
1.790018e+00	-3.810443e+01
1.800018e+00	-3.996182e+01
1.810018e+00	-3.390106e+01
1.820018e+00	-3.514612e+01
1.830018e+00	-3.333717e+01
1.840018e+00	-3.434513e+01
1.850019e+00	-3.788055e+01
1.860019e+00	-3.675801e+01
1.870019e+00	-5.358845e+01
1.880019e+00	-3.594409e+01
1.890019e+00	-3.825407e+01
1.900019e+00	-3.445664e+01
1.910019e+00	-4.108150e+01
1.920019e+00	-4.417511e+01
1.930019e+00	-4.397783e+01
1.940019e+00	-3.632587e+01
1.950020e+00	-3.683964e+01
1.960020e+00	-3.783045e+01
1.970020e+00	-4.291498e+01
1.980020e+00	-3.792333e+01
1.990020e+00	-3.571316e+01
2.000020e+00	-3.722229e+01
2.010020e+00	-3.720419e+01
2.020020e+00	-3.412745e+01
2.030020e+00	-3.884072e+01
2.040020e+00	-4.135921e+01
2.050021e+00	-3.383894e+01
2.060021e+00	-3.889047e+01
2.070021e+00	-3.564186e+01
2.080021e+00	-3.607801e+01
2.090021e+00	-3.538080e+01
2.100021e+00	-3.998299e+01
2.110021e+00	-4.263339e+01
2.120021e+00	-3.701343e+01
2.130021e+00	-3.747987e+01
2.140021e+00	-4.607630e+01
2.150022e+00	-3.610718e+01
2.160022e+00	-4.286234e+01
2.170022e+00	-4.842964e+01
2.180022e+00	-3.945641e+01
2.190022e+00	-4.413752e+01
2.200022e+00	-4.211334e+01
2.210022e+00	-4.864858e+01
2.220022e+00	-4.409253e+01
2.230022e+00	-5.852828e+01
2.240022e+00	-3.745588e+01
2.250023e+00	-4.009929e+01
2.260023e+00	-3.446557e+01
2.270023e+00	-4.328386e+01
2.280023e+00	-4.132515e+01
2.290023e+00	-4.990017e+01
2.300023e+00	-5.001965e+01
2.310023e+00	-5.005902e+01
2.320023e+00	-4.220240e+01
2.330023e+00	-4.935133e+01
2.340023e+00	-5.573309e+01
2.350024e+00	-4.108204e+01
2.360024e+00	-4.124662e+01
2.370024e+00	-4.117041e+01
2.380024e+00	-3.928287e+01
2.390024e+00	-4.556113e+01
2.400024e+00	-4.166240e+01
2.410024e+00	-5.172614e+01
2.420024e+00	-4.809065e+01
2.430024e+00	-3.950336e+01
2.440024e+00	-4.230213e+01
2.450025e+00	-4.671031e+01
2.460025e+00	-4.893363e+01
2.470025e+00	-4.565779e+01
2.480025e+00	-4.891254e+01
2.490025e+00	-4.563415e+01
2.500025e+00	-5.136222e+01
2.510025e+00	-4.302751e+01
2.520025e+00	-5.365140e+01
2.530025e+00	-4.569335e+01
2.540025e+00	-5.664383e+01
2.550026e+00	-4.689532e+01
2.560026e+00	-5.473651e+01
2.570026e+00	-5.638876e+01
2.580026e+00	-6.011738e+01
2.590026e+00	-5.079118e+01
2.600026e+00	-5.857077e+01
2.610026e+00	-6.684083e+01
2.620026e+00	-5.672042e+01
2.630026e+00	-5.186114e+01
2.640026e+00	-5.555339e+01
2.650027e+00	-5.925683e+01
2.660027e+00	-5.948976e+01
2.670027e+00	-6.703111e+01
2.680027e+00	-5.894064e+01
2.690027e+00	-6.923638e+01
2.700027e+00	-5.988102e+01
2.710027e+00	-6.682869e+01
2.720027e+00	-6.974354e+01
2.730027e+00	-6.895193e+01
2.740027e+00	-6.725421e+01
2.750028e+00	-6.756965e+01
2.760028e+00	-6.405027e+01
2.770028e+00	-6.948463e+01
2.780028e+00	-7.400158e+01
2.790028e+00	-6.065719e+01
2.800028e+00	-6.176160e+01
2.810028e+00	-6.330969e+01
2.820028e+00	-6.193679e+01
2.830028e+00	-5.903429e+01
2.840028e+00	-5.874624e+01
2.850029e+00	-6.508528e+01
2.860029e+00	-6.378091e+01
2.870029e+00	-5.625671e+01
2.880029e+00	-6.476311e+01
2.890029e+00	-5.846222e+01
2.900029e+00	-5.848711e+01
2.910029e+00	-7.091325e+01
2.920029e+00	-5.536936e+01
2.930029e+00	-5.731246e+01
2.940029e+00	-6.216228e+01
2.950030e+00	-6.169876e+01
2.960030e+00	-6.483075e+01
2.970030e+00	-6.460101e+01
2.980030e+00	-5.141805e+01
2.990030e+00	-5.542408e+01
3.000030e+00	-5.971660e+01
3.010030e+00	-5.636170e+01
3.020030e+00	-5.312703e+01
3.030030e+00	-5.349849e+01
3.040030e+00	-5.289434e+01
3.050031e+00	-7.074489e+01
3.060031e+00	-7.204300e+01
3.070031e+00	-5.461462e+01
3.080031e+00	-5.301993e+01
3.090031e+00	-6.359776e+01
3.100031e+00	-6.342447e+01
3.110031e+00	-5.004136e+01
3.120031e+00	-6.010207e+01
3.130031e+00	-5.980520e+01
3.140031e+00	-7.157613e+01
3.150032e+00	-5.305655e+01
3.160032e+00	-5.104285e+01
3.170032e+00	-5.464116e+01
3.180032e+00	-5.181997e+01
3.190032e+00	-4.876660e+01
3.200032e+00	-6.425711e+01
3.210032e+00	-5.508546e+01
3.220032e+00	-5.119794e+01
3.230032e+00	-5.562294e+01
3.240032e+00	-6.096924e+01
3.250033e+00	-6.302528e+01
3.260033e+00	-5.513602e+01
3.270033e+00	-5.164416e+01
3.280033e+00	-5.423200e+01
3.290033e+00	-5.745533e+01
3.300033e+00	-5.825625e+01
3.310033e+00	-5.821375e+01
3.320033e+00	-5.426442e+01
3.330033e+00	-5.200840e+01
3.340033e+00	-5.538017e+01
3.350034e+00	-7.076621e+01
3.360034e+00	-5.089853e+01
3.370034e+00	-5.041020e+01
3.380034e+00	-5.345120e+01
3.390034e+00	-5.149803e+01
3.400034e+00	-5.665540e+01
3.410034e+00	-5.736033e+01
3.420034e+00	-6.715963e+01
3.430034e+00	-5.458204e+01
3.440034e+00	-5.835341e+01
3.450035e+00	-5.761313e+01
3.460035e+00	-5.732776e+01
3.470035e+00	-6.886940e+01
3.480035e+00	-6.059946e+01
3.490035e+00	-5.597113e+01
3.500035e+00	-5.515679e+01
3.510035e+00	-6.095944e+01
3.520035e+00	-6.138152e+01
3.530035e+00	-6.570898e+01
3.540035e+00	-6.209881e+01
3.550036e+00	-6.233067e+01
3.560036e+00	-6.469151e+01
3.570036e+00	-6.078985e+01
3.580036e+00	-6.270009e+01
3.590036e+00	-6.313012e+01
3.600036e+00	-6.122871e+01
3.610036e+00	-5.819399e+01
3.620036e+00	-7.266226e+01
3.630036e+00	-7.398304e+01
3.640036e+00	-7.127811e+01
3.650037e+00	-6.385347e+01
3.660037e+00	-6.688123e+01
3.670037e+00	-6.419841e+01
3.680037e+00	-6.423293e+01
3.690037e+00	-6.723831e+01
3.700037e+00	-6.739718e+01
3.710037e+00	-6.959148e+01
3.720037e+00	-6.940176e+01
3.730037e+00	-7.498040e+01
3.740037e+00	-7.182828e+01
3.750038e+00	-6.987868e+01
3.760038e+00	-7.069288e+01
3.770038e+00	-7.121831e+01
3.780038e+00	-6.786502e+01
3.790038e+00	-6.933666e+01
3.800038e+00	-6.938232e+01
3.810038e+00	-7.566040e+01
3.820038e+00	-6.482615e+01
3.830038e+00	-6.548426e+01
3.840038e+00	-6.848307e+01
3.850039e+00	-6.502468e+01
3.860039e+00	-6.768662e+01
3.870039e+00	-6.668619e+01
3.880039e+00	-6.933782e+01
3.890039e+00	-6.341992e+01
3.900039e+00	-6.480412e+01
3.910039e+00	-6.369055e+01
3.920039e+00	-6.632285e+01
3.930039e+00	-6.824367e+01
3.940039e+00	-6.149424e+01
3.950040e+00	-6.245553e+01
3.960040e+00	-6.285914e+01
3.970040e+00	-5.858279e+01
3.980040e+00	-5.773134e+01
3.990040e+00	-6.007762e+01
4.000040e+00	-6.103425e+01
4.010040e+00	-5.836526e+01
4.020040e+00	-7.138733e+01
4.030040e+00	-6.712978e+01
4.040040e+00	-6.014219e+01
4.050041e+00	-6.469431e+01
4.060041e+00	-7.638432e+01
4.070041e+00	-6.153100e+01
4.080041e+00	-6.154985e+01
4.090041e+00	-6.414424e+01
4.100041e+00	-6.112949e+01
4.110041e+00	-5.672257e+01
4.120041e+00	-6.572050e+01
4.130041e+00	-5.904485e+01
4.140041e+00	-5.686192e+01
4.150042e+00	-5.535424e+01
4.160042e+00	-5.714488e+01
4.170042e+00	-6.513743e+01
4.180042e+00	-6.392372e+01
4.190042e+00	-6.689497e+01
4.200042e+00	-5.462826e+01
4.210042e+00	-5.644453e+01
4.220042e+00	-6.571763e+01
4.230042e+00	-6.110688e+01
4.240042e+00	-5.993226e+01
4.250043e+00	-6.113667e+01
4.260043e+00	-6.218895e+01
4.270043e+00	-6.834478e+01
4.280043e+00	-5.792329e+01
4.290043e+00	-6.369105e+01
4.300043e+00	-6.324737e+01
4.310043e+00	-6.389099e+01
4.320043e+00	-6.815994e+01
4.330043e+00	-6.138214e+01
4.340043e+00	-6.213633e+01
4.350044e+00	-5.663192e+01
4.360044e+00	-6.473628e+01
4.370044e+00	-6.661849e+01
4.380044e+00	-5.854192e+01
4.390044e+00	-6.010927e+01
4.400044e+00	-7.515227e+01
4.410044e+00	-6.188269e+01
4.420044e+00	-5.737488e+01
4.430044e+00	-6.065839e+01
4.440044e+00	-6.864088e+01
4.450045e+00	-6.445894e+01
4.460045e+00	-6.280117e+01
4.470045e+00	-7.497521e+01
4.480045e+00	-6.272530e+01
4.490045e+00	-6.763310e+01
4.500045e+00	-7.611281e+01
4.510045e+00	-6.352752e+01
4.520045e+00	-6.659689e+01
4.530045e+00	-6.275099e+01
4.540045e+00	-6.933826e+01
4.550046e+00	-7.575396e+01
4.560046e+00	-6.688356e+01
4.570046e+00	-6.330344e+01
4.580046e+00	-6.622585e+01
4.590046e+00	-7.139433e+01
4.600046e+00	-7.650252e+01
4.610046e+00	-6.353679e+01
4.620046e+00	-6.825990e+01
4.630046e+00	-6.978870e+01
4.640046e+00	-7.118971e+01
4.650047e+00	-8.761767e+01
4.660047e+00	-7.022090e+01
4.670047e+00	-6.864698e+01
4.680047e+00	-6.788587e+01
4.690047e+00	-7.466896e+01
4.700047e+00	-6.853204e+01
4.710047e+00	-7.108907e+01
4.720047e+00	-6.992348e+01
4.730047e+00	-7.373801e+01
4.740047e+00	-7.214822e+01
4.750048e+00	-7.225441e+01
4.760048e+00	-7.073404e+01
4.770048e+00	-7.281834e+01
4.780048e+00	-7.317797e+01
4.790048e+00	-7.369767e+01
4.800048e+00	-6.778915e+01
4.810048e+00	-8.233914e+01
4.820048e+00	-7.079277e+01
4.830048e+00	-7.490944e+01
4.840048e+00	-6.822509e+01
4.850049e+00	-7.030948e+01
4.860049e+00	-6.718360e+01
4.870049e+00	-6.740945e+01
4.880049e+00	-7.809835e+01
4.890049e+00	-7.417994e+01
4.900049e+00	-6.221060e+01
4.910049e+00	-6.599699e+01
4.920049e+00	-6.521354e+01
4.930049e+00	-6.128265e+01
4.940049e+00	-7.024631e+01
4.950050e+00	-6.442542e+01
4.960050e+00	-7.160754e+01
4.970050e+00	-6.796545e+01
4.980050e+00	-6.297357e+01
4.990050e+00	-6.343943e+01
5.000050e+00	-5.761217e+01
5.010050e+00	-6.031659e+01
5.020050e+00	-6.657486e+01
5.030050e+00	-6.295848e+01
5.040050e+00	-5.642453e+01
5.050051e+00	-6.813718e+01
5.060051e+00	-6.290902e+01
5.070051e+00	-5.579851e+01
5.080051e+00	-6.434371e+01
5.090051e+00	-6.710940e+01
5.100051e+00	-6.090745e+01
5.110051e+00	-6.041784e+01
5.120051e+00	-6.974688e+01
5.130051e+00	-6.694790e+01
5.140051e+00	-6.030304e+01
5.150052e+00	-6.616507e+01
5.160052e+00	-6.454427e+01
5.170052e+00	-6.186735e+01
5.180052e+00	-7.339081e+01
5.190052e+00	-5.624365e+01
5.200052e+00	-6.189698e+01
5.210052e+00	-6.098034e+01
5.220052e+00	-6.831467e+01
5.230052e+00	-6.013263e+01
5.240052e+00	-6.133709e+01
5.250053e+00	-6.079356e+01
5.260053e+00	-5.970367e+01
5.270053e+00	-6.397468e+01
5.280053e+00	-6.794825e+01
5.290053e+00	-6.039068e+01
5.300053e+00	-5.974407e+01
5.310053e+00	-5.599039e+01
5.320053e+00	-6.396599e+01
5.330053e+00	-7.074345e+01
5.340053e+00	-6.671713e+01
5.350054e+00	-6.949845e+01
5.360054e+00	-6.491994e+01
5.370054e+00	-7.073584e+01
5.380054e+00	-7.066766e+01
5.390054e+00	-5.958906e+01
5.400054e+00	-6.770064e+01
5.410054e+00	-7.604143e+01
5.420054e+00	-6.908793e+01
5.430054e+00	-6.262518e+01
5.440054e+00	-6.625328e+01
5.450055e+00	-6.211176e+01
5.460055e+00	-5.983451e+01
5.470055e+00	-6.626976e+01
5.480055e+00	-7.174883e+01
5.490055e+00	-7.000273e+01
5.500055e+00	-7.952455e+01
5.510055e+00	-6.770892e+01
5.520055e+00	-6.853072e+01
5.530055e+00	-7.082621e+01
5.540055e+00	-6.581159e+01
5.550056e+00	-7.827602e+01
5.560056e+00	-7.822995e+01
5.570056e+00	-6.775366e+01
5.580056e+00	-7.066913e+01
5.590056e+00	-8.261880e+01
5.600056e+00	-7.585187e+01
5.610056e+00	-6.554915e+01
5.620056e+00	-7.250551e+01
5.630056e+00	-8.539305e+01
5.640056e+00	-6.630191e+01
5.650057e+00	-7.014761e+01
5.660057e+00	-7.251383e+01
5.670057e+00	-7.082141e+01
5.680057e+00	-7.525138e+01
5.690057e+00	-7.703717e+01
5.700057e+00	-7.652805e+01
5.710057e+00	-7.290759e+01
5.720057e+00	-7.377407e+01
5.730057e+00	-7.385738e+01
5.740057e+00	-7.412192e+01
5.750058e+00	-7.459787e+01
5.760058e+00	-7.331717e+01
5.770058e+00	-7.416140e+01
5.780058e+00	-7.299705e+01
5.790058e+00	-7.174472e+01
5.800058e+00	-7.518842e+01
5.810058e+00	-7.199304e+01
5.820058e+00	-8.095359e+01
5.830058e+00	-7.163592e+01
5.840058e+00	-7.368826e+01
5.850059e+00	-6.724767e+01
5.860059e+00	-7.771080e+01
5.870059e+00	-6.869921e+01
5.880059e+00	-8.077987e+01
5.890059e+00	-7.044061e+01
5.900059e+00	-7.627466e+01
5.910059e+00	-7.417840e+01
5.920059e+00	-6.479945e+01
5.930059e+00	-7.773585e+01
5.940059e+00	-6.670634e+01
5.950060e+00	-7.219798e+01
5.960060e+00	-6.649575e+01
5.970060e+00	-6.853329e+01
5.980060e+00	-6.578427e+01
5.990060e+00	-7.093146e+01
6.000060e+00	-7.332461e+01
6.010060e+00	-6.729588e+01
6.020060e+00	-7.362126e+01
6.030060e+00	-6.712000e+01
6.040060e+00	-7.425294e+01
6.050061e+00	-6.634145e+01
6.060061e+00	-6.780644e+01
6.070061e+00	-6.642555e+01
6.080061e+00	-6.915770e+01
6.090061e+00	-6.347699e+01
6.100061e+00	-7.419322e+01
6.110061e+00	-6.530010e+01
6.120061e+00	-7.373346e+01
6.130061e+00	-6.325122e+01
6.140061e+00	-6.468225e+01
6.150062e+00	-6.117347e+01
6.160062e+00	-6.383165e+01
6.170062e+00	-6.458745e+01
6.180062e+00	-7.103710e+01
6.190062e+00	-6.563448e+01
6.200062e+00	-7.035689e+01
6.210062e+00	-5.968441e+01
6.220062e+00	-6.569013e+01
6.230062e+00	-6.435275e+01
6.240062e+00	-6.613444e+01
6.250063e+00	-5.992492e+01
6.260063e+00	-7.678418e+01
6.270063e+00	-6.476543e+01
6.280063e+00	-6.564013e+01
6.290063e+00	-6.852667e+01
6.300063e+00	-7.533985e+01
6.310063e+00	-6.625915e+01
6.320063e+00	-5.894773e+01
6.330063e+00	-8.398999e+01
6.340063e+00	-7.535340e+01
6.350064e+00	-6.819851e+01
6.360064e+00	-6.810712e+01
6.370064e+00	-7.004055e+01
6.380064e+00	-7.126887e+01
6.390064e+00	-7.096251e+01
6.400064e+00	-7.438733e+01
6.410064e+00	-6.830471e+01
6.420064e+00	-6.378320e+01
6.430064e+00	-7.185584e+01
6.440064e+00	-8.085441e+01
6.450065e+00	-6.631741e+01
6.460065e+00	-6.345216e+01
6.470065e+00	-7.104269e+01
6.480065e+00	-6.850248e+01
6.490065e+00	-6.753055e+01
6.500065e+00	-6.668856e+01
6.510065e+00	-6.725882e+01
6.520065e+00	-8.945030e+01
6.530065e+00	-6.922862e+01
6.540065e+00	-6.548751e+01
6.550066e+00	-7.049555e+01
6.560066e+00	-6.895301e+01
6.570066e+00	-7.057853e+01
6.580066e+00	-8.137406e+01
6.590066e+00	-8.098536e+01
6.600066e+00	-7.028216e+01
6.610066e+00	-6.881287e+01
6.620066e+00	-7.214156e+01
6.630066e+00	-7.636412e+01
6.640066e+00	-7.407810e+01
6.650067e+00	-6.893203e+01
6.660067e+00	-7.748026e+01
6.670067e+00	-7.377148e+01
6.680067e+00	-7.585469e+01
6.690067e+00	-7.509414e+01
6.700067e+00	-7.513659e+01
6.710067e+00	-7.537859e+01
6.720067e+00	-7.578888e+01
6.730067e+00	-7.647529e+01
6.740067e+00	-7.576315e+01
6.750068e+00	-7.663927e+01
6.760068e+00	-7.463033e+01
6.770068e+00	-7.353141e+01
6.780068e+00	-7.459931e+01
6.790068e+00	-7.326061e+01
6.800068e+00	-8.038340e+01
6.810068e+00	-6.767453e+01
6.820068e+00	-7.254776e+01
6.830068e+00	-6.979538e+01
6.840068e+00	-7.185906e+01
6.850069e+00	-7.016543e+01
6.860069e+00	-7.156397e+01
6.870069e+00	-7.195218e+01
6.880069e+00	-6.677595e+01
6.890069e+00	-7.650815e+01
6.900069e+00	-7.791454e+01
6.910069e+00	-8.062742e+01
6.920069e+00	-7.308343e+01
6.930069e+00	-7.488391e+01
6.940069e+00	-7.069903e+01
6.950070e+00	-7.104729e+01
6.960070e+00	-6.369950e+01
6.970070e+00	-6.472995e+01
6.980070e+00	-6.556582e+01
6.990070e+00	-6.618984e+01
7.000070e+00	-6.587168e+01
7.010070e+00	-7.060366e+01
7.020070e+00	-7.095218e+01
7.030070e+00	-8.474621e+01
7.040070e+00	-6.985988e+01
7.050071e+00	-7.504815e+01
7.060071e+00	-8.067630e+01
7.070071e+00	-6.937745e+01
7.080071e+00	-7.394935e+01
7.090071e+00	-6.796986e+01
7.100071e+00	-6.436516e+01
7.110071e+00	-5.992300e+01
7.120071e+00	-5.995322e+01
7.130071e+00	-6.699751e+01
7.140071e+00	-7.037054e+01
7.150072e+00	-6.685717e+01
7.160072e+00	-6.933782e+01
7.170072e+00	-6.407248e+01
7.180072e+00	-6.445834e+01
7.190072e+00	-6.630107e+01
7.200072e+00	-7.643791e+01
7.210072e+00	-6.337837e+01
7.220072e+00	-6.677735e+01
7.230072e+00	-8.086448e+01
7.240072e+00	-6.636035e+01
7.250073e+00	-6.547682e+01
7.260073e+00	-7.161954e+01
7.270073e+00	-6.400021e+01
7.280073e+00	-6.453028e+01
7.290073e+00	-6.970554e+01
7.300073e+00	-6.262533e+01
7.310073e+00	-6.866931e+01
7.320073e+00	-6.443808e+01
7.330073e+00	-6.765821e+01
7.340073e+00	-7.565269e+01
7.350074e+00	-6.274441e+01
7.360074e+00	-6.984965e+01
7.370074e+00	-6.917741e+01
7.380074e+00	-8.412151e+01
7.390074e+00	-6.824115e+01
7.400074e+00	-6.810237e+01
7.410074e+00	-6.934554e+01
7.420074e+00	-7.274137e+01
7.430074e+00	-6.970836e+01
7.440074e+00	-7.198476e+01
7.450075e+00	-7.223286e+01
7.460075e+00	-6.851416e+01
7.470075e+00	-6.962539e+01
7.480075e+00	-7.290883e+01
7.490075e+00	-6.633271e+01
7.500075e+00	-7.152205e+01
7.510075e+00	-6.876017e+01
7.520075e+00	-7.516957e+01
7.530075e+00	-7.896651e+01
7.540075e+00	-8.114221e+01
7.550076e+00	-7.412555e+01
7.560076e+00	-8.143929e+01
7.570076e+00	-7.325372e+01
7.580076e+00	-7.792116e+01
7.590076e+00	-7.422522e+01
7.600076e+00	-8.303560e+01
7.610076e+00	-7.306999e+01
7.620076e+00	-7.384880e+01
7.630076e+00	-7.349794e+01
7.640076e+00	-7.519448e+01
7.650077e+00	-7.346812e+01
7.660077e+00	-7.701984e+01
7.670077e+00	-7.470710e+01
7.680077e+00	-7.576604e+01
7.690077e+00	-7.688860e+01
7.700077e+00	-7.690146e+01
7.710077e+00	-7.660226e+01
7.720077e+00	-7.552272e+01
7.730077e+00	-7.686845e+01
7.740077e+00	-7.212800e+01
7.750078e+00	-7.120194e+01
7.760078e+00	-8.019904e+01
7.770078e+00	-7.533491e+01
7.780078e+00	-8.135300e+01
7.790078e+00	-7.914728e+01
7.800078e+00	-6.990344e+01
7.810078e+00	-8.355236e+01
7.820078e+00	-7.609289e+01
7.830078e+00	-7.747141e+01
7.840078e+00	-7.628669e+01
7.850079e+00	-7.313044e+01
7.860079e+00	-7.723212e+01
7.870079e+00	-7.462405e+01
7.880079e+00	-7.536164e+01
7.890079e+00	-6.643476e+01
7.900079e+00	-6.977087e+01
7.910079e+00	-6.370122e+01
7.920079e+00	-8.480423e+01
7.930079e+00	-7.459201e+01
7.940079e+00	-7.438526e+01
7.950080e+00	-7.709761e+01
7.960080e+00	-6.644673e+01
7.970080e+00	-7.590545e+01
7.980080e+00	-7.476990e+01
7.990080e+00	-7.179612e+01
8.000080e+00	-6.725573e+01
8.010080e+00	-8.969795e+01
8.020080e+00	-7.116284e+01
8.030080e+00	-9.049074e+01
8.040080e+00	-6.460078e+01
8.050081e+00	-7.106959e+01
8.060081e+00	-6.905056e+01
8.070081e+00	-7.338775e+01
8.080081e+00	-6.406354e+01
8.090081e+00	-6.421862e+01
8.100081e+00	-6.298527e+01
8.110081e+00	-7.542527e+01
8.120081e+00	-6.367730e+01
8.130081e+00	-6.782770e+01
8.140081e+00	-7.355816e+01
8.150082e+00	-6.793052e+01
8.160082e+00	-6.607982e+01
8.170082e+00	-6.573304e+01
8.180082e+00	-6.796350e+01
8.190082e+00	-7.096382e+01
8.200082e+00	-6.825044e+01
8.210082e+00	-7.088323e+01
8.220082e+00	-6.923487e+01
8.230082e+00	-6.578509e+01
8.240082e+00	-6.714606e+01
8.250083e+00	-8.029117e+01
8.260083e+00	-7.991404e+01
8.270083e+00	-7.114814e+01
8.280083e+00	-6.990665e+01
8.290083e+00	-7.273235e+01
8.300083e+00	-7.237309e+01
8.310083e+00	-7.156837e+01
8.320083e+00	-7.423447e+01
8.330083e+00	-7.281667e+01
8.340083e+00	-7.716357e+01
8.350084e+00	-7.923164e+01
8.360084e+00	-6.196835e+01
8.370084e+00	-8.320666e+01
8.380084e+00	-7.732940e+01
8.390084e+00	-6.707969e+01
8.400084e+00	-7.180926e+01
8.410084e+00	-7.105644e+01
8.420084e+00	-6.517182e+01
8.430084e+00	-6.410115e+01
8.440084e+00	-7.086827e+01
8.450085e+00	-7.411372e+01
8.460085e+00	-6.942792e+01
8.470085e+00	-7.280304e+01
8.480085e+00	-7.421984e+01
8.490085e+00	-6.986939e+01
8.500085e+00	-6.827979e+01
8.510085e+00	-7.743929e+01
8.520085e+00	-7.705127e+01
8.530085e+00	-7.575440e+01
8.540085e+00	-7.461455e+01
8.550086e+00	-7.208235e+01
8.560086e+00	-7.304908e+01
8.570086e+00	-7.590844e+01
8.580086e+00	-7.874559e+01
8.590086e+00	-8.007699e+01
8.600086e+00	-7.850269e+01
8.610086e+00	-7.783921e+01
8.620086e+00	-7.467943e+01
8.630086e+00	-8.328657e+01
8.640086e+00	-7.921637e+01
8.650087e+00	-7.775034e+01
8.660087e+00	-7.745377e+01
8.670087e+00	-7.652283e+01
8.680087e+00	-7.677996e+01
8.690087e+00	-7.844739e+01
8.700087e+00	-7.692035e+01
8.710087e+00	-7.701443e+01
8.720087e+00	-8.262975e+01
8.730087e+00	-8.028868e+01
8.740087e+00	-7.584129e+01
8.750088e+00	-7.270504e+01
8.760088e+00	-7.740862e+01
8.770088e+00	-7.755725e+01
8.780088e+00	-7.319984e+01
8.790088e+00	-7.333663e+01
8.800088e+00	-7.809486e+01
8.810088e+00	-7.268688e+01
8.820088e+00	-7.194207e+01
8.830088e+00	-7.180705e+01
8.840088e+00	-9.166527e+01
8.850089e+00	-6.629769e+01
8.860089e+00	-7.073748e+01
8.870089e+00	-7.251918e+01
8.880089e+00	-7.427590e+01
8.890089e+00	-6.734675e+01
8.900089e+00	-7.632940e+01
8.910089e+00	-6.815532e+01
8.920089e+00	-7.870699e+01
8.930089e+00	-7.421089e+01
8.940089e+00	-7.648084e+01
8.950090e+00	-7.172896e+01
8.960090e+00	-8.986719e+01
8.970090e+00	-6.857265e+01
8.980090e+00	-6.942244e+01
8.990090e+00	-7.026631e+01
9.000090e+00	-7.287302e+01
9.010090e+00	-7.326583e+01
9.020090e+00	-7.291278e+01
9.030090e+00	-7.196495e+01
9.040090e+00	-7.374155e+01
9.050091e+00	-6.881177e+01
9.060091e+00	-6.776427e+01
9.070091e+00	-6.785801e+01
9.080091e+00	-7.421754e+01
9.090091e+00	-8.157683e+01
9.100091e+00	-7.284654e+01
9.110091e+00	-7.283170e+01
9.120091e+00	-7.822606e+01
9.130091e+00	-7.522081e+01
9.140091e+00	-7.802807e+01
9.150092e+00	-6.954499e+01
9.160092e+00	-6.516292e+01
9.170092e+00	-7.014159e+01
9.180092e+00	-8.821648e+01
9.190092e+00	-6.680021e+01
9.200092e+00	-6.339965e+01
9.210092e+00	-6.990206e+01
9.220092e+00	-7.616348e+01
9.230092e+00	-7.759786e+01
9.240092e+00	-7.314819e+01
9.250093e+00	-6.492416e+01
9.260093e+00	-7.366452e+01
9.270093e+00	-6.241197e+01
9.280093e+00	-7.327894e+01
9.290093e+00	-6.903228e+01
9.300093e+00	-7.105701e+01
9.310093e+00	-6.384471e+01
9.320093e+00	-6.898801e+01
9.330093e+00	-7.059398e+01
9.340093e+00	-7.200433e+01
9.350094e+00	-6.821813e+01
9.360094e+00	-7.282855e+01
9.370094e+00	-6.800753e+01
9.380094e+00	-8.686531e+01
9.390094e+00	-7.551403e+01
9.400094e+00	-8.332422e+01
9.410094e+00	-7.767268e+01
9.420094e+00	-6.929600e+01
9.430094e+00	-7.593143e+01
9.440094e+00	-7.901277e+01
9.450095e+00	-7.302487e+01
9.460095e+00	-7.681127e+01
9.470095e+00	-8.823444e+01
9.480095e+00	-6.879077e+01
9.490095e+00	-7.107084e+01
9.500095e+00	-7.319739e+01
9.510095e+00	-7.900969e+01
9.520095e+00	-7.108769e+01
9.530095e+00	-7.994916e+01
9.540095e+00	-7.621479e+01
9.550096e+00	-7.689962e+01
9.560096e+00	-7.440857e+01
9.570096e+00	-7.766685e+01
9.580096e+00	-7.400097e+01
9.590096e+00	-7.563377e+01
9.600096e+00	-7.753440e+01
9.610096e+00	-7.436988e+01
9.620096e+00	-7.681237e+01
9.630096e+00	-7.708610e+01
9.640096e+00	-7.722139e+01
9.650097e+00	-7.745528e+01
9.660097e+00	-7.725530e+01
9.670097e+00	-7.646600e+01
9.680097e+00	-7.649933e+01
9.690097e+00	-7.700219e+01
9.700097e+00	-8.113008e+01
9.710097e+00	-7.573392e+01
9.720097e+00	-7.508292e+01
9.730097e+00	-7.769244e+01
9.740097e+00	-7.557655e+01
9.750098e+00	-7.275970e+01
9.760098e+00	-8.158748e+01
9.770098e+00	-7.480903e+01
9.780098e+00	-7.292778e+01
9.790098e+00	-9.078858e+01
9.800098e+00	-7.032732e+01
9.810098e+00	-7.771632e+01
9.820098e+00	-7.150478e+01
9.830098e+00	-7.236858e+01
9.840098e+00	-7.225888e+01
9.850099e+00	-7.276739e+01
9.860099e+00	-7.319335e+01
9.870099e+00	-7.165625e+01
9.880099e+00	-7.716779e+01
9.890099e+00	-7.069928e+01
9.900099e+00	-6.922389e+01
9.910099e+00	-7.574473e+01
9.920099e+00	-7.677865e+01
9.930099e+00	-8.068311e+01
9.940099e+00	-6.727117e+01
9.950100e+00	-7.542857e+01
9.960100e+00	-6.937708e+01
9.970100e+00	-6.641324e+01
9.980100e+00	-7.184682e+01
9.990100e+00	-7.945692e+01
1.000010e+01	-6.681254e+01
1.001010e+01	-7.115176e+01
1.002010e+01	-6.887089e+01
1.003010e+01	-6.806154e+01
1.004010e+01	-8.468342e+01
1.005010e+01	-7.587173e+01
1.006010e+01	-7.988567e+01
1.007010e+01	-6.507712e+01
1.008010e+01	-7.932167e+01
1.009010e+01	-6.444250e+01
1.010010e+01	-6.558276e+01
1.011010e+01	-6.525195e+01
1.012010e+01	-7.662595e+01
1.013010e+01	-8.206262e+01
1.014010e+01	-6.946425e+01
1.015010e+01	-7.313729e+01
1.016010e+01	-7.123046e+01
1.017010e+01	-6.491978e+01
1.018010e+01	-6.944218e+01
1.019010e+01	-7.075027e+01
1.020010e+01	-7.088704e+01
1.021010e+01	-7.273732e+01
1.022010e+01	-7.004025e+01
1.023010e+01	-7.385021e+01
1.024010e+01	-7.159288e+01
1.025010e+01	-7.094838e+01
1.026010e+01	-7.533690e+01
1.027010e+01	-8.494510e+01
1.028010e+01	-8.221272e+01
1.029010e+01	-8.090877e+01
1.030010e+01	-6.634078e+01
1.031010e+01	-7.424739e+01
1.032010e+01	-8.861161e+01
1.033010e+01	-7.689722e+01
1.034010e+01	-9.126899e+01
1.035010e+01	-8.037784e+01
1.036010e+01	-7.087816e+01
1.037010e+01	-7.021449e+01
1.038010e+01	-6.943258e+01
1.039010e+01	-7.032008e+01
1.040010e+01	-6.975477e+01
1.041010e+01	-8.159900e+01
1.042010e+01	-8.255168e+01
1.043010e+01	-7.605270e+01
1.044010e+01	-7.007268e+01
1.045010e+01	-8.389426e+01
1.046010e+01	-6.929330e+01
1.047010e+01	-7.747503e+01
1.048010e+01	-7.450252e+01
1.049010e+01	-8.098702e+01
1.050011e+01	-8.122787e+01
1.051011e+01	-7.255366e+01
1.052011e+01	-8.503047e+01
1.053011e+01	-7.685576e+01
1.054011e+01	-7.648660e+01
1.055011e+01	-8.916662e+01
1.056011e+01	-7.584814e+01
1.057011e+01	-7.743885e+01
1.058011e+01	-7.618603e+01
1.059011e+01	-8.059409e+01
1.060011e+01	-7.627288e+01
1.061011e+01	-7.752243e+01
1.062011e+01	-7.803604e+01
1.063011e+01	-7.801627e+01
1.064011e+01	-7.812045e+01
1.065011e+01	-8.122580e+01
1.066011e+01	-7.814354e+01
1.067011e+01	-7.833209e+01
1.068011e+01	-7.606576e+01
1.069011e+01	-8.426352e+01
1.070011e+01	-7.562788e+01
1.071011e+01	-7.644550e+01
1.072011e+01	-7.353577e+01
1.073011e+01	-8.314954e+01
1.074011e+01	-7.526561e+01
1.075011e+01	-7.660206e+01
1.076011e+01	-7.473576e+01
1.077011e+01	-7.924224e+01
1.078011e+01	-7.680862e+01
1.079011e+01	-7.205376e+01
1.080011e+01	-6.986839e+01
1.081011e+01	-7.272419e+01
1.082011e+01	-7.415184e+01
1.083011e+01	-7.318669e+01
1.084011e+01	-7.819587e+01
1.085011e+01	-7.240204e+01
1.086011e+01	-7.151920e+01
1.087011e+01	-7.054115e+01
1.088011e+01	-7.446360e+01
1.089011e+01	-8.575001e+01
1.090011e+01	-9.751599e+01
1.091011e+01	-6.781578e+01
1.092011e+01	-8.399720e+01
1.093011e+01	-6.864123e+01
1.094011e+01	-7.281858e+01
1.095011e+01	-6.720461e+01
1.096011e+01	-7.674904e+01
1.097011e+01	-7.687185e+01
1.098011e+01	-7.579251e+01
1.099011e+01	-6.367212e+01
1.100011e+01	-6.995057e+01
1.101011e+01	-7.715242e+01
1.102011e+01	-6.938920e+01
1.103011e+01	-7.389237e+01
1.104011e+01	-7.433624e+01
1.105011e+01	-6.422892e+01
1.106011e+01	-6.905358e+01
1.107011e+01	-8.352698e+01
1.108011e+01	-7.437249e+01
1.109011e+01	-6.690479e+01
1.110011e+01	-8.229276e+01
1.111011e+01	-7.347926e+01
1.112011e+01	-6.996367e+01
1.113011e+01	-8.598467e+01
1.114011e+01	-6.835086e+01
1.115011e+01	-7.878282e+01
1.116011e+01	-7.415721e+01
1.117011e+01	-6.963809e+01
1.118011e+01	-6.587774e+01
1.119011e+01	-6.741634e+01
1.120011e+01	-7.113068e+01
1.121011e+01	-7.174183e+01
1.122011e+01	-7.084445e+01
1.123011e+01	-8.006626e+01
1.124011e+01	-7.094661e+01
1.125011e+01	-7.008565e+01
1.126011e+01	-6.919357e+01
1.127011e+01	-7.981238e+01
1.128011e+01	-6.691119e+01
1.129011e+01	-7.468083e+01
1.130011e+01	-7.160734e+01
1.131011e+01	-8.558531e+01
1.132011e+01	-6.982564e+01
1.133011e+01	-6.787966e+01
1.134011e+01	-7.657577e+01
1.135011e+01	-7.334759e+01
1.136011e+01	-7.334076e+01
1.137011e+01	-8.313801e+01
1.138011e+01	-8.537341e+01
1.139011e+01	-7.066431e+01
1.140011e+01	-7.087504e+01
1.141011e+01	-7.719746e+01
1.142011e+01	-7.117054e+01
1.143011e+01	-7.217527e+01
1.144011e+01	-6.992030e+01
1.145011e+01	-7.338600e+01
1.146011e+01	-7.813097e+01
1.147011e+01	-7.091615e+01
1.148011e+01	-8.086507e+01
1.149011e+01	-7.596539e+01
1.150012e+01	-7.812322e+01
1.151012e+01	-7.891940e+01
1.152012e+01	-7.601382e+01
1.153012e+01	-7.890934e+01
1.154012e+01	-7.856088e+01
1.155012e+01	-7.813540e+01
1.156012e+01	-7.960559e+01
1.157012e+01	-7.650252e+01
1.158012e+01	-7.965782e+01
1.159012e+01	-7.833741e+01
1.160012e+01	-7.877283e+01
1.161012e+01	-7.771796e+01
1.162012e+01	-7.915754e+01
1.163012e+01	-7.917479e+01
1.164012e+01	-7.889402e+01
1.165012e+01	-7.552334e+01
1.166012e+01	-7.913407e+01
1.167012e+01	-7.538515e+01
1.168012e+01	-8.007440e+01
1.169012e+01	-7.854804e+01
1.170012e+01	-8.431713e+01
1.171012e+01	-7.871066e+01
1.172012e+01	-7.655895e+01
1.173012e+01	-7.364605e+01
1.174012e+01	-8.617116e+01
1.175012e+01	-7.482506e+01
1.176012e+01	-6.846740e+01
1.177012e+01	-7.604975e+01
1.178012e+01	-7.534120e+01
1.179012e+01	-7.549156e+01
1.180012e+01	-7.635447e+01
1.181012e+01	-7.762638e+01
1.182012e+01	-7.092427e+01
1.183012e+01	-7.036783e+01
1.184012e+01	-7.731685e+01
1.185012e+01	-7.256968e+01
1.186012e+01	-6.773086e+01
1.187012e+01	-7.459211e+01
1.188012e+01	-7.069480e+01
1.189012e+01	-7.233081e+01
1.190012e+01	-7.839659e+01
1.191012e+01	-7.458693e+01
1.192012e+01	-6.672522e+01
1.193012e+01	-7.864019e+01
1.194012e+01	-7.011203e+01
1.195012e+01	-6.998695e+01
1.196012e+01	-7.587771e+01
1.197012e+01	-8.603168e+01
1.198012e+01	-6.903231e+01
1.199012e+01	-6.826804e+01
1.200012e+01	-6.946085e+01
1.201012e+01	-7.516303e+01
1.202012e+01	-6.779898e+01
1.203012e+01	-6.792218e+01
1.204012e+01	-7.799831e+01
1.205012e+01	-8.099055e+01
1.206012e+01	-7.713992e+01
1.207012e+01	-6.842376e+01
1.208012e+01	-6.515757e+01
1.209012e+01	-7.529257e+01
1.210012e+01	-6.496545e+01
1.211012e+01	-6.824330e+01
1.212012e+01	-7.899431e+01
1.213012e+01	-7.869109e+01
1.214012e+01	-7.854426e+01
1.215012e+01	-7.785257e+01
1.216012e+01	-7.440306e+01
1.217012e+01	-6.845695e+01
1.218012e+01	-7.707139e+01
1.219012e+01	-7.320215e+01
1.220012e+01	-7.122582e+01
1.221012e+01	-7.020333e+01
1.222012e+01	-7.813401e+01
1.223012e+01	-6.932355e+01
1.224012e+01	-7.235216e+01
1.225012e+01	-7.497277e+01
1.226012e+01	-7.398622e+01
1.227012e+01	-7.152018e+01
1.228012e+01	-7.117673e+01
1.229012e+01	-7.418081e+01
1.230012e+01	-7.166646e+01
1.231012e+01	-6.768337e+01
1.232012e+01	-6.606543e+01
1.233012e+01	-6.786405e+01
1.234012e+01	-7.333948e+01
1.235012e+01	-7.667898e+01
1.236012e+01	-8.031478e+01
1.237012e+01	-7.491568e+01
1.238012e+01	-8.994157e+01
1.239012e+01	-7.937505e+01
1.240012e+01	-7.901387e+01
1.241012e+01	-7.192637e+01
1.242012e+01	-7.548461e+01
1.243012e+01	-8.171877e+01
1.244012e+01	-7.943257e+01
1.245012e+01	-7.575797e+01
1.246012e+01	-9.046893e+01
1.247012e+01	-7.668590e+01
1.248012e+01	-7.555044e+01
1.249012e+01	-7.626605e+01
1.250013e+01	-7.915813e+01
1.251013e+01	-8.006731e+01
1.252013e+01	-7.711327e+01
1.253013e+01	-7.897946e+01
1.254013e+01	-7.748779e+01
1.255013e+01	-7.786529e+01
1.256013e+01	-7.769853e+01
1.257013e+01	-7.873274e+01
1.258013e+01	-7.884999e+01
1.259013e+01	-7.861196e+01
1.260013e+01	-7.699977e+01
1.261013e+01	-8.221576e+01
1.262013e+01	-7.605245e+01
1.263013e+01	-7.532163e+01
1.264013e+01	-8.245741e+01
1.265013e+01	-7.863145e+01
1.266013e+01	-7.503691e+01
1.267013e+01	-7.566391e+01
1.268013e+01	-7.570375e+01
1.269013e+01	-7.880986e+01
1.270013e+01	-7.465584e+01
1.271013e+01	-7.666753e+01
1.272013e+01	-7.322809e+01
1.273013e+01	-6.991859e+01
1.274013e+01	-7.385711e+01
1.275013e+01	-7.739979e+01
1.276013e+01	-7.544670e+01
1.277013e+01	-8.150423e+01
1.278013e+01	-8.629204e+01
1.279013e+01	-7.324963e+01
1.280013e+01	-7.307278e+01
1.281013e+01	-7.529517e+01
1.282013e+01	-6.736291e+01
1.283013e+01	-7.071722e+01
1.284013e+01	-7.443384e+01
1.285013e+01	-7.271446e+01
1.286013e+01	-7.535436e+01
1.287013e+01	-7.236997e+01
1.288013e+01	-7.483507e+01
1.289013e+01	-8.664833e+01
1.290013e+01	-7.238292e+01
1.291013e+01	-7.228405e+01
1.292013e+01	-7.215418e+01
1.293013e+01	-7.308408e+01
1.294013e+01	-6.559805e+01
1.295013e+01	-7.241837e+01
1.296013e+01	-7.149119e+01
1.297013e+01	-7.915362e+01
1.298013e+01	-7.859152e+01
1.299013e+01	-7.601837e+01
1.300013e+01	-8.271401e+01
1.301013e+01	-7.255902e+01
1.302013e+01	-7.239580e+01
1.303013e+01	-7.639014e+01
1.304013e+01	-6.476186e+01
1.305013e+01	-7.308681e+01
1.306013e+01	-7.209490e+01
1.307013e+01	-6.184130e+01
1.308013e+01	-7.989847e+01
1.309013e+01	-7.478995e+01
1.310013e+01	-6.720723e+01
1.311013e+01	-7.113997e+01
1.312013e+01	-7.245303e+01
1.313013e+01	-7.849974e+01
1.314013e+01	-6.661231e+01
1.315013e+01	-7.247931e+01
1.316013e+01	-7.012887e+01
1.317013e+01	-8.061775e+01
1.318013e+01	-7.378216e+01
1.319013e+01	-7.111877e+01
1.320013e+01	-7.312916e+01
1.321013e+01	-6.954712e+01
1.322013e+01	-7.748839e+01
1.323013e+01	-9.467481e+01
1.324013e+01	-7.683320e+01
1.325013e+01	-8.047092e+01
1.326013e+01	-7.100756e+01
1.327013e+01	-7.393593e+01
1.328013e+01	-7.653828e+01
1.329013e+01	-8.469317e+01
1.330013e+01	-7.443745e+01
1.331013e+01	-6.978809e+01
1.332013e+01	-7.422372e+01
1.333013e+01	-7.456825e+01
1.334013e+01	-7.407173e+01
1.335013e+01	-7.459221e+01
1.336013e+01	-7.893070e+01
1.337013e+01	-7.202779e+01
1.338013e+01	-7.697727e+01
1.339013e+01	-7.562942e+01
1.340013e+01	-7.399982e+01
1.341013e+01	-7.562254e+01
1.342013e+01	-7.345495e+01
1.343013e+01	-7.461933e+01
1.344013e+01	-8.282617e+01
1.345013e+01	-7.465467e+01
1.346013e+01	-7.471580e+01
1.347013e+01	-7.450354e+01
1.348013e+01	-7.668585e+01
1.349013e+01	-8.065345e+01
1.350014e+01	-8.080310e+01
1.351014e+01	-8.082479e+01
1.352014e+01	-8.007011e+01
1.353014e+01	-7.798029e+01
1.354014e+01	-7.864678e+01
1.355014e+01	-8.083789e+01
1.356014e+01	-7.821790e+01
1.357014e+01	-7.824936e+01
1.358014e+01	-7.779615e+01
1.359014e+01	-7.739432e+01
1.360014e+01	-7.760530e+01
1.361014e+01	-8.235166e+01
1.362014e+01	-7.892665e+01
1.363014e+01	-7.542369e+01
1.364014e+01	-7.774233e+01
1.365014e+01	-8.034723e+01
1.366014e+01	-7.701995e+01
1.367014e+01	-8.275036e+01
1.368014e+01	-7.271054e+01
1.369014e+01	-7.765738e+01
1.370014e+01	-7.211965e+01
1.371014e+01	-8.324234e+01
1.372014e+01	-8.088598e+01
1.373014e+01	-7.335533e+01
1.374014e+01	-9.288664e+01
1.375014e+01	-7.747467e+01
1.376014e+01	-7.931179e+01
1.377014e+01	-7.938286e+01
1.378014e+01	-8.738710e+01
1.379014e+01	-7.460226e+01
1.380014e+01	-7.458970e+01
1.381014e+01	-8.042538e+01
1.382014e+01	-7.287008e+01
1.383014e+01	-7.828891e+01
1.384014e+01	-6.702747e+01
1.385014e+01	-8.788877e+01
1.386014e+01	-6.789756e+01
1.387014e+01	-7.555758e+01
1.388014e+01	-7.564460e+01
1.389014e+01	-8.405099e+01
1.390014e+01	-8.006452e+01
1.391014e+01	-8.207527e+01
1.392014e+01	-6.790860e+01
1.393014e+01	-7.596830e+01
1.394014e+01	-7.341541e+01
1.395014e+01	-7.086655e+01
1.396014e+01	-6.623929e+01
1.397014e+01	-7.641905e+01
1.398014e+01	-7.852501e+01
1.399014e+01	-7.490671e+01
1.400014e+01	-7.135131e+01
1.401014e+01	-6.920528e+01
1.402014e+01	-7.470353e+01
1.403014e+01	-6.616888e+01
1.404014e+01	-6.513034e+01
1.405014e+01	-7.499749e+01
1.406014e+01	-8.622448e+01
1.407014e+01	-7.299745e+01
1.408014e+01	-7.324163e+01
1.409014e+01	-6.599490e+01
1.410014e+01	-7.236158e+01
1.411014e+01	-7.602772e+01
1.412014e+01	-7.476220e+01
1.413014e+01	-7.576416e+01
1.414014e+01	-6.961240e+01
1.415014e+01	-6.535135e+01
1.416014e+01	-7.104387e+01
1.417014e+01	-7.675528e+01
1.418014e+01	-6.552861e+01
1.419014e+01	-6.747248e+01
1.420014e+01	-8.193444e+01
1.421014e+01	-6.932776e+01
1.422014e+01	-6.903150e+01
1.423014e+01	-7.546989e+01
1.424014e+01	-8.913775e+01
1.425014e+01	-8.265816e+01
1.426014e+01	-7.511838e+01
1.427014e+01	-7.435508e+01
1.428014e+01	-7.516144e+01
1.429014e+01	-7.911740e+01
1.430014e+01	-7.575989e+01
1.431014e+01	-7.160604e+01
1.432014e+01	-7.512677e+01
1.433014e+01	-6.595462e+01
1.434014e+01	-7.680349e+01
1.435014e+01	-8.692324e+01
1.436014e+01	-7.212874e+01
1.437014e+01	-7.356249e+01
1.438014e+01	-7.648524e+01
1.439014e+01	-7.569613e+01
1.440014e+01	-8.068514e+01
1.441014e+01	-8.394161e+01
1.442014e+01	-7.969177e+01
1.443014e+01	-7.446023e+01
1.444014e+01	-7.949329e+01
1.445014e+01	-7.729821e+01
1.446014e+01	-8.030200e+01
1.447014e+01	-7.979029e+01
1.448014e+01	-8.066868e+01
1.449014e+01	-7.848361e+01
1.450015e+01	-7.924747e+01
1.451015e+01	-7.824961e+01
1.452015e+01	-7.856605e+01
1.453015e+01	-8.188408e+01
1.454015e+01	-7.895519e+01
1.455015e+01	-7.686367e+01
1.456015e+01	-7.682279e+01
1.457015e+01	-8.102851e+01
1.458015e+01	-8.120138e+01
1.459015e+01	-7.890191e+01
1.460015e+01	-7.374613e+01
1.461015e+01	-7.520453e+01
1.462015e+01	-7.880211e+01
1.463015e+01	-8.162806e+01
1.464015e+01	-7.170735e+01
1.465015e+01	-8.165537e+01
1.466015e+01	-7.856251e+01
1.467015e+01	-8.649827e+01
1.468015e+01	-7.950107e+01
1.469015e+01	-7.564697e+01
1.470015e+01	-7.699487e+01
1.471015e+01	-7.776896e+01
1.472015e+01	-7.172981e+01
1.473015e+01	-7.985268e+01
1.474015e+01	-8.159680e+01
1.475015e+01	-6.649055e+01
1.476015e+01	-8.010879e+01
1.477015e+01	-7.667340e+01
1.478015e+01	-7.235117e+01
1.479015e+01	-7.346475e+01
1.480015e+01	-7.277826e+01
1.481015e+01	-7.650080e+01
1.482015e+01	-7.354101e+01
1.483015e+01	-7.475015e+01
1.484015e+01	-8.682518e+01
1.485015e+01	-7.273860e+01
1.486015e+01	-7.584407e+01
1.487015e+01	-7.466789e+01
1.488015e+01	-7.486452e+01
1.489015e+01	-6.766145e+01
1.490015e+01	-8.546255e+01
1.491015e+01	-7.114210e+01
1.492015e+01	-6.583287e+01
1.493015e+01	-6.712930e+01
1.494015e+01	-9.118988e+01
1.495015e+01	-7.153194e+01
1.496015e+01	-7.888523e+01
1.497015e+01	-7.098777e+01
1.498015e+01	-6.815500e+01
1.499015e+01	-8.711962e+01
