0.000000e+00	1.624080e+01
1.000010e-02	-2.843210e+00
2.000020e-02	1.330243e+01
3.000030e-02	9.757341e+00
4.000040e-02	1.360717e+01
5.000050e-02	1.903085e+01
6.000060e-02	1.211517e+01
7.000070e-02	1.605019e+01
8.000080e-02	2.026488e+01
9.000090e-02	1.653964e+01
1.000010e-01	2.325840e+01
1.100011e-01	1.861819e+01
1.200012e-01	2.435521e+01
1.300013e-01	2.351171e+01
1.400014e-01	2.281224e+01
1.500015e-01	2.504420e+01
1.600016e-01	2.187996e+01
1.700017e-01	2.646916e+01
1.800018e-01	2.505035e+01
1.900019e-01	2.455576e+01
2.000020e-01	2.749938e+01
2.100021e-01	2.360522e+01
2.200022e-01	2.712685e+01
2.300023e-01	2.710118e+01
2.400024e-01	2.598405e+01
2.500025e-01	2.715265e+01
2.600026e-01	2.648233e+01
2.700027e-01	2.643925e+01
2.800028e-01	2.675213e+01
2.900029e-01	2.667611e+01
3.000030e-01	2.668133e+01
3.100031e-01	2.655975e+01
3.200032e-01	2.632627e+01
3.300033e-01	2.761856e+01
3.400034e-01	2.667517e+01
3.500035e-01	2.708302e+01
3.600036e-01	2.726706e+01
3.700037e-01	2.732837e+01
3.800038e-01	2.765119e+01
3.900039e-01	2.730457e+01
4.000040e-01	2.733470e+01
4.100041e-01	2.698406e+01
4.200042e-01	2.653985e+01
4.300043e-01	2.690227e+01
4.400044e-01	2.648299e+01
4.500045e-01	2.682629e+01
4.600046e-01	2.655137e+01
4.700047e-01	2.643130e+01
4.800048e-01	2.697407e+01
4.900049e-01	2.669272e+01
5.000050e-01	2.676342e+01
5.100051e-01	2.678990e+01
5.200052e-01	2.691331e+01
5.300053e-01	2.677023e+01
5.400054e-01	2.665373e+01
5.500055e-01	2.626127e+01
5.600056e-01	2.456240e+01
5.700057e-01	2.697170e+01
5.800058e-01	2.728584e+01
5.900059e-01	2.686054e+01
6.000060e-01	2.710959e+01
6.100061e-01	2.714830e+01
6.200062e-01	2.705085e+01
6.300063e-01	2.697099e+01
6.400064e-01	2.684497e+01
6.500065e-01	2.686838e+01
6.600066e-01	2.662404e+01
6.700067e-01	2.646436e+01
6.800068e-01	2.637834e+01
6.900069e-01	2.656972e+01
7.000070e-01	2.603161e+01
7.100071e-01	2.574230e+01
7.200072e-01	2.566626e+01
7.300073e-01	2.557316e+01
7.400074e-01	2.497659e+01
7.500075e-01	2.343540e+01
7.600076e-01	2.401811e+01
7.700077e-01	2.427728e+01
7.800078e-01	2.383792e+01
7.900079e-01	2.397338e+01
8.000080e-01	2.361522e+01
8.100081e-01	2.341587e+01
8.200082e-01	2.315935e+01
8.300083e-01	2.308081e+01
8.400084e-01	2.309219e+01
8.500085e-01	2.261758e+01
8.600086e-01	2.252049e+01
8.700087e-01	2.229397e+01
8.800088e-01	2.216929e+01
8.900089e-01	2.185865e+01
9.000090e-01	2.183764e+01
9.100091e-01	2.156282e+01
9.200092e-01	2.152153e+01
9.300093e-01	2.134839e+01
9.400094e-01	2.132549e+01
9.500095e-01	2.105950e+01
9.600096e-01	2.082613e+01
9.700097e-01	2.035235e+01
9.800098e-01	1.988096e+01
9.900099e-01	1.872299e+01
1.000010e+00	1.924740e+01
1.010010e+00	1.904843e+01
1.020010e+00	1.859877e+01
1.030010e+00	1.824023e+01
1.040010e+00	1.789654e+01
1.050011e+00	1.756483e+01
1.060011e+00	1.717131e+01
1.070011e+00	1.686584e+01
1.080011e+00	1.610412e+01
1.090011e+00	1.459391e+01
1.100011e+00	8.787106e+00
1.110011e+00	1.329378e+01
1.120011e+00	1.310732e+01
1.130011e+00	1.434091e+01
1.140011e+00	1.385649e+01
1.150012e+00	1.192718e+01
1.160012e+00	8.152734e+00
1.170012e+00	9.681582e+00
1.180012e+00	1.268821e+01
1.190012e+00	1.246787e+01
1.200012e+00	1.223784e+01
1.210012e+00	9.703287e+00
1.220012e+00	1.113369e+01
1.230012e+00	9.038886e+00
1.240012e+00	1.060002e+01
1.250013e+00	1.068734e+01
1.260013e+00	1.019633e+01
1.270013e+00	9.663805e+00
1.280013e+00	9.422844e+00
1.290013e+00	9.398828e+00
1.300013e+00	8.352906e+00
1.310013e+00	8.138432e+00
1.320013e+00	7.274355e+00
1.330013e+00	7.317342e+00
1.340013e+00	5.994081e+00
1.350014e+00	5.815154e+00
1.360014e+00	5.198448e+00
1.370014e+00	5.093654e+00
1.380014e+00	4.402200e+00
1.390014e+00	3.704478e+00
1.400014e+00	2.323880e+00
1.410014e+00	-3.066647e+00
1.420014e+00	1.839473e-01
1.430014e+00	1.089727e-01
1.440014e+00	7.094978e-01
1.450015e+00	-3.656145e-01
1.460015e+00	-1.406566e+00
1.470015e+00	-1.839128e+00
1.480015e+00	-2.479801e+00
1.490015e+00	-3.006615e+00
1.500015e+00	-3.861165e+00
1.510015e+00	-4.996802e+00
1.520015e+00	-5.366829e+00
1.530015e+00	-6.040890e+00
1.540015e+00	-6.773696e+00
1.550016e+00	-7.107961e+00
1.560016e+00	-8.845514e+00
1.570016e+00	-9.812623e+00
1.580016e+00	-1.138490e+01
1.590016e+00	-1.225770e+01
1.600016e+00	-1.536636e+01
1.610016e+00	-1.711870e+01
1.620016e+00	-1.743598e+01
1.630016e+00	-1.917115e+01
1.640016e+00	-2.114780e+01
1.650017e+00	-2.556071e+01
1.660017e+00	-3.645482e+01
1.670017e+00	-6.303315e+01
1.680017e+00	-5.773961e+01
1.690017e+00	-3.808551e+01
1.700017e+00	-3.100332e+01
1.710017e+00	-3.053681e+01
1.720017e+00	-4.893951e+01
1.730017e+00	-2.717084e+01
1.740017e+00	-2.303519e+01
1.750018e+00	-2.158326e+01
1.760018e+00	-2.097743e+01
1.770018e+00	-2.113378e+01
1.780018e+00	-1.957123e+01
1.790018e+00	-1.941863e+01
1.800018e+00	-2.171081e+01
1.810018e+00	-1.711565e+01
1.820018e+00	-1.682104e+01
1.830018e+00	-1.723118e+01
1.840018e+00	-1.609505e+01
1.850019e+00	-1.733269e+01
1.860019e+00	-1.677696e+01
1.870019e+00	-2.305426e+01
1.880019e+00	-1.723494e+01
1.890019e+00	-1.722224e+01
1.900019e+00	-1.531370e+01
1.910019e+00	-1.756331e+01
1.920019e+00	-2.159774e+01
1.930019e+00	-1.828180e+01
1.940019e+00	-1.831603e+01
1.950020e+00	-1.596173e+01
1.960020e+00	-1.775354e+01
1.970020e+00	-1.710126e+01
1.980020e+00	-1.593710e+01
1.990020e+00	-1.739860e+01
2.000020e+00	-1.652326e+01
2.010020e+00	-1.680904e+01
2.020020e+00	-1.650500e+01
2.030020e+00	-1.649610e+01
2.040020e+00	-1.765974e+01
2.050021e+00	-1.903479e+01
2.060021e+00	-1.865693e+01
2.070021e+00	-2.058593e+01
2.080021e+00	-1.894945e+01
2.090021e+00	-1.668201e+01
2.100021e+00	-1.730116e+01
2.110021e+00	-1.887542e+01
2.120021e+00	-1.889607e+01
2.130021e+00	-1.802662e+01
2.140021e+00	-2.030031e+01
2.150022e+00	-1.865179e+01
2.160022e+00	-2.702200e+01
2.170022e+00	-2.485453e+01
2.180022e+00	-2.093058e+01
2.190022e+00	-2.233278e+01
2.200022e+00	-2.968803e+01
2.210022e+00	-2.470542e+01
2.220022e+00	-2.994855e+01
2.230022e+00	-2.511342e+01
2.240022e+00	-2.036922e+01
2.250023e+00	-2.222942e+01
2.260023e+00	-2.605629e+01
2.270023e+00	-2.819596e+01
2.280023e+00	-2.344730e+01
2.290023e+00	-2.210851e+01
2.300023e+00	-2.312364e+01
2.310023e+00	-2.532901e+01
2.320023e+00	-2.331720e+01
2.330023e+00	-2.653856e+01
2.340023e+00	-2.496500e+01
2.350024e+00	-2.895765e+01
2.360024e+00	-2.793614e+01
2.370024e+00	-3.270803e+01
2.380024e+00	-3.170741e+01
2.390024e+00	-3.488620e+01
2.400024e+00	-3.079793e+01
2.410024e+00	-2.972745e+01
2.420024e+00	-3.098349e+01
2.430024e+00	-2.850388e+01
2.440024e+00	-2.829810e+01
2.450025e+00	-2.873278e+01
2.460025e+00	-3.653042e+01
2.470025e+00	-3.535654e+01
2.480025e+00	-3.443955e+01
2.490025e+00	-3.399559e+01
2.500025e+00	-3.444961e+01
2.510025e+00	-3.955703e+01
2.520025e+00	-3.130409e+01
2.530025e+00	-3.827304e+01
2.540025e+00	-3.513263e+01
2.550026e+00	-3.927195e+01
2.560026e+00	-3.691951e+01
2.570026e+00	-3.950423e+01
2.580026e+00	-4.292519e+01
2.590026e+00	-4.563471e+01
2.600026e+00	-4.053261e+01
2.610026e+00	-4.423056e+01
2.620026e+00	-4.835661e+01
2.630026e+00	-4.722217e+01
2.640026e+00	-4.699493e+01
2.650027e+00	-5.216934e+01
2.660027e+00	-5.145199e+01
2.670027e+00	-4.658320e+01
2.680027e+00	-4.745281e+01
2.690027e+00	-5.632371e+01
2.700027e+00	-5.784364e+01
2.710027e+00	-5.412777e+01
2.720027e+00	-6.214232e+01
2.730027e+00	-6.293868e+01
2.740027e+00	-6.629619e+01
2.750028e+00	-6.273503e+01
2.760028e+00	-6.131347e+01
2.770028e+00	-7.237858e+01
2.780028e+00	-6.096846e+01
2.790028e+00	-5.914107e+01
2.800028e+00	-5.128362e+01
2.810028e+00	-4.925438e+01
2.820028e+00	-5.132861e+01
2.830028e+00	-5.055493e+01
2.840028e+00	-4.828480e+01
2.850029e+00	-5.461437e+01
2.860029e+00	-4.495872e+01
2.870029e+00	-4.413003e+01
2.880029e+00	-4.745980e+01
2.890029e+00	-4.791805e+01
2.900029e+00	-4.985458e+01
2.910029e+00	-4.487885e+01
2.920029e+00	-4.102074e+01
2.930029e+00	-4.192719e+01
2.940029e+00	-4.577723e+01
2.950030e+00	-4.369865e+01
2.960030e+00	-4.751722e+01
2.970030e+00	-5.064828e+01
2.980030e+00	-4.548050e+01
2.990030e+00	-4.030863e+01
3.000030e+00	-3.798415e+01
3.010030e+00	-4.901134e+01
3.020030e+00	-5.086936e+01
3.030030e+00	-4.712132e+01
3.040030e+00	-4.290009e+01
3.050031e+00	-5.687107e+01
3.060031e+00	-4.396275e+01
3.070031e+00	-4.923793e+01
3.080031e+00	-4.319694e+01
3.090031e+00	-4.576135e+01
3.100031e+00	-3.974564e+01
3.110031e+00	-4.029945e+01
3.120031e+00	-4.143196e+01
3.130031e+00	-4.961809e+01
3.140031e+00	-5.567691e+01
3.150032e+00	-4.335987e+01
3.160032e+00	-5.199818e+01
3.170032e+00	-4.597786e+01
3.180032e+00	-5.446873e+01
3.190032e+00	-5.171018e+01
3.200032e+00	-5.339308e+01
3.210032e+00	-4.495040e+01
3.220032e+00	-4.516411e+01
3.230032e+00	-4.143428e+01
3.240032e+00	-4.512114e+01
3.250033e+00	-4.826119e+01
3.260033e+00	-4.521547e+01
3.270033e+00	-5.119574e+01
3.280033e+00	-4.489582e+01
3.290033e+00	-4.406430e+01
3.300033e+00	-5.986590e+01
3.310033e+00	-4.770346e+01
3.320033e+00	-4.580679e+01
3.330033e+00	-4.630948e+01
3.340033e+00	-4.841743e+01
3.350034e+00	-5.119262e+01
3.360034e+00	-4.374755e+01
3.370034e+00	-4.644826e+01
3.380034e+00	-4.065182e+01
3.390034e+00	-4.487287e+01
3.400034e+00	-4.529029e+01
3.410034e+00	-4.906559e+01
3.420034e+00	-5.154578e+01
3.430034e+00	-5.635402e+01
3.440034e+00	-4.702023e+01
3.450035e+00	-4.697407e+01
3.460035e+00	-4.723561e+01
3.470035e+00	-5.606571e+01
3.480035e+00	-5.161118e+01
3.490035e+00	-4.809882e+01
3.500035e+00	-6.887386e+01
3.510035e+00	-5.525256e+01
3.520035e+00	-5.634779e+01
3.530035e+00	-5.756455e+01
3.540035e+00	-6.334189e+01
3.550036e+00	-5.373290e+01
3.560036e+00	-5.971334e+01
3.570036e+00	-5.727369e+01
3.580036e+00	-5.216717e+01
3.590036e+00	-5.859084e+01
3.600036e+00	-6.245579e+01
3.610036e+00	-5.923048e+01
3.620036e+00	-6.044375e+01
3.630036e+00	-5.876416e+01
3.640036e+00	-6.210878e+01
3.650037e+00	-5.952873e+01
3.660037e+00	-6.478490e+01
3.670037e+00	-6.173781e+01
3.680037e+00	-5.883382e+01
3.690037e+00	-7.079204e+01
3.700037e+00	-6.543450e+01
3.710037e+00	-6.668104e+01
3.720037e+00	-7.012545e+01
3.730037e+00	-7.570682e+01
3.740037e+00	-6.737574e+01
3.750038e+00	-7.195763e+01
3.760038e+00	-7.238591e+01
3.770038e+00	-7.221424e+01
3.780038e+00	-6.648516e+01
3.790038e+00	-6.642125e+01
3.800038e+00	-7.030523e+01
3.810038e+00	-6.983545e+01
3.820038e+00	-5.866213e+01
3.830038e+00	-6.894549e+01
3.840038e+00	-6.359250e+01
3.850039e+00	-7.952166e+01
3.860039e+00	-7.127293e+01
3.870039e+00	-6.464380e+01
3.880039e+00	-5.667243e+01
3.890039e+00	-6.581194e+01
3.900039e+00	-6.459203e+01
3.910039e+00	-5.574698e+01
3.920039e+00	-5.825156e+01
3.930039e+00	-6.090541e+01
3.940039e+00	-5.960251e+01
3.950040e+00	-6.295986e+01
3.960040e+00	-6.087979e+01
3.970040e+00	-5.753277e+01
3.980040e+00	-6.287569e+01
3.990040e+00	-6.468724e+01
4.000040e+00	-6.074636e+01
4.010040e+00	-5.213708e+01
4.020040e+00	-5.876969e+01
4.030040e+00	-6.548806e+01
4.040040e+00	-5.955697e+01
4.050041e+00	-5.455988e+01
4.060041e+00	-5.165865e+01
4.070041e+00	-5.298244e+01
4.080041e+00	-6.373576e+01
4.090041e+00	-5.891058e+01
4.100041e+00	-5.350279e+01
4.110041e+00	-5.611737e+01
4.120041e+00	-4.966576e+01
4.130041e+00	-5.605742e+01
4.140041e+00	-5.692112e+01
4.150042e+00	-6.621961e+01
4.160042e+00	-5.385260e+01
4.170042e+00	-5.779952e+01
4.180042e+00	-6.461490e+01
4.190042e+00	-5.984997e+01
4.200042e+00	-6.077149e+01
4.210042e+00	-5.282758e+01
4.220042e+00	-5.288264e+01
4.230042e+00	-6.230848e+01
4.240042e+00	-5.405533e+01
4.250043e+00	-5.977622e+01
4.260043e+00	-5.496239e+01
4.270043e+00	-5.212708e+01
4.280043e+00	-5.707813e+01
4.290043e+00	-5.638848e+01
4.300043e+00	-6.148528e+01
4.310043e+00	-6.114986e+01
4.320043e+00	-5.474074e+01
4.330043e+00	-5.807009e+01
4.340043e+00	-6.283411e+01
4.350044e+00	-5.687747e+01
4.360044e+00	-6.996289e+01
4.370044e+00	-5.388006e+01
4.380044e+00	-5.326184e+01
4.390044e+00	-5.601552e+01
4.400044e+00	-5.154045e+01
4.410044e+00	-6.059320e+01
4.420044e+00	-5.808790e+01
4.430044e+00	-7.206682e+01
4.440044e+00	-6.596822e+01
4.450045e+00	-6.497622e+01
4.460045e+00	-6.588401e+01
4.470045e+00	-6.073463e+01
4.480045e+00	-6.079871e+01
4.490045e+00	-5.614647e+01
4.500045e+00	-4.990647e+01
4.510045e+00	-5.268799e+01
4.520045e+00	-6.256796e+01
4.530045e+00	-6.315757e+01
4.540045e+00	-5.757184e+01
4.550046e+00	-6.288548e+01
4.560046e+00	-6.148395e+01
4.570046e+00	-5.588935e+01
4.580046e+00	-5.843094e+01
4.590046e+00	-6.439002e+01
4.600046e+00	-6.528399e+01
4.610046e+00	-5.735817e+01
4.620046e+00	-6.476436e+01
4.630046e+00	-5.921653e+01
4.640046e+00	-6.656013e+01
4.650047e+00	-6.604578e+01
4.660047e+00	-9.463128e+01
4.670047e+00	-7.424092e+01
4.680047e+00	-6.817319e+01
4.690047e+00	-7.063092e+01
4.700047e+00	-6.845041e+01
4.710047e+00	-7.868751e+01
4.720047e+00	-6.906405e+01
4.730047e+00	-7.483328e+01
4.740047e+00	-7.492676e+01
4.750048e+00	-7.405134e+01
4.760048e+00	-7.569213e+01
4.770048e+00	-7.188158e+01
4.780048e+00	-7.342492e+01
4.790048e+00	-7.252113e+01
4.800048e+00	-7.240618e+01
4.810048e+00	-7.324977e+01
4.820048e+00	-6.948677e+01
4.830048e+00	-6.635711e+01
4.840048e+00	-6.753362e+01
4.850049e+00	-6.372089e+01
4.860049e+00	-6.038871e+01
4.870049e+00	-6.671288e+01
4.880049e+00	-6.444678e+01
4.890049e+00	-7.929578e+01
4.900049e+00	-6.727593e+01
4.910049e+00	-6.149835e+01
4.920049e+00	-6.480500e+01
4.930049e+00	-5.874995e+01
4.940049e+00	-6.134671e+01
4.950050e+00	-7.119494e+01
4.960050e+00	-6.600789e+01
4.970050e+00	-6.077487e+01
4.980050e+00	-6.101217e+01
4.990050e+00	-5.869454e+01
5.000050e+00	-6.931476e+01
5.010050e+00	-5.839388e+01
5.020050e+00	-7.236327e+01
5.030050e+00	-6.180498e+01
5.040050e+00	-6.281148e+01
5.050051e+00	-5.919420e+01
5.060051e+00	-5.984707e+01
5.070051e+00	-5.779699e+01
5.080051e+00	-6.727809e+01
5.090051e+00	-5.788342e+01
5.100051e+00	-5.643627e+01
5.110051e+00	-6.565256e+01
5.120051e+00	-6.097069e+01
5.130051e+00	-6.282046e+01
5.140051e+00	-5.959756e+01
5.150052e+00	-6.980744e+01
5.160052e+00	-5.337961e+01
5.170052e+00	-6.373332e+01
5.180052e+00	-5.620638e+01
5.190052e+00	-6.267682e+01
5.200052e+00	-5.882331e+01
5.210052e+00	-5.377127e+01
5.220052e+00	-5.493564e+01
5.230052e+00	-5.530847e+01
5.240052e+00	-5.649201e+01
5.250053e+00	-5.571611e+01
5.260053e+00	-5.561638e+01
5.270053e+00	-6.360756e+01
5.280053e+00	-6.281130e+01
5.290053e+00	-6.178293e+01
5.300053e+00	-5.621877e+01
5.310053e+00	-6.501439e+01
5.320053e+00	-5.569626e+01
5.330053e+00	-5.850038e+01
5.340053e+00	-6.191306e+01
5.350054e+00	-5.892952e+01
5.360054e+00	-5.701758e+01
5.370054e+00	-5.771066e+01
5.380054e+00	-6.457379e+01
5.390054e+00	-6.572599e+01
5.400054e+00	-5.819856e+01
5.410054e+00	-5.525314e+01
5.420054e+00	-5.724442e+01
5.430054e+00	-5.618797e+01
5.440054e+00	-6.795466e+01
5.450055e+00	-6.967019e+01
5.460055e+00	-6.634715e+01
5.470055e+00	-6.040261e+01
5.480055e+00	-6.284534e+01
5.490055e+00	-7.490233e+01
5.500055e+00	-6.724473e+01
5.510055e+00	-7.485015e+01
5.520055e+00	-6.586519e+01
5.530055e+00	-6.880529e+01
5.540055e+00	-6.900628e+01
5.550056e+00	-6.853390e+01
5.560056e+00	-7.351566e+01
5.570056e+00	-6.917790e+01
5.580056e+00	-6.630382e+01
5.590056e+00	-7.349523e+01
5.600056e+00	-6.304251e+01
5.610056e+00	-6.938025e+01
5.620056e+00	-7.410405e+01
5.630056e+00	-7.454526e+01
5.640056e+00	-6.857680e+01
5.650057e+00	-6.719290e+01
5.660057e+00	-7.137405e+01
5.670057e+00	-7.295929e+01
5.680057e+00	-6.802217e+01
5.690057e+00	-7.478655e+01
5.700057e+00	-8.072586e+01
5.710057e+00	-7.156472e+01
5.720057e+00	-7.346062e+01
5.730057e+00	-7.610364e+01
5.740057e+00	-7.520987e+01
5.750058e+00	-7.915093e+01
5.760058e+00	-7.408007e+01
5.770058e+00	-7.160985e+01
5.780058e+00	-7.687437e+01
5.790058e+00	-6.574713e+01
5.800058e+00	-8.424207e+01
5.810058e+00	-7.174861e+01
5.820058e+00	-7.404533e+01
5.830058e+00	-7.098140e+01
5.840058e+00	-6.734328e+01
5.850059e+00	-6.560250e+01
5.860059e+00	-6.323971e+01
5.870059e+00	-7.047361e+01
5.880059e+00	-7.716187e+01
5.890059e+00	-6.785379e+01
5.900059e+00	-6.290317e+01
5.910059e+00	-7.037291e+01
5.920059e+00	-7.870451e+01
5.930059e+00	-6.694138e+01
5.940059e+00	-6.619852e+01
5.950060e+00	-5.993922e+01
5.960060e+00	-8.196445e+01
5.970060e+00	-6.541109e+01
5.980060e+00	-6.697536e+01
5.990060e+00	-7.850416e+01
6.000060e+00	-6.445653e+01
6.010060e+00	-6.135796e+01
6.020060e+00	-6.925169e+01
6.030060e+00	-6.449773e+01
6.040060e+00	-7.463887e+01
6.050061e+00	-5.833757e+01
6.060061e+00	-6.601060e+01
6.070061e+00	-6.519039e+01
6.080061e+00	-6.332408e+01
6.090061e+00	-6.322076e+01
6.100061e+00	-5.972300e+01
6.110061e+00	-6.710524e+01
6.120061e+00	-6.775146e+01
6.130061e+00	-5.817991e+01
6.140061e+00	-7.557454e+01
6.150062e+00	-7.138646e+01
6.160062e+00	-6.849625e+01
6.170062e+00	-6.480117e+01
6.180062e+00	-6.172439e+01
6.190062e+00	-6.538365e+01
6.200062e+00	-6.617105e+01
6.210062e+00	-6.196968e+01
6.220062e+00	-5.834436e+01
6.230062e+00	-5.892447e+01
6.240062e+00	-6.401215e+01
6.250063e+00	-6.445023e+01
6.260063e+00	-6.516229e+01
6.270063e+00	-6.819721e+01
6.280063e+00	-6.141529e+01
6.290063e+00	-7.710802e+01
6.300063e+00	-7.603321e+01
6.310063e+00	-6.574430e+01
6.320063e+00	-6.439105e+01
6.330063e+00	-6.128591e+01
6.340063e+00	-6.418303e+01
6.350064e+00	-6.628817e+01
6.360064e+00	-8.938660e+01
6.370064e+00	-6.209518e+01
6.380064e+00	-6.831958e+01
6.390064e+00	-7.576569e+01
6.400064e+00	-6.147192e+01
6.410064e+00	-7.921082e+01
6.420064e+00	-6.569547e+01
6.430064e+00	-6.786087e+01
6.440064e+00	-6.437506e+01
6.450065e+00	-7.416138e+01
6.460065e+00	-6.312266e+01
6.470065e+00	-6.948789e+01
6.480065e+00	-6.743067e+01
6.490065e+00	-7.210636e+01
6.500065e+00	-7.245392e+01
6.510065e+00	-6.370202e+01
6.520065e+00	-6.693035e+01
6.530065e+00	-7.783436e+01
6.540065e+00	-6.659200e+01
6.550066e+00	-7.483873e+01
6.560066e+00	-8.089680e+01
6.570066e+00	-7.969392e+01
6.580066e+00	-7.881488e+01
6.590066e+00	-7.162668e+01
6.600066e+00	-7.645726e+01
6.610066e+00	-7.649912e+01
6.620066e+00	-7.105683e+01
6.630066e+00	-7.838024e+01
6.640066e+00	-7.377876e+01
6.650067e+00	-8.201288e+01
6.660067e+00	-7.477615e+01
6.670067e+00	-7.058027e+01
6.680067e+00	-7.869131e+01
6.690067e+00	-7.899432e+01
6.700067e+00	-7.652247e+01
6.710067e+00	-7.689925e+01
6.720067e+00	-7.739602e+01
6.730067e+00	-7.602124e+01
6.740067e+00	-7.651450e+01
6.750068e+00	-8.066541e+01
6.760068e+00	-7.445060e+01
6.770068e+00	-8.713514e+01
6.780068e+00	-7.606465e+01
6.790068e+00	-7.204060e+01
6.800068e+00	-7.632002e+01
6.810068e+00	-7.478904e+01
6.820068e+00	-7.785832e+01
6.830068e+00	-9.402283e+01
6.840068e+00	-7.444577e+01
6.850069e+00	-8.512076e+01
6.860069e+00	-7.645980e+01
6.870069e+00	-7.296667e+01
6.880069e+00	-6.548689e+01
6.890069e+00	-7.264418e+01
6.900069e+00	-7.118051e+01
6.910069e+00	-7.141550e+01
6.920069e+00	-8.047367e+01
6.930069e+00	-6.580093e+01
6.940069e+00	-6.694391e+01
6.950070e+00	-7.630360e+01
6.960070e+00	-6.702878e+01
6.970070e+00	-6.505808e+01
6.980070e+00	-7.405901e+01
6.990070e+00	-6.831846e+01
7.000070e+00	-6.440014e+01
7.010070e+00	-6.723547e+01
7.020070e+00	-7.013588e+01
7.030070e+00	-6.581696e+01
7.040070e+00	-6.663044e+01
7.050071e+00	-6.850978e+01
7.060071e+00	-6.329424e+01
7.070071e+00	-6.585471e+01
7.080071e+00	-6.425819e+01
7.090071e+00	-6.588561e+01
7.100071e+00	-7.197484e+01
7.110071e+00	-7.491985e+01
7.120071e+00	-6.799936e+01
7.130071e+00	-6.516976e+01
7.140071e+00	-6.674086e+01
7.150072e+00	-7.770430e+01
7.160072e+00	-6.805468e+01
7.170072e+00	-7.095010e+01
7.180072e+00	-6.748355e+01
7.190072e+00	-6.614188e+01
7.200072e+00	-7.284247e+01
7.210072e+00	-7.179493e+01
7.220072e+00	-6.741490e+01
7.230072e+00	-7.177267e+01
7.240072e+00	-6.670601e+01
7.250073e+00	-7.224530e+01
7.260073e+00	-6.771753e+01
7.270073e+00	-7.261487e+01
7.280073e+00	-6.139172e+01
7.290073e+00	-7.070163e+01
7.300073e+00	-6.253947e+01
7.310073e+00	-6.841051e+01
7.320073e+00	-7.263046e+01
7.330073e+00	-7.043595e+01
7.340073e+00	-6.673587e+01
7.350074e+00	-7.758875e+01
7.360074e+00	-6.699590e+01
7.370074e+00	-6.783079e+01
7.380074e+00	-7.293092e+01
7.390074e+00	-7.818290e+01
7.400074e+00	-6.968604e+01
7.410074e+00	-6.836854e+01
7.420074e+00	-7.623048e+01
7.430074e+00	-6.655230e+01
7.440074e+00	-7.798711e+01
7.450075e+00	-6.740459e+01
7.460075e+00	-6.833256e+01
7.470075e+00	-6.901089e+01
7.480075e+00	-7.364357e+01
7.490075e+00	-7.326548e+01
7.500075e+00	-7.833866e+01
7.510075e+00	-8.724599e+01
7.520075e+00	-6.654854e+01
7.530075e+00	-6.997952e+01
7.540075e+00	-6.891143e+01
7.550076e+00	-8.798080e+01
7.560076e+00	-7.452457e+01
7.570076e+00	-7.479165e+01
7.580076e+00	-8.401833e+01
7.590076e+00	-8.150229e+01
7.600076e+00	-7.428803e+01
7.610076e+00	-7.246100e+01
7.620076e+00	-7.536902e+01
7.630076e+00	-9.188431e+01
7.640076e+00	-7.118354e+01
7.650077e+00	-7.663791e+01
7.660077e+00	-8.209570e+01
7.670077e+00	-7.610408e+01
7.680077e+00	-7.732365e+01
7.690077e+00	-7.779855e+01
7.700077e+00	-7.793692e+01
7.710077e+00	-7.716167e+01
7.720077e+00	-7.593419e+01
7.730077e+00	-7.573551e+01
7.740077e+00	-7.667733e+01
7.750078e+00	-7.564404e+01
7.760078e+00	-7.873725e+01
7.770078e+00	-7.344742e+01
7.780078e+00	-7.336754e+01
7.790078e+00	-7.728533e+01
7.800078e+00	-7.548031e+01
7.810078e+00	-7.676544e+01
7.820078e+00	-7.090393e+01
7.830078e+00	-6.713597e+01
7.840078e+00	-8.179882e+01
7.850079e+00	-8.261020e+01
7.860079e+00	-7.169271e+01
7.870079e+00	-7.692716e+01
7.880079e+00	-7.006141e+01
7.890079e+00	-6.980750e+01
7.900079e+00	-7.358844e+01
7.910079e+00	-6.607422e+01
7.920079e+00	-7.031785e+01
7.930079e+00	-7.157373e+01
7.940079e+00	-7.795161e+01
7.950080e+00	-7.508861e+01
7.960080e+00	-8.244963e+01
7.970080e+00	-7.002693e+01
7.980080e+00	-7.773223e+01
7.990080e+00	-6.212953e+01
8.000080e+00	-6.715683e+01
8.010080e+00	-6.606217e+01
8.020080e+00	-6.740753e+01
8.030080e+00	-7.311674e+01
8.040080e+00	-6.689816e+01
8.050081e+00	-6.944426e+01
8.060081e+00	-7.467776e+01
8.070081e+00	-6.434305e+01
8.080081e+00	-7.036869e+01
8.090081e+00	-8.885049e+01
8.100081e+00	-6.897986e+01
8.110081e+00	-7.061461e+01
8.120081e+00	-6.929553e+01
8.130081e+00	-8.744719e+01
8.140081e+00	-6.759933e+01
8.150082e+00	-6.208131e+01
8.160082e+00	-6.865284e+01
8.170082e+00	-7.206758e+01
8.180082e+00	-6.938971e+01
8.190082e+00	-6.805323e+01
8.200082e+00	-7.146157e+01
8.210082e+00	-7.378582e+01
8.220082e+00	-7.744275e+01
8.230082e+00	-6.801355e+01
8.240082e+00	-6.421840e+01
8.250083e+00	-7.053196e+01
8.260083e+00	-6.453139e+01
8.270083e+00	-7.245759e+01
8.280083e+00	-6.656548e+01
8.290083e+00	-6.521294e+01
8.300083e+00	-6.999572e+01
8.310083e+00	-6.544743e+01
8.320083e+00	-7.139054e+01
8.330083e+00	-7.117975e+01
8.340083e+00	-6.883654e+01
8.350084e+00	-7.273205e+01
8.360084e+00	-6.658131e+01
8.370084e+00	-7.014854e+01
8.380084e+00	-6.822851e+01
8.390084e+00	-6.959525e+01
8.400084e+00	-7.863749e+01
8.410084e+00	-7.770674e+01
8.420084e+00	-7.470270e+01
8.430084e+00	-6.684320e+01
8.440084e+00	-7.427619e+01
8.450085e+00	-7.561962e+01
8.460085e+00	-6.904888e+01
8.470085e+00	-6.678090e+01
8.480085e+00	-7.458782e+01
8.490085e+00	-7.362067e+01
8.500085e+00	-6.568125e+01
8.510085e+00	-7.668939e+01
8.520085e+00	-8.006683e+01
8.530085e+00	-7.437671e+01
8.540085e+00	-7.698152e+01
8.550086e+00	-7.314192e+01
8.560086e+00	-8.065646e+01
8.570086e+00	-8.127971e+01
8.580086e+00	-8.309986e+01
8.590086e+00	-8.672489e+01
8.600086e+00	-8.164499e+01
8.610086e+00	-7.644568e+01
8.620086e+00	-7.592577e+01
8.630086e+00	-9.240514e+01
8.640086e+00	-7.453427e+01
8.650087e+00	-7.911602e+01
8.660087e+00	-7.974173e+01
8.670087e+00	-7.933130e+01
8.680087e+00	-7.845270e+01
8.690087e+00	-7.959247e+01
8.700087e+00	-7.896687e+01
8.710087e+00	-7.971028e+01
8.720087e+00	-8.035514e+01
8.730087e+00	-7.925262e+01
8.740087e+00	-7.879180e+01
8.750088e+00	-7.474664e+01
8.760088e+00	-8.561120e+01
8.770088e+00	-7.329497e+01
8.780088e+00	-7.352691e+01
8.790088e+00	-7.818718e+01
8.800088e+00	-7.571220e+01
8.810088e+00	-6.993118e+01
8.820088e+00	-8.365376e+01
8.830088e+00	-6.720376e+01
8.840088e+00	-7.351955e+01
8.850089e+00	-7.328065e+01
8.860089e+00	-7.440519e+01
8.870089e+00	-8.202409e+01
8.880089e+00	-7.064746e+01
8.890089e+00	-7.527797e+01
8.900089e+00	-8.699297e+01
8.910089e+00	-7.201294e+01
8.920089e+00	-6.988310e+01
8.930089e+00	-7.261897e+01
8.940089e+00	-6.609419e+01
8.950090e+00	-7.151680e+01
8.960090e+00	-7.814925e+01
8.970090e+00	-7.743853e+01
8.980090e+00	-6.951781e+01
8.990090e+00	-8.602891e+01
9.000090e+00	-7.118912e+01
9.010090e+00	-7.019361e+01
9.020090e+00	-7.263672e+01
9.030090e+00	-6.592177e+01
9.040090e+00	-8.397316e+01
9.050091e+00	-7.178141e+01
9.060091e+00	-6.925135e+01
9.070091e+00	-8.155921e+01
9.080091e+00	-6.926127e+01
9.090091e+00	-6.188879e+01
9.100091e+00	-6.402695e+01
9.110091e+00	-6.946825e+01
9.120091e+00	-6.861244e+01
9.130091e+00	-6.152570e+01
9.140091e+00	-6.481429e+01
9.150092e+00	-6.399909e+01
9.160092e+00	-6.561924e+01
9.170092e+00	-7.403659e+01
9.180092e+00	-7.479903e+01
9.190092e+00	-7.016300e+01
9.200092e+00	-6.524212e+01
9.210092e+00	-7.153338e+01
9.220092e+00	-7.432820e+01
9.230092e+00	-6.577882e+01
9.240092e+00	-6.848418e+01
9.250093e+00	-9.409101e+01
9.260093e+00	-8.276245e+01
9.270093e+00	-6.961309e+01
9.280093e+00	-6.832204e+01
9.290093e+00	-7.243262e+01
9.300093e+00	-6.327792e+01
9.310093e+00	-6.912576e+01
9.320093e+00	-6.944337e+01
9.330093e+00	-6.576118e+01
9.340093e+00	-6.550224e+01
9.350094e+00	-8.466230e+01
9.360094e+00	-6.737101e+01
9.370094e+00	-7.900249e+01
9.380094e+00	-7.310596e+01
9.390094e+00	-7.584696e+01
9.400094e+00	-6.837322e+01
9.410094e+00	-7.799006e+01
9.420094e+00	-6.813107e+01
9.430094e+00	-8.214521e+01
9.440094e+00	-7.261466e+01
9.450095e+00	-7.351192e+01
9.460095e+00	-8.445462e+01
9.470095e+00	-8.421305e+01
9.480095e+00	-7.749996e+01
9.490095e+00	-7.390286e+01
9.500095e+00	-7.287243e+01
9.510095e+00	-7.291673e+01
9.520095e+00	-7.663181e+01
9.530095e+00	-7.438249e+01
9.540095e+00	-7.444112e+01
9.550096e+00	-7.689355e+01
9.560096e+00	-7.970973e+01
9.570096e+00	-8.158059e+01
9.580096e+00	-7.282980e+01
9.590096e+00	-8.213261e+01
9.600096e+00	-7.898911e+01
9.610096e+00	-7.929328e+01
9.620096e+00	-7.838648e+01
9.630096e+00	-8.026759e+01
9.640096e+00	-7.921404e+01
9.650097e+00	-7.809890e+01
9.660097e+00	-8.011670e+01
9.670097e+00	-7.740281e+01
9.680097e+00	-7.958821e+01
9.690097e+00	-7.671453e+01
9.700097e+00	-7.775471e+01
9.710097e+00	-7.621176e+01
9.720097e+00	-7.493062e+01
9.730097e+00	-7.603734e+01
9.740097e+00	-7.656785e+01
9.750098e+00	-7.527800e+01
9.760098e+00	-8.028182e+01
9.770098e+00	-7.555413e+01
9.780098e+00	-7.719286e+01
9.790098e+00	-7.232632e+01
9.800098e+00	-7.113373e+01
9.810098e+00	-8.056520e+01
9.820098e+00	-7.337356e+01
9.830098e+00	-7.525225e+01
9.840098e+00	-6.865761e+01
9.850099e+00	-8.386849e+01
9.860099e+00	-6.992919e+01
9.870099e+00	-7.728276e+01
9.880099e+00	-7.179757e+01
9.890099e+00	-7.240087e+01
9.900099e+00	-6.906655e+01
9.910099e+00	-7.322674e+01
9.920099e+00	-7.434907e+01
9.930099e+00	-7.817195e+01
9.940099e+00	-8.013952e+01
9.950100e+00	-7.014550e+01
9.960100e+00	-6.269567e+01
9.970100e+00	-7.121159e+01
9.980100e+00	-6.812447e+01
9.990100e+00	-7.373449e+01
1.000010e+01	-7.551587e+01
1.001010e+01	-6.613724e+01
1.002010e+01	-6.630416e+01
1.003010e+01	-7.353046e+01
1.004010e+01	-7.571056e+01
1.005010e+01	-6.934078e+01
1.006010e+01	-7.941319e+01
1.007010e+01	-6.702535e+01
1.008010e+01	-8.237128e+01
1.009010e+01	-6.645309e+01
1.010010e+01	-7.487620e+01
1.011010e+01	-7.383517e+01
1.012010e+01	-6.394966e+01
1.013010e+01	-6.806326e+01
1.014010e+01	-8.001976e+01
1.015010e+01	-7.195664e+01
1.016010e+01	-6.483124e+01
1.017010e+01	-7.667366e+01
1.018010e+01	-6.981456e+01
1.019010e+01	-7.136702e+01
1.020010e+01	-7.166581e+01
1.021010e+01	-7.184382e+01
1.022010e+01	-6.632285e+01
1.023010e+01	-6.908354e+01
1.024010e+01	-7.403288e+01
1.025010e+01	-8.073084e+01
1.026010e+01	-6.798881e+01
1.027010e+01	-7.853874e+01
1.028010e+01	-6.879805e+01
1.029010e+01	-6.800609e+01
1.030010e+01	-6.763612e+01
1.031010e+01	-7.015287e+01
1.032010e+01	-8.880597e+01
1.033010e+01	-7.326699e+01
1.034010e+01	-7.209113e+01
1.035010e+01	-1.000620e+02
1.036010e+01	-8.032305e+01
1.037010e+01	-6.971592e+01
1.038010e+01	-7.245450e+01
1.039010e+01	-8.813198e+01
1.040010e+01	-6.962093e+01
1.041010e+01	-7.998356e+01
1.042010e+01	-7.272092e+01
1.043010e+01	-8.003108e+01
1.044010e+01	-8.566364e+01
1.045010e+01	-7.413587e+01
1.046010e+01	-9.563639e+01
1.047010e+01	-7.307971e+01
1.048010e+01	-1.194704e+02
1.049010e+01	-7.512849e+01
1.050011e+01	-7.909613e+01
1.051011e+01	-7.097929e+01
1.052011e+01	-8.199812e+01
1.053011e+01	-7.958919e+01
1.054011e+01	-7.590350e+01
1.055011e+01	-8.448813e+01
1.056011e+01	-7.947604e+01
1.057011e+01	-8.000538e+01
1.058011e+01	-8.228662e+01
1.059011e+01	-7.905041e+01
1.060011e+01	-8.692393e+01
1.061011e+01	-7.929936e+01
1.062011e+01	-7.893816e+01
1.063011e+01	-8.043821e+01
1.064011e+01	-7.905769e+01
1.065011e+01	-7.886317e+01
1.066011e+01	-8.146011e+01
1.067011e+01	-7.922061e+01
1.068011e+01	-8.961239e+01
1.069011e+01	-8.039012e+01
1.070011e+01	-7.734359e+01
1.071011e+01	-8.506434e+01
1.072011e+01	-7.440598e+01
1.073011e+01	-7.579904e+01
1.074011e+01	-7.127189e+01
1.075011e+01	-7.567759e+01
1.076011e+01	-7.522831e+01
1.077011e+01	-7.664692e+01
1.078011e+01	-7.556697e+01
1.079011e+01	-9.290633e+01
1.080011e+01	-7.586506e+01
1.081011e+01	-6.802707e+01
1.082011e+01	-8.077730e+01
1.083011e+01	-8.633534e+01
1.084011e+01	-7.048126e+01
1.085011e+01	-7.218830e+01
1.086011e+01	-7.338251e+01
1.087011e+01	-7.223707e+01
1.088011e+01	-8.203501e+01
1.089011e+01	-9.043790e+01
1.090011e+01	-7.053641e+01
1.091011e+01	-7.770379e+01
1.092011e+01	-8.414404e+01
1.093011e+01	-7.285274e+01
1.094011e+01	-7.314845e+01
1.095011e+01	-7.093382e+01
1.096011e+01	-6.753252e+01
1.097011e+01	-6.951529e+01
1.098011e+01	-8.715230e+01
1.099011e+01	-6.532937e+01
1.100011e+01	-7.294788e+01
1.101011e+01	-7.559408e+01
1.102011e+01	-8.008360e+01
1.103011e+01	-7.415772e+01
1.104011e+01	-6.843919e+01
1.105011e+01	-7.084303e+01
1.106011e+01	-6.276400e+01
1.107011e+01	-8.624297e+01
1.108011e+01	-7.116157e+01
1.109011e+01	-7.070868e+01
1.110011e+01	-6.909626e+01
1.111011e+01	-7.026717e+01
1.112011e+01	-7.252790e+01
1.113011e+01	-6.749940e+01
1.114011e+01	-7.291270e+01
1.115011e+01	-7.632497e+01
1.116011e+01	-7.378424e+01
1.117011e+01	-6.686569e+01
1.118011e+01	-7.650387e+01
1.119011e+01	-6.913517e+01
1.120011e+01	-7.236365e+01
1.121011e+01	-7.246976e+01
1.122011e+01	-7.337716e+01
1.123011e+01	-7.205494e+01
1.124011e+01	-7.482083e+01
1.125011e+01	-7.400272e+01
1.126011e+01	-7.491859e+01
1.127011e+01	-7.051036e+01
1.128011e+01	-7.349561e+01
1.129011e+01	-8.434197e+01
1.130011e+01	-7.595699e+01
1.131011e+01	-7.454665e+01
1.132011e+01	-8.520536e+01
1.133011e+01	-7.108038e+01
1.134011e+01	-7.474595e+01
1.135011e+01	-7.892409e+01
1.136011e+01	-7.041421e+01
1.137011e+01	-8.293704e+01
1.138011e+01	-7.527860e+01
1.139011e+01	-8.469169e+01
1.140011e+01	-8.061497e+01
1.141011e+01	-7.469855e+01
1.142011e+01	-7.803248e+01
1.143011e+01	-7.861841e+01
1.144011e+01	-7.238286e+01
1.145011e+01	-7.584829e+01
1.146011e+01	-8.319990e+01
1.147011e+01	-7.916929e+01
1.148011e+01	-7.183258e+01
1.149011e+01	-8.221128e+01
1.150012e+01	-8.563851e+01
1.151012e+01	-7.529949e+01
1.152012e+01	-8.023669e+01
1.153012e+01	-7.969389e+01
1.154012e+01	-7.711636e+01
1.155012e+01	-7.953506e+01
1.156012e+01	-7.874111e+01
1.157012e+01	-7.983771e+01
1.158012e+01	-8.098367e+01
1.159012e+01	-8.199167e+01
1.160012e+01	-8.045967e+01
1.161012e+01	-8.070786e+01
1.162012e+01	-8.402432e+01
1.163012e+01	-8.080417e+01
1.164012e+01	-7.743554e+01
1.165012e+01	-8.040150e+01
1.166012e+01	-8.185974e+01
1.167012e+01	-8.161255e+01
1.168012e+01	-8.071867e+01
1.169012e+01	-7.476376e+01
1.170012e+01	-8.823755e+01
1.171012e+01	-8.896444e+01
1.172012e+01	-8.384712e+01
1.173012e+01	-7.551578e+01
1.174012e+01	-8.123571e+01
1.175012e+01	-7.816070e+01
1.176012e+01	-7.303223e+01
1.177012e+01	-7.047981e+01
1.178012e+01	-7.374843e+01
1.179012e+01	-7.821563e+01
1.180012e+01	-8.696054e+01
1.181012e+01	-7.581052e+01
1.182012e+01	-6.914229e+01
1.183012e+01	-7.179964e+01
1.184012e+01	-7.801081e+01
1.185012e+01	-9.715419e+01
1.186012e+01	-7.110988e+01
1.187012e+01	-7.195585e+01
1.188012e+01	-7.055296e+01
1.189012e+01	-7.216849e+01
1.190012e+01	-7.068598e+01
1.191012e+01	-7.164317e+01
1.192012e+01	-8.171232e+01
1.193012e+01	-6.761326e+01
1.194012e+01	-7.409242e+01
1.195012e+01	-6.617892e+01
1.196012e+01	-7.269563e+01
1.197012e+01	-7.489204e+01
1.198012e+01	-6.843794e+01
1.199012e+01	-7.394813e+01
1.200012e+01	-7.114330e+01
1.201012e+01	-6.701441e+01
1.202012e+01	-7.264320e+01
1.203012e+01	-7.631862e+01
1.204012e+01	-6.993619e+01
1.205012e+01	-7.071979e+01
1.206012e+01	-7.211453e+01
1.207012e+01	-7.541776e+01
1.208012e+01	-7.175858e+01
1.209012e+01	-6.862672e+01
1.210012e+01	-7.030989e+01
1.211012e+01	-7.398948e+01
1.212012e+01	-7.313419e+01
1.213012e+01	-7.206336e+01
1.214012e+01	-7.702689e+01
1.215012e+01	-7.629239e+01
1.216012e+01	-7.015273e+01
1.217012e+01	-7.325308e+01
1.218012e+01	-8.807324e+01
1.219012e+01	-6.942243e+01
1.220012e+01	-6.891843e+01
1.221012e+01	-8.010837e+01
1.222012e+01	-7.213363e+01
1.223012e+01	-7.238769e+01
1.224012e+01	-7.902998e+01
1.225012e+01	-7.729946e+01
1.226012e+01	-7.152677e+01
1.227012e+01	-7.539613e+01
1.228012e+01	-7.171782e+01
1.229012e+01	-7.708482e+01
1.230012e+01	-7.116984e+01
1.231012e+01	-7.069210e+01
1.232012e+01	-7.600978e+01
1.233012e+01	-9.128938e+01
1.234012e+01	-7.767526e+01
1.235012e+01	-7.762572e+01
1.236012e+01	-7.123960e+01
1.237012e+01	-7.935627e+01
1.238012e+01	-7.506620e+01
1.239012e+01	-7.279486e+01
1.240012e+01	-7.445488e+01
1.241012e+01	-7.589421e+01
1.242012e+01	-8.038649e+01
1.243012e+01	-7.560951e+01
1.244012e+01	-7.424126e+01
1.245012e+01	-7.740916e+01
1.246012e+01	-7.866082e+01
1.247012e+01	-7.588424e+01
1.248012e+01	-7.840252e+01
1.249012e+01	-8.204714e+01
1.250013e+01	-8.521390e+01
1.251013e+01	-7.811047e+01
1.252013e+01	-8.203713e+01
1.253013e+01	-8.050012e+01
1.254013e+01	-7.906137e+01
1.255013e+01	-8.086634e+01
1.256013e+01	-7.996347e+01
1.257013e+01	-8.089765e+01
1.258013e+01	-8.012762e+01
1.259013e+01	-7.936076e+01
1.260013e+01	-8.053568e+01
1.261013e+01	-8.574394e+01
1.262013e+01	-8.198503e+01
1.263013e+01	-7.793177e+01
1.264013e+01	-8.085992e+01
1.265013e+01	-8.121428e+01
1.266013e+01	-9.373738e+01
1.267013e+01	-7.288223e+01
1.268013e+01	-7.425548e+01
1.269013e+01	-7.430651e+01
1.270013e+01	-8.285630e+01
1.271013e+01	-7.314994e+01
1.272013e+01	-7.848608e+01
1.273013e+01	-7.323670e+01
1.274013e+01	-7.890537e+01
1.275013e+01	-8.255648e+01
1.276013e+01	-7.696285e+01
1.277013e+01	-8.481658e+01
1.278013e+01	-7.286066e+01
1.279013e+01	-7.871976e+01
1.280013e+01	-8.222984e+01
1.281013e+01	-8.162437e+01
1.282013e+01	-7.113303e+01
1.283013e+01	-7.663980e+01
1.284013e+01	-7.673831e+01
1.285013e+01	-8.397560e+01
1.286013e+01	-7.381201e+01
1.287013e+01	-7.638118e+01
1.288013e+01	-7.753707e+01
1.289013e+01	-6.697698e+01
1.290013e+01	-7.694082e+01
1.291013e+01	-7.580810e+01
1.292013e+01	-7.153083e+01
1.293013e+01	-8.491893e+01
1.294013e+01	-8.063904e+01
1.295013e+01	-7.213074e+01
1.296013e+01	-7.276304e+01
1.297013e+01	-8.180209e+01
1.298013e+01	-7.910811e+01
1.299013e+01	-6.738629e+01
1.300013e+01	-7.853110e+01
1.301013e+01	-7.013893e+01
1.302013e+01	-7.315534e+01
1.303013e+01	-7.647100e+01
1.304013e+01	-8.036958e+01
1.305013e+01	-7.799936e+01
1.306013e+01	-7.286274e+01
1.307013e+01	-7.501418e+01
1.308013e+01	-7.006186e+01
1.309013e+01	-7.389780e+01
1.310013e+01	-7.350510e+01
1.311013e+01	-9.145763e+01
1.312013e+01	-7.218600e+01
1.313013e+01	-6.967228e+01
1.314013e+01	-7.279535e+01
1.315013e+01	-7.052357e+01
1.316013e+01	-7.054572e+01
1.317013e+01	-7.185453e+01
1.318013e+01	-7.903813e+01
1.319013e+01	-7.588269e+01
1.320013e+01	-7.210343e+01
1.321013e+01	-7.512406e+01
1.322013e+01	-7.134364e+01
1.323013e+01	-8.811563e+01
1.324013e+01	-7.209689e+01
1.325013e+01	-7.307160e+01
1.326013e+01	-7.192249e+01
1.327013e+01	-7.932522e+01
1.328013e+01	-8.944457e+01
1.329013e+01	-7.885505e+01
1.330013e+01	-6.721364e+01
1.331013e+01	-7.549724e+01
1.332013e+01	-7.541238e+01
1.333013e+01	-7.520176e+01
1.334013e+01	-7.422427e+01
1.335013e+01	-7.522780e+01
1.336013e+01	-7.435900e+01
1.337013e+01	-7.292993e+01
1.338013e+01	-7.492894e+01
1.339013e+01	-7.461848e+01
1.340013e+01	-9.036927e+01
1.341013e+01	-7.897882e+01
1.342013e+01	-8.308161e+01
1.343013e+01	-8.271562e+01
1.344013e+01	-8.239846e+01
1.345013e+01	-8.022936e+01
1.346013e+01	-7.795512e+01
1.347013e+01	-7.761797e+01
1.348013e+01	-8.035035e+01
1.349013e+01	-7.773466e+01
1.350014e+01	-8.162468e+01
1.351014e+01	-8.321207e+01
1.352014e+01	-8.225695e+01
1.353014e+01	-7.958108e+01
1.354014e+01	-7.944005e+01
1.355014e+01	-7.926712e+01
1.356014e+01	-7.836722e+01
1.357014e+01	-8.210977e+01
1.358014e+01	-7.819726e+01
1.359014e+01	-8.097305e+01
1.360014e+01	-8.720827e+01
1.361014e+01	-7.966499e+01
1.362014e+01	-8.067045e+01
1.363014e+01	-8.106185e+01
1.364014e+01	-8.287633e+01
1.365014e+01	-8.144277e+01
1.366014e+01	-7.222709e+01
1.367014e+01	-7.991765e+01
1.368014e+01	-7.111423e+01
1.369014e+01	-7.756979e+01
1.370014e+01	-8.411177e+01
1.371014e+01	-8.007925e+01
1.372014e+01	-7.508699e+01
1.373014e+01	-7.163633e+01
1.374014e+01	-7.657072e+01
1.375014e+01	-7.670247e+01
1.376014e+01	-6.957057e+01
1.377014e+01	-9.490123e+01
1.378014e+01	-7.657018e+01
1.379014e+01	-6.869855e+01
1.380014e+01	-7.519162e+01
1.381014e+01	-7.024975e+01
1.382014e+01	-6.952108e+01
1.383014e+01	-7.187256e+01
1.384014e+01	-8.238151e+01
1.385014e+01	-7.858507e+01
1.386014e+01	-7.496960e+01
1.387014e+01	-7.314447e+01
1.388014e+01	-8.419221e+01
1.389014e+01	-8.198740e+01
1.390014e+01	-7.123660e+01
1.391014e+01	-7.147124e+01
1.392014e+01	-7.858089e+01
1.393014e+01	-6.883959e+01
1.394014e+01	-8.314018e+01
1.395014e+01	-7.410985e+01
1.396014e+01	-7.689444e+01
1.397014e+01	-6.891182e+01
1.398014e+01	-6.634067e+01
1.399014e+01	-6.808392e+01
1.400014e+01	-7.438272e+01
1.401014e+01	-6.658837e+01
1.402014e+01	-8.025723e+01
1.403014e+01	-7.224117e+01
1.404014e+01	-7.087454e+01
1.405014e+01	-7.635876e+01
1.406014e+01	-6.637962e+01
1.407014e+01	-8.658035e+01
1.408014e+01	-7.315931e+01
1.409014e+01	-7.327973e+01
1.410014e+01	-7.230818e+01
1.411014e+01	-6.575780e+01
1.412014e+01	-7.361127e+01
1.413014e+01	-6.666955e+01
1.414014e+01	-6.735546e+01
1.415014e+01	-7.278371e+01
1.416014e+01	-6.870575e+01
1.417014e+01	-6.755666e+01
1.418014e+01	-6.747852e+01
1.419014e+01	-7.807451e+01
1.420014e+01	-7.067742e+01
1.421014e+01	-7.389245e+01
1.422014e+01	-7.817499e+01
1.423014e+01	-7.873193e+01
1.424014e+01	-8.907025e+01
1.425014e+01	-7.270401e+01
1.426014e+01	-7.555376e+01
1.427014e+01	-7.612136e+01
1.428014e+01	-7.560912e+01
1.429014e+01	-7.443516e+01
1.430014e+01	-7.030527e+01
1.431014e+01	-8.111740e+01
1.432014e+01	-7.292033e+01
1.433014e+01	-7.130999e+01
1.434014e+01	-8.254557e+01
1.435014e+01	-7.721083e+01
1.436014e+01	-1.089678e+02
1.437014e+01	-8.051521e+01
1.438014e+01	-9.015309e+01
1.439014e+01	-7.589282e+01
1.440014e+01	-7.473125e+01
1.441014e+01	-7.963089e+01
1.442014e+01	-7.930993e+01
1.443014e+01	-7.935202e+01
1.444014e+01	-7.882673e+01
1.445014e+01	-7.777644e+01
1.446014e+01	-8.140129e+01
1.447014e+01	-8.367928e+01
1.448014e+01	-8.049604e+01
1.449014e+01	-7.926152e+01
1.450015e+01	-7.977953e+01
1.451015e+01	-8.085914e+01
1.452015e+01	-8.159839e+01
1.453015e+01	-8.386815e+01
1.454015e+01	-8.086878e+01
1.455015e+01	-8.072970e+01
1.456015e+01	-7.691702e+01
1.457015e+01	-7.931470e+01
1.458015e+01	-7.871782e+01
1.459015e+01	-7.986593e+01
1.460015e+01	-7.635402e+01
1.461015e+01	-7.834086e+01
1.462015e+01	-7.707610e+01
1.463015e+01	-7.596394e+01
1.464015e+01	-7.971146e+01
1.465015e+01	-8.902920e+01
1.466015e+01	-7.999266e+01
1.467015e+01	-7.400627e+01
1.468015e+01	-7.406067e+01
1.469015e+01	-7.359591e+01
1.470015e+01	-8.072457e+01
1.471015e+01	-8.241207e+01
1.472015e+01	-7.522148e+01
1.473015e+01	-8.076255e+01
1.474015e+01	-7.465360e+01
1.475015e+01	-7.502146e+01
1.476015e+01	-6.641476e+01
1.477015e+01	-7.420040e+01
1.478015e+01	-7.219823e+01
1.479015e+01	-7.623358e+01
1.480015e+01	-8.060853e+01
1.481015e+01	-7.102736e+01
1.482015e+01	-1.005285e+02
1.483015e+01	-7.284899e+01
1.484015e+01	-6.773502e+01
1.485015e+01	-7.504159e+01
1.486015e+01	-7.317676e+01
1.487015e+01	-7.510447e+01
1.488015e+01	-7.943709e+01
1.489015e+01	-6.976764e+01
1.490015e+01	-7.981092e+01
1.491015e+01	-6.931103e+01
1.492015e+01	-6.552918e+01
1.493015e+01	-7.409214e+01
1.494015e+01	-9.494021e+01
1.495015e+01	-7.557442e+01
1.496015e+01	-6.960111e+01
1.497015e+01	-7.315270e+01
1.498015e+01	-6.882712e+01
1.499015e+01	-7.285180e+01
