0.000000e+00	1.888514e+01
1.000010e-02	-5.150277e+00
2.000020e-02	1.434216e+01
3.000030e-02	1.000103e+01
4.000040e-02	1.287459e+01
5.000050e-02	1.910217e+01
6.000060e-02	1.266498e+01
7.000070e-02	1.568920e+01
8.000080e-02	2.040334e+01
9.000090e-02	1.668966e+01
1.000010e-01	2.313445e+01
1.100011e-01	1.960580e+01
1.200012e-01	2.444915e+01
1.300013e-01	2.383528e+01
1.400014e-01	2.309126e+01
1.500015e-01	2.538265e+01
1.600016e-01	2.294067e+01
1.700017e-01	2.649808e+01
1.800018e-01	2.571166e+01
1.900019e-01	2.494632e+01
2.000020e-01	2.761757e+01
2.100021e-01	2.474472e+01
2.200022e-01	2.726369e+01
2.300023e-01	2.797844e+01
2.400024e-01	2.632995e+01
2.500025e-01	2.800336e+01
2.600026e-01	2.750945e+01
2.700027e-01	2.737762e+01
2.800028e-01	2.805851e+01
2.900029e-01	2.786927e+01
3.000030e-01	2.837918e+01
3.100031e-01	2.795895e+01
3.200032e-01	2.836528e+01
3.300033e-01	2.941808e+01
3.400034e-01	2.857323e+01
3.500035e-01	2.917431e+01
3.600036e-01	2.938970e+01
3.700037e-01	2.976504e+01
3.800038e-01	2.956988e+01
3.900039e-01	2.974913e+01
4.000040e-01	2.962612e+01
4.100041e-01	2.930509e+01
4.200042e-01	2.915126e+01
4.300043e-01	2.925736e+01
4.400044e-01	2.908425e+01
4.500045e-01	2.936350e+01
4.600046e-01	2.911722e+01
4.700047e-01	2.922327e+01
4.800048e-01	2.947104e+01
4.900049e-01	2.924639e+01
5.000050e-01	2.922380e+01
5.100051e-01	2.935450e+01
5.200052e-01	2.937567e+01
5.300053e-01	2.903670e+01
5.400054e-01	2.907351e+01
5.500055e-01	2.858603e+01
5.600056e-01	2.676764e+01
5.700057e-01	2.906569e+01
5.800058e-01	2.940592e+01
5.900059e-01	2.906423e+01
6.000060e-01	2.924012e+01
6.100061e-01	2.926200e+01
6.200062e-01	2.917533e+01
6.300063e-01	2.904549e+01
6.400064e-01	2.894035e+01
6.500065e-01	2.900167e+01
6.600066e-01	2.879388e+01
6.700067e-01	2.852176e+01
6.800068e-01	2.832506e+01
6.900069e-01	2.840887e+01
7.000070e-01	2.787337e+01
7.100071e-01	2.767979e+01
7.200072e-01	2.748168e+01
7.300073e-01	2.743068e+01
7.400074e-01	2.679875e+01
7.500075e-01	2.517627e+01
7.600076e-01	2.578023e+01
7.700077e-01	2.579259e+01
7.800078e-01	2.583013e+01
7.900079e-01	2.566475e+01
8.000080e-01	2.533470e+01
8.100081e-01	2.515475e+01
8.200082e-01	2.489362e+01
8.300083e-01	2.469798e+01
8.400084e-01	2.468568e+01
8.500085e-01	2.417903e+01
8.600086e-01	2.419403e+01
8.700087e-01	2.386105e+01
8.800088e-01	2.374902e+01
8.900089e-01	2.364749e+01
9.000090e-01	2.338217e+01
9.100091e-01	2.317359e+01
9.200092e-01	2.305185e+01
9.300093e-01	2.292835e+01
9.400094e-01	2.293772e+01
9.500095e-01	2.267776e+01
9.600096e-01	2.238809e+01
9.700097e-01	2.209842e+01
9.800098e-01	2.163503e+01
9.900099e-01	2.033063e+01
1.000010e+00	2.077394e+01
1.010010e+00	2.076548e+01
1.020010e+00	2.034024e+01
1.030010e+00	1.977492e+01
1.040010e+00	1.930729e+01
1.050011e+00	1.905697e+01
1.060011e+00	1.858103e+01
1.070011e+00	1.837503e+01
1.080011e+00	1.771698e+01
1.090011e+00	1.601077e+01
1.100011e+00	1.072796e+01
1.110011e+00	1.479756e+01
1.120011e+00	1.485732e+01
1.130011e+00	1.613451e+01
1.140011e+00	1.543809e+01
1.150012e+00	1.374152e+01
1.160012e+00	9.314832e+00
1.170012e+00	1.122240e+01
1.180012e+00	1.406031e+01
1.190012e+00	1.378250e+01
1.200012e+00	1.332354e+01
1.210012e+00	1.126488e+01
1.220012e+00	1.264705e+01
1.230012e+00	1.056820e+01
1.240012e+00	1.157187e+01
1.250013e+00	1.204049e+01
1.260013e+00	1.190478e+01
1.270013e+00	1.135655e+01
1.280013e+00	1.099443e+01
1.290013e+00	1.110373e+01
1.300013e+00	9.866232e+00
1.310013e+00	9.855825e+00
1.320013e+00	9.426244e+00
1.330013e+00	9.159671e+00
1.340013e+00	7.951198e+00
1.350014e+00	7.718161e+00
1.360014e+00	7.084887e+00
1.370014e+00	6.715973e+00
1.380014e+00	5.965285e+00
1.390014e+00	5.155864e+00
1.400014e+00	4.114859e+00
1.410014e+00	-5.129889e-01
1.420014e+00	2.052213e+00
1.430014e+00	2.064720e+00
1.440014e+00	2.387665e+00
1.450015e+00	1.725290e+00
1.460015e+00	7.699291e-01
1.470015e+00	-9.391856e-02
1.480015e+00	-8.783901e-01
1.490015e+00	-9.956333e-01
1.500015e+00	-1.794297e+00
1.510015e+00	-2.616871e+00
1.520015e+00	-3.589170e+00
1.530015e+00	-3.850745e+00
1.540015e+00	-4.839740e+00
1.550016e+00	-4.944599e+00
1.560016e+00	-6.704403e+00
1.570016e+00	-7.639504e+00
1.580016e+00	-9.284901e+00
1.590016e+00	-1.080731e+01
1.600016e+00	-1.371578e+01
1.610016e+00	-1.473536e+01
1.620016e+00	-1.478030e+01
1.630016e+00	-1.692438e+01
1.640016e+00	-1.892529e+01
1.650017e+00	-2.279734e+01
1.660017e+00	-3.318742e+01
1.670017e+00	-5.114991e+01
1.680017e+00	-6.248530e+01
1.690017e+00	-3.743643e+01
1.700017e+00	-3.061659e+01
1.710017e+00	-2.894023e+01
1.720017e+00	-3.976158e+01
1.730017e+00	-2.463786e+01
1.740017e+00	-2.174726e+01
1.750018e+00	-1.915635e+01
1.760018e+00	-1.865582e+01
1.770018e+00	-1.759562e+01
1.780018e+00	-1.744165e+01
1.790018e+00	-1.825888e+01
1.800018e+00	-1.796673e+01
1.810018e+00	-1.774536e+01
1.820018e+00	-1.633570e+01
1.830018e+00	-1.674524e+01
1.840018e+00	-1.472965e+01
1.850019e+00	-1.659933e+01
1.860019e+00	-1.529380e+01
1.870019e+00	-2.056512e+01
1.880019e+00	-1.779356e+01
1.890019e+00	-1.515664e+01
1.900019e+00	-1.509835e+01
1.910019e+00	-1.533199e+01
1.920019e+00	-1.997659e+01
1.930019e+00	-1.728213e+01
1.940019e+00	-1.617884e+01
1.950020e+00	-1.489029e+01
1.960020e+00	-1.517191e+01
1.970020e+00	-1.694212e+01
1.980020e+00	-1.488503e+01
1.990020e+00	-1.395498e+01
2.000020e+00	-1.456666e+01
2.010020e+00	-1.560278e+01
2.020020e+00	-1.506603e+01
2.030020e+00	-1.506288e+01
2.040020e+00	-1.879998e+01
2.050021e+00	-1.622419e+01
2.060021e+00	-1.764453e+01
2.070021e+00	-1.850875e+01
2.080021e+00	-2.030467e+01
2.090021e+00	-1.981631e+01
2.100021e+00	-1.901630e+01
2.110021e+00	-1.836515e+01
2.120021e+00	-2.009984e+01
2.130021e+00	-1.977379e+01
2.140021e+00	-1.698046e+01
2.150022e+00	-2.019474e+01
2.160022e+00	-2.222668e+01
2.170022e+00	-2.964236e+01
2.180022e+00	-2.284493e+01
2.190022e+00	-2.636441e+01
2.200022e+00	-2.396459e+01
2.210022e+00	-2.226727e+01
2.220022e+00	-2.274162e+01
2.230022e+00	-2.614507e+01
2.240022e+00	-2.085586e+01
2.250023e+00	-2.056509e+01
2.260023e+00	-2.611893e+01
2.270023e+00	-3.246113e+01
2.280023e+00	-2.397913e+01
2.290023e+00	-2.270616e+01
2.300023e+00	-2.177168e+01
2.310023e+00	-2.253555e+01
2.320023e+00	-2.473746e+01
2.330023e+00	-2.505223e+01
2.340023e+00	-2.516073e+01
2.350024e+00	-2.646425e+01
2.360024e+00	-2.692265e+01
2.370024e+00	-3.067019e+01
2.380024e+00	-2.788140e+01
2.390024e+00	-3.103373e+01
2.400024e+00	-3.329417e+01
2.410024e+00	-3.582154e+01
2.420024e+00	-2.905854e+01
2.430024e+00	-2.754002e+01
2.440024e+00	-2.762086e+01
2.450025e+00	-3.065565e+01
2.460025e+00	-3.384289e+01
2.470025e+00	-4.503030e+01
2.480025e+00	-3.232284e+01
2.490025e+00	-3.065682e+01
2.500025e+00	-3.117181e+01
2.510025e+00	-3.791186e+01
2.520025e+00	-3.780947e+01
2.530025e+00	-3.544388e+01
2.540025e+00	-3.784906e+01
2.550026e+00	-3.769148e+01
2.560026e+00	-3.714962e+01
2.570026e+00	-4.267207e+01
2.580026e+00	-3.723450e+01
2.590026e+00	-3.983809e+01
2.600026e+00	-3.848845e+01
2.610026e+00	-3.999698e+01
2.620026e+00	-4.280923e+01
2.630026e+00	-4.265869e+01
2.640026e+00	-4.551593e+01
2.650027e+00	-5.624075e+01
2.660027e+00	-5.311684e+01
2.670027e+00	-5.422122e+01
2.680027e+00	-5.039666e+01
2.690027e+00	-5.351863e+01
2.700027e+00	-5.869897e+01
2.710027e+00	-5.232353e+01
2.720027e+00	-5.485083e+01
2.730027e+00	-7.435565e+01
2.740027e+00	-6.285332e+01
2.750028e+00	-6.491531e+01
2.760028e+00	-5.910875e+01
2.770028e+00	-5.964917e+01
2.780028e+00	-5.500177e+01
2.790028e+00	-5.940017e+01
2.800028e+00	-5.152101e+01
2.810028e+00	-4.893932e+01
2.820028e+00	-5.233532e+01
2.830028e+00	-4.930459e+01
2.840028e+00	-4.740078e+01
2.850029e+00	-4.330595e+01
2.860029e+00	-4.527743e+01
2.870029e+00	-5.185477e+01
2.880029e+00	-4.894862e+01
2.890029e+00	-4.890365e+01
2.900029e+00	-4.562930e+01
2.910029e+00	-4.740051e+01
2.920029e+00	-4.589197e+01
2.930029e+00	-4.310351e+01
2.940029e+00	-4.474775e+01
2.950030e+00	-4.441566e+01
2.960030e+00	-5.085052e+01
2.970030e+00	-4.609508e+01
2.980030e+00	-4.870998e+01
2.990030e+00	-4.780150e+01
3.000030e+00	-5.501465e+01
3.010030e+00	-4.872308e+01
3.020030e+00	-5.708804e+01
3.030030e+00	-4.840970e+01
3.040030e+00	-5.042825e+01
3.050031e+00	-4.801499e+01
3.060031e+00	-4.089946e+01
3.070031e+00	-4.973049e+01
3.080031e+00	-5.865149e+01
3.090031e+00	-4.715698e+01
3.100031e+00	-4.777681e+01
3.110031e+00	-4.328329e+01
3.120031e+00	-4.919166e+01
3.130031e+00	-4.912038e+01
3.140031e+00	-5.097659e+01
3.150032e+00	-5.217602e+01
3.160032e+00	-4.613665e+01
3.170032e+00	-5.940258e+01
3.180032e+00	-4.832855e+01
3.190032e+00	-4.838567e+01
3.200032e+00	-4.739698e+01
3.210032e+00	-5.050302e+01
3.220032e+00	-5.100181e+01
3.230032e+00	-4.907857e+01
3.240032e+00	-4.729096e+01
3.250033e+00	-5.473651e+01
3.260033e+00	-5.210880e+01
3.270033e+00	-5.406132e+01
3.280033e+00	-5.171717e+01
3.290033e+00	-4.835362e+01
3.300033e+00	-5.427366e+01
3.310033e+00	-5.040267e+01
3.320033e+00	-5.332650e+01
3.330033e+00	-5.623500e+01
3.340033e+00	-4.472858e+01
3.350034e+00	-4.517772e+01
3.360034e+00	-4.410967e+01
3.370034e+00	-4.335864e+01
3.380034e+00	-4.970707e+01
3.390034e+00	-4.710923e+01
3.400034e+00	-4.398287e+01
3.410034e+00	-4.944635e+01
3.420034e+00	-4.621075e+01
3.430034e+00	-5.103389e+01
3.440034e+00	-4.513139e+01
3.450035e+00	-5.804801e+01
3.460035e+00	-4.935536e+01
3.470035e+00	-5.088873e+01
3.480035e+00	-4.626587e+01
3.490035e+00	-4.725454e+01
3.500035e+00	-5.864302e+01
3.510035e+00	-5.056378e+01
3.520035e+00	-5.879338e+01
3.530035e+00	-5.509613e+01
3.540035e+00	-5.287843e+01
3.550036e+00	-5.284733e+01
3.560036e+00	-5.891669e+01
3.570036e+00	-5.423721e+01
3.580036e+00	-6.235928e+01
3.590036e+00	-7.510481e+01
3.600036e+00	-5.406536e+01
3.610036e+00	-6.304569e+01
3.620036e+00	-5.828566e+01
3.630036e+00	-7.131282e+01
3.640036e+00	-5.663095e+01
3.650037e+00	-5.757531e+01
3.660037e+00	-6.583263e+01
3.670037e+00	-7.039389e+01
3.680037e+00	-6.452799e+01
3.690037e+00	-5.793309e+01
3.700037e+00	-6.296455e+01
3.710037e+00	-6.585821e+01
3.720037e+00	-6.199212e+01
3.730037e+00	-6.231289e+01
3.740037e+00	-6.840150e+01
3.750038e+00	-6.741332e+01
3.760038e+00	-6.655859e+01
3.770038e+00	-6.863680e+01
3.780038e+00	-6.380388e+01
3.790038e+00	-6.245650e+01
3.800038e+00	-8.053197e+01
3.810038e+00	-6.203634e+01
3.820038e+00	-6.332243e+01
3.830038e+00	-6.403602e+01
3.840038e+00	-6.757802e+01
3.850039e+00	-6.683124e+01
3.860039e+00	-5.547837e+01
3.870039e+00	-6.482829e+01
3.880039e+00	-7.401748e+01
3.890039e+00	-7.343463e+01
3.900039e+00	-5.545531e+01
3.910039e+00	-7.616944e+01
3.920039e+00	-6.693563e+01
3.930039e+00	-6.060827e+01
3.940039e+00	-5.964117e+01
3.950040e+00	-5.696006e+01
3.960040e+00	-5.406618e+01
3.970040e+00	-6.534583e+01
3.980040e+00	-6.189143e+01
3.990040e+00	-5.229738e+01
4.000040e+00	-5.548900e+01
4.010040e+00	-5.213648e+01
4.020040e+00	-5.109278e+01
4.030040e+00	-5.821317e+01
4.040040e+00	-5.654439e+01
4.050041e+00	-5.367894e+01
4.060041e+00	-5.439340e+01
4.070041e+00	-5.998338e+01
4.080041e+00	-5.314899e+01
4.090041e+00	-5.715892e+01
4.100041e+00	-5.275129e+01
4.110041e+00	-5.430387e+01
4.120041e+00	-5.790341e+01
4.130041e+00	-5.204507e+01
4.140041e+00	-5.112969e+01
4.150042e+00	-5.504808e+01
4.160042e+00	-5.309186e+01
4.170042e+00	-6.488058e+01
4.180042e+00	-5.731985e+01
4.190042e+00	-5.600667e+01
4.200042e+00	-5.501762e+01
4.210042e+00	-5.437856e+01
4.220042e+00	-5.827868e+01
4.230042e+00	-6.556097e+01
4.240042e+00	-5.392994e+01
4.250043e+00	-5.652971e+01
4.260043e+00	-5.254303e+01
4.270043e+00	-6.222331e+01
4.280043e+00	-5.598254e+01
4.290043e+00	-6.140940e+01
4.300043e+00	-5.414815e+01
4.310043e+00	-5.276470e+01
4.320043e+00	-6.221662e+01
4.330043e+00	-6.677122e+01
4.340043e+00	-5.711268e+01
4.350044e+00	-6.686253e+01
4.360044e+00	-6.149990e+01
4.370044e+00	-6.164165e+01
4.380044e+00	-5.496649e+01
4.390044e+00	-5.577553e+01
4.400044e+00	-6.063586e+01
4.410044e+00	-5.898408e+01
4.420044e+00	-7.421868e+01
4.430044e+00	-8.413634e+01
4.440044e+00	-5.045953e+01
4.450045e+00	-5.209227e+01
4.460045e+00	-5.810202e+01
4.470045e+00	-5.882075e+01
4.480045e+00	-6.300801e+01
4.490045e+00	-5.814017e+01
4.500045e+00	-6.215920e+01
4.510045e+00	-5.681571e+01
4.520045e+00	-5.791953e+01
4.530045e+00	-5.972439e+01
4.540045e+00	-7.370584e+01
4.550046e+00	-5.706116e+01
4.560046e+00	-6.333255e+01
4.570046e+00	-6.168431e+01
4.580046e+00	-6.494578e+01
4.590046e+00	-6.596474e+01
4.600046e+00	-7.075543e+01
4.610046e+00	-6.165307e+01
4.620046e+00	-6.205461e+01
4.630046e+00	-7.002676e+01
4.640046e+00	-7.809722e+01
4.650047e+00	-5.966329e+01
4.660047e+00	-6.316551e+01
4.670047e+00	-6.957139e+01
4.680047e+00	-7.153924e+01
4.690047e+00	-6.325180e+01
4.700047e+00	-6.733229e+01
4.710047e+00	-7.175106e+01
4.720047e+00	-6.690769e+01
4.730047e+00	-6.869565e+01
4.740047e+00	-6.920074e+01
4.750048e+00	-6.954896e+01
4.760048e+00	-6.691274e+01
4.770048e+00	-7.236440e+01
4.780048e+00	-6.846733e+01
4.790048e+00	-6.619439e+01
4.800048e+00	-7.080259e+01
4.810048e+00	-7.013967e+01
4.820048e+00	-6.777132e+01
4.830048e+00	-6.539427e+01
4.840048e+00	-7.526909e+01
4.850049e+00	-5.930804e+01
4.860049e+00	-6.220470e+01
4.870049e+00	-6.489913e+01
4.880049e+00	-6.237311e+01
4.890049e+00	-6.585075e+01
4.900049e+00	-7.243553e+01
4.910049e+00	-7.199832e+01
4.920049e+00	-6.469739e+01
4.930049e+00	-5.831390e+01
4.940049e+00	-6.483327e+01
4.950050e+00	-6.575955e+01
4.960050e+00	-6.713548e+01
4.970050e+00	-6.378024e+01
4.980050e+00	-5.821401e+01
4.990050e+00	-6.099822e+01
5.000050e+00	-5.744047e+01
5.010050e+00	-6.727950e+01
5.020050e+00	-5.602234e+01
5.030050e+00	-5.895747e+01
5.040050e+00	-6.204866e+01
5.050051e+00	-5.277628e+01
5.060051e+00	-5.316234e+01
5.070051e+00	-5.621654e+01
5.080051e+00	-5.749009e+01
5.090051e+00	-5.726964e+01
5.100051e+00	-5.802724e+01
5.110051e+00	-6.218721e+01
5.120051e+00	-5.767059e+01
5.130051e+00	-6.782619e+01
5.140051e+00	-6.130973e+01
5.150052e+00	-5.911442e+01
5.160052e+00	-5.937620e+01
5.170052e+00	-8.332334e+01
5.180052e+00	-5.994422e+01
5.190052e+00	-5.851928e+01
5.200052e+00	-5.782464e+01
5.210052e+00	-6.955392e+01
5.220052e+00	-5.831390e+01
5.230052e+00	-6.373805e+01
5.240052e+00	-5.748792e+01
5.250053e+00	-5.853141e+01
5.260053e+00	-6.127762e+01
5.270053e+00	-6.659519e+01
5.280053e+00	-5.504808e+01
5.290053e+00	-6.002921e+01
5.300053e+00	-5.444767e+01
5.310053e+00	-5.767928e+01
5.320053e+00	-6.881695e+01
5.330053e+00	-5.191568e+01
5.340053e+00	-6.479610e+01
5.350054e+00	-6.933923e+01
5.360054e+00	-6.393820e+01
5.370054e+00	-5.995739e+01
5.380054e+00	-6.851533e+01
5.390054e+00	-5.999462e+01
5.400054e+00	-6.244165e+01
5.410054e+00	-6.287716e+01
5.420054e+00	-5.739674e+01
5.430054e+00	-7.071010e+01
5.440054e+00	-7.010899e+01
5.450055e+00	-6.261924e+01
5.460055e+00	-6.320314e+01
5.470055e+00	-5.883314e+01
5.480055e+00	-6.535697e+01
5.490055e+00	-7.381232e+01
5.500055e+00	-6.322327e+01
5.510055e+00	-5.901317e+01
5.520055e+00	-7.177008e+01
5.530055e+00	-5.988931e+01
5.540055e+00	-7.039197e+01
5.550056e+00	-5.836822e+01
5.560056e+00	-6.962022e+01
5.570056e+00	-6.178114e+01
5.580056e+00	-6.507156e+01
5.590056e+00	-6.447670e+01
5.600056e+00	-6.711054e+01
5.610056e+00	-7.216475e+01
5.620056e+00	-6.983216e+01
5.630056e+00	-8.415208e+01
5.640056e+00	-6.363667e+01
5.650057e+00	-6.805683e+01
5.660057e+00	-7.413650e+01
5.670057e+00	-7.197355e+01
5.680057e+00	-7.132289e+01
5.690057e+00	-7.069022e+01
5.700057e+00	-7.096313e+01
5.710057e+00	-6.994205e+01
5.720057e+00	-7.049398e+01
5.730057e+00	-7.168703e+01
5.740057e+00	-7.188966e+01
5.750058e+00	-7.127733e+01
5.760058e+00	-6.877000e+01
5.770058e+00	-7.208267e+01
5.780058e+00	-7.092050e+01
5.790058e+00	-6.911425e+01
5.800058e+00	-6.757597e+01
5.810058e+00	-7.005624e+01
5.820058e+00	-7.681038e+01
5.830058e+00	-6.273339e+01
5.840058e+00	-6.968090e+01
5.850059e+00	-6.367086e+01
5.860059e+00	-6.119540e+01
5.870059e+00	-7.025971e+01
5.880059e+00	-6.782235e+01
5.890059e+00	-6.947807e+01
5.900059e+00	-6.392654e+01
5.910059e+00	-7.077044e+01
5.920059e+00	-7.246536e+01
5.930059e+00	-6.251808e+01
5.940059e+00	-5.827905e+01
5.950060e+00	-6.282760e+01
5.960060e+00	-6.223009e+01
5.970060e+00	-6.510758e+01
5.980060e+00	-6.080941e+01
5.990060e+00	-8.867384e+01
6.000060e+00	-7.090451e+01
6.010060e+00	-6.664004e+01
6.020060e+00	-6.379949e+01
6.030060e+00	-6.279700e+01
6.040060e+00	-7.314728e+01
6.050061e+00	-6.243258e+01
6.060061e+00	-6.456159e+01
6.070061e+00	-6.119654e+01
6.080061e+00	-6.180785e+01
6.090061e+00	-6.629223e+01
6.100061e+00	-6.505900e+01
6.110061e+00	-6.981532e+01
6.120061e+00	-6.415511e+01
6.130061e+00	-5.846316e+01
6.140061e+00	-6.146983e+01
6.150062e+00	-6.804476e+01
6.160062e+00	-6.601558e+01
6.170062e+00	-5.865470e+01
6.180062e+00	-6.332703e+01
6.190062e+00	-6.580462e+01
6.200062e+00	-6.309710e+01
6.210062e+00	-5.894975e+01
6.220062e+00	-6.126122e+01
6.230062e+00	-6.515350e+01
6.240062e+00	-6.220581e+01
6.250063e+00	-6.735747e+01
6.260063e+00	-7.022251e+01
6.270063e+00	-6.345485e+01
6.280063e+00	-6.290000e+01
6.290063e+00	-6.838567e+01
6.300063e+00	-7.203999e+01
6.310063e+00	-6.279460e+01
6.320063e+00	-6.290609e+01
6.330063e+00	-7.362317e+01
6.340063e+00	-5.894498e+01
6.350064e+00	-6.571165e+01
6.360064e+00	-6.612603e+01
6.370064e+00	-6.796140e+01
6.380064e+00	-5.886079e+01
6.390064e+00	-7.025803e+01
6.400064e+00	-6.847036e+01
6.410064e+00	-7.315349e+01
6.420064e+00	-7.582563e+01
6.430064e+00	-7.582454e+01
6.440064e+00	-8.654030e+01
6.450065e+00	-6.781861e+01
6.460065e+00	-6.387540e+01
6.470065e+00	-6.827832e+01
6.480065e+00	-7.042673e+01
6.490065e+00	-6.518324e+01
6.500065e+00	-8.347652e+01
6.510065e+00	-7.448080e+01
6.520065e+00	-6.839850e+01
6.530065e+00	-6.751458e+01
6.540065e+00	-8.086937e+01
6.550066e+00	-7.035751e+01
6.560066e+00	-7.629430e+01
6.570066e+00	-6.940919e+01
6.580066e+00	-8.057944e+01
6.590066e+00	-6.821093e+01
6.600066e+00	-6.867904e+01
6.610066e+00	-7.223024e+01
6.620066e+00	-7.012897e+01
6.630066e+00	-6.656053e+01
6.640066e+00	-6.913214e+01
6.650067e+00	-7.279711e+01
6.660067e+00	-6.957715e+01
6.670067e+00	-7.126646e+01
6.680067e+00	-7.458447e+01
6.690067e+00	-7.228031e+01
6.700067e+00	-7.288678e+01
6.710067e+00	-7.256930e+01
6.720067e+00	-7.381552e+01
6.730067e+00	-7.202813e+01
6.740067e+00	-7.227751e+01
6.750068e+00	-7.103317e+01
6.760068e+00	-7.345139e+01
6.770068e+00	-7.292168e+01
6.780068e+00	-7.454128e+01
6.790068e+00	-7.223856e+01
6.800068e+00	-7.272151e+01
6.810068e+00	-6.994427e+01
6.820068e+00	-6.999160e+01
6.830068e+00	-6.937949e+01
6.840068e+00	-6.970357e+01
6.850069e+00	-6.711727e+01
6.860069e+00	-7.251052e+01
6.870069e+00	-6.883971e+01
6.880069e+00	-6.514931e+01
6.890069e+00	-7.021799e+01
6.900069e+00	-6.853407e+01
6.910069e+00	-6.314012e+01
6.920069e+00	-7.415991e+01
6.930069e+00	-6.833937e+01
6.940069e+00	-6.850551e+01
6.950070e+00	-8.411151e+01
6.960070e+00	-7.082192e+01
6.970070e+00	-6.765599e+01
6.980070e+00	-6.917630e+01
6.990070e+00	-6.769520e+01
7.000070e+00	-7.155147e+01
7.010070e+00	-6.486893e+01
7.020070e+00	-7.308159e+01
7.030070e+00	-6.572311e+01
7.040070e+00	-6.587367e+01
7.050071e+00	-8.243689e+01
7.060071e+00	-6.465287e+01
7.070071e+00	-7.334731e+01
7.080071e+00	-7.515774e+01
7.090071e+00	-6.565664e+01
7.100071e+00	-6.968969e+01
7.110071e+00	-6.414452e+01
7.120071e+00	-6.691284e+01
7.130071e+00	-7.204393e+01
7.140071e+00	-7.999445e+01
7.150072e+00	-6.457355e+01
7.160072e+00	-6.565052e+01
7.170072e+00	-6.712181e+01
7.180072e+00	-7.489232e+01
7.190072e+00	-6.782306e+01
7.200072e+00	-6.857819e+01
7.210072e+00	-6.352040e+01
7.220072e+00	-8.065797e+01
7.230072e+00	-6.383037e+01
7.240072e+00	-6.372272e+01
7.250073e+00	-7.029855e+01
7.260073e+00	-7.143572e+01
7.270073e+00	-7.363026e+01
7.280073e+00	-6.515641e+01
7.290073e+00	-7.718250e+01
7.300073e+00	-8.807819e+01
7.310073e+00	-6.716106e+01
7.320073e+00	-6.724326e+01
7.330073e+00	-6.770909e+01
7.340073e+00	-8.233684e+01
7.350074e+00	-6.859444e+01
7.360074e+00	-7.569333e+01
7.370074e+00	-7.433552e+01
7.380074e+00	-7.412187e+01
7.390074e+00	-6.978418e+01
7.400074e+00	-7.295595e+01
7.410074e+00	-6.839981e+01
7.420074e+00	-6.184780e+01
7.430074e+00	-6.609087e+01
7.440074e+00	-6.714556e+01
7.450075e+00	-6.640052e+01
7.460075e+00	-6.778758e+01
7.470075e+00	-6.763283e+01
7.480075e+00	-7.251019e+01
7.490075e+00	-7.908247e+01
7.500075e+00	-7.181213e+01
7.510075e+00	-7.411514e+01
7.520075e+00	-8.079424e+01
7.530075e+00	-6.919418e+01
7.540075e+00	-7.615930e+01
7.550076e+00	-7.127383e+01
7.560076e+00	-6.700620e+01
7.570076e+00	-6.863515e+01
7.580076e+00	-7.619282e+01
7.590076e+00	-6.791671e+01
7.600076e+00	-6.955806e+01
7.610076e+00	-7.586293e+01
7.620076e+00	-7.151695e+01
7.630076e+00	-7.289657e+01
7.640076e+00	-7.149759e+01
7.650077e+00	-7.284950e+01
7.660077e+00	-7.158589e+01
7.670077e+00	-7.355562e+01
7.680077e+00	-7.261830e+01
7.690077e+00	-7.241853e+01
7.700077e+00	-7.249508e+01
7.710077e+00	-7.398729e+01
7.720077e+00	-7.301197e+01
7.730077e+00	-7.464061e+01
7.740077e+00	-7.156609e+01
7.750078e+00	-7.206760e+01
7.760078e+00	-8.148570e+01
7.770078e+00	-7.284077e+01
7.780078e+00	-7.549526e+01
7.790078e+00	-6.695730e+01
7.800078e+00	-7.546502e+01
7.810078e+00	-6.973007e+01
7.820078e+00	-6.963000e+01
7.830078e+00	-7.142800e+01
7.840078e+00	-6.974920e+01
7.850079e+00	-6.919482e+01
7.860079e+00	-6.866924e+01
7.870079e+00	-6.950744e+01
7.880079e+00	-7.546556e+01
7.890079e+00	-6.683525e+01
7.900079e+00	-7.594570e+01
7.910079e+00	-6.617388e+01
7.920079e+00	-7.474611e+01
7.930079e+00	-6.991219e+01
7.940079e+00	-7.072073e+01
7.950080e+00	-8.374551e+01
7.960080e+00	-6.991472e+01
7.970080e+00	-6.678044e+01
7.980080e+00	-7.318142e+01
7.990080e+00	-7.045923e+01
8.000080e+00	-6.641295e+01
8.010080e+00	-8.196128e+01
8.020080e+00	-6.661542e+01
8.030080e+00	-6.739174e+01
8.040080e+00	-6.595144e+01
8.050081e+00	-6.444804e+01
8.060081e+00	-8.231294e+01
8.070081e+00	-7.035560e+01
8.080081e+00	-6.666373e+01
8.090081e+00	-6.777815e+01
8.100081e+00	-7.010300e+01
8.110081e+00	-6.869522e+01
8.120081e+00	-6.502848e+01
8.130081e+00	-7.247335e+01
8.140081e+00	-6.606179e+01
8.150082e+00	-7.773304e+01
8.160082e+00	-6.547700e+01
8.170082e+00	-7.441502e+01
8.180082e+00	-6.391528e+01
8.190082e+00	-8.199680e+01
8.200082e+00	-6.983217e+01
8.210082e+00	-6.187732e+01
8.220082e+00	-6.433420e+01
8.230082e+00	-7.411645e+01
8.240082e+00	-6.993952e+01
8.250083e+00	-6.372158e+01
8.260083e+00	-7.511625e+01
8.270083e+00	-6.617752e+01
8.280083e+00	-7.243453e+01
8.290083e+00	-6.466313e+01
8.300083e+00	-6.893838e+01
8.310083e+00	-6.353423e+01
8.320083e+00	-7.550109e+01
8.330083e+00	-7.098808e+01
8.340083e+00	-7.035264e+01
8.350084e+00	-6.196429e+01
8.360084e+00	-6.846688e+01
8.370084e+00	-6.705030e+01
8.380084e+00	-6.934858e+01
8.390084e+00	-6.940031e+01
8.400084e+00	-6.836733e+01
8.410084e+00	-6.974345e+01
8.420084e+00	-6.480362e+01
8.430084e+00	-8.029557e+01
8.440084e+00	-7.527363e+01
8.450085e+00	-7.846520e+01
8.460085e+00	-7.701820e+01
8.470085e+00	-6.731920e+01
8.480085e+00	-7.928465e+01
8.490085e+00	-1.005428e+02
8.500085e+00	-7.221716e+01
8.510085e+00	-7.367151e+01
8.520085e+00	-7.486080e+01
8.530085e+00	-6.722313e+01
8.540085e+00	-7.027242e+01
8.550086e+00	-7.037173e+01
8.560086e+00	-7.384011e+01
8.570086e+00	-7.290087e+01
8.580086e+00	-7.335788e+01
8.590086e+00	-7.110897e+01
8.600086e+00	-8.143669e+01
8.610086e+00	-7.426463e+01
8.620086e+00	-7.405673e+01
8.630086e+00	-7.369897e+01
8.640086e+00	-7.291169e+01
8.650087e+00	-7.350604e+01
8.660087e+00	-7.413796e+01
8.670087e+00	-7.495325e+01
8.680087e+00	-7.358055e+01
8.690087e+00	-7.434200e+01
8.700087e+00	-7.576962e+01
8.710087e+00	-7.409554e+01
8.720087e+00	-7.161087e+01
8.730087e+00	-7.288056e+01
8.740087e+00	-7.491066e+01
8.750088e+00	-6.958079e+01
8.760088e+00	-7.304027e+01
8.770088e+00	-7.362078e+01
8.780088e+00	-6.859494e+01
8.790088e+00	-8.030516e+01
8.800088e+00	-7.927596e+01
8.810088e+00	-7.578557e+01
8.820088e+00	-6.953938e+01
8.830088e+00	-6.668662e+01
8.840088e+00	-8.069911e+01
8.850089e+00	-7.393088e+01
8.860089e+00	-7.421036e+01
8.870089e+00	-6.664348e+01
8.880089e+00	-6.998820e+01
8.890089e+00	-6.483746e+01
8.900089e+00	-6.614739e+01
8.910089e+00	-7.721564e+01
8.920089e+00	-7.129176e+01
8.930089e+00	-6.816602e+01
8.940089e+00	-6.771940e+01
8.950090e+00	-6.622142e+01
8.960090e+00	-7.716118e+01
8.970090e+00	-7.185435e+01
8.980090e+00	-6.354807e+01
8.990090e+00	-6.916873e+01
9.000090e+00	-6.570145e+01
9.010090e+00	-7.317300e+01
9.020090e+00	-6.660444e+01
9.030090e+00	-6.925923e+01
9.040090e+00	-7.472029e+01
9.050091e+00	-6.569118e+01
9.060091e+00	-6.483192e+01
9.070091e+00	-6.748826e+01
9.080091e+00	-7.035347e+01
9.090091e+00	-7.752869e+01
9.100091e+00	-8.339320e+01
9.110091e+00	-7.035791e+01
9.120091e+00	-6.704887e+01
9.130091e+00	-7.284091e+01
9.140091e+00	-7.051698e+01
9.150092e+00	-6.749937e+01
9.160092e+00	-6.114251e+01
9.170092e+00	-7.144747e+01
9.180092e+00	-7.625170e+01
9.190092e+00	-6.811196e+01
9.200092e+00	-6.614003e+01
9.210092e+00	-6.836824e+01
9.220092e+00	-7.580750e+01
9.230092e+00	-7.070069e+01
9.240092e+00	-6.735487e+01
9.250093e+00	-6.949315e+01
9.260093e+00	-7.318351e+01
9.270093e+00	-7.421790e+01
9.280093e+00	-6.932575e+01
9.290093e+00	-6.954652e+01
9.300093e+00	-7.217488e+01
9.310093e+00	-7.554605e+01
9.320093e+00	-7.119717e+01
9.330093e+00	-7.125791e+01
9.340093e+00	-6.720143e+01
9.350094e+00	-7.233009e+01
9.360094e+00	-6.924973e+01
9.370094e+00	-8.170970e+01
9.380094e+00	-7.583949e+01
9.390094e+00	-6.874885e+01
9.400094e+00	-6.922244e+01
9.410094e+00	-6.791954e+01
9.420094e+00	-7.308085e+01
9.430094e+00	-7.512984e+01
9.440094e+00	-7.435834e+01
9.450095e+00	-7.363842e+01
9.460095e+00	-7.401575e+01
9.470095e+00	-6.766215e+01
9.480095e+00	-7.062323e+01
9.490095e+00	-7.373352e+01
9.500095e+00	-7.338644e+01
9.510095e+00	-8.034672e+01
9.520095e+00	-7.578743e+01
9.530095e+00	-7.346135e+01
9.540095e+00	-9.310779e+01
9.550096e+00	-7.311343e+01
9.560096e+00	-7.528605e+01
9.570096e+00	-7.683562e+01
9.580096e+00	-7.543227e+01
9.590096e+00	-7.143949e+01
9.600096e+00	-7.492896e+01
9.610096e+00	-7.536801e+01
9.620096e+00	-7.420803e+01
9.630096e+00	-7.418573e+01
9.640096e+00	-7.538587e+01
9.650097e+00	-7.454675e+01
9.660097e+00	-7.475007e+01
9.670097e+00	-7.458714e+01
9.680097e+00	-7.323507e+01
9.690097e+00	-7.339643e+01
9.700097e+00	-7.369329e+01
9.710097e+00	-7.801153e+01
9.720097e+00	-7.237332e+01
9.730097e+00	-7.173955e+01
9.740097e+00	-7.196511e+01
9.750098e+00	-7.073149e+01
9.760098e+00	-7.630625e+01
9.770098e+00	-7.092548e+01
9.780098e+00	-7.984532e+01
9.790098e+00	-7.590003e+01
9.800098e+00	-7.399030e+01
9.810098e+00	-7.376924e+01
9.820098e+00	-7.512849e+01
9.830098e+00	-7.000720e+01
9.840098e+00	-6.762481e+01
9.850099e+00	-6.760902e+01
9.860099e+00	-7.377246e+01
9.870099e+00	-8.823064e+01
9.880099e+00	-7.267825e+01
9.890099e+00	-7.642375e+01
9.900099e+00	-6.627507e+01
9.910099e+00	-7.692252e+01
9.920099e+00	-7.404084e+01
9.930099e+00	-7.591476e+01
9.940099e+00	-6.723661e+01
9.950100e+00	-6.942545e+01
9.960100e+00	-7.404913e+01
9.970100e+00	-6.899190e+01
9.980100e+00	-6.904905e+01
9.990100e+00	-6.286109e+01
1.000010e+01	-6.764161e+01
1.001010e+01	-6.805591e+01
1.002010e+01	-6.829433e+01
1.003010e+01	-6.756819e+01
1.004010e+01	-6.886710e+01
1.005010e+01	-6.616356e+01
1.006010e+01	-7.359984e+01
1.007010e+01	-6.882642e+01
1.008010e+01	-6.500086e+01
1.009010e+01	-7.244792e+01
1.010010e+01	-7.251388e+01
1.011010e+01	-6.787205e+01
1.012010e+01	-6.792302e+01
1.013010e+01	-6.632858e+01
1.014010e+01	-6.714227e+01
1.015010e+01	-7.449129e+01
1.016010e+01	-6.211935e+01
1.017010e+01	-8.428042e+01
1.018010e+01	-7.177310e+01
1.019010e+01	-7.550319e+01
1.020010e+01	-7.808591e+01
1.021010e+01	-7.476074e+01
1.022010e+01	-8.098132e+01
1.023010e+01	-6.884841e+01
1.024010e+01	-7.478880e+01
1.025010e+01	-7.138172e+01
1.026010e+01	-6.660447e+01
1.027010e+01	-7.835809e+01
1.028010e+01	-7.303343e+01
1.029010e+01	-6.927965e+01
1.030010e+01	-7.402942e+01
1.031010e+01	-7.163837e+01
1.032010e+01	-7.020527e+01
1.033010e+01	-7.183411e+01
1.034010e+01	-7.641605e+01
1.035010e+01	-6.946799e+01
1.036010e+01	-7.318267e+01
1.037010e+01	-6.958813e+01
1.038010e+01	-8.285704e+01
1.039010e+01	-7.405220e+01
1.040010e+01	-6.784384e+01
1.041010e+01	-7.133933e+01
1.042010e+01	-6.981159e+01
1.043010e+01	-6.859656e+01
1.044010e+01	-9.119355e+01
1.045010e+01	-7.795498e+01
1.046010e+01	-8.195092e+01
1.047010e+01	-8.123123e+01
1.048010e+01	-7.721942e+01
1.049010e+01	-6.917069e+01
1.050011e+01	-7.835462e+01
1.051011e+01	-7.881485e+01
1.052011e+01	-7.292996e+01
1.053011e+01	-7.328306e+01
1.054011e+01	-7.354291e+01
1.055011e+01	-7.398910e+01
1.056011e+01	-7.236653e+01
1.057011e+01	-7.513966e+01
1.058011e+01	-7.279710e+01
1.059011e+01	-7.284600e+01
1.060011e+01	-7.478830e+01
1.061011e+01	-7.534618e+01
1.062011e+01	-7.459334e+01
1.063011e+01	-7.492542e+01
1.064011e+01	-7.504273e+01
1.065011e+01	-7.588528e+01
1.066011e+01	-7.425694e+01
1.067011e+01	-7.823556e+01
1.068011e+01	-7.357542e+01
1.069011e+01	-7.374287e+01
1.070011e+01	-7.396652e+01
1.071011e+01	-7.650164e+01
1.072011e+01	-7.255443e+01
1.073011e+01	-7.311629e+01
1.074011e+01	-7.615708e+01
1.075011e+01	-6.874550e+01
1.076011e+01	-7.435608e+01
1.077011e+01	-7.717684e+01
1.078011e+01	-7.149591e+01
1.079011e+01	-8.383931e+01
1.080011e+01	-7.014226e+01
1.081011e+01	-7.030620e+01
1.082011e+01	-7.673148e+01
1.083011e+01	-7.277388e+01
1.084011e+01	-7.136972e+01
1.085011e+01	-7.042628e+01
1.086011e+01	-6.974324e+01
1.087011e+01	-8.640400e+01
1.088011e+01	-6.822276e+01
1.089011e+01	-7.119498e+01
1.090011e+01	-7.227831e+01
1.091011e+01	-7.374880e+01
1.092011e+01	-7.572107e+01
1.093011e+01	-6.840630e+01
1.094011e+01	-6.977896e+01
1.095011e+01	-7.213046e+01
1.096011e+01	-8.191830e+01
1.097011e+01	-7.504645e+01
1.098011e+01	-6.858322e+01
1.099011e+01	-6.835562e+01
1.100011e+01	-6.697186e+01
1.101011e+01	-6.805534e+01
1.102011e+01	-7.242581e+01
1.103011e+01	-7.127947e+01
1.104011e+01	-6.334215e+01
1.105011e+01	-7.098038e+01
1.106011e+01	-7.103577e+01
1.107011e+01	-7.638106e+01
1.108011e+01	-7.813178e+01
1.109011e+01	-6.591964e+01
1.110011e+01	-6.889600e+01
1.111011e+01	-7.804347e+01
1.112011e+01	-7.161129e+01
1.113011e+01	-7.839282e+01
1.114011e+01	-7.017748e+01
1.115011e+01	-6.604822e+01
1.116011e+01	-7.007469e+01
1.117011e+01	-7.679404e+01
1.118011e+01	-7.457989e+01
1.119011e+01	-7.384615e+01
1.120011e+01	-6.336149e+01
1.121011e+01	-7.293537e+01
1.122011e+01	-7.310040e+01
1.123011e+01	-6.907460e+01
1.124011e+01	-7.801974e+01
1.125011e+01	-7.278871e+01
1.126011e+01	-7.050589e+01
1.127011e+01	-6.523045e+01
1.128011e+01	-7.015662e+01
1.129011e+01	-6.845152e+01
1.130011e+01	-6.932899e+01
1.131011e+01	-8.210988e+01
1.132011e+01	-6.735889e+01
1.133011e+01	-6.925493e+01
1.134011e+01	-6.865509e+01
1.135011e+01	-7.075693e+01
1.136011e+01	-7.614727e+01
1.137011e+01	-7.656386e+01
1.138011e+01	-7.133800e+01
1.139011e+01	-7.683515e+01
1.140011e+01	-7.041666e+01
1.141011e+01	-7.166398e+01
1.142011e+01	-6.908547e+01
1.143011e+01	-7.549452e+01
1.144011e+01	-8.503873e+01
1.145011e+01	-8.237747e+01
1.146011e+01	-7.064328e+01
1.147011e+01	-7.239556e+01
1.148011e+01	-7.593586e+01
1.149011e+01	-7.776293e+01
1.150012e+01	-8.748747e+01
1.151012e+01	-7.168170e+01
1.152012e+01	-7.387371e+01
1.153012e+01	-7.402501e+01
1.154012e+01	-7.470395e+01
1.155012e+01	-7.386861e+01
1.156012e+01	-7.558706e+01
1.157012e+01	-7.473208e+01
1.158012e+01	-7.637319e+01
1.159012e+01	-7.503017e+01
1.160012e+01	-7.510571e+01
1.161012e+01	-7.477127e+01
1.162012e+01	-7.389614e+01
1.163012e+01	-7.770577e+01
1.164012e+01	-7.545542e+01
1.165012e+01	-7.388333e+01
1.166012e+01	-7.334464e+01
1.167012e+01	-7.400781e+01
1.168012e+01	-7.296886e+01
1.169012e+01	-7.405420e+01
1.170012e+01	-7.988337e+01
1.171012e+01	-7.583441e+01
1.172012e+01	-7.359711e+01
1.173012e+01	-7.017884e+01
1.174012e+01	-7.364268e+01
1.175012e+01	-7.420349e+01
1.176012e+01	-7.091237e+01
1.177012e+01	-7.104498e+01
1.178012e+01	-7.703529e+01
1.179012e+01	-7.683055e+01
1.180012e+01	-7.623605e+01
1.181012e+01	-7.283108e+01
1.182012e+01	-7.188883e+01
1.183012e+01	-7.706024e+01
1.184012e+01	-8.489939e+01
1.185012e+01	-7.768448e+01
1.186012e+01	-7.216704e+01
1.187012e+01	-6.835639e+01
1.188012e+01	-7.376833e+01
1.189012e+01	-7.117287e+01
1.190012e+01	-6.899028e+01
1.191012e+01	-6.767793e+01
1.192012e+01	-6.758938e+01
1.193012e+01	-6.988152e+01
1.194012e+01	-7.677081e+01
1.195012e+01	-7.904944e+01
1.196012e+01	-8.322473e+01
1.197012e+01	-8.581764e+01
1.198012e+01	-7.726919e+01
1.199012e+01	-7.685418e+01
1.200012e+01	-6.637285e+01
1.201012e+01	-7.606901e+01
1.202012e+01	-6.914089e+01
1.203012e+01	-7.044731e+01
1.204012e+01	-8.862610e+01
1.205012e+01	-7.308720e+01
1.206012e+01	-6.845426e+01
1.207012e+01	-7.425098e+01
1.208012e+01	-7.757534e+01
1.209012e+01	-6.878670e+01
1.210012e+01	-7.265505e+01
1.211012e+01	-6.998459e+01
1.212012e+01	-7.143800e+01
1.213012e+01	-6.972569e+01
1.214012e+01	-6.936863e+01
1.215012e+01	-6.776726e+01
1.216012e+01	-6.805624e+01
1.217012e+01	-7.820002e+01
1.218012e+01	-6.683486e+01
1.219012e+01	-7.002670e+01
1.220012e+01	-7.302553e+01
1.221012e+01	-6.858989e+01
1.222012e+01	-7.168335e+01
1.223012e+01	-7.565998e+01
1.224012e+01	-6.998013e+01
1.225012e+01	-7.976403e+01
1.226012e+01	-7.221450e+01
1.227012e+01	-7.711674e+01
1.228012e+01	-7.393783e+01
1.229012e+01	-7.153414e+01
1.230012e+01	-8.468883e+01
1.231012e+01	-7.693823e+01
1.232012e+01	-7.208576e+01
1.233012e+01	-6.882334e+01
1.234012e+01	-6.517234e+01
1.235012e+01	-6.927665e+01
1.236012e+01	-7.346469e+01
1.237012e+01	-8.814643e+01
1.238012e+01	-6.946405e+01
1.239012e+01	-8.949706e+01
1.240012e+01	-8.002350e+01
1.241012e+01	-8.161020e+01
1.242012e+01	-7.285288e+01
1.243012e+01	-7.281665e+01
1.244012e+01	-7.462446e+01
1.245012e+01	-7.439053e+01
1.246012e+01	-7.690105e+01
1.247012e+01	-7.395822e+01
1.248012e+01	-7.357048e+01
1.249012e+01	-7.469863e+01
1.250013e+01	-7.656807e+01
1.251013e+01	-7.662382e+01
1.252013e+01	-7.479805e+01
1.253013e+01	-7.447117e+01
1.254013e+01	-7.762175e+01
1.255013e+01	-7.615053e+01
1.256013e+01	-7.676816e+01
1.257013e+01	-7.624716e+01
1.258013e+01	-7.672910e+01
1.259013e+01	-7.666324e+01
1.260013e+01	-7.642504e+01
1.261013e+01	-7.661237e+01
1.262013e+01	-7.375373e+01
1.263013e+01	-7.662741e+01
1.264013e+01	-7.582287e+01
1.265013e+01	-8.201844e+01
1.266013e+01	-7.827739e+01
1.267013e+01	-7.091734e+01
1.268013e+01	-7.126347e+01
1.269013e+01	-7.120098e+01
1.270013e+01	-7.230657e+01
1.271013e+01	-8.059606e+01
1.272013e+01	-7.119099e+01
1.273013e+01	-8.093612e+01
1.274013e+01	-8.069774e+01
1.275013e+01	-7.565290e+01
1.276013e+01	-7.126161e+01
1.277013e+01	-7.545304e+01
1.278013e+01	-7.160682e+01
1.279013e+01	-6.641402e+01
1.280013e+01	-7.421935e+01
1.281013e+01	-7.237453e+01
1.282013e+01	-7.766490e+01
1.283013e+01	-8.211488e+01
1.284013e+01	-7.309791e+01
1.285013e+01	-7.448711e+01
1.286013e+01	-7.837942e+01
1.287013e+01	-7.072206e+01
1.288013e+01	-8.099318e+01
1.289013e+01	-8.700857e+01
1.290013e+01	-7.262208e+01
1.291013e+01	-6.648468e+01
1.292013e+01	-7.009670e+01
1.293013e+01	-6.766259e+01
1.294013e+01	-8.691500e+01
1.295013e+01	-7.056137e+01
1.296013e+01	-7.318264e+01
1.297013e+01	-7.645037e+01
1.298013e+01	-7.555971e+01
1.299013e+01	-6.654974e+01
1.300013e+01	-8.209340e+01
1.301013e+01	-7.876202e+01
1.302013e+01	-6.839178e+01
1.303013e+01	-6.877229e+01
1.304013e+01	-6.522643e+01
1.305013e+01	-6.873120e+01
1.306013e+01	-7.471398e+01
1.307013e+01	-7.119174e+01
1.308013e+01	-7.420274e+01
1.309013e+01	-7.079825e+01
1.310013e+01	-6.951322e+01
1.311013e+01	-7.354414e+01
1.312013e+01	-7.581293e+01
1.313013e+01	-8.080132e+01
1.314013e+01	-6.846516e+01
1.315013e+01	-6.480387e+01
1.316013e+01	-7.240600e+01
1.317013e+01	-7.014524e+01
1.318013e+01	-6.980192e+01
1.319013e+01	-7.072263e+01
1.320013e+01	-8.491939e+01
1.321013e+01	-7.850669e+01
1.322013e+01	-6.801882e+01
1.323013e+01	-7.490497e+01
1.324013e+01	-7.426711e+01
1.325013e+01	-7.139595e+01
1.326013e+01	-9.239927e+01
1.327013e+01	-7.827600e+01
1.328013e+01	-6.972120e+01
1.329013e+01	-7.766479e+01
1.330013e+01	-7.660015e+01
1.331013e+01	-7.515171e+01
1.332013e+01	-6.948585e+01
1.333013e+01	-7.428868e+01
1.334013e+01	-7.074029e+01
1.335013e+01	-7.511410e+01
1.336013e+01	-6.797098e+01
1.337013e+01	-7.315441e+01
1.338013e+01	-7.257525e+01
1.339013e+01	-7.316230e+01
1.340013e+01	-7.840680e+01
1.341013e+01	-7.857705e+01
1.342013e+01	-9.563276e+01
1.343013e+01	-7.296794e+01
1.344013e+01	-7.757808e+01
1.345013e+01	-7.167065e+01
1.346013e+01	-7.448166e+01
1.347013e+01	-8.186705e+01
1.348013e+01	-7.701600e+01
1.349013e+01	-7.916928e+01
1.350014e+01	-7.759768e+01
1.351014e+01	-7.608010e+01
1.352014e+01	-7.592237e+01
1.353014e+01	-7.558665e+01
1.354014e+01	-7.630206e+01
1.355014e+01	-7.550387e+01
1.356014e+01	-7.663628e+01
1.357014e+01	-7.681693e+01
1.358014e+01	-7.730432e+01
1.359014e+01	-7.590346e+01
1.360014e+01	-7.567248e+01
1.361014e+01	-7.560291e+01
1.362014e+01	-7.816495e+01
1.363014e+01	-7.733183e+01
1.364014e+01	-7.581575e+01
1.365014e+01	-7.542657e+01
1.366014e+01	-7.165857e+01
1.367014e+01	-8.450539e+01
1.368014e+01	-7.079661e+01
1.369014e+01	-7.375043e+01
1.370014e+01	-7.273057e+01
1.371014e+01	-8.341715e+01
1.372014e+01	-7.097574e+01
1.373014e+01	-7.583720e+01
1.374014e+01	-7.409953e+01
1.375014e+01	-7.843477e+01
1.376014e+01	-7.318014e+01
1.377014e+01	-7.360627e+01
1.378014e+01	-6.990198e+01
1.379014e+01	-6.885631e+01
1.380014e+01	-6.564745e+01
1.381014e+01	-7.122731e+01
1.382014e+01	-7.131926e+01
1.383014e+01	-7.905487e+01
1.384014e+01	-7.466149e+01
1.385014e+01	-7.053905e+01
1.386014e+01	-7.242040e+01
1.387014e+01	-7.032292e+01
1.388014e+01	-9.272936e+01
1.389014e+01	-7.241050e+01
1.390014e+01	-7.044437e+01
1.391014e+01	-6.785863e+01
1.392014e+01	-7.540222e+01
1.393014e+01	-7.686152e+01
1.394014e+01	-7.187662e+01
1.395014e+01	-7.880647e+01
1.396014e+01	-6.997111e+01
1.397014e+01	-6.637102e+01
1.398014e+01	-6.774272e+01
1.399014e+01	-7.940977e+01
1.400014e+01	-7.540046e+01
1.401014e+01	-7.009837e+01
1.402014e+01	-6.883261e+01
1.403014e+01	-7.379090e+01
1.404014e+01	-7.194274e+01
1.405014e+01	-7.348711e+01
1.406014e+01	-8.337505e+01
1.407014e+01	-8.062196e+01
1.408014e+01	-6.662589e+01
1.409014e+01	-7.355140e+01
1.410014e+01	-8.371328e+01
1.411014e+01	-6.945237e+01
1.412014e+01	-7.466336e+01
1.413014e+01	-6.826627e+01
1.414014e+01	-6.829907e+01
1.415014e+01	-8.017792e+01
1.416014e+01	-7.260624e+01
1.417014e+01	-8.073505e+01
1.418014e+01	-7.741576e+01
1.419014e+01	-7.713442e+01
1.420014e+01	-7.690449e+01
1.421014e+01	-7.451600e+01
1.422014e+01	-6.903895e+01
1.423014e+01	-7.417657e+01
1.424014e+01	-6.924972e+01
1.425014e+01	-7.093747e+01
1.426014e+01	-7.083905e+01
1.427014e+01	-7.569789e+01
1.428014e+01	-7.673977e+01
1.429014e+01	-6.911248e+01
1.430014e+01	-6.952158e+01
1.431014e+01	-8.435409e+01
1.432014e+01	-7.906674e+01
1.433014e+01	-7.704751e+01
1.434014e+01	-6.993661e+01
1.435014e+01	-7.191257e+01
1.436014e+01	-7.283671e+01
1.437014e+01	-7.538164e+01
1.438014e+01	-6.951030e+01
1.439014e+01	-8.081870e+01
1.440014e+01	-7.521507e+01
1.441014e+01	-8.273001e+01
1.442014e+01	-7.410292e+01
1.443014e+01	-7.658444e+01
1.444014e+01	-7.743354e+01
1.445014e+01	-7.975467e+01
1.446014e+01	-7.656903e+01
1.447014e+01	-7.966314e+01
1.448014e+01	-7.564612e+01
1.449014e+01	-7.616336e+01
1.450015e+01	-7.660480e+01
1.451015e+01	-7.623875e+01
1.452015e+01	-7.600093e+01
1.453015e+01	-7.654831e+01
1.454015e+01	-7.720771e+01
1.455015e+01	-7.615683e+01
1.456015e+01	-7.663379e+01
1.457015e+01	-7.540095e+01
1.458015e+01	-7.831847e+01
1.459015e+01	-7.659623e+01
1.460015e+01	-7.498491e+01
1.461015e+01	-7.567459e+01
1.462015e+01	-7.236997e+01
1.463015e+01	-7.474552e+01
1.464015e+01	-7.838028e+01
1.465015e+01	-7.761654e+01
1.466015e+01	-7.314822e+01
1.467015e+01	-7.116680e+01
1.468015e+01	-8.194016e+01
1.469015e+01	-7.638810e+01
1.470015e+01	-7.387413e+01
1.471015e+01	-7.583791e+01
1.472015e+01	-7.080263e+01
1.473015e+01	-6.821768e+01
1.474015e+01	-7.675344e+01
1.475015e+01	-7.076052e+01
1.476015e+01	-7.950673e+01
1.477015e+01	-6.819216e+01
1.478015e+01	-6.991312e+01
1.479015e+01	-6.963989e+01
1.480015e+01	-7.707585e+01
1.481015e+01	-7.866772e+01
1.482015e+01	-9.799168e+01
1.483015e+01	-6.890645e+01
1.484015e+01	-7.041294e+01
1.485015e+01	-6.538093e+01
1.486015e+01	-6.939096e+01
1.487015e+01	-8.048211e+01
1.488015e+01	-7.435325e+01
1.489015e+01	-7.203066e+01
1.490015e+01	-7.300458e+01
1.491015e+01	-7.635398e+01
1.492015e+01	-7.192269e+01
1.493015e+01	-6.677429e+01
1.494015e+01	-6.463586e+01
1.495015e+01	-6.781301e+01
1.496015e+01	-7.064650e+01
1.497015e+01	-7.362582e+01
1.498015e+01	-6.990369e+01
1.499015e+01	-7.327423e+01
