0.000000e+00	1.860625e+01
1.000010e-02	1.442051e+00
2.000020e-02	1.294879e+01
3.000030e-02	5.502171e+00
4.000040e-02	1.106678e+01
5.000050e-02	1.809373e+01
6.000060e-02	1.126623e+01
7.000070e-02	1.409439e+01
8.000080e-02	2.030398e+01
9.000090e-02	1.651249e+01
1.000010e-01	2.280175e+01
1.100011e-01	1.882445e+01
1.200012e-01	2.469384e+01
1.300013e-01	2.324823e+01
1.400014e-01	2.169545e+01
1.500015e-01	2.555003e+01
1.600016e-01	2.372773e+01
1.700017e-01	2.727329e+01
1.800018e-01	2.599939e+01
1.900019e-01	2.600094e+01
2.000020e-01	2.874029e+01
2.100021e-01	2.579664e+01
2.200022e-01	2.825793e+01
2.300023e-01	2.886479e+01
2.400024e-01	2.766076e+01
2.500025e-01	2.838183e+01
2.600026e-01	2.794507e+01
2.700027e-01	2.790807e+01
2.800028e-01	2.834557e+01
2.900029e-01	2.773796e+01
3.000030e-01	2.827310e+01
3.100031e-01	2.770240e+01
3.200032e-01	2.749872e+01
3.300033e-01	2.834906e+01
3.400034e-01	2.776367e+01
3.500035e-01	2.844698e+01
3.600036e-01	2.805050e+01
3.700037e-01	2.822306e+01
3.800038e-01	2.807559e+01
3.900039e-01	2.850380e+01
4.000040e-01	2.791150e+01
4.100041e-01	2.785951e+01
4.200042e-01	2.757562e+01
4.300043e-01	2.728566e+01
4.400044e-01	2.704852e+01
4.500045e-01	2.711622e+01
4.600046e-01	2.722450e+01
4.700047e-01	2.700294e+01
4.800048e-01	2.707815e+01
4.900049e-01	2.688227e+01
5.000050e-01	2.666530e+01
5.100051e-01	2.677333e+01
5.200052e-01	2.654710e+01
5.300053e-01	2.603986e+01
5.400054e-01	2.584368e+01
5.500055e-01	2.510738e+01
5.600056e-01	2.328817e+01
5.700057e-01	2.523919e+01
5.800058e-01	2.507425e+01
5.900059e-01	2.490341e+01
6.000060e-01	2.477526e+01
6.100061e-01	2.471181e+01
6.200062e-01	2.448468e+01
6.300063e-01	2.422576e+01
6.400064e-01	2.425682e+01
6.500065e-01	2.378831e+01
6.600066e-01	2.363686e+01
6.700067e-01	2.301581e+01
6.800068e-01	2.272068e+01
6.900069e-01	2.251172e+01
7.000070e-01	2.182810e+01
7.100071e-01	2.153337e+01
7.200072e-01	2.090608e+01
7.300073e-01	2.070057e+01
7.400074e-01	2.018471e+01
7.500075e-01	1.869231e+01
7.600076e-01	1.912589e+01
7.700077e-01	1.894184e+01
7.800078e-01	1.858009e+01
7.900079e-01	1.817108e+01
8.000080e-01	1.762925e+01
8.100081e-01	1.720885e+01
8.200082e-01	1.660610e+01
8.300083e-01	1.641296e+01
8.400084e-01	1.598118e+01
8.500085e-01	1.568143e+01
8.600086e-01	1.526342e+01
8.700087e-01	1.492776e+01
8.800088e-01	1.453283e+01
8.900089e-01	1.420373e+01
9.000090e-01	1.375129e+01
9.100091e-01	1.343493e+01
9.200092e-01	1.302072e+01
9.300093e-01	1.286638e+01
9.400094e-01	1.241940e+01
9.500095e-01	1.193284e+01
9.600096e-01	1.156766e+01
9.700097e-01	1.105897e+01
9.800098e-01	1.042292e+01
9.900099e-01	9.261733e+00
1.000010e+00	9.281014e+00
1.010010e+00	9.227194e+00
1.020010e+00	8.389121e+00
1.030010e+00	8.201587e+00
1.040010e+00	7.751431e+00
1.050011e+00	6.982387e+00
1.060011e+00	6.269894e+00
1.070011e+00	6.010164e+00
1.080011e+00	4.782946e+00
1.090011e+00	3.646660e+00
1.100011e+00	-1.375724e+00
1.110011e+00	1.409785e+00
1.120011e+00	2.513041e+00
1.130011e+00	1.453601e+00
1.140011e+00	8.180812e-01
1.150012e+00	1.594032e-01
1.160012e+00	-4.134961e+00
1.170012e+00	-3.329844e+00
1.180012e+00	-1.609364e+00
1.190012e+00	-1.307533e+00
1.200012e+00	-1.890969e+00
1.210012e+00	-4.171859e+00
1.220012e+00	-3.092028e+00
1.230012e+00	-5.372545e+00
1.240012e+00	-3.761146e+00
1.250013e+00	-4.340977e+00
1.260013e+00	-4.796138e+00
1.270013e+00	-5.232816e+00
1.280013e+00	-5.697644e+00
1.290013e+00	-6.536755e+00
1.300013e+00	-7.544075e+00
1.310013e+00	-6.927988e+00
1.320013e+00	-1.032130e+01
1.330013e+00	-9.684954e+00
1.340013e+00	-1.012150e+01
1.350014e+00	-1.129751e+01
1.360014e+00	-1.213891e+01
1.370014e+00	-1.215758e+01
1.380014e+00	-1.388940e+01
1.390014e+00	-1.384253e+01
1.400014e+00	-1.583557e+01
1.410014e+00	-2.005552e+01
1.420014e+00	-1.899903e+01
1.430014e+00	-1.797271e+01
1.440014e+00	-1.963547e+01
1.450015e+00	-1.900317e+01
1.460015e+00	-2.115943e+01
1.470015e+00	-2.141076e+01
1.480015e+00	-2.382925e+01
1.490015e+00	-2.418172e+01
1.500015e+00	-2.473472e+01
1.510015e+00	-2.656584e+01
1.520015e+00	-2.617736e+01
1.530015e+00	-2.729738e+01
1.540015e+00	-2.740365e+01
1.550016e+00	-3.071477e+01
1.560016e+00	-3.042457e+01
1.570016e+00	-3.223731e+01
1.580016e+00	-3.309264e+01
1.590016e+00	-3.524656e+01
1.600016e+00	-4.112257e+01
1.610016e+00	-4.179347e+01
1.620016e+00	-4.348948e+01
1.630016e+00	-4.047914e+01
1.640016e+00	-4.336557e+01
1.650017e+00	-5.267910e+01
1.660017e+00	-5.723664e+01
1.670017e+00	-5.954949e+01
1.680017e+00	-6.472373e+01
1.690017e+00	-6.071054e+01
1.700017e+00	-5.366086e+01
1.710017e+00	-5.448279e+01
1.720017e+00	-6.246622e+01
1.730017e+00	-5.292884e+01
1.740017e+00	-4.566118e+01
1.750018e+00	-4.571367e+01
1.760018e+00	-4.433811e+01
1.770018e+00	-4.586774e+01
1.780018e+00	-4.612421e+01
1.790018e+00	-5.148422e+01
1.800018e+00	-4.394515e+01
1.810018e+00	-4.477202e+01
1.820018e+00	-4.209876e+01
1.830018e+00	-4.289805e+01
1.840018e+00	-4.393294e+01
1.850019e+00	-4.273443e+01
1.860019e+00	-4.730086e+01
1.870019e+00	-4.292763e+01
1.880019e+00	-5.752634e+01
1.890019e+00	-4.537638e+01
1.900019e+00	-4.918681e+01
1.910019e+00	-5.040486e+01
1.920019e+00	-4.977511e+01
1.930019e+00	-4.315509e+01
1.940019e+00	-5.616082e+01
1.950020e+00	-4.147738e+01
1.960020e+00	-4.732630e+01
1.970020e+00	-4.585754e+01
1.980020e+00	-4.644834e+01
1.990020e+00	-4.250740e+01
2.000020e+00	-4.388703e+01
2.010020e+00	-5.293082e+01
2.020020e+00	-5.089184e+01
2.030020e+00	-4.480344e+01
2.040020e+00	-4.662108e+01
2.050021e+00	-4.264198e+01
2.060021e+00	-4.907144e+01
2.070021e+00	-5.067830e+01
2.080021e+00	-4.786693e+01
2.090021e+00	-4.290204e+01
2.100021e+00	-4.573135e+01
2.110021e+00	-5.438279e+01
2.120021e+00	-4.193485e+01
2.130021e+00	-4.687133e+01
2.140021e+00	-4.732633e+01
2.150022e+00	-4.384188e+01
2.160022e+00	-4.999373e+01
2.170022e+00	-4.965695e+01
2.180022e+00	-5.062024e+01
2.190022e+00	-6.670418e+01
2.200022e+00	-4.615347e+01
2.210022e+00	-4.322157e+01
2.220022e+00	-4.869882e+01
2.230022e+00	-4.948548e+01
2.240022e+00	-4.486769e+01
2.250023e+00	-4.851455e+01
2.260023e+00	-5.582332e+01
2.270023e+00	-6.045538e+01
2.280023e+00	-5.086808e+01
2.290023e+00	-5.229826e+01
2.300023e+00	-4.591181e+01
2.310023e+00	-4.788909e+01
2.320023e+00	-4.856722e+01
2.330023e+00	-5.275372e+01
2.340023e+00	-4.414894e+01
2.350024e+00	-4.418543e+01
2.360024e+00	-4.754523e+01
2.370024e+00	-5.409543e+01
2.380024e+00	-4.560515e+01
2.390024e+00	-4.865448e+01
2.400024e+00	-5.651888e+01
2.410024e+00	-4.567212e+01
2.420024e+00	-5.741035e+01
2.430024e+00	-4.341805e+01
2.440024e+00	-4.249653e+01
2.450025e+00	-5.076659e+01
2.460025e+00	-5.253294e+01
2.470025e+00	-4.704314e+01
2.480025e+00	-4.613576e+01
2.490025e+00	-4.705905e+01
2.500025e+00	-4.914033e+01
2.510025e+00	-4.676567e+01
2.520025e+00	-5.144495e+01
2.530025e+00	-5.072986e+01
2.540025e+00	-5.254396e+01
2.550026e+00	-5.530865e+01
2.560026e+00	-5.232887e+01
2.570026e+00	-5.354895e+01
2.580026e+00	-5.765364e+01
2.590026e+00	-5.949007e+01
2.600026e+00	-5.592181e+01
2.610026e+00	-5.652991e+01
2.620026e+00	-5.692329e+01
2.630026e+00	-5.580285e+01
2.640026e+00	-6.850730e+01
2.650027e+00	-5.550231e+01
2.660027e+00	-5.958398e+01
2.670027e+00	-6.753724e+01
2.680027e+00	-5.922290e+01
2.690027e+00	-7.032006e+01
2.700027e+00	-6.884165e+01
2.710027e+00	-6.442017e+01
2.720027e+00	-6.620087e+01
2.730027e+00	-7.262221e+01
2.740027e+00	-7.123744e+01
2.750028e+00	-7.227157e+01
2.760028e+00	-6.836397e+01
2.770028e+00	-6.710164e+01
2.780028e+00	-7.026899e+01
2.790028e+00	-6.773538e+01
2.800028e+00	-7.899400e+01
2.810028e+00	-6.949034e+01
2.820028e+00	-6.352795e+01
2.830028e+00	-6.617931e+01
2.840028e+00	-6.416559e+01
2.850029e+00	-7.911268e+01
2.860029e+00	-6.586081e+01
2.870029e+00	-6.192482e+01
2.880029e+00	-7.167301e+01
2.890029e+00	-5.929929e+01
2.900029e+00	-5.791620e+01
2.910029e+00	-5.732060e+01
2.920029e+00	-5.892149e+01
2.930029e+00	-6.207784e+01
2.940029e+00	-5.885989e+01
2.950030e+00	-6.758440e+01
2.960030e+00	-6.310532e+01
2.970030e+00	-5.821338e+01
2.980030e+00	-5.995304e+01
2.990030e+00	-6.060019e+01
3.000030e+00	-5.468270e+01
3.010030e+00	-5.633384e+01
3.020030e+00	-5.638624e+01
3.030030e+00	-6.010247e+01
3.040030e+00	-5.356604e+01
3.050031e+00	-5.731231e+01
3.060031e+00	-6.045348e+01
3.070031e+00	-5.704857e+01
3.080031e+00	-5.554162e+01
3.090031e+00	-5.090740e+01
3.100031e+00	-5.499409e+01
3.110031e+00	-6.664022e+01
3.120031e+00	-6.195590e+01
3.130031e+00	-5.109178e+01
3.140031e+00	-6.600767e+01
3.150032e+00	-5.633681e+01
3.160032e+00	-5.471050e+01
3.170032e+00	-5.958417e+01
3.180032e+00	-5.612823e+01
3.190032e+00	-5.621691e+01
3.200032e+00	-7.099370e+01
3.210032e+00	-5.643230e+01
3.220032e+00	-6.776604e+01
3.230032e+00	-5.121819e+01
3.240032e+00	-5.882258e+01
3.250033e+00	-5.105517e+01
3.260033e+00	-6.318504e+01
3.270033e+00	-6.168504e+01
3.280033e+00	-5.365140e+01
3.290033e+00	-6.844356e+01
3.300033e+00	-5.476049e+01
3.310033e+00	-6.259723e+01
3.320033e+00	-5.459998e+01
3.330033e+00	-6.201009e+01
3.340033e+00	-6.814742e+01
3.350034e+00	-5.415735e+01
3.360034e+00	-6.427074e+01
3.370034e+00	-6.322216e+01
3.380034e+00	-6.227396e+01
3.390034e+00	-5.868315e+01
3.400034e+00	-5.919066e+01
3.410034e+00	-6.622546e+01
3.420034e+00	-6.072225e+01
3.430034e+00	-5.328876e+01
3.440034e+00	-5.557450e+01
3.450035e+00	-5.688625e+01
3.460035e+00	-5.533398e+01
3.470035e+00	-5.683707e+01
3.480035e+00	-5.511578e+01
3.490035e+00	-5.794357e+01
3.500035e+00	-6.072330e+01
3.510035e+00	-6.054225e+01
3.520035e+00	-6.202476e+01
3.530035e+00	-6.275631e+01
3.540035e+00	-6.032060e+01
3.550036e+00	-7.056754e+01
3.560036e+00	-5.868385e+01
3.570036e+00	-5.958630e+01
3.580036e+00	-6.579195e+01
3.590036e+00	-6.290649e+01
3.600036e+00	-6.347525e+01
3.610036e+00	-6.732836e+01
3.620036e+00	-7.369998e+01
3.630036e+00	-8.404823e+01
3.640036e+00	-6.849604e+01
3.650037e+00	-8.102920e+01
3.660037e+00	-7.218164e+01
3.670037e+00	-7.754575e+01
3.680037e+00	-6.477150e+01
3.690037e+00	-7.034511e+01
3.700037e+00	-7.187158e+01
3.710037e+00	-7.302295e+01
3.720037e+00	-7.146052e+01
3.730037e+00	-7.931219e+01
3.740037e+00	-7.276148e+01
3.750038e+00	-7.468137e+01
3.760038e+00	-7.593276e+01
3.770038e+00	-7.431036e+01
3.780038e+00	-6.882577e+01
3.790038e+00	-7.321828e+01
3.800038e+00	-7.166947e+01
3.810038e+00	-9.250583e+01
3.820038e+00	-6.910530e+01
3.830038e+00	-7.887335e+01
3.840038e+00	-7.338538e+01
3.850039e+00	-7.064314e+01
3.860039e+00	-6.589344e+01
3.870039e+00	-6.738328e+01
3.880039e+00	-7.543452e+01
3.890039e+00	-7.427092e+01
3.900039e+00	-7.980378e+01
3.910039e+00	-6.636700e+01
3.920039e+00	-5.922799e+01
3.930039e+00	-6.549984e+01
3.940039e+00	-6.170414e+01
3.950040e+00	-8.543090e+01
3.960040e+00	-7.648425e+01
3.970040e+00	-7.134169e+01
3.980040e+00	-6.584521e+01
3.990040e+00	-6.310986e+01
4.000040e+00	-7.016730e+01
4.010040e+00	-6.364520e+01
4.020040e+00	-5.848583e+01
4.030040e+00	-8.668469e+01
4.040040e+00	-6.409708e+01
4.050041e+00	-6.523469e+01
4.060041e+00	-7.368821e+01
4.070041e+00	-6.283634e+01
4.080041e+00	-5.856677e+01
4.090041e+00	-6.364472e+01
4.100041e+00	-6.353247e+01
4.110041e+00	-6.005369e+01
4.120041e+00	-6.452904e+01
4.130041e+00	-6.698580e+01
4.140041e+00	-6.838526e+01
4.150042e+00	-5.926586e+01
4.160042e+00	-7.114416e+01
4.170042e+00	-6.561656e+01
4.180042e+00	-7.095274e+01
4.190042e+00	-5.789292e+01
4.200042e+00	-5.982571e+01
4.210042e+00	-6.645113e+01
4.220042e+00	-5.669577e+01
4.230042e+00	-6.124470e+01
4.240042e+00	-6.865215e+01
4.250043e+00	-6.074550e+01
4.260043e+00	-5.666704e+01
4.270043e+00	-5.525310e+01
4.280043e+00	-6.029679e+01
4.290043e+00	-6.714043e+01
4.300043e+00	-6.821686e+01
4.310043e+00	-6.092303e+01
4.320043e+00	-6.106057e+01
4.330043e+00	-6.068213e+01
4.340043e+00	-6.530139e+01
4.350044e+00	-5.788533e+01
4.360044e+00	-6.996999e+01
4.370044e+00	-5.984272e+01
4.380044e+00	-6.585449e+01
4.390044e+00	-6.968234e+01
4.400044e+00	-6.849680e+01
4.410044e+00	-6.759717e+01
4.420044e+00	-5.876202e+01
4.430044e+00	-7.069716e+01
4.440044e+00	-6.130716e+01
4.450045e+00	-6.999339e+01
4.460045e+00	-6.211055e+01
4.470045e+00	-6.122884e+01
4.480045e+00	-6.165363e+01
4.490045e+00	-7.031355e+01
4.500045e+00	-6.755967e+01
4.510045e+00	-8.528711e+01
4.520045e+00	-7.004548e+01
4.530045e+00	-8.083765e+01
4.540045e+00	-6.947671e+01
4.550046e+00	-8.068893e+01
4.560046e+00	-7.016328e+01
4.570046e+00	-6.718972e+01
4.580046e+00	-7.335881e+01
4.590046e+00	-6.906892e+01
4.600046e+00	-7.109541e+01
4.610046e+00	-7.101636e+01
4.620046e+00	-6.453706e+01
4.630046e+00	-6.325865e+01
4.640046e+00	-8.709148e+01
4.650047e+00	-7.930780e+01
4.660047e+00	-6.849550e+01
4.670047e+00	-8.676263e+01
4.680047e+00	-6.866795e+01
4.690047e+00	-7.014118e+01
4.700047e+00	-7.276852e+01
4.710047e+00	-8.580761e+01
4.720047e+00	-7.560453e+01
4.730047e+00	-7.418567e+01
4.740047e+00	-7.663077e+01
4.750048e+00	-7.663448e+01
4.760048e+00	-7.618388e+01
4.770048e+00	-8.139015e+01
4.780048e+00	-7.505545e+01
4.790048e+00	-7.044579e+01
4.800048e+00	-7.327548e+01
4.810048e+00	-7.609640e+01
4.820048e+00	-6.721825e+01
4.830048e+00	-6.961481e+01
4.840048e+00	-7.032975e+01
4.850049e+00	-7.188434e+01
4.860049e+00	-7.303601e+01
4.870049e+00	-6.832759e+01
4.880049e+00	-7.013441e+01
4.890049e+00	-6.790154e+01
4.900049e+00	-7.118854e+01
4.910049e+00	-6.846230e+01
4.920049e+00	-7.620096e+01
4.930049e+00	-7.656282e+01
4.940049e+00	-7.372978e+01
4.950050e+00	-6.425707e+01
4.960050e+00	-6.516762e+01
4.970050e+00	-7.226795e+01
4.980050e+00	-6.107171e+01
4.990050e+00	-6.484853e+01
5.000050e+00	-6.969809e+01
5.010050e+00	-6.416026e+01
5.020050e+00	-6.255542e+01
5.030050e+00	-6.865976e+01
5.040050e+00	-6.300994e+01
5.050051e+00	-6.429970e+01
5.060051e+00	-6.509334e+01
5.070051e+00	-6.525930e+01
5.080051e+00	-5.936025e+01
5.090051e+00	-7.614192e+01
5.100051e+00	-7.757736e+01
5.110051e+00	-7.136611e+01
5.120051e+00	-6.420721e+01
5.130051e+00	-6.801075e+01
5.140051e+00	-6.445383e+01
5.150052e+00	-6.319627e+01
5.160052e+00	-6.282641e+01
5.170052e+00	-6.303878e+01
5.180052e+00	-6.460463e+01
5.190052e+00	-6.363753e+01
5.200052e+00	-6.784222e+01
5.210052e+00	-6.463765e+01
5.220052e+00	-7.093907e+01
5.230052e+00	-6.501531e+01
5.240052e+00	-6.758377e+01
5.250053e+00	-6.513091e+01
5.260053e+00	-6.343737e+01
5.270053e+00	-6.287869e+01
5.280053e+00	-7.480963e+01
5.290053e+00	-6.233768e+01
5.300053e+00	-6.541323e+01
5.310053e+00	-6.268382e+01
5.320053e+00	-7.049388e+01
5.330053e+00	-7.467278e+01
5.340053e+00	-6.966075e+01
5.350054e+00	-6.694980e+01
5.360054e+00	-6.778274e+01
5.370054e+00	-6.663235e+01
5.380054e+00	-6.342907e+01
5.390054e+00	-6.911941e+01
5.400054e+00	-6.713475e+01
5.410054e+00	-6.608644e+01
5.420054e+00	-6.821468e+01
5.430054e+00	-6.767211e+01
5.440054e+00	-6.269932e+01
5.450055e+00	-6.758212e+01
5.460055e+00	-6.529649e+01
5.470055e+00	-7.852906e+01
5.480055e+00	-6.626698e+01
5.490055e+00	-6.999521e+01
5.500055e+00	-6.700920e+01
5.510055e+00	-6.810796e+01
5.520055e+00	-6.642498e+01
5.530055e+00	-7.409515e+01
5.540055e+00	-7.431444e+01
5.550056e+00	-7.054239e+01
5.560056e+00	-6.685264e+01
5.570056e+00	-6.726020e+01
5.580056e+00	-7.347924e+01
5.590056e+00	-6.915581e+01
5.600056e+00	-7.539857e+01
5.610056e+00	-7.584102e+01
5.620056e+00	-7.400693e+01
5.630056e+00	-8.072082e+01
5.640056e+00	-7.150942e+01
5.650057e+00	-7.162822e+01
5.660057e+00	-7.442475e+01
5.670057e+00	-7.147382e+01
5.680057e+00	-7.623815e+01
5.690057e+00	-8.031741e+01
5.700057e+00	-8.451366e+01
5.710057e+00	-8.032206e+01
5.720057e+00	-7.700715e+01
5.730057e+00	-7.788687e+01
5.740057e+00	-7.926727e+01
5.750058e+00	-7.771114e+01
5.760058e+00	-7.564466e+01
5.770058e+00	-7.458614e+01
5.780058e+00	-7.695195e+01
5.790058e+00	-7.724794e+01
5.800058e+00	-8.015681e+01
5.810058e+00	-7.620089e+01
5.820058e+00	-7.723754e+01
5.830058e+00	-7.348722e+01
5.840058e+00	-7.306930e+01
5.850059e+00	-7.995593e+01
5.860059e+00	-6.538510e+01
5.870059e+00	-6.793047e+01
5.880059e+00	-6.782525e+01
5.890059e+00	-7.169693e+01
5.900059e+00	-6.908545e+01
5.910059e+00	-8.103414e+01
5.920059e+00	-7.587421e+01
5.930059e+00	-6.700824e+01
5.940059e+00	-6.557859e+01
5.950060e+00	-6.882333e+01
5.960060e+00	-6.850418e+01
5.970060e+00	-7.086786e+01
5.980060e+00	-7.057856e+01
5.990060e+00	-7.124847e+01
6.000060e+00	-6.491642e+01
6.010060e+00	-7.055741e+01
6.020060e+00	-7.310370e+01
6.030060e+00	-7.256024e+01
6.040060e+00	-6.812218e+01
6.050061e+00	-6.453298e+01
6.060061e+00	-6.800320e+01
6.070061e+00	-7.032879e+01
6.080061e+00	-6.611473e+01
6.090061e+00	-6.548407e+01
6.100061e+00	-7.655262e+01
6.110061e+00	-6.524843e+01
6.120061e+00	-6.609360e+01
6.130061e+00	-6.323585e+01
6.140061e+00	-6.393041e+01
6.150062e+00	-7.198965e+01
6.160062e+00	-8.041346e+01
6.170062e+00	-7.169171e+01
6.180062e+00	-8.071660e+01
6.190062e+00	-6.322669e+01
6.200062e+00	-7.057071e+01
6.210062e+00	-6.734795e+01
6.220062e+00	-8.391367e+01
6.230062e+00	-5.868176e+01
6.240062e+00	-6.016636e+01
6.250063e+00	-6.546495e+01
6.260063e+00	-8.087001e+01
6.270063e+00	-8.096217e+01
6.280063e+00	-7.057747e+01
6.290063e+00	-6.661884e+01
6.300063e+00	-7.217218e+01
6.310063e+00	-7.255185e+01
6.320063e+00	-6.402328e+01
6.330063e+00	-6.397007e+01
6.340063e+00	-6.895275e+01
6.350064e+00	-5.964310e+01
6.360064e+00	-6.324531e+01
6.370064e+00	-7.165253e+01
6.380064e+00	-6.751765e+01
6.390064e+00	-8.088297e+01
6.400064e+00	-6.785640e+01
6.410064e+00	-6.842389e+01
6.420064e+00	-6.688708e+01
6.430064e+00	-6.984995e+01
6.440064e+00	-7.236769e+01
6.450065e+00	-6.462936e+01
6.460065e+00	-7.107636e+01
6.470065e+00	-7.294933e+01
6.480065e+00	-6.981091e+01
6.490065e+00	-7.850544e+01
6.500065e+00	-7.048917e+01
6.510065e+00	-7.201798e+01
6.520065e+00	-7.399380e+01
6.530065e+00	-6.937299e+01
6.540065e+00	-7.615950e+01
6.550066e+00	-6.923677e+01
6.560066e+00	-7.428828e+01
6.570066e+00	-7.859314e+01
6.580066e+00	-6.979786e+01
6.590066e+00	-8.392570e+01
6.600066e+00	-7.951244e+01
6.610066e+00	-7.373935e+01
6.620066e+00	-7.136337e+01
6.630066e+00	-7.854857e+01
6.640066e+00	-7.566878e+01
6.650067e+00	-7.249331e+01
6.660067e+00	-7.607928e+01
6.670067e+00	-7.838026e+01
6.680067e+00	-8.136417e+01
6.690067e+00	-8.444995e+01
6.700067e+00	-7.972621e+01
6.710067e+00	-7.955222e+01
6.720067e+00	-7.929899e+01
6.730067e+00	-8.118428e+01
6.740067e+00	-8.338958e+01
6.750068e+00	-8.064816e+01
6.760068e+00	-7.376560e+01
6.770068e+00	-7.353116e+01
6.780068e+00	-7.491254e+01
6.790068e+00	-8.562087e+01
6.800068e+00	-7.274990e+01
6.810068e+00	-8.246604e+01
6.820068e+00	-7.831167e+01
6.830068e+00	-7.927242e+01
6.840068e+00	-7.142382e+01
6.850069e+00	-7.642324e+01
6.860069e+00	-8.291754e+01
6.870069e+00	-7.302564e+01
6.880069e+00	-8.369140e+01
6.890069e+00	-8.053442e+01
6.900069e+00	-7.514574e+01
6.910069e+00	-7.023232e+01
6.920069e+00	-8.153867e+01
6.930069e+00	-7.624092e+01
6.940069e+00	-7.439687e+01
6.950070e+00	-9.320778e+01
6.960070e+00	-7.002402e+01
6.970070e+00	-7.005728e+01
6.980070e+00	-6.965671e+01
6.990070e+00	-7.334318e+01
7.000070e+00	-7.272011e+01
7.010070e+00	-6.909117e+01
7.020070e+00	-8.442749e+01
7.030070e+00	-7.500136e+01
7.040070e+00	-6.765110e+01
7.050071e+00	-7.082895e+01
7.060071e+00	-6.958435e+01
7.070071e+00	-6.822477e+01
7.080071e+00	-7.199374e+01
7.090071e+00	-6.779624e+01
7.100071e+00	-6.914936e+01
7.110071e+00	-6.600477e+01
7.120071e+00	-7.194229e+01
7.130071e+00	-6.168412e+01
7.140071e+00	-7.759850e+01
7.150072e+00	-6.826015e+01
7.160072e+00	-6.749617e+01
7.170072e+00	-6.464718e+01
7.180072e+00	-7.038150e+01
7.190072e+00	-6.698535e+01
7.200072e+00	-6.414336e+01
7.210072e+00	-7.402036e+01
7.220072e+00	-6.876835e+01
7.230072e+00	-6.398261e+01
7.240072e+00	-7.469193e+01
7.250073e+00	-7.257946e+01
7.260073e+00	-6.932143e+01
7.270073e+00	-6.506027e+01
7.280073e+00	-8.265481e+01
7.290073e+00	-6.759803e+01
7.300073e+00	-6.805577e+01
7.310073e+00	-6.606630e+01
7.320073e+00	-6.527682e+01
7.330073e+00	-6.981611e+01
7.340073e+00	-6.519692e+01
7.350074e+00	-7.437567e+01
7.360074e+00	-7.680500e+01
7.370074e+00	-6.718901e+01
7.380074e+00	-6.361625e+01
7.390074e+00	-6.728093e+01
7.400074e+00	-7.597547e+01
7.410074e+00	-7.959850e+01
7.420074e+00	-6.427447e+01
7.430074e+00	-6.687344e+01
7.440074e+00	-7.593918e+01
7.450075e+00	-7.782108e+01
7.460075e+00	-6.966728e+01
7.470075e+00	-7.446026e+01
7.480075e+00	-7.339760e+01
7.490075e+00	-6.635150e+01
7.500075e+00	-7.313489e+01
7.510075e+00	-7.216928e+01
7.520075e+00	-8.643568e+01
7.530075e+00	-7.736685e+01
7.540075e+00	-7.117308e+01
7.550076e+00	-7.188435e+01
7.560076e+00	-7.759093e+01
7.570076e+00	-7.434860e+01
7.580076e+00	-7.718822e+01
7.590076e+00	-7.228679e+01
7.600076e+00	-7.441992e+01
7.610076e+00	-7.673656e+01
7.620076e+00	-7.511591e+01
7.630076e+00	-7.985424e+01
7.640076e+00	-7.781358e+01
7.650077e+00	-8.747102e+01
7.660077e+00	-7.717444e+01
7.670077e+00	-7.865760e+01
7.680077e+00	-8.011647e+01
7.690077e+00	-7.893410e+01
7.700077e+00	-8.020138e+01
7.710077e+00	-8.017558e+01
7.720077e+00	-8.029741e+01
7.730077e+00	-8.071966e+01
7.740077e+00	-8.074485e+01
7.750078e+00	-7.801216e+01
7.760078e+00	-7.680550e+01
7.770078e+00	-7.396014e+01
7.780078e+00	-7.759797e+01
7.790078e+00	-7.573938e+01
7.800078e+00	-8.239754e+01
7.810078e+00	-7.363630e+01
7.820078e+00	-7.816916e+01
7.830078e+00	-7.885706e+01
7.840078e+00	-7.277453e+01
7.850079e+00	-7.201588e+01
7.860079e+00	-7.014544e+01
7.870079e+00	-6.855695e+01
7.880079e+00	-7.460248e+01
7.890079e+00	-7.411303e+01
7.900079e+00	-8.171055e+01
7.910079e+00	-7.830916e+01
7.920079e+00	-7.289472e+01
7.930079e+00	-8.116697e+01
7.940079e+00	-6.925323e+01
7.950080e+00	-6.967769e+01
7.960080e+00	-6.882473e+01
7.970080e+00	-7.053758e+01
7.980080e+00	-6.911437e+01
7.990080e+00	-7.078439e+01
8.000080e+00	-6.591540e+01
8.010080e+00	-7.179566e+01
8.020080e+00	-7.148068e+01
8.030080e+00	-7.007762e+01
8.040080e+00	-7.551513e+01
8.050081e+00	-9.223744e+01
8.060081e+00	-7.056442e+01
8.070081e+00	-6.966570e+01
8.080081e+00	-6.813853e+01
8.090081e+00	-6.744501e+01
8.100081e+00	-6.534259e+01
8.110081e+00	-6.838019e+01
8.120081e+00	-7.124576e+01
8.130081e+00	-7.476712e+01
8.140081e+00	-7.226794e+01
8.150082e+00	-6.912274e+01
8.160082e+00	-6.279985e+01
8.170082e+00	-7.961927e+01
8.180082e+00	-7.852181e+01
8.190082e+00	-6.646755e+01
8.200082e+00	-8.709998e+01
8.210082e+00	-6.933275e+01
8.220082e+00	-6.320977e+01
8.230082e+00	-7.767356e+01
8.240082e+00	-6.879752e+01
8.250083e+00	-7.497141e+01
8.260083e+00	-6.340372e+01
8.270083e+00	-6.936505e+01
8.280083e+00	-6.760690e+01
8.290083e+00	-7.192754e+01
8.300083e+00	-9.323482e+01
8.310083e+00	-6.645968e+01
8.320083e+00	-7.455508e+01
8.330083e+00	-7.441422e+01
8.340083e+00	-7.286776e+01
8.350084e+00	-7.039756e+01
8.360084e+00	-6.730697e+01
8.370084e+00	-8.245680e+01
8.380084e+00	-8.045347e+01
8.390084e+00	-6.754745e+01
8.400084e+00	-6.909455e+01
8.410084e+00	-8.304734e+01
8.420084e+00	-7.384781e+01
8.430084e+00	-6.837655e+01
8.440084e+00	-7.126256e+01
8.450085e+00	-6.837830e+01
8.460085e+00	-7.624902e+01
8.470085e+00	-7.144154e+01
8.480085e+00	-8.672559e+01
8.490085e+00	-7.505780e+01
8.500085e+00	-7.067293e+01
8.510085e+00	-7.178550e+01
8.520085e+00	-7.145564e+01
8.530085e+00	-8.897115e+01
8.540085e+00	-7.502208e+01
8.550086e+00	-8.253336e+01
8.560086e+00	-7.752367e+01
8.570086e+00	-8.442390e+01
8.580086e+00	-8.999524e+01
8.590086e+00	-8.070044e+01
8.600086e+00	-7.630520e+01
8.610086e+00	-8.504703e+01
8.620086e+00	-8.281363e+01
8.630086e+00	-8.252442e+01
8.640086e+00	-7.697762e+01
8.650087e+00	-8.065542e+01
8.660087e+00	-8.155551e+01
8.670087e+00	-8.209941e+01
8.680087e+00	-8.067485e+01
8.690087e+00	-8.478146e+01
8.700087e+00	-7.903169e+01
8.710087e+00	-7.981233e+01
8.720087e+00	-8.106554e+01
8.730087e+00	-8.686163e+01
8.740087e+00	-7.935870e+01
8.750088e+00	-7.842155e+01
8.760088e+00	-7.899805e+01
8.770088e+00	-7.900457e+01
8.780088e+00	-7.582893e+01
8.790088e+00	-7.104593e+01
8.800088e+00	-7.349415e+01
8.810088e+00	-8.100266e+01
8.820088e+00	-7.560394e+01
8.830088e+00	-6.765320e+01
8.840088e+00	-7.180643e+01
8.850089e+00	-7.740286e+01
8.860089e+00	-7.687896e+01
8.870089e+00	-7.478849e+01
8.880089e+00	-7.873647e+01
8.890089e+00	-7.983715e+01
8.900089e+00	-7.909737e+01
8.910089e+00	-7.195046e+01
8.920089e+00	-7.185922e+01
8.930089e+00	-8.217594e+01
8.940089e+00	-7.046078e+01
8.950090e+00	-6.735038e+01
8.960090e+00	-7.107099e+01
8.970090e+00	-7.227217e+01
8.980090e+00	-7.682859e+01
8.990090e+00	-7.739669e+01
9.000090e+00	-8.028113e+01
9.010090e+00	-6.999968e+01
9.020090e+00	-7.668047e+01
9.030090e+00	-6.204681e+01
9.040090e+00	-7.645027e+01
9.050091e+00	-8.839969e+01
9.060091e+00	-7.239003e+01
9.070091e+00	-7.557494e+01
9.080091e+00	-7.126112e+01
9.090091e+00	-7.895671e+01
9.100091e+00	-6.533760e+01
9.110091e+00	-6.989722e+01
9.120091e+00	-6.951463e+01
9.130091e+00	-7.588708e+01
9.140091e+00	-6.812276e+01
9.150092e+00	-6.713144e+01
9.160092e+00	-6.754663e+01
9.170092e+00	-8.205820e+01
9.180092e+00	-6.765399e+01
9.190092e+00	-6.758684e+01
9.200092e+00	-7.923141e+01
9.210092e+00	-6.920701e+01
9.220092e+00	-6.804919e+01
9.230092e+00	-7.901259e+01
9.240092e+00	-6.860017e+01
9.250093e+00	-6.608995e+01
9.260093e+00	-7.053102e+01
9.270093e+00	-6.515312e+01
9.280093e+00	-7.284940e+01
9.290093e+00	-7.862634e+01
9.300093e+00	-7.217433e+01
9.310093e+00	-8.322648e+01
9.320093e+00	-7.450996e+01
9.330093e+00	-7.124280e+01
9.340093e+00	-6.726650e+01
9.350094e+00	-7.192345e+01
9.360094e+00	-7.561241e+01
9.370094e+00	-7.373878e+01
9.380094e+00	-7.092907e+01
9.390094e+00	-7.185578e+01
9.400094e+00	-6.807217e+01
9.410094e+00	-7.524587e+01
9.420094e+00	-7.475692e+01
9.430094e+00	-7.403829e+01
9.440094e+00	-8.535407e+01
9.450095e+00	-7.544456e+01
9.460095e+00	-7.376215e+01
9.470095e+00	-7.804889e+01
9.480095e+00	-9.172998e+01
9.490095e+00	-7.250864e+01
9.500095e+00	-6.995583e+01
9.510095e+00	-8.267378e+01
9.520095e+00	-7.314469e+01
9.530095e+00	-8.556854e+01
9.540095e+00	-7.492584e+01
9.550096e+00	-7.581701e+01
9.560096e+00	-7.829709e+01
9.570096e+00	-7.871144e+01
9.580096e+00	-7.768788e+01
9.590096e+00	-8.155849e+01
9.600096e+00	-9.052575e+01
9.610096e+00	-8.468042e+01
9.620096e+00	-8.049002e+01
9.630096e+00	-8.224987e+01
9.640096e+00	-8.058492e+01
9.650097e+00	-8.278688e+01
9.660097e+00	-8.164967e+01
9.670097e+00	-8.120887e+01
9.680097e+00	-8.359372e+01
9.690097e+00	-7.914816e+01
9.700097e+00	-7.821926e+01
9.710097e+00	-7.950088e+01
9.720097e+00	-8.691703e+01
9.730097e+00	-7.861841e+01
9.740097e+00	-7.732581e+01
9.750098e+00	-7.637821e+01
9.760098e+00	-7.856897e+01
9.770098e+00	-8.303776e+01
9.780098e+00	-7.682265e+01
9.790098e+00	-7.627274e+01
9.800098e+00	-8.226909e+01
9.810098e+00	-7.129196e+01
9.820098e+00	-7.386595e+01
9.830098e+00	-7.357737e+01
9.840098e+00	-7.035793e+01
9.850099e+00	-7.874459e+01
9.860099e+00	-7.124963e+01
9.870099e+00	-7.276331e+01
9.880099e+00	-8.179970e+01
9.890099e+00	-6.828028e+01
9.900099e+00	-7.602242e+01
9.910099e+00	-8.389412e+01
9.920099e+00	-6.615461e+01
9.930099e+00	-6.770803e+01
9.940099e+00	-8.045241e+01
9.950100e+00	-7.072154e+01
9.960100e+00	-7.304887e+01
9.970100e+00	-6.931317e+01
9.980100e+00	-7.681608e+01
9.990100e+00	-6.509062e+01
1.000010e+01	-7.800217e+01
1.001010e+01	-7.059838e+01
1.002010e+01	-7.589265e+01
1.003010e+01	-6.855601e+01
1.004010e+01	-7.573780e+01
1.005010e+01	-6.780943e+01
1.006010e+01	-7.106061e+01
1.007010e+01	-7.117190e+01
1.008010e+01	-6.641240e+01
1.009010e+01	-6.791568e+01
1.010010e+01	-6.819600e+01
1.011010e+01	-6.608745e+01
1.012010e+01	-7.962790e+01
1.013010e+01	-6.703460e+01
1.014010e+01	-6.470922e+01
1.015010e+01	-7.676851e+01
1.016010e+01	-6.748093e+01
1.017010e+01	-8.232605e+01
1.018010e+01	-7.290318e+01
1.019010e+01	-6.736596e+01
1.020010e+01	-7.514006e+01
1.021010e+01	-6.731738e+01
1.022010e+01	-7.569060e+01
1.023010e+01	-6.446222e+01
1.024010e+01	-6.580029e+01
1.025010e+01	-7.510022e+01
1.026010e+01	-7.657613e+01
1.027010e+01	-7.119086e+01
1.028010e+01	-7.426502e+01
1.029010e+01	-7.687532e+01
1.030010e+01	-7.788386e+01
1.031010e+01	-8.796841e+01
1.032010e+01	-7.947199e+01
1.033010e+01	-7.255377e+01
1.034010e+01	-7.225017e+01
1.035010e+01	-7.090479e+01
1.036010e+01	-7.048975e+01
1.037010e+01	-6.840122e+01
1.038010e+01	-7.304259e+01
1.039010e+01	-7.250560e+01
1.040010e+01	-7.616579e+01
1.041010e+01	-8.416665e+01
1.042010e+01	-7.560846e+01
1.043010e+01	-7.178640e+01
1.044010e+01	-7.362321e+01
1.045010e+01	-7.833449e+01
1.046010e+01	-7.186804e+01
1.047010e+01	-7.881513e+01
1.048010e+01	-8.017414e+01
1.049010e+01	-7.439240e+01
1.050011e+01	-7.005408e+01
1.051011e+01	-8.284077e+01
1.052011e+01	-7.334478e+01
1.053011e+01	-7.772513e+01
1.054011e+01	-8.195120e+01
1.055011e+01	-8.137474e+01
1.056011e+01	-7.462968e+01
1.057011e+01	-8.424969e+01
1.058011e+01	-8.587235e+01
1.059011e+01	-8.587027e+01
1.060011e+01	-8.117685e+01
1.061011e+01	-8.447362e+01
1.062011e+01	-8.153381e+01
1.063011e+01	-8.361652e+01
1.064011e+01	-7.851950e+01
1.065011e+01	-8.464905e+01
1.066011e+01	-7.703718e+01
1.067011e+01	-8.011135e+01
1.068011e+01	-8.754402e+01
1.069011e+01	-7.595740e+01
1.070011e+01	-1.022627e+02
1.071011e+01	-7.584973e+01
1.072011e+01	-9.497356e+01
1.073011e+01	-7.437908e+01
1.074011e+01	-7.275914e+01
1.075011e+01	-7.422518e+01
1.076011e+01	-8.243589e+01
1.077011e+01	-8.822473e+01
1.078011e+01	-7.350965e+01
1.079011e+01	-7.959701e+01
1.080011e+01	-7.286101e+01
1.081011e+01	-7.646171e+01
1.082011e+01	-8.784296e+01
1.083011e+01	-7.463237e+01
1.084011e+01	-7.039592e+01
1.085011e+01	-6.645066e+01
1.086011e+01	-7.697931e+01
1.087011e+01	-8.468002e+01
1.088011e+01	-7.692688e+01
1.089011e+01	-7.646480e+01
1.090011e+01	-7.240359e+01
1.091011e+01	-6.617935e+01
1.092011e+01	-7.217530e+01
1.093011e+01	-6.705828e+01
1.094011e+01	-7.113016e+01
1.095011e+01	-7.601567e+01
1.096011e+01	-7.144539e+01
1.097011e+01	-7.091767e+01
1.098011e+01	-6.882469e+01
1.099011e+01	-7.542456e+01
1.100011e+01	-7.738370e+01
1.101011e+01	-7.159735e+01
1.102011e+01	-8.151713e+01
1.103011e+01	-7.165888e+01
1.104011e+01	-7.127327e+01
1.105011e+01	-7.502996e+01
1.106011e+01	-7.000106e+01
1.107011e+01	-7.158884e+01
1.108011e+01	-7.612967e+01
1.109011e+01	-6.638390e+01
1.110011e+01	-7.294080e+01
1.111011e+01	-7.286372e+01
1.112011e+01	-7.380040e+01
1.113011e+01	-6.901754e+01
1.114011e+01	-6.876715e+01
1.115011e+01	-6.583468e+01
1.116011e+01	-7.574756e+01
1.117011e+01	-8.084742e+01
1.118011e+01	-7.751441e+01
1.119011e+01	-6.736887e+01
1.120011e+01	-7.016728e+01
1.121011e+01	-9.400253e+01
1.122011e+01	-7.661326e+01
1.123011e+01	-6.854651e+01
1.124011e+01	-7.193082e+01
1.125011e+01	-7.811862e+01
1.126011e+01	-7.301022e+01
1.127011e+01	-7.785955e+01
1.128011e+01	-6.937876e+01
1.129011e+01	-7.301483e+01
1.130011e+01	-6.701941e+01
1.131011e+01	-7.273587e+01
1.132011e+01	-7.247425e+01
1.133011e+01	-7.365723e+01
1.134011e+01	-8.114012e+01
1.135011e+01	-7.590519e+01
1.136011e+01	-6.964454e+01
1.137011e+01	-7.978967e+01
1.138011e+01	-9.081527e+01
1.139011e+01	-6.953466e+01
1.140011e+01	-8.203897e+01
1.141011e+01	-7.990767e+01
1.142011e+01	-7.708842e+01
1.143011e+01	-7.593153e+01
1.144011e+01	-7.711659e+01
1.145011e+01	-9.153126e+01
1.146011e+01	-7.471705e+01
1.147011e+01	-8.236119e+01
1.148011e+01	-7.660280e+01
1.149011e+01	-8.507943e+01
1.150012e+01	-7.336072e+01
1.151012e+01	-7.596448e+01
1.152012e+01	-7.574740e+01
1.153012e+01	-8.794302e+01
1.154012e+01	-7.638829e+01
1.155012e+01	-9.232495e+01
1.156012e+01	-8.010185e+01
1.157012e+01	-8.541884e+01
1.158012e+01	-8.376519e+01
1.159012e+01	-8.234982e+01
1.160012e+01	-8.386475e+01
1.161012e+01	-8.194407e+01
1.162012e+01	-8.140228e+01
1.163012e+01	-8.380082e+01
1.164012e+01	-7.683729e+01
1.165012e+01	-7.936042e+01
1.166012e+01	-7.768636e+01
1.167012e+01	-7.920698e+01
1.168012e+01	-8.047408e+01
1.169012e+01	-8.130064e+01
1.170012e+01	-8.018985e+01
1.171012e+01	-7.975006e+01
1.172012e+01	-9.202722e+01
1.173012e+01	-8.156309e+01
1.174012e+01	-7.412381e+01
1.175012e+01	-7.759586e+01
1.176012e+01	-7.673398e+01
1.177012e+01	-8.421946e+01
1.178012e+01	-7.995720e+01
1.179012e+01	-8.033935e+01
1.180012e+01	-7.836919e+01
1.181012e+01	-8.559862e+01
1.182012e+01	-8.925822e+01
1.183012e+01	-7.829372e+01
1.184012e+01	-8.410657e+01
1.185012e+01	-7.689953e+01
1.186012e+01	-7.968211e+01
1.187012e+01	-7.212258e+01
1.188012e+01	-8.002112e+01
1.189012e+01	-7.712435e+01
1.190012e+01	-7.966713e+01
1.191012e+01	-7.706348e+01
1.192012e+01	-7.427503e+01
1.193012e+01	-6.583684e+01
1.194012e+01	-6.535391e+01
1.195012e+01	-6.806882e+01
1.196012e+01	-7.241025e+01
1.197012e+01	-6.479106e+01
1.198012e+01	-7.506605e+01
1.199012e+01	-6.433658e+01
1.200012e+01	-7.908480e+01
1.201012e+01	-7.956911e+01
1.202012e+01	-7.018392e+01
1.203012e+01	-8.107312e+01
1.204012e+01	-6.712690e+01
1.205012e+01	-6.484433e+01
1.206012e+01	-6.766959e+01
1.207012e+01	-6.845352e+01
1.208012e+01	-7.074284e+01
1.209012e+01	-8.035432e+01
1.210012e+01	-6.965173e+01
1.211012e+01	-7.277356e+01
1.212012e+01	-7.125161e+01
1.213012e+01	-7.985987e+01
1.214012e+01	-7.003256e+01
1.215012e+01	-7.281430e+01
1.216012e+01	-6.622314e+01
1.217012e+01	-7.354338e+01
1.218012e+01	-6.683174e+01
1.219012e+01	-7.175353e+01
1.220012e+01	-6.835882e+01
1.221012e+01	-7.358878e+01
1.222012e+01	-7.723247e+01
1.223012e+01	-7.239715e+01
1.224012e+01	-6.937779e+01
1.225012e+01	-7.170314e+01
1.226012e+01	-8.385519e+01
1.227012e+01	-7.541263e+01
1.228012e+01	-8.601316e+01
1.229012e+01	-7.406365e+01
1.230012e+01	-7.382313e+01
1.231012e+01	-7.428050e+01
1.232012e+01	-7.586842e+01
1.233012e+01	-7.356803e+01
1.234012e+01	-7.100163e+01
1.235012e+01	-7.818493e+01
1.236012e+01	-7.313461e+01
1.237012e+01	-9.224720e+01
1.238012e+01	-8.233649e+01
1.239012e+01	-8.556788e+01
1.240012e+01	-8.588561e+01
1.241012e+01	-7.894897e+01
1.242012e+01	-7.562076e+01
1.243012e+01	-7.739330e+01
1.244012e+01	-8.397184e+01
1.245012e+01	-7.840954e+01
1.246012e+01	-7.944466e+01
1.247012e+01	-7.738183e+01
1.248012e+01	-8.882516e+01
1.249012e+01	-7.717319e+01
1.250013e+01	-8.082342e+01
1.251013e+01	-8.044143e+01
1.252013e+01	-8.607214e+01
1.253013e+01	-8.167570e+01
1.254013e+01	-8.348531e+01
1.255013e+01	-8.235883e+01
1.256013e+01	-8.437464e+01
1.257013e+01	-8.329572e+01
1.258013e+01	-8.136680e+01
1.259013e+01	-8.157146e+01
1.260013e+01	-8.033932e+01
1.261013e+01	-8.888499e+01
1.262013e+01	-8.640686e+01
1.263013e+01	-8.354001e+01
1.264013e+01	-9.096625e+01
1.265013e+01	-8.914314e+01
1.266013e+01	-7.914135e+01
1.267013e+01	-7.922634e+01
1.268013e+01	-7.583720e+01
1.269013e+01	-7.607855e+01
1.270013e+01	-7.068314e+01
1.271013e+01	-7.771767e+01
1.272013e+01	-7.555037e+01
1.273013e+01	-8.257654e+01
1.274013e+01	-9.505388e+01
1.275013e+01	-7.162722e+01
1.276013e+01	-1.119003e+02
1.277013e+01	-7.876315e+01
1.278013e+01	-7.575036e+01
1.279013e+01	-7.689643e+01
1.280013e+01	-7.044401e+01
1.281013e+01	-7.970692e+01
1.282013e+01	-7.467061e+01
1.283013e+01	-7.000352e+01
1.284013e+01	-9.225576e+01
1.285013e+01	-7.037401e+01
1.286013e+01	-7.351656e+01
1.287013e+01	-6.909549e+01
1.288013e+01	-7.741111e+01
1.289013e+01	-7.159726e+01
1.290013e+01	-7.176521e+01
1.291013e+01	-7.128269e+01
1.292013e+01	-7.967232e+01
1.293013e+01	-7.249041e+01
1.294013e+01	-8.014922e+01
1.295013e+01	-7.814810e+01
1.296013e+01	-6.812334e+01
1.297013e+01	-6.601730e+01
1.298013e+01	-8.297077e+01
1.299013e+01	-6.850409e+01
1.300013e+01	-6.595283e+01
1.301013e+01	-7.336460e+01
1.302013e+01	-8.338180e+01
1.303013e+01	-7.007228e+01
1.304013e+01	-7.332931e+01
1.305013e+01	-7.354506e+01
1.306013e+01	-6.965011e+01
1.307013e+01	-7.396012e+01
1.308013e+01	-6.951741e+01
1.309013e+01	-7.120099e+01
1.310013e+01	-6.852899e+01
1.311013e+01	-7.816999e+01
1.312013e+01	-6.802969e+01
1.313013e+01	-8.184152e+01
1.314013e+01	-6.794521e+01
1.315013e+01	-7.182227e+01
1.316013e+01	-7.061796e+01
1.317013e+01	-7.534445e+01
1.318013e+01	-7.484330e+01
1.319013e+01	-7.122753e+01
1.320013e+01	-6.867419e+01
1.321013e+01	-7.031683e+01
1.322013e+01	-7.816394e+01
1.323013e+01	-7.625857e+01
1.324013e+01	-6.661164e+01
1.325013e+01	-7.227432e+01
1.326013e+01	-6.893314e+01
1.327013e+01	-6.897169e+01
1.328013e+01	-7.041940e+01
1.329013e+01	-7.766472e+01
1.330013e+01	-7.235063e+01
1.331013e+01	-7.312931e+01
1.332013e+01	-7.583042e+01
1.333013e+01	-7.130318e+01
1.334013e+01	-7.687280e+01
1.335013e+01	-7.165996e+01
1.336013e+01	-6.921748e+01
1.337013e+01	-7.468940e+01
1.338013e+01	-8.008471e+01
1.339013e+01	-7.901066e+01
1.340013e+01	-7.682699e+01
1.341013e+01	-7.770740e+01
1.342013e+01	-9.214283e+01
1.343013e+01	-7.760259e+01
1.344013e+01	-9.138001e+01
1.345013e+01	-7.791530e+01
1.346013e+01	-7.654775e+01
1.347013e+01	-7.890996e+01
1.348013e+01	-8.447304e+01
1.349013e+01	-8.426624e+01
1.350014e+01	-8.221214e+01
1.351014e+01	-8.028974e+01
1.352014e+01	-8.260362e+01
1.353014e+01	-8.122187e+01
1.354014e+01	-8.284563e+01
1.355014e+01	-8.184780e+01
1.356014e+01	-8.020956e+01
1.357014e+01	-8.252715e+01
1.358014e+01	-8.369279e+01
1.359014e+01	-8.779421e+01
1.360014e+01	-8.261835e+01
1.361014e+01	-7.801159e+01
1.362014e+01	-7.609697e+01
1.363014e+01	-7.874183e+01
1.364014e+01	-7.978992e+01
1.365014e+01	-7.720964e+01
1.366014e+01	-8.271770e+01
1.367014e+01	-8.471634e+01
1.368014e+01	-7.938319e+01
1.369014e+01	-7.548234e+01
1.370014e+01	-7.692404e+01
1.371014e+01	-7.878761e+01
1.372014e+01	-8.775504e+01
1.373014e+01	-7.840378e+01
1.374014e+01	-7.682575e+01
1.375014e+01	-7.079017e+01
1.376014e+01	-7.708865e+01
1.377014e+01	-7.238006e+01
1.378014e+01	-7.341343e+01
1.379014e+01	-7.903122e+01
1.380014e+01	-7.165365e+01
1.381014e+01	-8.258706e+01
1.382014e+01	-7.367974e+01
1.383014e+01	-7.401789e+01
1.384014e+01	-7.640033e+01
1.385014e+01	-6.629696e+01
1.386014e+01	-7.992627e+01
1.387014e+01	-6.966764e+01
1.388014e+01	-7.142112e+01
1.389014e+01	-7.781503e+01
1.390014e+01	-7.047689e+01
1.391014e+01	-7.618117e+01
1.392014e+01	-7.380614e+01
1.393014e+01	-6.860558e+01
1.394014e+01	-6.735059e+01
1.395014e+01	-6.411168e+01
1.396014e+01	-8.087121e+01
1.397014e+01	-6.861271e+01
1.398014e+01	-7.645438e+01
1.399014e+01	-7.193122e+01
1.400014e+01	-8.012733e+01
1.401014e+01	-8.074860e+01
1.402014e+01	-7.316923e+01
1.403014e+01	-7.261325e+01
1.404014e+01	-6.686606e+01
1.405014e+01	-7.267786e+01
1.406014e+01	-8.885785e+01
1.407014e+01	-7.456645e+01
1.408014e+01	-7.764656e+01
1.409014e+01	-7.379999e+01
1.410014e+01	-7.815140e+01
1.411014e+01	-6.804091e+01
1.412014e+01	-7.355317e+01
1.413014e+01	-7.816280e+01
1.414014e+01	-7.643272e+01
1.415014e+01	-7.296115e+01
1.416014e+01	-7.717506e+01
1.417014e+01	-7.824552e+01
1.418014e+01	-7.218713e+01
1.419014e+01	-7.741695e+01
1.420014e+01	-7.379768e+01
1.421014e+01	-7.000690e+01
1.422014e+01	-7.985126e+01
1.423014e+01	-8.808812e+01
1.424014e+01	-7.290563e+01
1.425014e+01	-8.196830e+01
1.426014e+01	-7.653778e+01
1.427014e+01	-6.907731e+01
1.428014e+01	-7.432825e+01
1.429014e+01	-7.895870e+01
1.430014e+01	-7.438862e+01
1.431014e+01	-7.135456e+01
1.432014e+01	-7.198364e+01
1.433014e+01	-7.308159e+01
1.434014e+01	-7.964828e+01
1.435014e+01	-7.281133e+01
1.436014e+01	-7.595624e+01
1.437014e+01	-7.669260e+01
1.438014e+01	-7.962944e+01
1.439014e+01	-8.464864e+01
1.440014e+01	-8.466211e+01
1.441014e+01	-8.161535e+01
1.442014e+01	-8.102267e+01
1.443014e+01	-7.903694e+01
1.444014e+01	-8.289588e+01
1.445014e+01	-8.231516e+01
1.446014e+01	-8.734987e+01
1.447014e+01	-8.426497e+01
1.448014e+01	-8.131259e+01
1.449014e+01	-8.294033e+01
1.450015e+01	-8.537231e+01
1.451015e+01	-8.239085e+01
1.452015e+01	-8.583993e+01
1.453015e+01	-8.388838e+01
1.454015e+01	-8.198204e+01
1.455015e+01	-8.383518e+01
1.456015e+01	-7.881627e+01
1.457015e+01	-7.793058e+01
1.458015e+01	-7.819371e+01
1.459015e+01	-7.955159e+01
1.460015e+01	-9.745268e+01
1.461015e+01	-8.571438e+01
1.462015e+01	-8.816775e+01
1.463015e+01	-7.859114e+01
1.464015e+01	-7.430554e+01
1.465015e+01	-7.371665e+01
1.466015e+01	-7.753848e+01
1.467015e+01	-7.191850e+01
1.468015e+01	-8.796574e+01
1.469015e+01	-7.907977e+01
1.470015e+01	-8.463186e+01
1.471015e+01	-7.777337e+01
1.472015e+01	-8.848758e+01
1.473015e+01	-7.557175e+01
1.474015e+01	-7.733452e+01
1.475015e+01	-8.171395e+01
1.476015e+01	-7.763321e+01
1.477015e+01	-8.302067e+01
1.478015e+01	-6.543421e+01
1.479015e+01	-7.971560e+01
1.480015e+01	-7.287767e+01
1.481015e+01	-6.924829e+01
1.482015e+01	-7.388776e+01
1.483015e+01	-7.240231e+01
1.484015e+01	-7.331091e+01
1.485015e+01	-7.191397e+01
1.486015e+01	-7.298040e+01
1.487015e+01	-6.907784e+01
1.488015e+01	-6.643809e+01
1.489015e+01	-6.973021e+01
1.490015e+01	-6.687501e+01
1.491015e+01	-7.709587e+01
1.492015e+01	-7.082376e+01
1.493015e+01	-6.788221e+01
1.494015e+01	-7.245044e+01
1.495015e+01	-8.016557e+01
1.496015e+01	-6.371830e+01
1.497015e+01	-7.736384e+01
1.498015e+01	-6.605485e+01
1.499015e+01	-8.880123e+01
