0.000000e+00	1.812519e+01
1.000010e-02	-2.280993e+00
2.000020e-02	1.344442e+01
3.000030e-02	7.251347e+00
4.000040e-02	1.256543e+01
5.000050e-02	1.883954e+01
6.000060e-02	1.224153e+01
7.000070e-02	1.439109e+01
8.000080e-02	2.102045e+01
9.000090e-02	1.672362e+01
1.000010e-01	2.303810e+01
1.100011e-01	1.967294e+01
1.200012e-01	2.451707e+01
1.300013e-01	2.397536e+01
1.400014e-01	2.320130e+01
1.500015e-01	2.583631e+01
1.600016e-01	2.284166e+01
1.700017e-01	2.772495e+01
1.800018e-01	2.675426e+01
1.900019e-01	2.618538e+01
2.000020e-01	2.947775e+01
2.100021e-01	2.623641e+01
2.200022e-01	2.940113e+01
2.300023e-01	3.006477e+01
2.400024e-01	2.777810e+01
2.500025e-01	3.018148e+01
2.600026e-01	2.964796e+01
2.700027e-01	2.961217e+01
2.800028e-01	3.045294e+01
2.900029e-01	2.918916e+01
3.000030e-01	3.052408e+01
3.100031e-01	3.008710e+01
3.200032e-01	2.970045e+01
3.300033e-01	3.058552e+01
3.400034e-01	2.970522e+01
3.500035e-01	3.056892e+01
3.600036e-01	3.024278e+01
3.700037e-01	3.015319e+01
3.800038e-01	3.024755e+01
3.900039e-01	3.059305e+01
4.000040e-01	3.041588e+01
4.100041e-01	2.987167e+01
4.200042e-01	2.984152e+01
4.300043e-01	2.967745e+01
4.400044e-01	2.965889e+01
4.500045e-01	2.960411e+01
4.600046e-01	2.935059e+01
4.700047e-01	2.925574e+01
4.800048e-01	2.955358e+01
4.900049e-01	2.941951e+01
5.000050e-01	2.893264e+01
5.100051e-01	2.907289e+01
5.200052e-01	2.895536e+01
5.300053e-01	2.869848e+01
5.400054e-01	2.828766e+01
5.500055e-01	2.754825e+01
5.600056e-01	2.563736e+01
5.700057e-01	2.834400e+01
5.800058e-01	2.810233e+01
5.900059e-01	2.791963e+01
6.000060e-01	2.789142e+01
6.100061e-01	2.804178e+01
6.200062e-01	2.780865e+01
6.300063e-01	2.728257e+01
6.400064e-01	2.716815e+01
6.500065e-01	2.696469e+01
6.600066e-01	2.665471e+01
6.700067e-01	2.615500e+01
6.800068e-01	2.556426e+01
6.900069e-01	2.561516e+01
7.000070e-01	2.497563e+01
7.100071e-01	2.459296e+01
7.200072e-01	2.403174e+01
7.300073e-01	2.383564e+01
7.400074e-01	2.327951e+01
7.500075e-01	2.146835e+01
7.600076e-01	2.188796e+01
7.700077e-01	2.172519e+01
7.800078e-01	2.173482e+01
7.900079e-01	2.140829e+01
8.000080e-01	2.088608e+01
8.100081e-01	2.054968e+01
8.200082e-01	2.018702e+01
8.300083e-01	1.980815e+01
8.400084e-01	1.967566e+01
8.500085e-01	1.902386e+01
8.600086e-01	1.887883e+01
8.700087e-01	1.844339e+01
8.800088e-01	1.821057e+01
8.900089e-01	1.805491e+01
9.000090e-01	1.752177e+01
9.100091e-01	1.719766e+01
9.200092e-01	1.686812e+01
9.300093e-01	1.664044e+01
9.400094e-01	1.633536e+01
9.500095e-01	1.595011e+01
9.600096e-01	1.549740e+01
9.700097e-01	1.508438e+01
9.800098e-01	1.453165e+01
9.900099e-01	1.325137e+01
1.000010e+00	1.359681e+01
1.010010e+00	1.329994e+01
1.020010e+00	1.275917e+01
1.030010e+00	1.213183e+01
1.040010e+00	1.163354e+01
1.050011e+00	1.120296e+01
1.060011e+00	1.041647e+01
1.070011e+00	1.011011e+01
1.080011e+00	9.411486e+00
1.090011e+00	7.471847e+00
1.100011e+00	2.106660e+00
1.110011e+00	5.987762e+00
1.120011e+00	5.970760e+00
1.130011e+00	7.348778e+00
1.140011e+00	6.331016e+00
1.150012e+00	4.350992e+00
1.160012e+00	3.585416e-01
1.170012e+00	1.378703e+00
1.180012e+00	3.960636e+00
1.190012e+00	3.540313e+00
1.200012e+00	3.170211e+00
1.210012e+00	9.362096e-01
1.220012e+00	2.118110e+00
1.230012e+00	3.959435e-01
1.240012e+00	9.422140e-01
1.250013e+00	1.674319e+00
1.260013e+00	6.672207e-01
1.270013e+00	1.781759e-01
1.280013e+00	-7.199786e-01
1.290013e+00	-5.632638e-01
1.300013e+00	-1.786827e+00
1.310013e+00	-2.226334e+00
1.320013e+00	-1.827132e+00
1.330013e+00	-3.397491e+00
1.340013e+00	-4.346550e+00
1.350014e+00	-4.541213e+00
1.360014e+00	-5.647000e+00
1.370014e+00	-5.879891e+00
1.380014e+00	-6.828902e+00
1.390014e+00	-8.730049e+00
1.400014e+00	-9.519340e+00
1.410014e+00	-1.336420e+01
1.420014e+00	-1.092411e+01
1.430014e+00	-1.134132e+01
1.440014e+00	-1.131833e+01
1.450015e+00	-1.190914e+01
1.460015e+00	-1.286405e+01
1.470015e+00	-1.502346e+01
1.480015e+00	-1.523879e+01
1.490015e+00	-1.495660e+01
1.500015e+00	-1.647464e+01
1.510015e+00	-1.754824e+01
1.520015e+00	-1.914643e+01
1.530015e+00	-1.801299e+01
1.540015e+00	-2.030544e+01
1.550016e+00	-1.956150e+01
1.560016e+00	-2.062562e+01
1.570016e+00	-2.309493e+01
1.580016e+00	-2.511690e+01
1.590016e+00	-2.634225e+01
1.600016e+00	-2.866164e+01
1.610016e+00	-3.099038e+01
1.620016e+00	-3.098239e+01
1.630016e+00	-3.421219e+01
1.640016e+00	-3.606985e+01
1.650017e+00	-3.963454e+01
1.660017e+00	-4.994167e+01
1.670017e+00	-6.324998e+01
1.680017e+00	-6.642839e+01
1.690017e+00	-5.405845e+01
1.700017e+00	-4.796706e+01
1.710017e+00	-4.645286e+01
1.720017e+00	-5.229087e+01
1.730017e+00	-4.232787e+01
1.740017e+00	-4.327776e+01
1.750018e+00	-3.929327e+01
1.760018e+00	-3.813566e+01
1.770018e+00	-3.607049e+01
1.780018e+00	-4.246441e+01
1.790018e+00	-3.924989e+01
1.800018e+00	-3.652429e+01
1.810018e+00	-3.671974e+01
1.820018e+00	-3.922988e+01
1.830018e+00	-4.045633e+01
1.840018e+00	-3.968905e+01
1.850019e+00	-3.854192e+01
1.860019e+00	-3.777198e+01
1.870019e+00	-4.477554e+01
1.880019e+00	-4.135001e+01
1.890019e+00	-3.765338e+01
1.900019e+00	-3.991513e+01
1.910019e+00	-4.705583e+01
1.920019e+00	-4.942964e+01
1.930019e+00	-3.946224e+01
1.940019e+00	-3.530891e+01
1.950020e+00	-3.672978e+01
1.960020e+00	-3.900277e+01
1.970020e+00	-4.647729e+01
1.980020e+00	-3.407548e+01
1.990020e+00	-3.890757e+01
2.000020e+00	-4.150303e+01
2.010020e+00	-5.321566e+01
2.020020e+00	-4.046965e+01
2.030020e+00	-4.122198e+01
2.040020e+00	-3.831332e+01
2.050021e+00	-3.876779e+01
2.060021e+00	-4.154339e+01
2.070021e+00	-7.675807e+01
2.080021e+00	-4.909496e+01
2.090021e+00	-4.441319e+01
2.100021e+00	-3.896037e+01
2.110021e+00	-4.200564e+01
2.120021e+00	-3.988014e+01
2.130021e+00	-3.693136e+01
2.140021e+00	-4.092846e+01
2.150022e+00	-3.787735e+01
2.160022e+00	-5.535232e+01
2.170022e+00	-4.446668e+01
2.180022e+00	-3.878169e+01
2.190022e+00	-3.451863e+01
2.200022e+00	-3.419060e+01
2.210022e+00	-4.509501e+01
2.220022e+00	-3.365986e+01
2.230022e+00	-4.273324e+01
2.240022e+00	-4.744645e+01
2.250023e+00	-5.026921e+01
2.260023e+00	-4.027226e+01
2.270023e+00	-4.334941e+01
2.280023e+00	-5.396194e+01
2.290023e+00	-4.217934e+01
2.300023e+00	-3.904266e+01
2.310023e+00	-4.232220e+01
2.320023e+00	-4.227342e+01
2.330023e+00	-4.164409e+01
2.340023e+00	-4.417767e+01
2.350024e+00	-4.735221e+01
2.360024e+00	-4.701609e+01
2.370024e+00	-4.329027e+01
2.380024e+00	-4.457295e+01
2.390024e+00	-5.244702e+01
2.400024e+00	-4.121756e+01
2.410024e+00	-4.940379e+01
2.420024e+00	-5.084012e+01
2.430024e+00	-3.883072e+01
2.440024e+00	-4.097191e+01
2.450025e+00	-4.890957e+01
2.460025e+00	-5.217815e+01
2.470025e+00	-5.449362e+01
2.480025e+00	-5.108057e+01
2.490025e+00	-4.829049e+01
2.500025e+00	-4.943237e+01
2.510025e+00	-5.033876e+01
2.520025e+00	-5.670542e+01
2.530025e+00	-5.085813e+01
2.540025e+00	-5.224865e+01
2.550026e+00	-4.718984e+01
2.560026e+00	-5.837122e+01
2.570026e+00	-6.254229e+01
2.580026e+00	-4.919048e+01
2.590026e+00	-4.746935e+01
2.600026e+00	-6.217408e+01
2.610026e+00	-5.769961e+01
2.620026e+00	-4.934740e+01
2.630026e+00	-5.166576e+01
2.640026e+00	-5.977607e+01
2.650027e+00	-5.415228e+01
2.660027e+00	-5.496790e+01
2.670027e+00	-5.485202e+01
2.680027e+00	-6.494587e+01
2.690027e+00	-7.213262e+01
2.700027e+00	-6.078673e+01
2.710027e+00	-6.174005e+01
2.720027e+00	-7.550857e+01
2.730027e+00	-6.884980e+01
2.740027e+00	-6.801978e+01
2.750028e+00	-6.719049e+01
2.760028e+00	-6.874586e+01
2.770028e+00	-6.274831e+01
2.780028e+00	-7.289706e+01
2.790028e+00	-7.092795e+01
2.800028e+00	-6.177935e+01
2.810028e+00	-6.431628e+01
2.820028e+00	-6.165310e+01
2.830028e+00	-7.375687e+01
2.840028e+00	-5.627673e+01
2.850029e+00	-7.970777e+01
2.860029e+00	-6.699414e+01
2.870029e+00	-6.092328e+01
2.880029e+00	-5.980392e+01
2.890029e+00	-5.224644e+01
2.900029e+00	-5.699561e+01
2.910029e+00	-5.680721e+01
2.920029e+00	-5.205521e+01
2.930029e+00	-6.468191e+01
2.940029e+00	-5.628433e+01
2.950030e+00	-5.805701e+01
2.960030e+00	-5.061129e+01
2.970030e+00	-5.824424e+01
2.980030e+00	-5.710021e+01
2.990030e+00	-4.976466e+01
3.000030e+00	-5.105843e+01
3.010030e+00	-5.689792e+01
3.020030e+00	-5.798747e+01
3.030030e+00	-5.753529e+01
3.040030e+00	-5.835254e+01
3.050031e+00	-5.371551e+01
3.060031e+00	-5.220202e+01
3.070031e+00	-6.205226e+01
3.080031e+00	-6.197834e+01
3.090031e+00	-5.427782e+01
3.100031e+00	-5.161873e+01
3.110031e+00	-5.013934e+01
3.120031e+00	-5.228835e+01
3.130031e+00	-5.674228e+01
3.140031e+00	-5.516385e+01
3.150032e+00	-4.987804e+01
3.160032e+00	-5.239413e+01
3.170032e+00	-5.283123e+01
3.180032e+00	-5.519786e+01
3.190032e+00	-5.661509e+01
3.200032e+00	-6.340600e+01
3.210032e+00	-5.818806e+01
3.220032e+00	-5.416996e+01
3.230032e+00	-5.206379e+01
3.240032e+00	-5.509836e+01
3.250033e+00	-5.228394e+01
3.260033e+00	-5.936119e+01
3.270033e+00	-5.379059e+01
3.280033e+00	-7.355432e+01
3.290033e+00	-5.305017e+01
3.300033e+00	-5.762244e+01
3.310033e+00	-6.340702e+01
3.320033e+00	-5.739858e+01
3.330033e+00	-5.930462e+01
3.340033e+00	-5.851909e+01
3.350034e+00	-6.345049e+01
3.360034e+00	-6.616218e+01
3.370034e+00	-5.675611e+01
3.380034e+00	-6.832860e+01
3.390034e+00	-6.179736e+01
3.400034e+00	-6.425618e+01
3.410034e+00	-6.497099e+01
3.420034e+00	-6.015137e+01
3.430034e+00	-5.697353e+01
3.440034e+00	-4.990735e+01
3.450035e+00	-5.160544e+01
3.460035e+00	-7.026416e+01
3.470035e+00	-5.921270e+01
3.480035e+00	-6.891827e+01
3.490035e+00	-5.737393e+01
3.500035e+00	-5.458414e+01
3.510035e+00	-5.400481e+01
3.520035e+00	-6.008923e+01
3.530035e+00	-6.423879e+01
3.540035e+00	-5.791590e+01
3.550036e+00	-6.125256e+01
3.560036e+00	-6.438041e+01
3.570036e+00	-6.236856e+01
3.580036e+00	-5.913353e+01
3.590036e+00	-7.655415e+01
3.600036e+00	-6.814678e+01
3.610036e+00	-6.615488e+01
3.620036e+00	-6.054589e+01
3.630036e+00	-7.596481e+01
3.640036e+00	-7.506276e+01
3.650037e+00	-6.614124e+01
3.660037e+00	-7.537630e+01
3.670037e+00	-6.645750e+01
3.680037e+00	-6.821076e+01
3.690037e+00	-7.167636e+01
3.700037e+00	-6.972308e+01
3.710037e+00	-7.826898e+01
3.720037e+00	-7.147391e+01
3.730037e+00	-7.231452e+01
3.740037e+00	-6.895246e+01
3.750038e+00	-7.072454e+01
3.760038e+00	-7.062866e+01
3.770038e+00	-7.358937e+01
3.780038e+00	-7.156049e+01
3.790038e+00	-7.182628e+01
3.800038e+00	-6.765572e+01
3.810038e+00	-7.196507e+01
3.820038e+00	-6.954635e+01
3.830038e+00	-6.882518e+01
3.840038e+00	-7.059844e+01
3.850039e+00	-7.399909e+01
3.860039e+00	-6.585717e+01
3.870039e+00	-6.514506e+01
3.880039e+00	-6.075375e+01
3.890039e+00	-6.501715e+01
3.900039e+00	-6.205839e+01
3.910039e+00	-7.554678e+01
3.920039e+00	-6.604076e+01
3.930039e+00	-7.382164e+01
3.940039e+00	-6.064930e+01
3.950040e+00	-6.104752e+01
3.960040e+00	-5.701391e+01
3.970040e+00	-6.138952e+01
3.980040e+00	-6.108642e+01
3.990040e+00	-5.716192e+01
4.000040e+00	-5.979383e+01
4.010040e+00	-5.766007e+01
4.020040e+00	-6.592777e+01
4.030040e+00	-5.825223e+01
4.040040e+00	-7.594248e+01
4.050041e+00	-5.874486e+01
4.060041e+00	-5.716395e+01
4.070041e+00	-6.017404e+01
4.080041e+00	-6.268133e+01
4.090041e+00	-5.866178e+01
4.100041e+00	-6.034558e+01
4.110041e+00	-6.408455e+01
4.120041e+00	-5.615470e+01
4.130041e+00	-6.141666e+01
4.140041e+00	-6.051026e+01
4.150042e+00	-5.827366e+01
4.160042e+00	-5.640790e+01
4.170042e+00	-6.072356e+01
4.180042e+00	-6.253507e+01
4.190042e+00	-6.256709e+01
4.200042e+00	-5.598569e+01
4.210042e+00	-6.154574e+01
4.220042e+00	-7.241000e+01
4.230042e+00	-5.788562e+01
4.240042e+00	-6.353218e+01
4.250043e+00	-6.258409e+01
4.260043e+00	-5.528607e+01
4.270043e+00	-5.447105e+01
4.280043e+00	-6.101610e+01
4.290043e+00	-6.304218e+01
4.300043e+00	-5.516947e+01
4.310043e+00	-5.916148e+01
4.320043e+00	-5.478073e+01
4.330043e+00	-6.532683e+01
4.340043e+00	-6.163389e+01
4.350044e+00	-5.984684e+01
4.360044e+00	-6.535909e+01
4.370044e+00	-6.535680e+01
4.380044e+00	-5.910322e+01
4.390044e+00	-5.574814e+01
4.400044e+00	-5.856199e+01
4.410044e+00	-5.873125e+01
4.420044e+00	-6.677748e+01
4.430044e+00	-6.229669e+01
4.440044e+00	-5.713727e+01
4.450045e+00	-5.843520e+01
4.460045e+00	-6.316430e+01
4.470045e+00	-7.107948e+01
4.480045e+00	-5.916821e+01
4.490045e+00	-6.512418e+01
4.500045e+00	-6.223656e+01
4.510045e+00	-5.663623e+01
4.520045e+00	-6.168173e+01
4.530045e+00	-6.186579e+01
4.540045e+00	-5.806438e+01
4.550046e+00	-6.122579e+01
4.560046e+00	-6.866416e+01
4.570046e+00	-6.560477e+01
4.580046e+00	-6.721247e+01
4.590046e+00	-6.071528e+01
4.600046e+00	-6.421677e+01
4.610046e+00	-6.988085e+01
4.620046e+00	-7.243978e+01
4.630046e+00	-8.595232e+01
4.640046e+00	-9.212715e+01
4.650047e+00	-7.116549e+01
4.660047e+00	-6.609176e+01
4.670047e+00	-7.567688e+01
4.680047e+00	-7.767296e+01
4.690047e+00	-7.689300e+01
4.700047e+00	-6.957654e+01
4.710047e+00	-7.329534e+01
4.720047e+00	-7.192447e+01
4.730047e+00	-7.202902e+01
4.740047e+00	-7.304486e+01
4.750048e+00	-7.351307e+01
4.760048e+00	-7.198111e+01
4.770048e+00	-7.178158e+01
4.780048e+00	-7.352274e+01
4.790048e+00	-7.144847e+01
4.800048e+00	-6.997953e+01
4.810048e+00	-7.848681e+01
4.820048e+00	-7.083660e+01
4.830048e+00	-6.885492e+01
4.840048e+00	-7.033971e+01
4.850049e+00	-6.969788e+01
4.860049e+00	-6.832451e+01
4.870049e+00	-6.602341e+01
4.880049e+00	-6.083649e+01
4.890049e+00	-6.678026e+01
4.900049e+00	-6.630842e+01
4.910049e+00	-6.093583e+01
4.920049e+00	-7.423361e+01
4.930049e+00	-7.013716e+01
4.940049e+00	-7.136743e+01
4.950050e+00	-6.811471e+01
4.960050e+00	-6.679560e+01
4.970050e+00	-6.706366e+01
4.980050e+00	-7.389850e+01
4.990050e+00	-6.042919e+01
5.000050e+00	-5.914959e+01
5.010050e+00	-7.402972e+01
5.020050e+00	-6.547285e+01
5.030050e+00	-6.765172e+01
5.040050e+00	-6.550238e+01
5.050051e+00	-6.026540e+01
5.060051e+00	-5.635308e+01
5.070051e+00	-6.235100e+01
5.080051e+00	-6.877515e+01
5.090051e+00	-6.020037e+01
5.100051e+00	-6.269374e+01
5.110051e+00	-7.546566e+01
5.120051e+00	-6.644696e+01
5.130051e+00	-5.854251e+01
5.140051e+00	-5.942995e+01
5.150052e+00	-5.977151e+01
5.160052e+00	-6.393736e+01
5.170052e+00	-5.928581e+01
5.180052e+00	-7.230000e+01
5.190052e+00	-6.231658e+01
5.200052e+00	-6.693130e+01
5.210052e+00	-6.630969e+01
5.220052e+00	-6.300334e+01
5.230052e+00	-6.819881e+01
5.240052e+00	-6.980694e+01
5.250053e+00	-6.940969e+01
5.260053e+00	-6.301783e+01
5.270053e+00	-5.640728e+01
5.280053e+00	-5.734992e+01
5.290053e+00	-6.650034e+01
5.300053e+00	-6.242363e+01
5.310053e+00	-6.919505e+01
5.320053e+00	-5.969654e+01
5.330053e+00	-7.434240e+01
5.340053e+00	-6.907707e+01
5.350054e+00	-8.790029e+01
5.360054e+00	-6.157609e+01
5.370054e+00	-6.762608e+01
5.380054e+00	-6.346738e+01
5.390054e+00	-6.453420e+01
5.400054e+00	-5.806033e+01
5.410054e+00	-6.172397e+01
5.420054e+00	-6.068318e+01
5.430054e+00	-6.433864e+01
5.440054e+00	-7.157604e+01
5.450055e+00	-6.375071e+01
5.460055e+00	-6.205597e+01
5.470055e+00	-5.969419e+01
5.480055e+00	-6.766231e+01
5.490055e+00	-7.436300e+01
5.500055e+00	-7.009892e+01
5.510055e+00	-6.782362e+01
5.520055e+00	-6.327453e+01
5.530055e+00	-7.994907e+01
5.540055e+00	-6.973561e+01
5.550056e+00	-6.306533e+01
5.560056e+00	-6.987000e+01
5.570056e+00	-7.026517e+01
5.580056e+00	-7.179965e+01
5.590056e+00	-8.247567e+01
5.600056e+00	-7.235452e+01
5.610056e+00	-7.309965e+01
5.620056e+00	-7.933418e+01
5.630056e+00	-7.593521e+01
5.640056e+00	-7.283671e+01
5.650057e+00	-7.299608e+01
5.660057e+00	-7.581923e+01
5.670057e+00	-7.723407e+01
5.680057e+00	-7.249955e+01
5.690057e+00	-7.089601e+01
5.700057e+00	-7.908440e+01
5.710057e+00	-7.654335e+01
5.720057e+00	-7.610497e+01
5.730057e+00	-7.495950e+01
5.740057e+00	-7.424983e+01
5.750058e+00	-7.471832e+01
5.760058e+00	-7.581889e+01
5.770058e+00	-7.754722e+01
5.780058e+00	-7.448230e+01
5.790058e+00	-7.406841e+01
5.800058e+00	-7.081971e+01
5.810058e+00	-7.271346e+01
5.820058e+00	-7.856243e+01
5.830058e+00	-7.826959e+01
5.840058e+00	-7.193663e+01
5.850059e+00	-7.661998e+01
5.860059e+00	-7.989447e+01
5.870059e+00	-6.884902e+01
5.880059e+00	-6.283044e+01
5.890059e+00	-6.770090e+01
5.900059e+00	-6.909437e+01
5.910059e+00	-6.960487e+01
5.920059e+00	-7.036730e+01
5.930059e+00	-6.910525e+01
5.940059e+00	-7.619047e+01
5.950060e+00	-6.268041e+01
5.960060e+00	-7.129460e+01
5.970060e+00	-6.366578e+01
5.980060e+00	-6.126636e+01
5.990060e+00	-6.429798e+01
6.000060e+00	-6.565614e+01
6.010060e+00	-6.961742e+01
6.020060e+00	-6.868677e+01
6.030060e+00	-6.110364e+01
6.040060e+00	-6.975545e+01
6.050061e+00	-6.840960e+01
6.060061e+00	-6.309117e+01
6.070061e+00	-6.054861e+01
6.080061e+00	-6.406849e+01
6.090061e+00	-6.298724e+01
6.100061e+00	-7.433705e+01
6.110061e+00	-6.173862e+01
6.120061e+00	-6.051870e+01
6.130061e+00	-7.130344e+01
6.140061e+00	-6.861599e+01
6.150062e+00	-7.124336e+01
6.160062e+00	-5.897976e+01
6.170062e+00	-6.053721e+01
6.180062e+00	-6.538543e+01
6.190062e+00	-6.431421e+01
6.200062e+00	-6.211561e+01
6.210062e+00	-6.333181e+01
6.220062e+00	-6.204495e+01
6.230062e+00	-7.942009e+01
6.240062e+00	-6.292486e+01
6.250063e+00	-6.750151e+01
6.260063e+00	-6.108947e+01
6.270063e+00	-6.195373e+01
6.280063e+00	-7.147343e+01
6.290063e+00	-5.720264e+01
6.300063e+00	-6.817127e+01
6.310063e+00	-6.424680e+01
6.320063e+00	-6.367770e+01
6.330063e+00	-7.407763e+01
6.340063e+00	-6.688966e+01
6.350064e+00	-7.137701e+01
6.360064e+00	-6.610538e+01
6.370064e+00	-6.446801e+01
6.380064e+00	-6.470285e+01
6.390064e+00	-6.393195e+01
6.400064e+00	-6.101091e+01
6.410064e+00	-6.118766e+01
6.420064e+00	-6.426079e+01
6.430064e+00	-7.210830e+01
6.440064e+00	-7.272330e+01
6.450065e+00	-6.741124e+01
6.460065e+00	-7.040025e+01
6.470065e+00	-6.707711e+01
6.480065e+00	-6.644494e+01
6.490065e+00	-7.291085e+01
6.500065e+00	-7.209937e+01
6.510065e+00	-7.136190e+01
6.520065e+00	-7.048264e+01
6.530065e+00	-6.671914e+01
6.540065e+00	-8.250128e+01
6.550066e+00	-7.279955e+01
6.560066e+00	-6.701826e+01
6.570066e+00	-8.060817e+01
6.580066e+00	-7.151652e+01
6.590066e+00	-7.141929e+01
6.600066e+00	-6.940325e+01
6.610066e+00	-7.483814e+01
6.620066e+00	-8.068603e+01
6.630066e+00	-7.410012e+01
6.640066e+00	-7.692876e+01
6.650067e+00	-7.999633e+01
6.660067e+00	-7.996109e+01
6.670067e+00	-7.367755e+01
6.680067e+00	-7.422317e+01
6.690067e+00	-7.552673e+01
6.700067e+00	-7.699867e+01
6.710067e+00	-7.540275e+01
6.720067e+00	-7.635097e+01
6.730067e+00	-7.360621e+01
6.740067e+00	-7.506180e+01
6.750068e+00	-7.680798e+01
6.760068e+00	-9.664436e+01
6.770068e+00	-7.257145e+01
6.780068e+00	-7.682129e+01
6.790068e+00	-7.438303e+01
6.800068e+00	-6.770922e+01
6.810068e+00	-7.408668e+01
6.820068e+00	-7.918529e+01
6.830068e+00	-7.317048e+01
6.840068e+00	-7.958363e+01
6.850069e+00	-7.818272e+01
6.860069e+00	-8.171761e+01
6.870069e+00	-9.075265e+01
6.880069e+00	-6.754509e+01
6.890069e+00	-7.266107e+01
6.900069e+00	-7.313635e+01
6.910069e+00	-7.818137e+01
6.920069e+00	-6.881004e+01
6.930069e+00	-9.724786e+01
6.940069e+00	-7.376444e+01
6.950070e+00	-7.135751e+01
6.960070e+00	-7.251430e+01
6.970070e+00	-6.647918e+01
6.980070e+00	-7.502012e+01
6.990070e+00	-6.437722e+01
7.000070e+00	-7.675301e+01
7.010070e+00	-7.505416e+01
7.020070e+00	-6.174117e+01
7.030070e+00	-6.808516e+01
7.040070e+00	-7.067879e+01
7.050071e+00	-6.855587e+01
7.060071e+00	-7.313130e+01
7.070071e+00	-6.957895e+01
7.080071e+00	-6.590373e+01
7.090071e+00	-6.730968e+01
7.100071e+00	-6.546402e+01
7.110071e+00	-6.446833e+01
7.120071e+00	-6.596017e+01
7.130071e+00	-6.185724e+01
7.140071e+00	-8.272201e+01
7.150072e+00	-7.734151e+01
7.160072e+00	-6.456984e+01
7.170072e+00	-6.513370e+01
7.180072e+00	-7.015981e+01
7.190072e+00	-6.313189e+01
7.200072e+00	-6.155762e+01
7.210072e+00	-6.537303e+01
7.220072e+00	-6.882304e+01
7.230072e+00	-6.771389e+01
7.240072e+00	-7.331514e+01
7.250073e+00	-6.901898e+01
7.260073e+00	-6.844258e+01
7.270073e+00	-7.807129e+01
7.280073e+00	-7.007051e+01
7.290073e+00	-7.182368e+01
7.300073e+00	-6.593206e+01
7.310073e+00	-7.454470e+01
7.320073e+00	-7.103424e+01
7.330073e+00	-6.874014e+01
7.340073e+00	-6.387237e+01
7.350074e+00	-6.606974e+01
7.360074e+00	-6.972685e+01
7.370074e+00	-7.208787e+01
7.380074e+00	-6.503666e+01
7.390074e+00	-6.711989e+01
7.400074e+00	-7.052873e+01
7.410074e+00	-6.481580e+01
7.420074e+00	-7.212844e+01
7.430074e+00	-6.748118e+01
7.440074e+00	-7.318555e+01
7.450075e+00	-7.337806e+01
7.460075e+00	-6.859759e+01
7.470075e+00	-9.092301e+01
7.480075e+00	-7.292426e+01
7.490075e+00	-6.727792e+01
7.500075e+00	-7.154747e+01
7.510075e+00	-7.823633e+01
7.520075e+00	-7.058421e+01
7.530075e+00	-7.751976e+01
7.540075e+00	-7.415041e+01
7.550076e+00	-7.996227e+01
7.560076e+00	-7.562722e+01
7.570076e+00	-6.929671e+01
7.580076e+00	-7.422427e+01
7.590076e+00	-7.034401e+01
7.600076e+00	-7.868489e+01
7.610076e+00	-8.051148e+01
7.620076e+00	-8.550223e+01
7.630076e+00	-7.241714e+01
7.640076e+00	-7.662314e+01
7.650077e+00	-7.680003e+01
7.660077e+00	-7.546006e+01
7.670077e+00	-7.624117e+01
7.680077e+00	-7.571279e+01
7.690077e+00	-7.741744e+01
7.700077e+00	-7.790501e+01
7.710077e+00	-7.729144e+01
7.720077e+00	-7.720983e+01
7.730077e+00	-7.850098e+01
7.740077e+00	-7.505917e+01
7.750078e+00	-7.730582e+01
7.760078e+00	-7.593249e+01
7.770078e+00	-8.452566e+01
7.780078e+00	-7.277600e+01
7.790078e+00	-7.154382e+01
7.800078e+00	-7.094423e+01
7.810078e+00	-7.973953e+01
7.820078e+00	-7.172712e+01
7.830078e+00	-7.067844e+01
7.840078e+00	-6.921233e+01
7.850079e+00	-7.269334e+01
7.860079e+00	-7.504261e+01
7.870079e+00	-7.496178e+01
7.880079e+00	-8.236838e+01
7.890079e+00	-7.672068e+01
7.900079e+00	-7.842579e+01
7.910079e+00	-7.099021e+01
7.920079e+00	-6.788840e+01
7.930079e+00	-7.335950e+01
7.940079e+00	-7.598711e+01
7.950080e+00	-7.368119e+01
7.960080e+00	-8.090598e+01
7.970080e+00	-7.228941e+01
7.980080e+00	-6.927164e+01
7.990080e+00	-6.481050e+01
8.000080e+00	-7.655664e+01
8.010080e+00	-6.893035e+01
8.020080e+00	-6.691765e+01
8.030080e+00	-6.621163e+01
8.040080e+00	-7.456369e+01
8.050081e+00	-8.112322e+01
8.060081e+00	-7.013224e+01
8.070081e+00	-6.795507e+01
8.080081e+00	-6.929815e+01
8.090081e+00	-6.655416e+01
8.100081e+00	-6.730623e+01
8.110081e+00	-6.867910e+01
8.120081e+00	-8.082386e+01
8.130081e+00	-6.653254e+01
8.140081e+00	-6.676601e+01
8.150082e+00	-7.699018e+01
8.160082e+00	-6.961408e+01
8.170082e+00	-7.956369e+01
8.180082e+00	-7.079131e+01
8.190082e+00	-6.606425e+01
8.200082e+00	-6.816905e+01
8.210082e+00	-6.980820e+01
8.220082e+00	-6.975986e+01
8.230082e+00	-6.922776e+01
8.240082e+00	-7.621837e+01
8.250083e+00	-6.713809e+01
8.260083e+00	-7.673408e+01
8.270083e+00	-6.810649e+01
8.280083e+00	-6.793128e+01
8.290083e+00	-6.884164e+01
8.300083e+00	-8.043271e+01
8.310083e+00	-7.325859e+01
8.320083e+00	-6.935126e+01
8.330083e+00	-6.910800e+01
8.340083e+00	-7.253912e+01
8.350084e+00	-8.294049e+01
8.360084e+00	-6.335060e+01
8.370084e+00	-7.086076e+01
8.380084e+00	-6.541250e+01
8.390084e+00	-6.894589e+01
8.400084e+00	-7.500501e+01
8.410084e+00	-6.443269e+01
8.420084e+00	-6.441964e+01
8.430084e+00	-7.286669e+01
8.440084e+00	-7.404223e+01
8.450085e+00	-7.599808e+01
8.460085e+00	-7.505031e+01
8.470085e+00	-8.353304e+01
8.480085e+00	-8.169724e+01
8.490085e+00	-6.456161e+01
8.500085e+00	-7.076541e+01
8.510085e+00	-7.830956e+01
8.520085e+00	-7.093788e+01
8.530085e+00	-7.274218e+01
8.540085e+00	-8.267788e+01
8.550086e+00	-9.257237e+01
8.560086e+00	-8.396874e+01
8.570086e+00	-7.164380e+01
8.580086e+00	-9.095537e+01
8.590086e+00	-8.096340e+01
8.600086e+00	-7.704947e+01
8.610086e+00	-7.490170e+01
8.620086e+00	-7.928884e+01
8.630086e+00	-7.635747e+01
8.640086e+00	-7.968032e+01
8.650087e+00	-7.639623e+01
8.660087e+00	-7.666553e+01
8.670087e+00	-7.648109e+01
8.680087e+00	-7.700029e+01
8.690087e+00	-7.667636e+01
8.700087e+00	-7.854168e+01
8.710087e+00	-7.468482e+01
8.720087e+00	-7.780944e+01
8.730087e+00	-7.748703e+01
8.740087e+00	-7.574265e+01
8.750088e+00	-7.781730e+01
8.760088e+00	-7.702699e+01
8.770088e+00	-7.469574e+01
8.780088e+00	-7.887536e+01
8.790088e+00	-7.200000e+01
8.800088e+00	-7.378167e+01
8.810088e+00	-7.229245e+01
8.820088e+00	-7.721261e+01
8.830088e+00	-7.439614e+01
8.840088e+00	-7.354453e+01
8.850089e+00	-8.142380e+01
8.860089e+00	-8.355082e+01
8.870089e+00	-7.202666e+01
8.880089e+00	-7.460118e+01
8.890089e+00	-6.740734e+01
8.900089e+00	-6.875410e+01
8.910089e+00	-7.544470e+01
8.920089e+00	-7.248441e+01
8.930089e+00	-6.706292e+01
8.940089e+00	-6.574703e+01
8.950090e+00	-7.316330e+01
8.960090e+00	-6.747977e+01
8.970090e+00	-6.600807e+01
8.980090e+00	-7.432715e+01
8.990090e+00	-6.885677e+01
9.000090e+00	-6.434595e+01
9.010090e+00	-6.940451e+01
9.020090e+00	-7.810035e+01
9.030090e+00	-8.076023e+01
9.040090e+00	-7.060573e+01
9.050091e+00	-6.511565e+01
9.060091e+00	-6.755319e+01
9.070091e+00	-8.391401e+01
9.080091e+00	-6.143232e+01
9.090091e+00	-7.376567e+01
9.100091e+00	-6.946866e+01
9.110091e+00	-6.522850e+01
9.120091e+00	-7.116695e+01
9.130091e+00	-7.297036e+01
9.140091e+00	-6.523782e+01
9.150092e+00	-7.008677e+01
9.160092e+00	-7.522766e+01
9.170092e+00	-6.936008e+01
9.180092e+00	-6.901914e+01
9.190092e+00	-7.459798e+01
9.200092e+00	-7.020523e+01
9.210092e+00	-6.774656e+01
9.220092e+00	-6.918136e+01
9.230092e+00	-7.719644e+01
9.240092e+00	-7.607615e+01
9.250093e+00	-6.808428e+01
9.260093e+00	-6.843702e+01
9.270093e+00	-6.393261e+01
9.280093e+00	-7.828432e+01
9.290093e+00	-6.213029e+01
9.300093e+00	-6.878029e+01
9.310093e+00	-8.303528e+01
9.320093e+00	-6.863461e+01
9.330093e+00	-7.934825e+01
9.340093e+00	-6.698249e+01
9.350094e+00	-7.837540e+01
9.360094e+00	-7.414296e+01
9.370094e+00	-7.882385e+01
9.380094e+00	-7.525469e+01
9.390094e+00	-6.898135e+01
9.400094e+00	-7.041353e+01
9.410094e+00	-7.265319e+01
9.420094e+00	-7.119118e+01
9.430094e+00	-6.797685e+01
9.440094e+00	-7.230614e+01
9.450095e+00	-7.760377e+01
9.460095e+00	-7.759562e+01
9.470095e+00	-7.060848e+01
9.480095e+00	-7.270205e+01
9.490095e+00	-7.096244e+01
9.500095e+00	-7.201008e+01
9.510095e+00	-7.936869e+01
9.520095e+00	-8.156622e+01
9.530095e+00	-8.005701e+01
9.540095e+00	-8.320538e+01
9.550096e+00	-7.260182e+01
9.560096e+00	-7.771692e+01
9.570096e+00	-8.062179e+01
9.580096e+00	-8.001325e+01
9.590096e+00	-7.432479e+01
9.600096e+00	-7.461304e+01
9.610096e+00	-7.617812e+01
9.620096e+00	-7.981152e+01
9.630096e+00	-7.767919e+01
9.640096e+00	-7.893719e+01
9.650097e+00	-7.764911e+01
9.660097e+00	-7.694238e+01
9.670097e+00	-7.695732e+01
9.680097e+00	-7.570867e+01
9.690097e+00	-7.918086e+01
9.700097e+00	-7.982081e+01
9.710097e+00	-7.918623e+01
9.720097e+00	-8.399452e+01
9.730097e+00	-7.584563e+01
9.740097e+00	-7.578340e+01
9.750098e+00	-7.830583e+01
9.760098e+00	-7.498535e+01
9.770098e+00	-7.753511e+01
9.780098e+00	-7.609533e+01
9.790098e+00	-8.243851e+01
9.800098e+00	-6.874060e+01
9.810098e+00	-7.396035e+01
9.820098e+00	-7.083411e+01
9.830098e+00	-7.296379e+01
9.840098e+00	-7.003708e+01
9.850099e+00	-7.005799e+01
9.860099e+00	-8.214719e+01
9.870099e+00	-7.520074e+01
9.880099e+00	-6.701398e+01
9.890099e+00	-7.136421e+01
9.900099e+00	-7.616130e+01
9.910099e+00	-8.246705e+01
9.920099e+00	-9.068950e+01
9.930099e+00	-7.499223e+01
9.940099e+00	-7.273897e+01
9.950100e+00	-7.412033e+01
9.960100e+00	-6.895649e+01
9.970100e+00	-7.480635e+01
9.980100e+00	-8.066531e+01
9.990100e+00	-7.071914e+01
1.000010e+01	-8.250573e+01
1.001010e+01	-6.741913e+01
1.002010e+01	-7.591245e+01
1.003010e+01	-6.721870e+01
1.004010e+01	-6.847936e+01
1.005010e+01	-6.328750e+01
1.006010e+01	-7.059725e+01
1.007010e+01	-6.651783e+01
1.008010e+01	-8.020078e+01
1.009010e+01	-6.520149e+01
1.010010e+01	-6.922856e+01
1.011010e+01	-6.765211e+01
1.012010e+01	-7.263090e+01
1.013010e+01	-7.376121e+01
1.014010e+01	-6.782413e+01
1.015010e+01	-7.884309e+01
1.016010e+01	-8.476946e+01
1.017010e+01	-7.116201e+01
1.018010e+01	-7.295717e+01
1.019010e+01	-6.949784e+01
1.020010e+01	-9.754095e+01
1.021010e+01	-6.870935e+01
1.022010e+01	-6.889326e+01
1.023010e+01	-8.057849e+01
1.024010e+01	-6.926403e+01
1.025010e+01	-7.388003e+01
1.026010e+01	-7.353472e+01
1.027010e+01	-7.239001e+01
1.028010e+01	-7.053185e+01
1.029010e+01	-6.952034e+01
1.030010e+01	-6.998589e+01
1.031010e+01	-6.627727e+01
1.032010e+01	-8.327869e+01
1.033010e+01	-7.726720e+01
1.034010e+01	-7.668295e+01
1.035010e+01	-6.834377e+01
1.036010e+01	-6.983786e+01
1.037010e+01	-7.463733e+01
1.038010e+01	-7.323725e+01
1.039010e+01	-7.438788e+01
1.040010e+01	-7.378188e+01
1.041010e+01	-7.040126e+01
1.042010e+01	-6.996836e+01
1.043010e+01	-6.871397e+01
1.044010e+01	-7.674321e+01
1.045010e+01	-7.289942e+01
1.046010e+01	-7.315217e+01
1.047010e+01	-6.842762e+01
1.048010e+01	-8.385678e+01
1.049010e+01	-8.753691e+01
1.050011e+01	-7.796065e+01
1.051011e+01	-8.141373e+01
1.052011e+01	-8.066569e+01
1.053011e+01	-7.691195e+01
1.054011e+01	-7.913012e+01
1.055011e+01	-7.738444e+01
1.056011e+01	-8.083141e+01
1.057011e+01	-7.620139e+01
1.058011e+01	-7.739725e+01
1.059011e+01	-7.975961e+01
1.060011e+01	-7.796351e+01
1.061011e+01	-7.855527e+01
1.062011e+01	-7.829279e+01
1.063011e+01	-7.790837e+01
1.064011e+01	-7.690076e+01
1.065011e+01	-8.056832e+01
1.066011e+01	-7.910388e+01
1.067011e+01	-8.222077e+01
1.068011e+01	-7.709359e+01
1.069011e+01	-7.693107e+01
1.070011e+01	-7.486417e+01
1.071011e+01	-7.864145e+01
1.072011e+01	-7.475262e+01
1.073011e+01	-7.751597e+01
1.074011e+01	-8.103678e+01
1.075011e+01	-7.110088e+01
1.076011e+01	-7.146264e+01
1.077011e+01	-9.064138e+01
1.078011e+01	-7.624948e+01
1.079011e+01	-8.066233e+01
1.080011e+01	-7.374017e+01
1.081011e+01	-7.892501e+01
1.082011e+01	-7.563000e+01
1.083011e+01	-7.916940e+01
1.084011e+01	-6.913860e+01
1.085011e+01	-7.001571e+01
1.086011e+01	-1.037630e+02
1.087011e+01	-6.891607e+01
1.088011e+01	-7.955569e+01
1.089011e+01	-8.036612e+01
1.090011e+01	-8.269524e+01
1.091011e+01	-6.941833e+01
1.092011e+01	-7.005613e+01
1.093011e+01	-7.011121e+01
1.094011e+01	-7.354825e+01
1.095011e+01	-9.181945e+01
1.096011e+01	-6.690215e+01
1.097011e+01	-7.075406e+01
1.098011e+01	-7.508167e+01
1.099011e+01	-8.846765e+01
1.100011e+01	-6.937290e+01
1.101011e+01	-6.629992e+01
1.102011e+01	-7.618315e+01
1.103011e+01	-6.684324e+01
1.104011e+01	-7.119904e+01
1.105011e+01	-6.765393e+01
1.106011e+01	-6.847260e+01
1.107011e+01	-6.892211e+01
1.108011e+01	-7.516050e+01
1.109011e+01	-6.833140e+01
1.110011e+01	-7.781226e+01
1.111011e+01	-8.043959e+01
1.112011e+01	-7.148195e+01
1.113011e+01	-7.490898e+01
1.114011e+01	-6.842264e+01
1.115011e+01	-6.974905e+01
1.116011e+01	-7.940736e+01
1.117011e+01	-7.778873e+01
1.118011e+01	-7.482104e+01
1.119011e+01	-6.539954e+01
1.120011e+01	-6.509367e+01
1.121011e+01	-6.960913e+01
1.122011e+01	-7.348077e+01
1.123011e+01	-6.925525e+01
1.124011e+01	-8.544297e+01
1.125011e+01	-8.424373e+01
1.126011e+01	-7.287191e+01
1.127011e+01	-6.981279e+01
1.128011e+01	-6.908689e+01
1.129011e+01	-7.046718e+01
1.130011e+01	-8.077257e+01
1.131011e+01	-8.555151e+01
1.132011e+01	-8.316934e+01
1.133011e+01	-6.741659e+01
1.134011e+01	-9.262020e+01
1.135011e+01	-6.989805e+01
1.136011e+01	-8.631727e+01
1.137011e+01	-7.836974e+01
1.138011e+01	-7.011271e+01
1.139011e+01	-8.169063e+01
1.140011e+01	-8.055636e+01
1.141011e+01	-7.562908e+01
1.142011e+01	-8.788912e+01
1.143011e+01	-7.535405e+01
1.144011e+01	-7.595270e+01
1.145011e+01	-7.795974e+01
1.146011e+01	-7.730940e+01
1.147011e+01	-7.468704e+01
1.148011e+01	-7.772834e+01
1.149011e+01	-7.388024e+01
1.150012e+01	-9.531199e+01
1.151012e+01	-7.613978e+01
1.152012e+01	-7.837623e+01
1.153012e+01	-8.036677e+01
1.154012e+01	-8.225769e+01
1.155012e+01	-7.942339e+01
1.156012e+01	-7.845355e+01
1.157012e+01	-8.047817e+01
1.158012e+01	-7.821930e+01
1.159012e+01	-7.795700e+01
1.160012e+01	-7.770779e+01
1.161012e+01	-7.755847e+01
1.162012e+01	-8.136860e+01
1.163012e+01	-8.429068e+01
1.164012e+01	-8.108001e+01
1.165012e+01	-7.498031e+01
1.166012e+01	-8.360714e+01
1.167012e+01	-7.847165e+01
1.168012e+01	-7.391034e+01
1.169012e+01	-7.711329e+01
1.170012e+01	-8.328148e+01
1.171012e+01	-8.129729e+01
1.172012e+01	-7.349028e+01
1.173012e+01	-7.684289e+01
1.174012e+01	-7.501450e+01
1.175012e+01	-7.429453e+01
1.176012e+01	-7.578570e+01
1.177012e+01	-7.072710e+01
1.178012e+01	-7.202854e+01
1.179012e+01	-7.506211e+01
1.180012e+01	-7.358325e+01
1.181012e+01	-7.761794e+01
1.182012e+01	-7.294492e+01
1.183012e+01	-6.932011e+01
1.184012e+01	-7.838614e+01
1.185012e+01	-7.331018e+01
1.186012e+01	-7.476343e+01
1.187012e+01	-6.702591e+01
1.188012e+01	-6.577690e+01
1.189012e+01	-7.477648e+01
1.190012e+01	-7.306708e+01
1.191012e+01	-7.209571e+01
1.192012e+01	-7.653307e+01
1.193012e+01	-7.241963e+01
1.194012e+01	-7.767314e+01
1.195012e+01	-7.398251e+01
1.196012e+01	-7.284169e+01
1.197012e+01	-6.883959e+01
1.198012e+01	-7.254667e+01
1.199012e+01	-7.086944e+01
1.200012e+01	-7.206785e+01
1.201012e+01	-6.954451e+01
1.202012e+01	-8.859789e+01
1.203012e+01	-6.619273e+01
1.204012e+01	-7.417828e+01
1.205012e+01	-7.347023e+01
1.206012e+01	-7.344662e+01
1.207012e+01	-7.683675e+01
1.208012e+01	-6.500640e+01
1.209012e+01	-6.902473e+01
1.210012e+01	-6.779093e+01
1.211012e+01	-6.978153e+01
1.212012e+01	-7.182327e+01
1.213012e+01	-6.397686e+01
1.214012e+01	-7.186956e+01
1.215012e+01	-7.662170e+01
1.216012e+01	-7.347610e+01
1.217012e+01	-6.713136e+01
1.218012e+01	-6.843372e+01
1.219012e+01	-7.106050e+01
1.220012e+01	-8.217573e+01
1.221012e+01	-8.879589e+01
1.222012e+01	-7.803542e+01
1.223012e+01	-7.911038e+01
1.224012e+01	-8.449287e+01
1.225012e+01	-6.786485e+01
1.226012e+01	-7.788413e+01
1.227012e+01	-7.676192e+01
1.228012e+01	-7.442888e+01
1.229012e+01	-7.395145e+01
1.230012e+01	-6.780796e+01
1.231012e+01	-6.707335e+01
1.232012e+01	-7.305448e+01
1.233012e+01	-7.182770e+01
1.234012e+01	-8.560886e+01
1.235012e+01	-7.121616e+01
1.236012e+01	-7.324264e+01
1.237012e+01	-7.552884e+01
1.238012e+01	-7.486092e+01
1.239012e+01	-7.226616e+01
1.240012e+01	-7.358357e+01
1.241012e+01	-7.061476e+01
1.242012e+01	-7.452929e+01
1.243012e+01	-7.267734e+01
1.244012e+01	-8.011421e+01
1.245012e+01	-8.287198e+01
1.246012e+01	-7.977119e+01
1.247012e+01	-7.466528e+01
1.248012e+01	-8.010790e+01
1.249012e+01	-7.537358e+01
1.250013e+01	-7.578586e+01
1.251013e+01	-8.515959e+01
1.252013e+01	-8.300776e+01
1.253013e+01	-8.253906e+01
1.254013e+01	-7.936354e+01
1.255013e+01	-8.115892e+01
1.256013e+01	-7.858104e+01
1.257013e+01	-7.803921e+01
1.258013e+01	-7.831742e+01
1.259013e+01	-8.013861e+01
1.260013e+01	-7.867095e+01
1.261013e+01	-7.877174e+01
1.262013e+01	-7.664320e+01
1.263013e+01	-7.780977e+01
1.264013e+01	-7.971697e+01
1.265013e+01	-8.199306e+01
1.266013e+01	-7.686163e+01
1.267013e+01	-8.042391e+01
1.268013e+01	-7.985156e+01
1.269013e+01	-7.671048e+01
1.270013e+01	-9.000165e+01
1.271013e+01	-7.969866e+01
1.272013e+01	-8.208527e+01
1.273013e+01	-8.026014e+01
1.274013e+01	-7.085446e+01
1.275013e+01	-7.426217e+01
1.276013e+01	-7.767964e+01
1.277013e+01	-7.719829e+01
1.278013e+01	-7.524005e+01
1.279013e+01	-7.630514e+01
1.280013e+01	-8.598525e+01
1.281013e+01	-7.036306e+01
1.282013e+01	-7.437167e+01
1.283013e+01	-8.057955e+01
1.284013e+01	-7.083014e+01
1.285013e+01	-7.515314e+01
1.286013e+01	-8.613579e+01
1.287013e+01	-7.794646e+01
1.288013e+01	-6.718843e+01
1.289013e+01	-7.193739e+01
1.290013e+01	-7.925030e+01
1.291013e+01	-7.311375e+01
1.292013e+01	-7.083449e+01
1.293013e+01	-7.502270e+01
1.294013e+01	-8.319437e+01
1.295013e+01	-6.680336e+01
1.296013e+01	-7.532956e+01
1.297013e+01	-7.638839e+01
1.298013e+01	-8.528897e+01
1.299013e+01	-7.065858e+01
1.300013e+01	-7.089396e+01
1.301013e+01	-7.338454e+01
1.302013e+01	-6.808701e+01
1.303013e+01	-7.237691e+01
1.304013e+01	-7.353783e+01
1.305013e+01	-8.913594e+01
1.306013e+01	-7.950166e+01
1.307013e+01	-6.570000e+01
1.308013e+01	-7.461926e+01
1.309013e+01	-7.385380e+01
1.310013e+01	-7.947277e+01
1.311013e+01	-7.132622e+01
1.312013e+01	-7.045024e+01
1.313013e+01	-6.967170e+01
1.314013e+01	-7.439734e+01
1.315013e+01	-7.032066e+01
1.316013e+01	-7.654305e+01
1.317013e+01	-6.684153e+01
1.318013e+01	-7.184147e+01
1.319013e+01	-8.140576e+01
1.320013e+01	-7.965064e+01
1.321013e+01	-7.631744e+01
1.322013e+01	-6.948690e+01
1.323013e+01	-6.682695e+01
1.324013e+01	-8.414576e+01
1.325013e+01	-7.244239e+01
1.326013e+01	-7.549091e+01
1.327013e+01	-7.600409e+01
1.328013e+01	-7.824694e+01
1.329013e+01	-7.454780e+01
1.330013e+01	-7.423900e+01
1.331013e+01	-6.840715e+01
1.332013e+01	-7.343551e+01
1.333013e+01	-7.243261e+01
1.334013e+01	-7.064896e+01
1.335013e+01	-7.339269e+01
1.336013e+01	-8.000365e+01
1.337013e+01	-8.223611e+01
1.338013e+01	-8.524639e+01
1.339013e+01	-8.844027e+01
1.340013e+01	-8.017335e+01
1.341013e+01	-7.355645e+01
1.342013e+01	-8.039156e+01
1.343013e+01	-7.529031e+01
1.344013e+01	-8.514111e+01
1.345013e+01	-7.460845e+01
1.346013e+01	-7.735414e+01
1.347013e+01	-8.268525e+01
1.348013e+01	-7.547977e+01
1.349013e+01	-7.831338e+01
1.350014e+01	-8.152837e+01
1.351014e+01	-7.991694e+01
1.352014e+01	-7.887821e+01
1.353014e+01	-7.931569e+01
1.354014e+01	-8.065167e+01
1.355014e+01	-7.727541e+01
1.356014e+01	-8.170974e+01
1.357014e+01	-7.828184e+01
1.358014e+01	-7.692105e+01
1.359014e+01	-7.787042e+01
1.360014e+01	-8.062561e+01
1.361014e+01	-7.544978e+01
1.362014e+01	-8.315396e+01
1.363014e+01	-8.082131e+01
1.364014e+01	-8.835745e+01
1.365014e+01	-7.857115e+01
1.366014e+01	-7.460839e+01
1.367014e+01	-7.401254e+01
1.368014e+01	-9.266302e+01
1.369014e+01	-7.566754e+01
1.370014e+01	-7.609202e+01
1.371014e+01	-7.406090e+01
1.372014e+01	-7.914105e+01
1.373014e+01	-9.014811e+01
1.374014e+01	-8.297496e+01
1.375014e+01	-7.162718e+01
1.376014e+01	-7.116088e+01
1.377014e+01	-7.924476e+01
1.378014e+01	-7.575034e+01
1.379014e+01	-7.632221e+01
1.380014e+01	-6.851763e+01
1.381014e+01	-7.641864e+01
1.382014e+01	-7.633837e+01
1.383014e+01	-8.312679e+01
1.384014e+01	-6.957086e+01
1.385014e+01	-7.661057e+01
1.386014e+01	-7.451113e+01
1.387014e+01	-7.597599e+01
1.388014e+01	-7.155357e+01
1.389014e+01	-8.239466e+01
1.390014e+01	-7.661341e+01
1.391014e+01	-8.074171e+01
1.392014e+01	-7.269742e+01
1.393014e+01	-7.765914e+01
1.394014e+01	-8.048484e+01
1.395014e+01	-7.869885e+01
1.396014e+01	-7.833317e+01
1.397014e+01	-7.482018e+01
1.398014e+01	-7.154166e+01
1.399014e+01	-6.843196e+01
1.400014e+01	-7.292598e+01
1.401014e+01	-7.768671e+01
1.402014e+01	-7.887728e+01
1.403014e+01	-7.140941e+01
1.404014e+01	-8.273368e+01
1.405014e+01	-6.775632e+01
1.406014e+01	-7.568854e+01
1.407014e+01	-8.025597e+01
1.408014e+01	-8.240957e+01
1.409014e+01	-7.408971e+01
1.410014e+01	-7.244301e+01
1.411014e+01	-7.487265e+01
1.412014e+01	-6.862173e+01
1.413014e+01	-6.698726e+01
1.414014e+01	-8.056183e+01
1.415014e+01	-7.153703e+01
1.416014e+01	-7.623450e+01
1.417014e+01	-7.668291e+01
1.418014e+01	-6.857363e+01
1.419014e+01	-7.622058e+01
1.420014e+01	-7.536415e+01
1.421014e+01	-7.837601e+01
1.422014e+01	-7.877588e+01
1.423014e+01	-7.929618e+01
1.424014e+01	-7.941012e+01
1.425014e+01	-1.009790e+02
1.426014e+01	-8.715866e+01
1.427014e+01	-9.016547e+01
1.428014e+01	-8.227164e+01
1.429014e+01	-7.767592e+01
1.430014e+01	-8.528626e+01
1.431014e+01	-7.165563e+01
1.432014e+01	-7.335474e+01
1.433014e+01	-7.413900e+01
1.434014e+01	-7.188397e+01
1.435014e+01	-7.205353e+01
1.436014e+01	-8.065537e+01
1.437014e+01	-7.337581e+01
1.438014e+01	-7.518035e+01
1.439014e+01	-8.001906e+01
1.440014e+01	-7.670565e+01
1.441014e+01	-7.628164e+01
1.442014e+01	-8.417109e+01
1.443014e+01	-7.432603e+01
1.444014e+01	-7.967161e+01
1.445014e+01	-7.540798e+01
1.446014e+01	-7.873984e+01
1.447014e+01	-8.036392e+01
1.448014e+01	-8.171885e+01
1.449014e+01	-8.151536e+01
1.450015e+01	-8.100941e+01
1.451015e+01	-7.943141e+01
1.452015e+01	-7.884618e+01
1.453015e+01	-7.764811e+01
1.454015e+01	-8.060929e+01
1.455015e+01	-7.901381e+01
1.456015e+01	-8.087979e+01
1.457015e+01	-7.695543e+01
1.458015e+01	-8.122064e+01
1.459015e+01	-7.720287e+01
1.460015e+01	-7.741567e+01
1.461015e+01	-8.239128e+01
1.462015e+01	-7.864831e+01
1.463015e+01	-7.284590e+01
1.464015e+01	-7.506014e+01
1.465015e+01	-8.735994e+01
1.466015e+01	-7.491197e+01
1.467015e+01	-7.165073e+01
1.468015e+01	-7.242741e+01
1.469015e+01	-7.681060e+01
1.470015e+01	-7.855768e+01
1.471015e+01	-8.528503e+01
1.472015e+01	-7.629576e+01
1.473015e+01	-7.420170e+01
1.474015e+01	-7.310594e+01
1.475015e+01	-7.293163e+01
1.476015e+01	-8.348729e+01
1.477015e+01	-8.550428e+01
1.478015e+01	-7.235688e+01
1.479015e+01	-7.595321e+01
1.480015e+01	-7.291239e+01
1.481015e+01	-7.230721e+01
1.482015e+01	-7.565943e+01
1.483015e+01	-6.985963e+01
1.484015e+01	-7.216473e+01
1.485015e+01	-6.682975e+01
1.486015e+01	-7.238890e+01
1.487015e+01	-6.312833e+01
1.488015e+01	-7.101673e+01
1.489015e+01	-7.232183e+01
1.490015e+01	-7.258251e+01
1.491015e+01	-6.881129e+01
1.492015e+01	-7.461902e+01
1.493015e+01	-7.117244e+01
1.494015e+01	-8.226451e+01
1.495015e+01	-7.356915e+01
1.496015e+01	-7.195562e+01
1.497015e+01	-7.202367e+01
1.498015e+01	-7.511834e+01
1.499015e+01	-7.018152e+01
