0.000000e+00	1.808418e+01
1.000010e-02	-2.813469e-02
2.000020e-02	1.418336e+01
3.000030e-02	8.063341e+00
4.000040e-02	1.286350e+01
5.000050e-02	1.916375e+01
6.000060e-02	1.257195e+01
7.000070e-02	1.490800e+01
8.000080e-02	2.105441e+01
9.000090e-02	1.720654e+01
1.000010e-01	2.315114e+01
1.100011e-01	1.949528e+01
1.200012e-01	2.495343e+01
1.300013e-01	2.453006e+01
1.400014e-01	2.297380e+01
1.500015e-01	2.626524e+01
1.600016e-01	2.413080e+01
1.700017e-01	2.786813e+01
1.800018e-01	2.684732e+01
1.900019e-01	2.674323e+01
2.000020e-01	2.945592e+01
2.100021e-01	2.735081e+01
2.200022e-01	2.928271e+01
2.300023e-01	2.982102e+01
2.400024e-01	2.898563e+01
2.500025e-01	3.012122e+01
2.600026e-01	3.015134e+01
2.700027e-01	2.949358e+01
2.800028e-01	3.034683e+01
2.900029e-01	3.006969e+01
3.000030e-01	3.054469e+01
3.100031e-01	2.995422e+01
3.200032e-01	2.989158e+01
3.300033e-01	3.122744e+01
3.400034e-01	3.043794e+01
3.500035e-01	3.073862e+01
3.600036e-01	3.056727e+01
3.700037e-01	3.119528e+01
3.800038e-01	3.140243e+01
3.900039e-01	3.135112e+01
4.000040e-01	3.087153e+01
4.100041e-01	3.108081e+01
4.200042e-01	3.135286e+01
4.300043e-01	3.109872e+01
4.400044e-01	3.079089e+01
4.500045e-01	3.120769e+01
4.600046e-01	3.147103e+01
4.700047e-01	3.111551e+01
4.800048e-01	3.103098e+01
4.900049e-01	3.101821e+01
5.000050e-01	3.111404e+01
5.100051e-01	3.125518e+01
5.200052e-01	3.065926e+01
5.300053e-01	3.044070e+01
5.400054e-01	3.056139e+01
5.500055e-01	3.003759e+01
5.600056e-01	2.758356e+01
5.700057e-01	2.995846e+01
5.800058e-01	3.034426e+01
5.900059e-01	3.030173e+01
6.000060e-01	3.007320e+01
6.100061e-01	2.984864e+01
6.200062e-01	2.996466e+01
6.300063e-01	3.006799e+01
6.400064e-01	2.985042e+01
6.500065e-01	2.947854e+01
6.600066e-01	2.952999e+01
6.700067e-01	2.942086e+01
6.800068e-01	2.906985e+01
6.900069e-01	2.880813e+01
7.000070e-01	2.834155e+01
7.100071e-01	2.845027e+01
7.200072e-01	2.801065e+01
7.300073e-01	2.764247e+01
7.400074e-01	2.702742e+01
7.500075e-01	2.546192e+01
7.600076e-01	2.617011e+01
7.700077e-01	2.580171e+01
7.800078e-01	2.592888e+01
7.900079e-01	2.575546e+01
8.000080e-01	2.542982e+01
8.100081e-01	2.503634e+01
8.200082e-01	2.460521e+01
8.300083e-01	2.441915e+01
8.400084e-01	2.445593e+01
8.500085e-01	2.385115e+01
8.600086e-01	2.372751e+01
8.700087e-01	2.338833e+01
8.800088e-01	2.328946e+01
8.900089e-01	2.329816e+01
9.000090e-01	2.275240e+01
9.100091e-01	2.246857e+01
9.200092e-01	2.230992e+01
9.300093e-01	2.219913e+01
9.400094e-01	2.186160e+01
9.500095e-01	2.152380e+01
9.600096e-01	2.129024e+01
9.700097e-01	2.104743e+01
9.800098e-01	2.050630e+01
9.900099e-01	1.921035e+01
1.000010e+00	1.965330e+01
1.010010e+00	1.959073e+01
1.020010e+00	1.910185e+01
1.030010e+00	1.842073e+01
1.040010e+00	1.797172e+01
1.050011e+00	1.772872e+01
1.060011e+00	1.698753e+01
1.070011e+00	1.669482e+01
1.080011e+00	1.598901e+01
1.090011e+00	1.436314e+01
1.100011e+00	8.924985e+00
1.110011e+00	1.289842e+01
1.120011e+00	1.298995e+01
1.130011e+00	1.428125e+01
1.140011e+00	1.348265e+01
1.150012e+00	1.174872e+01
1.160012e+00	7.209317e+00
1.170012e+00	8.767658e+00
1.180012e+00	1.162806e+01
1.190012e+00	1.132413e+01
1.200012e+00	1.073702e+01
1.210012e+00	8.725927e+00
1.220012e+00	9.960157e+00
1.230012e+00	8.083874e+00
1.240012e+00	8.981408e+00
1.250013e+00	9.615118e+00
1.260013e+00	9.176697e+00
1.270013e+00	8.833655e+00
1.280013e+00	7.885995e+00
1.290013e+00	7.991689e+00
1.300013e+00	6.938448e+00
1.310013e+00	7.038624e+00
1.320013e+00	6.504149e+00
1.330013e+00	5.591017e+00
1.340013e+00	4.637932e+00
1.350014e+00	4.639293e+00
1.360014e+00	3.796865e+00
1.370014e+00	3.094862e+00
1.380014e+00	2.304634e+00
1.390014e+00	1.261647e+00
1.400014e+00	1.226291e-01
1.410014e+00	-4.659781e+00
1.420014e+00	-1.784790e+00
1.430014e+00	-1.502146e+00
1.440014e+00	-1.452090e+00
1.450015e+00	-2.238464e+00
1.460015e+00	-3.311309e+00
1.470015e+00	-4.245834e+00
1.480015e+00	-4.832749e+00
1.490015e+00	-4.945477e+00
1.500015e+00	-6.012377e+00
1.510015e+00	-6.974026e+00
1.520015e+00	-8.015811e+00
1.530015e+00	-8.142812e+00
1.540015e+00	-9.740222e+00
1.550016e+00	-8.724171e+00
1.560016e+00	-9.918197e+00
1.570016e+00	-1.190665e+01
1.580016e+00	-1.431505e+01
1.590016e+00	-1.482958e+01
1.600016e+00	-1.749006e+01
1.610016e+00	-2.061301e+01
1.620016e+00	-2.049612e+01
1.630016e+00	-2.252592e+01
1.640016e+00	-2.373090e+01
1.650017e+00	-2.736405e+01
1.660017e+00	-3.790672e+01
1.670017e+00	-5.472049e+01
1.680017e+00	-5.902125e+01
1.690017e+00	-4.182681e+01
1.700017e+00	-3.593116e+01
1.710017e+00	-3.531501e+01
1.720017e+00	-5.181456e+01
1.730017e+00	-3.100738e+01
1.740017e+00	-2.837184e+01
1.750018e+00	-2.612078e+01
1.760018e+00	-2.505640e+01
1.770018e+00	-2.382662e+01
1.780018e+00	-2.618767e+01
1.790018e+00	-2.420510e+01
1.800018e+00	-2.364587e+01
1.810018e+00	-2.285232e+01
1.820018e+00	-2.373936e+01
1.830018e+00	-2.334583e+01
1.840018e+00	-2.290410e+01
1.850019e+00	-2.262556e+01
1.860019e+00	-2.329266e+01
1.870019e+00	-2.597023e+01
1.880019e+00	-2.329413e+01
1.890019e+00	-2.383201e+01
1.900019e+00	-2.233221e+01
1.910019e+00	-2.366607e+01
1.920019e+00	-2.818182e+01
1.930019e+00	-2.382408e+01
1.940019e+00	-2.079762e+01
1.950020e+00	-2.020291e+01
1.960020e+00	-2.363329e+01
1.970020e+00	-2.670377e+01
1.980020e+00	-2.083394e+01
1.990020e+00	-2.249270e+01
2.000020e+00	-2.387713e+01
2.010020e+00	-2.407363e+01
2.020020e+00	-2.638262e+01
2.030020e+00	-2.599218e+01
2.040020e+00	-2.690192e+01
2.050021e+00	-2.656909e+01
2.060021e+00	-2.747781e+01
2.070021e+00	-2.578245e+01
2.080021e+00	-3.187260e+01
2.090021e+00	-2.833704e+01
2.100021e+00	-2.379841e+01
2.110021e+00	-2.382500e+01
2.120021e+00	-2.823279e+01
2.130021e+00	-2.623119e+01
2.140021e+00	-2.970678e+01
2.150022e+00	-2.522655e+01
2.160022e+00	-2.901969e+01
2.170022e+00	-4.275630e+01
2.180022e+00	-2.338638e+01
2.190022e+00	-2.138909e+01
2.200022e+00	-2.173969e+01
2.210022e+00	-3.531136e+01
2.220022e+00	-2.742141e+01
2.230022e+00	-3.689450e+01
2.240022e+00	-3.239665e+01
2.250023e+00	-2.872448e+01
2.260023e+00	-2.947018e+01
2.270023e+00	-4.014063e+01
2.280023e+00	-4.842667e+01
2.290023e+00	-3.166466e+01
2.300023e+00	-3.166835e+01
2.310023e+00	-3.302884e+01
2.320023e+00	-3.427350e+01
2.330023e+00	-3.225645e+01
2.340023e+00	-4.001670e+01
2.350024e+00	-4.431717e+01
2.360024e+00	-4.873677e+01
2.370024e+00	-3.497085e+01
2.380024e+00	-3.543534e+01
2.390024e+00	-3.638217e+01
2.400024e+00	-3.912088e+01
2.410024e+00	-4.683381e+01
2.420024e+00	-4.462066e+01
2.430024e+00	-3.378419e+01
2.440024e+00	-3.987306e+01
2.450025e+00	-4.841594e+01
2.460025e+00	-3.865983e+01
2.470025e+00	-4.785711e+01
2.480025e+00	-4.800224e+01
2.490025e+00	-4.376182e+01
2.500025e+00	-4.701786e+01
2.510025e+00	-4.172550e+01
2.520025e+00	-4.195701e+01
2.530025e+00	-3.981830e+01
2.540025e+00	-4.556577e+01
2.550026e+00	-4.171444e+01
2.560026e+00	-4.452594e+01
2.570026e+00	-4.306781e+01
2.580026e+00	-4.925658e+01
2.590026e+00	-4.418318e+01
2.600026e+00	-4.973725e+01
2.610026e+00	-5.387849e+01
2.620026e+00	-4.671589e+01
2.630026e+00	-5.733997e+01
2.640026e+00	-4.847401e+01
2.650027e+00	-5.341163e+01
2.660027e+00	-5.189880e+01
2.670027e+00	-5.214563e+01
2.680027e+00	-6.474007e+01
2.690027e+00	-6.418185e+01
2.700027e+00	-5.710367e+01
2.710027e+00	-6.296192e+01
2.720027e+00	-6.219457e+01
2.730027e+00	-6.354004e+01
2.740027e+00	-6.268957e+01
2.750028e+00	-6.287012e+01
2.760028e+00	-6.587570e+01
2.770028e+00	-5.696017e+01
2.780028e+00	-6.043273e+01
2.790028e+00	-5.933667e+01
2.800028e+00	-5.405908e+01
2.810028e+00	-6.686680e+01
2.820028e+00	-6.083224e+01
2.830028e+00	-6.115412e+01
2.840028e+00	-5.300047e+01
2.850029e+00	-4.697034e+01
2.860029e+00	-5.037956e+01
2.870029e+00	-5.102541e+01
2.880029e+00	-5.322838e+01
2.890029e+00	-5.041927e+01
2.900029e+00	-5.386825e+01
2.910029e+00	-5.055738e+01
2.920029e+00	-5.297695e+01
2.930029e+00	-5.135039e+01
2.940029e+00	-4.803008e+01
2.950030e+00	-4.760210e+01
2.960030e+00	-4.691889e+01
2.970030e+00	-5.595329e+01
2.980030e+00	-4.905759e+01
2.990030e+00	-4.741631e+01
3.000030e+00	-5.458290e+01
3.010030e+00	-5.245772e+01
3.020030e+00	-4.724316e+01
3.030030e+00	-6.385483e+01
3.040030e+00	-5.644822e+01
3.050031e+00	-5.142275e+01
3.060031e+00	-4.465613e+01
3.070031e+00	-5.078749e+01
3.080031e+00	-4.681567e+01
3.090031e+00	-4.587907e+01
3.100031e+00	-4.218717e+01
3.110031e+00	-4.319963e+01
3.120031e+00	-4.513733e+01
3.130031e+00	-5.288269e+01
3.140031e+00	-4.769814e+01
3.150032e+00	-4.193876e+01
3.160032e+00	-4.220219e+01
3.170032e+00	-4.798556e+01
3.180032e+00	-5.455947e+01
3.190032e+00	-5.093642e+01
3.200032e+00	-6.031449e+01
3.210032e+00	-4.451087e+01
3.220032e+00	-4.493807e+01
3.230032e+00	-4.496898e+01
3.240032e+00	-4.904460e+01
3.250033e+00	-4.837830e+01
3.260033e+00	-5.891775e+01
3.270033e+00	-5.330395e+01
3.280033e+00	-4.882361e+01
3.290033e+00	-4.893053e+01
3.300033e+00	-4.800441e+01
3.310033e+00	-5.320900e+01
3.320033e+00	-4.523346e+01
3.330033e+00	-4.930527e+01
3.340033e+00	-5.034302e+01
3.350034e+00	-5.840729e+01
3.360034e+00	-5.104042e+01
3.370034e+00	-5.381380e+01
3.380034e+00	-4.855930e+01
3.390034e+00	-5.559712e+01
3.400034e+00	-4.871944e+01
3.410034e+00	-4.637118e+01
3.420034e+00	-5.652783e+01
3.430034e+00	-4.437828e+01
3.440034e+00	-5.178898e+01
3.450035e+00	-5.322752e+01
3.460035e+00	-5.820369e+01
3.470035e+00	-6.359132e+01
3.480035e+00	-5.584989e+01
3.490035e+00	-5.171602e+01
3.500035e+00	-6.457532e+01
3.510035e+00	-6.715565e+01
3.520035e+00	-7.190287e+01
3.530035e+00	-5.341994e+01
3.540035e+00	-5.430451e+01
3.550036e+00	-7.002211e+01
3.560036e+00	-5.632463e+01
3.570036e+00	-5.701172e+01
3.580036e+00	-6.861628e+01
3.590036e+00	-6.391845e+01
3.600036e+00	-6.143807e+01
3.610036e+00	-5.248517e+01
3.620036e+00	-6.003179e+01
3.630036e+00	-6.448421e+01
3.640036e+00	-5.589776e+01
3.650037e+00	-6.151835e+01
3.660037e+00	-6.379689e+01
3.670037e+00	-5.895877e+01
3.680037e+00	-6.258109e+01
3.690037e+00	-6.517329e+01
3.700037e+00	-6.388324e+01
3.710037e+00	-6.791389e+01
3.720037e+00	-6.172618e+01
3.730037e+00	-6.998262e+01
3.740037e+00	-6.559442e+01
3.750038e+00	-6.548708e+01
3.760038e+00	-6.548888e+01
3.770038e+00	-6.794871e+01
3.780038e+00	-6.197997e+01
3.790038e+00	-6.857683e+01
3.800038e+00	-6.506333e+01
3.810038e+00	-6.506362e+01
3.820038e+00	-6.601225e+01
3.830038e+00	-5.981112e+01
3.840038e+00	-7.862387e+01
3.850039e+00	-6.318185e+01
3.860039e+00	-5.797061e+01
3.870039e+00	-7.142437e+01
3.880039e+00	-6.147210e+01
3.890039e+00	-5.746594e+01
3.900039e+00	-6.765711e+01
3.910039e+00	-6.390576e+01
3.920039e+00	-6.168500e+01
3.930039e+00	-6.502995e+01
3.940039e+00	-6.168375e+01
3.950040e+00	-6.271797e+01
3.960040e+00	-8.549039e+01
3.970040e+00	-5.792707e+01
3.980040e+00	-6.914910e+01
3.990040e+00	-5.896177e+01
4.000040e+00	-5.988733e+01
4.010040e+00	-5.543438e+01
4.020040e+00	-5.632742e+01
4.030040e+00	-5.843932e+01
4.040040e+00	-6.439204e+01
4.050041e+00	-5.306627e+01
4.060041e+00	-5.527831e+01
4.070041e+00	-5.001799e+01
4.080041e+00	-6.391230e+01
4.090041e+00	-5.342920e+01
4.100041e+00	-5.573922e+01
4.110041e+00	-6.303237e+01
4.120041e+00	-6.801726e+01
4.130041e+00	-5.530982e+01
4.140041e+00	-5.878758e+01
4.150042e+00	-5.859714e+01
4.160042e+00	-5.715501e+01
4.170042e+00	-6.077683e+01
4.180042e+00	-5.772581e+01
4.190042e+00	-5.559650e+01
4.200042e+00	-5.267163e+01
4.210042e+00	-6.015729e+01
4.220042e+00	-5.616565e+01
4.230042e+00	-6.582437e+01
4.240042e+00	-5.423623e+01
4.250043e+00	-5.577786e+01
4.260043e+00	-5.419104e+01
4.270043e+00	-5.145954e+01
4.280043e+00	-5.190823e+01
4.290043e+00	-5.503406e+01
4.300043e+00	-5.822034e+01
4.310043e+00	-6.236550e+01
4.320043e+00	-5.489681e+01
4.330043e+00	-5.748137e+01
4.340043e+00	-5.019030e+01
4.350044e+00	-4.894992e+01
4.360044e+00	-5.817121e+01
4.370044e+00	-5.807325e+01
4.380044e+00	-5.456479e+01
4.390044e+00	-5.412361e+01
4.400044e+00	-5.423029e+01
4.410044e+00	-5.532709e+01
4.420044e+00	-5.667347e+01
4.430044e+00	-5.642174e+01
4.440044e+00	-6.183085e+01
4.450045e+00	-5.760377e+01
4.460045e+00	-6.142550e+01
4.470045e+00	-6.133552e+01
4.480045e+00	-5.740672e+01
4.490045e+00	-5.947712e+01
4.500045e+00	-6.139973e+01
4.510045e+00	-5.834034e+01
4.520045e+00	-5.913319e+01
4.530045e+00	-6.095378e+01
4.540045e+00	-5.888051e+01
4.550046e+00	-5.822776e+01
4.560046e+00	-5.641216e+01
4.570046e+00	-8.460647e+01
4.580046e+00	-5.846195e+01
4.590046e+00	-5.810337e+01
4.600046e+00	-7.653050e+01
4.610046e+00	-6.494015e+01
4.620046e+00	-7.573381e+01
4.630046e+00	-6.014873e+01
4.640046e+00	-6.841259e+01
4.650047e+00	-6.106258e+01
4.660047e+00	-6.693154e+01
4.670047e+00	-7.010187e+01
4.680047e+00	-6.494813e+01
4.690047e+00	-6.673681e+01
4.700047e+00	-6.519888e+01
4.710047e+00	-6.558381e+01
4.720047e+00	-6.731029e+01
4.730047e+00	-6.593625e+01
4.740047e+00	-6.792854e+01
4.750048e+00	-6.737565e+01
4.760048e+00	-6.760476e+01
4.770048e+00	-6.632078e+01
4.780048e+00	-6.502491e+01
4.790048e+00	-6.893926e+01
4.800048e+00	-6.622587e+01
4.810048e+00	-6.490058e+01
4.820048e+00	-6.616102e+01
4.830048e+00	-6.276634e+01
4.840048e+00	-6.384083e+01
4.850049e+00	-6.664835e+01
4.860049e+00	-7.884096e+01
4.870049e+00	-7.271256e+01
4.880049e+00	-6.016967e+01
4.890049e+00	-6.663222e+01
4.900049e+00	-7.376889e+01
4.910049e+00	-6.118477e+01
4.920049e+00	-6.446537e+01
4.930049e+00	-6.289022e+01
4.940049e+00	-5.767065e+01
4.950050e+00	-6.156239e+01
4.960050e+00	-6.442569e+01
4.970050e+00	-5.957553e+01
4.980050e+00	-5.820896e+01
4.990050e+00	-5.668627e+01
5.000050e+00	-6.405405e+01
5.010050e+00	-6.132887e+01
5.020050e+00	-6.038557e+01
5.030050e+00	-6.029984e+01
5.040050e+00	-5.799582e+01
5.050051e+00	-5.958063e+01
5.060051e+00	-5.669054e+01
5.070051e+00	-5.810209e+01
5.080051e+00	-7.503664e+01
5.090051e+00	-6.487570e+01
5.100051e+00	-6.051444e+01
5.110051e+00	-6.179085e+01
5.120051e+00	-5.574397e+01
5.130051e+00	-6.390059e+01
5.140051e+00	-6.130046e+01
5.150052e+00	-6.864997e+01
5.160052e+00	-5.820498e+01
5.170052e+00	-5.832926e+01
5.180052e+00	-6.598286e+01
5.190052e+00	-5.817085e+01
5.200052e+00	-5.516431e+01
5.210052e+00	-5.842015e+01
5.220052e+00	-6.013107e+01
5.230052e+00	-7.034497e+01
5.240052e+00	-5.737017e+01
5.250053e+00	-5.528082e+01
5.260053e+00	-6.533805e+01
5.270053e+00	-5.843311e+01
5.280053e+00	-5.682555e+01
5.290053e+00	-5.796927e+01
5.300053e+00	-5.251871e+01
5.310053e+00	-5.155605e+01
5.320053e+00	-5.321476e+01
5.330053e+00	-6.074401e+01
5.340053e+00	-8.094902e+01
5.350054e+00	-6.567399e+01
5.360054e+00	-6.294538e+01
5.370054e+00	-5.683981e+01
5.380054e+00	-6.595307e+01
5.390054e+00	-5.894559e+01
5.400054e+00	-5.849041e+01
5.410054e+00	-6.963358e+01
5.420054e+00	-6.125285e+01
5.430054e+00	-6.573999e+01
5.440054e+00	-6.619288e+01
5.450055e+00	-6.824454e+01
5.460055e+00	-6.451660e+01
5.470055e+00	-6.390848e+01
5.480055e+00	-6.048500e+01
5.490055e+00	-7.098419e+01
5.500055e+00	-7.417915e+01
5.510055e+00	-6.314801e+01
5.520055e+00	-6.055856e+01
5.530055e+00	-7.039727e+01
5.540055e+00	-6.933387e+01
5.550056e+00	-6.654703e+01
5.560056e+00	-6.002117e+01
5.570056e+00	-6.471757e+01
5.580056e+00	-6.534136e+01
5.590056e+00	-6.768148e+01
5.600056e+00	-6.726671e+01
5.610056e+00	-6.513367e+01
5.620056e+00	-6.765977e+01
5.630056e+00	-7.744464e+01
5.640056e+00	-6.895245e+01
5.650057e+00	-6.449050e+01
5.660057e+00	-7.018509e+01
5.670057e+00	-7.335852e+01
5.680057e+00	-7.017321e+01
5.690057e+00	-6.679368e+01
5.700057e+00	-6.952705e+01
5.710057e+00	-6.980821e+01
5.720057e+00	-6.909160e+01
5.730057e+00	-6.877425e+01
5.740057e+00	-6.887722e+01
5.750058e+00	-6.918036e+01
5.760058e+00	-7.104826e+01
5.770058e+00	-6.770438e+01
5.780058e+00	-6.726858e+01
5.790058e+00	-6.813941e+01
5.800058e+00	-6.720857e+01
5.810058e+00	-7.648732e+01
5.820058e+00	-6.815904e+01
5.830058e+00	-8.723152e+01
5.840058e+00	-6.346458e+01
5.850059e+00	-6.235266e+01
5.860059e+00	-7.010259e+01
5.870059e+00	-6.301891e+01
5.880059e+00	-6.284077e+01
5.890059e+00	-6.634907e+01
5.900059e+00	-7.124428e+01
5.910059e+00	-5.952371e+01
5.920059e+00	-6.005092e+01
5.930059e+00	-6.387123e+01
5.940059e+00	-6.290983e+01
5.950060e+00	-5.744512e+01
5.960060e+00	-6.032508e+01
5.970060e+00	-7.360362e+01
5.980060e+00	-7.277905e+01
5.990060e+00	-5.907693e+01
6.000060e+00	-5.658510e+01
6.010060e+00	-6.751774e+01
6.020060e+00	-6.867446e+01
6.030060e+00	-6.464245e+01
6.040060e+00	-6.083170e+01
6.050061e+00	-6.513640e+01
6.060061e+00	-6.325803e+01
6.070061e+00	-6.374401e+01
6.080061e+00	-6.060860e+01
6.090061e+00	-6.761348e+01
6.100061e+00	-6.676384e+01
6.110061e+00	-6.105390e+01
6.120061e+00	-5.631668e+01
6.130061e+00	-6.368351e+01
6.140061e+00	-6.407475e+01
6.150062e+00	-6.254298e+01
6.160062e+00	-7.489949e+01
6.170062e+00	-6.402679e+01
6.180062e+00	-6.428537e+01
6.190062e+00	-6.592037e+01
6.200062e+00	-6.694529e+01
6.210062e+00	-5.956186e+01
6.220062e+00	-6.550384e+01
6.230062e+00	-6.066235e+01
6.240062e+00	-5.885085e+01
6.250063e+00	-6.507629e+01
6.260063e+00	-6.585852e+01
6.270063e+00	-6.143175e+01
6.280063e+00	-6.511058e+01
6.290063e+00	-7.725210e+01
6.300063e+00	-6.932500e+01
6.310063e+00	-6.538673e+01
6.320063e+00	-6.926472e+01
6.330063e+00	-6.906563e+01
6.340063e+00	-6.041477e+01
6.350064e+00	-6.677879e+01
6.360064e+00	-6.404322e+01
6.370064e+00	-6.563699e+01
6.380064e+00	-6.249653e+01
6.390064e+00	-6.423846e+01
6.400064e+00	-6.509250e+01
6.410064e+00	-6.547986e+01
6.420064e+00	-6.653977e+01
6.430064e+00	-6.441076e+01
6.440064e+00	-6.159847e+01
6.450065e+00	-6.717668e+01
6.460065e+00	-7.215313e+01
6.470065e+00	-6.389536e+01
6.480065e+00	-6.409808e+01
6.490065e+00	-6.744546e+01
6.500065e+00	-7.421998e+01
6.510065e+00	-7.046159e+01
6.520065e+00	-6.385783e+01
6.530065e+00	-7.102021e+01
6.540065e+00	-6.870583e+01
6.550066e+00	-7.136769e+01
6.560066e+00	-7.116262e+01
6.570066e+00	-6.666086e+01
6.580066e+00	-7.374511e+01
6.590066e+00	-6.813141e+01
6.600066e+00	-6.781850e+01
6.610066e+00	-6.901793e+01
6.620066e+00	-7.090913e+01
6.630066e+00	-7.122243e+01
6.640066e+00	-6.682241e+01
6.650067e+00	-6.733980e+01
6.660067e+00	-6.951882e+01
6.670067e+00	-7.016150e+01
6.680067e+00	-7.105628e+01
6.690067e+00	-7.088820e+01
6.700067e+00	-7.025495e+01
6.710067e+00	-7.031034e+01
6.720067e+00	-6.982121e+01
6.730067e+00	-6.966907e+01
6.740067e+00	-7.078328e+01
6.750068e+00	-7.091701e+01
6.760068e+00	-6.855304e+01
6.770068e+00	-6.902474e+01
6.780068e+00	-7.124834e+01
6.790068e+00	-6.984230e+01
6.800068e+00	-6.898687e+01
6.810068e+00	-6.472548e+01
6.820068e+00	-6.930506e+01
6.830068e+00	-7.060983e+01
6.840068e+00	-7.555228e+01
6.850069e+00	-6.960481e+01
6.860069e+00	-6.755114e+01
6.870069e+00	-7.349506e+01
6.880069e+00	-7.795879e+01
6.890069e+00	-7.335451e+01
6.900069e+00	-7.050499e+01
6.910069e+00	-6.604142e+01
6.920069e+00	-7.105870e+01
6.930069e+00	-6.566093e+01
6.940069e+00	-6.535347e+01
6.950070e+00	-1.088616e+02
6.960070e+00	-7.419986e+01
6.970070e+00	-7.818826e+01
6.980070e+00	-6.937876e+01
6.990070e+00	-6.418561e+01
7.000070e+00	-6.817425e+01
7.010070e+00	-7.145288e+01
7.020070e+00	-5.993023e+01
7.030070e+00	-6.511006e+01
7.040070e+00	-6.904623e+01
7.050071e+00	-6.728997e+01
7.060071e+00	-6.559385e+01
7.070071e+00	-6.605961e+01
7.080071e+00	-6.188712e+01
7.090071e+00	-7.193150e+01
7.100071e+00	-6.345756e+01
7.110071e+00	-6.625643e+01
7.120071e+00	-6.174026e+01
7.130071e+00	-6.086839e+01
7.140071e+00	-6.477458e+01
7.150072e+00	-6.238882e+01
7.160072e+00	-6.545409e+01
7.170072e+00	-6.763215e+01
7.180072e+00	-8.311539e+01
7.190072e+00	-6.144010e+01
7.200072e+00	-7.034461e+01
7.210072e+00	-7.039944e+01
7.220072e+00	-6.741487e+01
7.230072e+00	-6.983899e+01
7.240072e+00	-6.155087e+01
7.250073e+00	-6.827500e+01
7.260073e+00	-7.474077e+01
7.270073e+00	-6.899202e+01
7.280073e+00	-6.138793e+01
7.290073e+00	-7.649593e+01
7.300073e+00	-6.162430e+01
7.310073e+00	-6.806801e+01
7.320073e+00	-6.390307e+01
7.330073e+00	-7.724781e+01
7.340073e+00	-6.406331e+01
7.350074e+00	-6.288076e+01
7.360074e+00	-6.712275e+01
7.370074e+00	-6.121597e+01
7.380074e+00	-7.352556e+01
7.390074e+00	-7.404347e+01
7.400074e+00	-7.473253e+01
7.410074e+00	-6.692794e+01
7.420074e+00	-7.287090e+01
7.430074e+00	-6.466549e+01
7.440074e+00	-7.129445e+01
7.450075e+00	-7.130454e+01
7.460075e+00	-7.171859e+01
7.470075e+00	-6.470023e+01
7.480075e+00	-6.608208e+01
7.490075e+00	-8.424829e+01
7.500075e+00	-7.420765e+01
7.510075e+00	-7.066118e+01
7.520075e+00	-6.997707e+01
7.530075e+00	-7.197207e+01
7.540075e+00	-6.519854e+01
7.550076e+00	-6.845454e+01
7.560076e+00	-6.854747e+01
7.570076e+00	-8.391509e+01
7.580076e+00	-6.866104e+01
7.590076e+00	-7.068469e+01
7.600076e+00	-7.275502e+01
7.610076e+00	-7.440188e+01
7.620076e+00	-6.829587e+01
7.630076e+00	-7.185892e+01
7.640076e+00	-7.075401e+01
7.650077e+00	-7.143305e+01
7.660077e+00	-7.110623e+01
7.670077e+00	-7.030126e+01
7.680077e+00	-7.061832e+01
7.690077e+00	-7.109532e+01
7.700077e+00	-7.151692e+01
7.710077e+00	-7.046552e+01
7.720077e+00	-7.161348e+01
7.730077e+00	-6.995538e+01
7.740077e+00	-7.063747e+01
7.750078e+00	-7.206105e+01
7.760078e+00	-7.195871e+01
7.770078e+00	-7.231184e+01
7.780078e+00	-7.258467e+01
7.790078e+00	-7.073729e+01
7.800078e+00	-7.027825e+01
7.810078e+00	-8.206184e+01
7.820078e+00	-7.616704e+01
7.830078e+00	-6.756117e+01
7.840078e+00	-7.015429e+01
7.850079e+00	-6.759213e+01
7.860079e+00	-7.147129e+01
7.870079e+00	-6.890682e+01
7.880079e+00	-6.758350e+01
7.890079e+00	-6.905211e+01
7.900079e+00	-6.362374e+01
7.910079e+00	-6.651714e+01
7.920079e+00	-6.926036e+01
7.930079e+00	-6.963188e+01
7.940079e+00	-7.234180e+01
7.950080e+00	-7.558878e+01
7.960080e+00	-6.629825e+01
7.970080e+00	-8.393570e+01
7.980080e+00	-6.551282e+01
7.990080e+00	-6.795617e+01
8.000080e+00	-6.744129e+01
8.010080e+00	-6.777724e+01
8.020080e+00	-6.680556e+01
8.030080e+00	-6.319983e+01
8.040080e+00	-6.146042e+01
8.050081e+00	-6.991710e+01
8.060081e+00	-7.433251e+01
8.070081e+00	-6.806659e+01
8.080081e+00	-6.805503e+01
8.090081e+00	-7.261019e+01
8.100081e+00	-6.463141e+01
8.110081e+00	-8.615988e+01
8.120081e+00	-6.778952e+01
8.130081e+00	-7.474867e+01
8.140081e+00	-8.138172e+01
8.150082e+00	-6.703971e+01
8.160082e+00	-6.630036e+01
8.170082e+00	-7.785371e+01
8.180082e+00	-6.969516e+01
8.190082e+00	-6.465175e+01
8.200082e+00	-6.252524e+01
8.210082e+00	-8.092636e+01
8.220082e+00	-6.960123e+01
8.230082e+00	-7.098600e+01
8.240082e+00	-7.141802e+01
8.250083e+00	-6.756307e+01
8.260083e+00	-7.005588e+01
8.270083e+00	-6.225545e+01
8.280083e+00	-7.074292e+01
8.290083e+00	-7.400024e+01
8.300083e+00	-6.866816e+01
8.310083e+00	-7.407899e+01
8.320083e+00	-6.086457e+01
8.330083e+00	-7.300539e+01
8.340083e+00	-6.956172e+01
8.350084e+00	-6.053249e+01
8.360084e+00	-6.932286e+01
8.370084e+00	-6.560175e+01
8.380084e+00	-6.397063e+01
8.390084e+00	-6.964527e+01
8.400084e+00	-8.103784e+01
8.410084e+00	-6.863618e+01
8.420084e+00	-6.732525e+01
8.430084e+00	-7.403572e+01
8.440084e+00	-7.001388e+01
8.450085e+00	-6.770449e+01
8.460085e+00	-6.893850e+01
8.470085e+00	-6.807261e+01
8.480085e+00	-6.732545e+01
8.490085e+00	-6.635446e+01
8.500085e+00	-7.208087e+01
8.510085e+00	-8.418042e+01
8.520085e+00	-7.361497e+01
8.530085e+00	-7.270527e+01
8.540085e+00	-6.944755e+01
8.550086e+00	-7.259689e+01
8.560086e+00	-7.410679e+01
8.570086e+00	-7.044470e+01
8.580086e+00	-8.068121e+01
8.590086e+00	-7.116261e+01
8.600086e+00	-6.984708e+01
8.610086e+00	-7.105358e+01
8.620086e+00	-7.160874e+01
8.630086e+00	-7.147367e+01
8.640086e+00	-7.218485e+01
8.650087e+00	-7.217840e+01
8.660087e+00	-7.199257e+01
8.670087e+00	-7.246016e+01
8.680087e+00	-7.154250e+01
8.690087e+00	-7.252812e+01
8.700087e+00	-7.303541e+01
8.710087e+00	-7.059079e+01
8.720087e+00	-7.037395e+01
8.730087e+00	-7.464323e+01
8.740087e+00	-7.214062e+01
8.750088e+00	-7.160965e+01
8.760088e+00	-6.998990e+01
8.770088e+00	-7.224072e+01
8.780088e+00	-6.887640e+01
8.790088e+00	-6.656661e+01
8.800088e+00	-7.589700e+01
8.810088e+00	-7.006927e+01
8.820088e+00	-7.668642e+01
8.830088e+00	-8.040474e+01
8.840088e+00	-6.447616e+01
8.850089e+00	-7.203856e+01
8.860089e+00	-7.057505e+01
8.870089e+00	-6.774375e+01
8.880089e+00	-6.612037e+01
8.890089e+00	-7.601257e+01
8.900089e+00	-7.147070e+01
8.910089e+00	-7.577133e+01
8.920089e+00	-6.795870e+01
8.930089e+00	-6.490626e+01
8.940089e+00	-7.065034e+01
8.950090e+00	-7.368255e+01
8.960090e+00	-8.510975e+01
8.970090e+00	-7.532272e+01
8.980090e+00	-7.330357e+01
8.990090e+00	-6.815272e+01
9.000090e+00	-6.837383e+01
9.010090e+00	-7.296541e+01
9.020090e+00	-6.154467e+01
9.030090e+00	-6.281249e+01
9.040090e+00	-6.653739e+01
9.050091e+00	-6.370376e+01
9.060091e+00	-6.588828e+01
9.070091e+00	-6.448118e+01
9.080091e+00	-6.181257e+01
9.090091e+00	-7.695640e+01
9.100091e+00	-7.183673e+01
9.110091e+00	-7.426161e+01
9.120091e+00	-6.752430e+01
9.130091e+00	-6.796589e+01
9.140091e+00	-7.494153e+01
9.150092e+00	-6.710162e+01
9.160092e+00	-6.715077e+01
9.170092e+00	-6.659162e+01
9.180092e+00	-6.705297e+01
9.190092e+00	-6.549154e+01
9.200092e+00	-6.947885e+01
9.210092e+00	-6.575028e+01
9.220092e+00	-8.958879e+01
9.230092e+00	-6.937584e+01
9.240092e+00	-6.991755e+01
9.250093e+00	-6.231377e+01
9.260093e+00	-7.641571e+01
9.270093e+00	-6.317605e+01
9.280093e+00	-6.629030e+01
9.290093e+00	-6.903233e+01
9.300093e+00	-6.991570e+01
9.310093e+00	-7.045872e+01
9.320093e+00	-6.636958e+01
9.330093e+00	-6.811325e+01
9.340093e+00	-6.762176e+01
9.350094e+00	-7.399687e+01
9.360094e+00	-7.230401e+01
9.370094e+00	-7.421425e+01
9.380094e+00	-7.054821e+01
9.390094e+00	-6.663920e+01
9.400094e+00	-6.819583e+01
9.410094e+00	-7.874598e+01
9.420094e+00	-7.562143e+01
9.430094e+00	-6.575240e+01
9.440094e+00	-6.877329e+01
9.450095e+00	-7.050794e+01
9.460095e+00	-7.246047e+01
9.470095e+00	-6.675543e+01
9.480095e+00	-8.555257e+01
9.490095e+00	-6.997188e+01
9.500095e+00	-7.624604e+01
9.510095e+00	-6.997375e+01
9.520095e+00	-8.762147e+01
9.530095e+00	-7.241705e+01
9.540095e+00	-7.734074e+01
9.550096e+00	-7.012767e+01
9.560096e+00	-6.790094e+01
9.570096e+00	-7.179169e+01
9.580096e+00	-7.294113e+01
9.590096e+00	-7.317141e+01
9.600096e+00	-7.222791e+01
9.610096e+00	-7.058409e+01
9.620096e+00	-7.145628e+01
9.630096e+00	-7.228352e+01
9.640096e+00	-7.187322e+01
9.650097e+00	-7.296161e+01
9.660097e+00	-7.255909e+01
9.670097e+00	-7.237778e+01
9.680097e+00	-7.239130e+01
9.690097e+00	-7.269269e+01
9.700097e+00	-7.183889e+01
9.710097e+00	-7.119961e+01
9.720097e+00	-7.056176e+01
9.730097e+00	-7.183343e+01
9.740097e+00	-7.184743e+01
9.750098e+00	-6.929816e+01
9.760098e+00	-6.857852e+01
9.770098e+00	-7.074598e+01
9.780098e+00	-7.285341e+01
9.790098e+00	-8.033278e+01
9.800098e+00	-7.069326e+01
9.810098e+00	-7.148077e+01
9.820098e+00	-6.722449e+01
9.830098e+00	-6.686097e+01
9.840098e+00	-7.580517e+01
9.850099e+00	-7.129103e+01
9.860099e+00	-7.221023e+01
9.870099e+00	-6.410947e+01
9.880099e+00	-7.050538e+01
9.890099e+00	-7.235221e+01
9.900099e+00	-6.981301e+01
9.910099e+00	-7.413151e+01
9.920099e+00	-6.703634e+01
9.930099e+00	-6.905110e+01
9.940099e+00	-7.085676e+01
9.950100e+00	-6.743859e+01
9.960100e+00	-6.819697e+01
9.970100e+00	-6.388877e+01
9.980100e+00	-6.665448e+01
9.990100e+00	-6.885213e+01
1.000010e+01	-7.607356e+01
1.001010e+01	-6.409735e+01
1.002010e+01	-6.935466e+01
1.003010e+01	-6.661533e+01
1.004010e+01	-7.030295e+01
1.005010e+01	-6.496721e+01
1.006010e+01	-7.591472e+01
1.007010e+01	-6.720307e+01
1.008010e+01	-7.147307e+01
1.009010e+01	-6.779693e+01
1.010010e+01	-6.929059e+01
1.011010e+01	-6.457024e+01
1.012010e+01	-7.062993e+01
1.013010e+01	-6.631179e+01
1.014010e+01	-7.022807e+01
1.015010e+01	-6.445773e+01
1.016010e+01	-7.028448e+01
1.017010e+01	-7.165121e+01
1.018010e+01	-6.794399e+01
1.019010e+01	-7.492535e+01
1.020010e+01	-7.145511e+01
1.021010e+01	-6.555326e+01
1.022010e+01	-7.465080e+01
1.023010e+01	-7.702870e+01
1.024010e+01	-7.183392e+01
1.025010e+01	-6.785233e+01
1.026010e+01	-6.450781e+01
1.027010e+01	-6.456207e+01
1.028010e+01	-7.587200e+01
1.029010e+01	-6.980474e+01
1.030010e+01	-7.124998e+01
1.031010e+01	-6.832407e+01
1.032010e+01	-6.558458e+01
1.033010e+01	-7.047049e+01
1.034010e+01	-6.986903e+01
1.035010e+01	-6.544373e+01
1.036010e+01	-7.283133e+01
1.037010e+01	-6.482433e+01
1.038010e+01	-7.051046e+01
1.039010e+01	-9.523303e+01
1.040010e+01	-7.182596e+01
1.041010e+01	-7.684670e+01
1.042010e+01	-6.891366e+01
1.043010e+01	-6.856813e+01
1.044010e+01	-6.978890e+01
1.045010e+01	-6.935332e+01
1.046010e+01	-7.276992e+01
1.047010e+01	-6.957381e+01
1.048010e+01	-7.248309e+01
1.049010e+01	-7.443767e+01
1.050011e+01	-7.100837e+01
1.051011e+01	-7.312321e+01
1.052011e+01	-7.465819e+01
1.053011e+01	-7.322511e+01
1.054011e+01	-7.257459e+01
1.055011e+01	-7.187879e+01
1.056011e+01	-7.096375e+01
1.057011e+01	-7.488999e+01
1.058011e+01	-7.115121e+01
1.059011e+01	-7.271470e+01
1.060011e+01	-7.323095e+01
1.061011e+01	-7.316077e+01
1.062011e+01	-7.268803e+01
1.063011e+01	-7.285202e+01
1.064011e+01	-7.269300e+01
1.065011e+01	-7.201099e+01
1.066011e+01	-7.200644e+01
1.067011e+01	-7.254910e+01
1.068011e+01	-7.250727e+01
1.069011e+01	-7.279405e+01
1.070011e+01	-7.535652e+01
1.071011e+01	-7.403251e+01
1.072011e+01	-7.308015e+01
1.073011e+01	-7.001657e+01
1.074011e+01	-6.770680e+01
1.075011e+01	-7.323608e+01
1.076011e+01	-6.927622e+01
1.077011e+01	-7.092133e+01
1.078011e+01	-6.951008e+01
1.079011e+01	-6.832825e+01
1.080011e+01	-7.281968e+01
1.081011e+01	-6.809731e+01
1.082011e+01	-7.630165e+01
1.083011e+01	-7.095574e+01
1.084011e+01	-8.333420e+01
1.085011e+01	-7.493632e+01
1.086011e+01	-8.693863e+01
1.087011e+01	-6.932526e+01
1.088011e+01	-7.655646e+01
1.089011e+01	-6.991703e+01
1.090011e+01	-7.250571e+01
1.091011e+01	-6.652569e+01
1.092011e+01	-6.464654e+01
1.093011e+01	-7.314382e+01
1.094011e+01	-7.037589e+01
1.095011e+01	-7.612011e+01
1.096011e+01	-6.713888e+01
1.097011e+01	-6.536517e+01
1.098011e+01	-7.491029e+01
1.099011e+01	-6.754589e+01
1.100011e+01	-7.342856e+01
1.101011e+01	-7.112359e+01
1.102011e+01	-7.102993e+01
1.103011e+01	-7.979695e+01
1.104011e+01	-7.702370e+01
1.105011e+01	-6.635005e+01
1.106011e+01	-7.001160e+01
1.107011e+01	-6.223443e+01
1.108011e+01	-6.765821e+01
1.109011e+01	-7.108098e+01
1.110011e+01	-7.243110e+01
1.111011e+01	-6.373712e+01
1.112011e+01	-6.679583e+01
1.113011e+01	-6.521372e+01
1.114011e+01	-6.597302e+01
1.115011e+01	-7.611721e+01
1.116011e+01	-7.347745e+01
1.117011e+01	-7.020134e+01
1.118011e+01	-6.372213e+01
1.119011e+01	-6.844303e+01
1.120011e+01	-7.378609e+01
1.121011e+01	-7.467482e+01
1.122011e+01	-7.080421e+01
1.123011e+01	-7.122750e+01
1.124011e+01	-6.780550e+01
1.125011e+01	-6.739085e+01
1.126011e+01	-7.459996e+01
1.127011e+01	-6.632890e+01
1.128011e+01	-6.587723e+01
1.129011e+01	-7.352359e+01
1.130011e+01	-7.056645e+01
1.131011e+01	-7.723755e+01
1.132011e+01	-7.394931e+01
1.133011e+01	-7.021023e+01
1.134011e+01	-7.506487e+01
1.135011e+01	-6.814570e+01
1.136011e+01	-6.946566e+01
1.137011e+01	-7.351835e+01
1.138011e+01	-7.355538e+01
1.139011e+01	-6.696852e+01
1.140011e+01	-7.133626e+01
1.141011e+01	-7.175967e+01
1.142011e+01	-6.967062e+01
1.143011e+01	-7.360911e+01
1.144011e+01	-7.186731e+01
1.145011e+01	-7.564283e+01
1.146011e+01	-7.335400e+01
1.147011e+01	-7.112467e+01
1.148011e+01	-7.142337e+01
1.149011e+01	-7.071397e+01
1.150012e+01	-7.157716e+01
1.151012e+01	-6.989839e+01
1.152012e+01	-7.342844e+01
1.153012e+01	-7.463741e+01
1.154012e+01	-7.347956e+01
1.155012e+01	-7.339394e+01
1.156012e+01	-7.474147e+01
1.157012e+01	-7.336528e+01
1.158012e+01	-7.267712e+01
1.159012e+01	-7.334045e+01
1.160012e+01	-7.313137e+01
1.161012e+01	-7.326076e+01
1.162012e+01	-7.288095e+01
1.163012e+01	-7.382738e+01
1.164012e+01	-7.368148e+01
1.165012e+01	-7.360189e+01
1.166012e+01	-7.079514e+01
1.167012e+01	-7.145254e+01
1.168012e+01	-7.659793e+01
1.169012e+01	-7.485798e+01
1.170012e+01	-7.271197e+01
1.171012e+01	-6.854378e+01
1.172012e+01	-7.895550e+01
1.173012e+01	-7.136698e+01
1.174012e+01	-7.861518e+01
1.175012e+01	-7.232137e+01
1.176012e+01	-6.878227e+01
1.177012e+01	-7.952294e+01
1.178012e+01	-6.793157e+01
1.179012e+01	-7.387865e+01
1.180012e+01	-7.393007e+01
1.181012e+01	-7.774024e+01
1.182012e+01	-6.886292e+01
1.183012e+01	-7.446331e+01
1.184012e+01	-7.102581e+01
1.185012e+01	-7.338644e+01
1.186012e+01	-7.126036e+01
1.187012e+01	-7.007636e+01
1.188012e+01	-6.839559e+01
1.189012e+01	-7.023945e+01
1.190012e+01	-7.131469e+01
1.191012e+01	-6.783832e+01
1.192012e+01	-6.772038e+01
1.193012e+01	-8.518699e+01
1.194012e+01	-6.639422e+01
1.195012e+01	-7.571762e+01
1.196012e+01	-7.523021e+01
1.197012e+01	-8.021679e+01
1.198012e+01	-6.927066e+01
1.199012e+01	-6.670515e+01
1.200012e+01	-7.205335e+01
1.201012e+01	-6.811378e+01
1.202012e+01	-7.338256e+01
1.203012e+01	-6.923842e+01
1.204012e+01	-6.676489e+01
1.205012e+01	-6.589645e+01
1.206012e+01	-6.718710e+01
1.207012e+01	-7.098322e+01
1.208012e+01	-6.870936e+01
1.209012e+01	-6.474457e+01
1.210012e+01	-7.249507e+01
1.211012e+01	-7.367132e+01
1.212012e+01	-7.382985e+01
1.213012e+01	-7.564808e+01
1.214012e+01	-7.517889e+01
1.215012e+01	-7.292490e+01
1.216012e+01	-6.398622e+01
1.217012e+01	-6.546770e+01
1.218012e+01	-7.085490e+01
1.219012e+01	-8.252311e+01
1.220012e+01	-6.960717e+01
1.221012e+01	-7.067108e+01
1.222012e+01	-6.965760e+01
1.223012e+01	-8.498624e+01
1.224012e+01	-7.518859e+01
1.225012e+01	-7.630741e+01
1.226012e+01	-6.521697e+01
1.227012e+01	-6.825951e+01
1.228012e+01	-7.583397e+01
1.229012e+01	-7.375167e+01
1.230012e+01	-9.067255e+01
1.231012e+01	-7.658499e+01
1.232012e+01	-6.483653e+01
1.233012e+01	-7.332900e+01
1.234012e+01	-7.230713e+01
1.235012e+01	-7.252660e+01
1.236012e+01	-8.008062e+01
1.237012e+01	-8.235138e+01
1.238012e+01	-7.227234e+01
1.239012e+01	-6.792087e+01
1.240012e+01	-7.314709e+01
1.241012e+01	-7.285908e+01
1.242012e+01	-7.017453e+01
1.243012e+01	-7.336172e+01
1.244012e+01	-7.126206e+01
1.245012e+01	-8.252499e+01
1.246012e+01	-8.073647e+01
1.247012e+01	-7.750226e+01
1.248012e+01	-6.979499e+01
1.249012e+01	-7.224652e+01
1.250013e+01	-7.052820e+01
1.251013e+01	-7.342421e+01
1.252013e+01	-7.276172e+01
1.253013e+01	-7.183389e+01
1.254013e+01	-7.351961e+01
1.255013e+01	-7.285720e+01
1.256013e+01	-7.342687e+01
1.257013e+01	-7.340951e+01
1.258013e+01	-7.406998e+01
1.259013e+01	-7.326935e+01
1.260013e+01	-7.384575e+01
1.261013e+01	-7.290568e+01
1.262013e+01	-7.190830e+01
1.263013e+01	-7.394683e+01
1.264013e+01	-7.343911e+01
1.265013e+01	-7.592851e+01
1.266013e+01	-7.810489e+01
1.267013e+01	-7.548838e+01
1.268013e+01	-7.316503e+01
1.269013e+01	-7.229916e+01
1.270013e+01	-7.737398e+01
1.271013e+01	-7.085481e+01
1.272013e+01	-7.200039e+01
1.273013e+01	-6.920027e+01
1.274013e+01	-6.794485e+01
1.275013e+01	-6.920603e+01
1.276013e+01	-7.039971e+01
1.277013e+01	-8.107666e+01
1.278013e+01	-7.498481e+01
1.279013e+01	-7.500076e+01
1.280013e+01	-7.048171e+01
1.281013e+01	-7.745214e+01
1.282013e+01	-7.180404e+01
1.283013e+01	-7.361817e+01
1.284013e+01	-6.602519e+01
1.285013e+01	-6.895053e+01
1.286013e+01	-8.551982e+01
1.287013e+01	-6.571093e+01
1.288013e+01	-7.135529e+01
1.289013e+01	-6.587437e+01
1.290013e+01	-7.340109e+01
1.291013e+01	-6.627919e+01
1.292013e+01	-7.178681e+01
1.293013e+01	-7.205448e+01
1.294013e+01	-7.869462e+01
1.295013e+01	-6.684373e+01
1.296013e+01	-7.247349e+01
1.297013e+01	-7.545581e+01
1.298013e+01	-7.580039e+01
1.299013e+01	-6.765599e+01
1.300013e+01	-6.690009e+01
1.301013e+01	-9.281966e+01
1.302013e+01	-6.581990e+01
1.303013e+01	-7.258787e+01
1.304013e+01	-6.408739e+01
1.305013e+01	-7.198716e+01
1.306013e+01	-6.315261e+01
1.307013e+01	-6.785755e+01
1.308013e+01	-7.503188e+01
1.309013e+01	-6.797834e+01
1.310013e+01	-7.038423e+01
1.311013e+01	-7.386251e+01
1.312013e+01	-7.090189e+01
1.313013e+01	-7.427189e+01
1.314013e+01	-7.493212e+01
1.315013e+01	-7.228640e+01
1.316013e+01	-6.978029e+01
1.317013e+01	-6.822768e+01
1.318013e+01	-7.765167e+01
1.319013e+01	-6.638354e+01
1.320013e+01	-6.214046e+01
1.321013e+01	-6.408085e+01
1.322013e+01	-6.702117e+01
1.323013e+01	-7.497283e+01
1.324013e+01	-8.732027e+01
1.325013e+01	-7.199948e+01
1.326013e+01	-6.782874e+01
1.327013e+01	-7.120798e+01
1.328013e+01	-7.055385e+01
1.329013e+01	-7.267484e+01
1.330013e+01	-8.019526e+01
1.331013e+01	-7.824313e+01
1.332013e+01	-7.557981e+01
1.333013e+01	-7.017980e+01
1.334013e+01	-7.180693e+01
1.335013e+01	-7.369516e+01
1.336013e+01	-7.765900e+01
1.337013e+01	-6.986186e+01
1.338013e+01	-6.730706e+01
1.339013e+01	-6.692716e+01
1.340013e+01	-8.118204e+01
1.341013e+01	-7.391218e+01
1.342013e+01	-7.480250e+01
1.343013e+01	-7.347406e+01
1.344013e+01	-7.466072e+01
1.345013e+01	-7.298247e+01
1.346013e+01	-7.346511e+01
1.347013e+01	-7.472865e+01
1.348013e+01	-7.412977e+01
1.349013e+01	-7.454451e+01
1.350014e+01	-7.227043e+01
1.351014e+01	-7.283536e+01
1.352014e+01	-7.362900e+01
1.353014e+01	-7.480865e+01
1.354014e+01	-7.338448e+01
1.355014e+01	-7.367325e+01
1.356014e+01	-7.370524e+01
1.357014e+01	-7.357730e+01
1.358014e+01	-7.409546e+01
1.359014e+01	-7.463723e+01
1.360014e+01	-7.550481e+01
1.361014e+01	-7.244811e+01
1.362014e+01	-7.361199e+01
1.363014e+01	-7.179511e+01
1.364014e+01	-7.375836e+01
1.365014e+01	-7.303821e+01
1.366014e+01	-7.325798e+01
1.367014e+01	-7.344709e+01
1.368014e+01	-7.241994e+01
1.369014e+01	-7.463550e+01
1.370014e+01	-9.486228e+01
1.371014e+01	-7.081000e+01
1.372014e+01	-7.243310e+01
1.373014e+01	-8.029077e+01
1.374014e+01	-7.076298e+01
1.375014e+01	-7.997993e+01
1.376014e+01	-7.096238e+01
1.377014e+01	-6.671840e+01
1.378014e+01	-7.329817e+01
1.379014e+01	-6.727571e+01
1.380014e+01	-7.254044e+01
1.381014e+01	-7.071926e+01
1.382014e+01	-7.044894e+01
1.383014e+01	-7.903128e+01
1.384014e+01	-7.116783e+01
1.385014e+01	-7.952465e+01
1.386014e+01	-7.060040e+01
1.387014e+01	-6.823822e+01
1.388014e+01	-7.333363e+01
1.389014e+01	-7.019875e+01
1.390014e+01	-7.476910e+01
1.391014e+01	-8.122728e+01
1.392014e+01	-7.507181e+01
1.393014e+01	-6.539177e+01
1.394014e+01	-7.076371e+01
1.395014e+01	-7.046950e+01
1.396014e+01	-7.200948e+01
1.397014e+01	-7.149339e+01
1.398014e+01	-1.009525e+02
1.399014e+01	-7.050762e+01
1.400014e+01	-7.429506e+01
1.401014e+01	-7.001788e+01
1.402014e+01	-7.378570e+01
1.403014e+01	-6.320235e+01
1.404014e+01	-6.789521e+01
1.405014e+01	-6.903517e+01
1.406014e+01	-7.001033e+01
1.407014e+01	-6.828621e+01
1.408014e+01	-6.673625e+01
1.409014e+01	-6.777276e+01
1.410014e+01	-7.608399e+01
1.411014e+01	-7.216830e+01
1.412014e+01	-8.615376e+01
1.413014e+01	-6.884403e+01
1.414014e+01	-7.287587e+01
1.415014e+01	-7.256786e+01
1.416014e+01	-7.525569e+01
1.417014e+01	-7.265768e+01
1.418014e+01	-7.965181e+01
1.419014e+01	-7.940540e+01
1.420014e+01	-7.616969e+01
1.421014e+01	-6.825384e+01
1.422014e+01	-6.715920e+01
1.423014e+01	-6.984918e+01
1.424014e+01	-6.609066e+01
1.425014e+01	-6.697923e+01
1.426014e+01	-7.035693e+01
1.427014e+01	-6.800447e+01
1.428014e+01	-6.988767e+01
1.429014e+01	-6.787401e+01
1.430014e+01	-7.023014e+01
1.431014e+01	-8.011959e+01
1.432014e+01	-7.027019e+01
1.433014e+01	-7.010272e+01
1.434014e+01	-7.416264e+01
1.435014e+01	-8.505724e+01
1.436014e+01	-7.745924e+01
1.437014e+01	-9.094417e+01
1.438014e+01	-7.460007e+01
1.439014e+01	-7.312723e+01
1.440014e+01	-7.294396e+01
1.441014e+01	-6.913485e+01
1.442014e+01	-7.047344e+01
1.443014e+01	-7.158066e+01
1.444014e+01	-7.529712e+01
1.445014e+01	-7.109214e+01
1.446014e+01	-7.172641e+01
1.447014e+01	-7.409024e+01
1.448014e+01	-7.403774e+01
1.449014e+01	-7.456049e+01
1.450015e+01	-7.331709e+01
1.451015e+01	-7.358647e+01
1.452015e+01	-7.395831e+01
1.453015e+01	-7.331011e+01
1.454015e+01	-7.364871e+01
1.455015e+01	-7.349770e+01
1.456015e+01	-7.311369e+01
1.457015e+01	-7.368552e+01
1.458015e+01	-7.432472e+01
1.459015e+01	-7.196187e+01
1.460015e+01	-7.060850e+01
1.461015e+01	-7.401582e+01
1.462015e+01	-7.496790e+01
1.463015e+01	-7.767188e+01
1.464015e+01	-7.585898e+01
1.465015e+01	-7.595145e+01
1.466015e+01	-7.544696e+01
1.467015e+01	-8.660198e+01
1.468015e+01	-6.754910e+01
1.469015e+01	-7.163690e+01
1.470015e+01	-7.463796e+01
1.471015e+01	-7.120806e+01
1.472015e+01	-7.010324e+01
1.473015e+01	-6.744626e+01
1.474015e+01	-8.190324e+01
1.475015e+01	-7.325056e+01
1.476015e+01	-7.064441e+01
1.477015e+01	-6.920450e+01
1.478015e+01	-7.114498e+01
1.479015e+01	-7.745296e+01
1.480015e+01	-7.503690e+01
1.481015e+01	-6.800762e+01
1.482015e+01	-8.739237e+01
1.483015e+01	-6.781046e+01
1.484015e+01	-7.375642e+01
1.485015e+01	-6.600597e+01
1.486015e+01	-6.789594e+01
1.487015e+01	-8.164445e+01
1.488015e+01	-7.115895e+01
1.489015e+01	-7.039662e+01
1.490015e+01	-7.237837e+01
1.491015e+01	-7.373058e+01
1.492015e+01	-9.933389e+01
1.493015e+01	-7.079731e+01
1.494015e+01	-6.672828e+01
1.495015e+01	-7.361404e+01
1.496015e+01	-6.793398e+01
1.497015e+01	-7.759635e+01
1.498015e+01	-6.935547e+01
1.499015e+01	-6.505934e+01
