0.000000e+00	1.735996e+01
1.000010e-02	2.801965e+00
2.000020e-02	1.328768e+01
3.000030e-02	6.699715e+00
4.000040e-02	9.604159e+00
5.000050e-02	1.684767e+01
6.000060e-02	8.983322e+00
7.000070e-02	1.487475e+01
8.000080e-02	1.898449e+01
9.000090e-02	1.879914e+01
1.000010e-01	2.271950e+01
1.100011e-01	1.755110e+01
1.200012e-01	2.443881e+01
1.300013e-01	2.335305e+01
1.400014e-01	2.201980e+01
1.500015e-01	2.613524e+01
1.600016e-01	2.432508e+01
1.700017e-01	2.691979e+01
1.800018e-01	2.565918e+01
1.900019e-01	2.640492e+01
2.000020e-01	2.744537e+01
2.100021e-01	2.506537e+01
2.200022e-01	2.631004e+01
2.300023e-01	2.669541e+01
2.400024e-01	2.666230e+01
2.500025e-01	2.454584e+01
2.600026e-01	2.516748e+01
2.700027e-01	2.512474e+01
2.800028e-01	2.384573e+01
2.900029e-01	2.382994e+01
3.000030e-01	2.279276e+01
3.100031e-01	2.363412e+01
3.200032e-01	2.378291e+01
3.300033e-01	2.312761e+01
3.400034e-01	2.270237e+01
3.500035e-01	2.369057e+01
3.600036e-01	2.478673e+01
3.700037e-01	2.409931e+01
3.800038e-01	2.498496e+01
3.900039e-01	2.512816e+01
4.000040e-01	2.551427e+01
4.100041e-01	2.505988e+01
4.200042e-01	2.565798e+01
4.300043e-01	2.561940e+01
4.400044e-01	2.596995e+01
4.500045e-01	2.632501e+01
4.600046e-01	2.644067e+01
4.700047e-01	2.681499e+01
4.800048e-01	2.681575e+01
4.900049e-01	2.701494e+01
5.000050e-01	2.707964e+01
5.100051e-01	2.742938e+01
5.200052e-01	2.786619e+01
5.300053e-01	2.773985e+01
5.400054e-01	2.782260e+01
5.500055e-01	2.701425e+01
5.600056e-01	2.498419e+01
5.700057e-01	2.733909e+01
5.800058e-01	2.745779e+01
5.900059e-01	2.751640e+01
6.000060e-01	2.780076e+01
6.100061e-01	2.778398e+01
6.200062e-01	2.767703e+01
6.300063e-01	2.740704e+01
6.400064e-01	2.753150e+01
6.500065e-01	2.722265e+01
6.600066e-01	2.710176e+01
6.700067e-01	2.685595e+01
6.800068e-01	2.669104e+01
6.900069e-01	2.685690e+01
7.000070e-01	2.615719e+01
7.100071e-01	2.569560e+01
7.200072e-01	2.535381e+01
7.300073e-01	2.526483e+01
7.400074e-01	2.503887e+01
7.500075e-01	2.355557e+01
7.600076e-01	2.439670e+01
7.700077e-01	2.461143e+01
7.800078e-01	2.378868e+01
7.900079e-01	2.377830e+01
8.000080e-01	2.345424e+01
8.100081e-01	2.312255e+01
8.200082e-01	2.270145e+01
8.300083e-01	2.282660e+01
8.400084e-01	2.277571e+01
8.500085e-01	2.243147e+01
8.600086e-01	2.224757e+01
8.700087e-01	2.203747e+01
8.800088e-01	2.222057e+01
8.900089e-01	2.174133e+01
9.000090e-01	2.161880e+01
9.100091e-01	2.147992e+01
9.200092e-01	2.121289e+01
9.300093e-01	2.123525e+01
9.400094e-01	2.093580e+01
9.500095e-01	2.070110e+01
9.600096e-01	2.075726e+01
9.700097e-01	2.043451e+01
9.800098e-01	1.995908e+01
9.900099e-01	1.886885e+01
1.000010e+00	1.940006e+01
1.010010e+00	1.953067e+01
1.020010e+00	1.870408e+01
1.030010e+00	1.855716e+01
1.040010e+00	1.834786e+01
1.050011e+00	1.782373e+01
1.060011e+00	1.741352e+01
1.070011e+00	1.718487e+01
1.080011e+00	1.642565e+01
1.090011e+00	1.488945e+01
1.100011e+00	9.548975e+00
1.110011e+00	1.359948e+01
1.120011e+00	1.441467e+01
1.130011e+00	1.475280e+01
1.140011e+00	1.439087e+01
1.150012e+00	1.285680e+01
1.160012e+00	8.947200e+00
1.170012e+00	1.006112e+01
1.180012e+00	1.282335e+01
1.190012e+00	1.299892e+01
1.200012e+00	1.256240e+01
1.210012e+00	9.914778e+00
1.220012e+00	1.132515e+01
1.230012e+00	9.794750e+00
1.240012e+00	1.173299e+01
1.250013e+00	1.167037e+01
1.260013e+00	1.118028e+01
1.270013e+00	1.041969e+01
1.280013e+00	9.946451e+00
1.290013e+00	9.856752e+00
1.300013e+00	9.166805e+00
1.310013e+00	9.236217e+00
1.320013e+00	7.823630e+00
1.330013e+00	8.202634e+00
1.340013e+00	6.643848e+00
1.350014e+00	6.753625e+00
1.360014e+00	5.960365e+00
1.370014e+00	5.957444e+00
1.380014e+00	5.101404e+00
1.390014e+00	4.741999e+00
1.400014e+00	2.903384e+00
1.410014e+00	-1.376722e+00
1.420014e+00	1.545236e-01
1.430014e+00	6.672625e-01
1.440014e+00	8.073520e-01
1.450015e+00	6.039155e-02
1.460015e+00	-6.016318e-01
1.470015e+00	-9.837710e-01
1.480015e+00	-1.920520e+00
1.490015e+00	-2.713722e+00
1.500015e+00	-3.203163e+00
1.510015e+00	-4.661708e+00
1.520015e+00	-5.058978e+00
1.530015e+00	-5.269409e+00
1.540015e+00	-5.863576e+00
1.550016e+00	-7.980737e+00
1.560016e+00	-8.488073e+00
1.570016e+00	-9.577973e+00
1.580016e+00	-1.058831e+01
1.590016e+00	-1.239466e+01
1.600016e+00	-1.558207e+01
1.610016e+00	-1.581258e+01
1.620016e+00	-1.788092e+01
1.630016e+00	-1.867205e+01
1.640016e+00	-2.120399e+01
1.650017e+00	-2.593201e+01
1.660017e+00	-3.739938e+01
1.670017e+00	-4.627265e+01
1.680017e+00	-5.984813e+01
1.690017e+00	-3.883326e+01
1.700017e+00	-3.311169e+01
1.710017e+00	-3.300560e+01
1.720017e+00	-4.099219e+01
1.730017e+00	-2.885101e+01
1.740017e+00	-2.313490e+01
1.750018e+00	-2.170011e+01
1.760018e+00	-2.220233e+01
1.770018e+00	-2.135010e+01
1.780018e+00	-2.041089e+01
1.790018e+00	-2.175004e+01
1.800018e+00	-2.370067e+01
1.810018e+00	-1.956873e+01
1.820018e+00	-1.898440e+01
1.830018e+00	-1.757880e+01
1.840018e+00	-1.759973e+01
1.850019e+00	-1.753955e+01
1.860019e+00	-1.964290e+01
1.870019e+00	-2.288497e+01
1.880019e+00	-1.902958e+01
1.890019e+00	-1.929916e+01
1.900019e+00	-1.712563e+01
1.910019e+00	-1.837591e+01
1.920019e+00	-2.039435e+01
1.930019e+00	-1.888480e+01
1.940019e+00	-1.775413e+01
1.950020e+00	-1.868139e+01
1.960020e+00	-1.885168e+01
1.970020e+00	-1.898130e+01
1.980020e+00	-1.783960e+01
1.990020e+00	-1.927078e+01
2.000020e+00	-1.728361e+01
2.010020e+00	-1.705934e+01
2.020020e+00	-2.062605e+01
2.030020e+00	-1.966028e+01
2.040020e+00	-2.262741e+01
2.050021e+00	-2.233094e+01
2.060021e+00	-2.842812e+01
2.070021e+00	-2.056434e+01
2.080021e+00	-2.076440e+01
2.090021e+00	-2.111068e+01
2.100021e+00	-2.265698e+01
2.110021e+00	-2.447125e+01
2.120021e+00	-1.987327e+01
2.130021e+00	-2.589197e+01
2.140021e+00	-2.089153e+01
2.150022e+00	-2.531915e+01
2.160022e+00	-2.687853e+01
2.170022e+00	-2.949875e+01
2.180022e+00	-2.623909e+01
2.190022e+00	-2.392352e+01
2.200022e+00	-6.290466e+01
2.210022e+00	-2.521881e+01
2.220022e+00	-2.613868e+01
2.230022e+00	-2.984096e+01
2.240022e+00	-2.779321e+01
2.250023e+00	-2.792215e+01
2.260023e+00	-3.255885e+01
2.270023e+00	-3.358479e+01
2.280023e+00	-2.590122e+01
2.290023e+00	-2.796734e+01
2.300023e+00	-2.880932e+01
2.310023e+00	-2.981090e+01
2.320023e+00	-2.919252e+01
2.330023e+00	-3.137478e+01
2.340023e+00	-3.152859e+01
2.350024e+00	-3.387655e+01
2.360024e+00	-2.980849e+01
2.370024e+00	-3.257490e+01
2.380024e+00	-2.825755e+01
2.390024e+00	-3.002392e+01
2.400024e+00	-3.270368e+01
2.410024e+00	-3.974078e+01
2.420024e+00	-3.285627e+01
2.430024e+00	-4.131631e+01
2.440024e+00	-3.083801e+01
2.450025e+00	-3.431653e+01
2.460025e+00	-3.454531e+01
2.470025e+00	-4.238956e+01
2.480025e+00	-3.881661e+01
2.490025e+00	-3.443837e+01
2.500025e+00	-3.364038e+01
2.510025e+00	-3.365737e+01
2.520025e+00	-3.574455e+01
2.530025e+00	-3.988987e+01
2.540025e+00	-5.953541e+01
2.550026e+00	-3.962572e+01
2.560026e+00	-3.889342e+01
2.570026e+00	-5.753953e+01
2.580026e+00	-4.095111e+01
2.590026e+00	-4.108319e+01
2.600026e+00	-4.383705e+01
2.610026e+00	-4.319871e+01
2.620026e+00	-5.328892e+01
2.630026e+00	-4.741313e+01
2.640026e+00	-4.806023e+01
2.650027e+00	-5.005296e+01
2.660027e+00	-5.084295e+01
2.670027e+00	-5.864579e+01
2.680027e+00	-5.630698e+01
2.690027e+00	-5.424547e+01
2.700027e+00	-6.204191e+01
2.710027e+00	-6.148191e+01
2.720027e+00	-6.973728e+01
2.730027e+00	-6.999900e+01
2.740027e+00	-7.143974e+01
2.750028e+00	-6.564143e+01
2.760028e+00	-7.137304e+01
2.770028e+00	-7.869685e+01
2.780028e+00	-5.889250e+01
2.790028e+00	-6.491080e+01
2.800028e+00	-6.039003e+01
2.810028e+00	-5.723668e+01
2.820028e+00	-6.658149e+01
2.830028e+00	-5.742614e+01
2.840028e+00	-5.300100e+01
2.850029e+00	-4.757585e+01
2.860029e+00	-5.424549e+01
2.870029e+00	-5.539035e+01
2.880029e+00	-5.499728e+01
2.890029e+00	-5.087752e+01
2.900029e+00	-4.524091e+01
2.910029e+00	-4.745820e+01
2.920029e+00	-5.351929e+01
2.930029e+00	-4.729043e+01
2.940029e+00	-5.067383e+01
2.950030e+00	-5.167293e+01
2.960030e+00	-4.777111e+01
2.970030e+00	-4.788191e+01
2.980030e+00	-5.450682e+01
2.990030e+00	-5.295897e+01
3.000030e+00	-5.086715e+01
3.010030e+00	-4.360354e+01
3.020030e+00	-4.539118e+01
3.030030e+00	-5.345613e+01
3.040030e+00	-5.055795e+01
3.050031e+00	-5.696572e+01
3.060031e+00	-4.774134e+01
3.070031e+00	-4.383756e+01
3.080031e+00	-4.880410e+01
3.090031e+00	-4.749016e+01
3.100031e+00	-4.434665e+01
3.110031e+00	-5.645546e+01
3.120031e+00	-4.881455e+01
3.130031e+00	-4.774744e+01
3.140031e+00	-4.316410e+01
3.150032e+00	-4.089489e+01
3.160032e+00	-4.166435e+01
3.170032e+00	-5.098158e+01
3.180032e+00	-5.405712e+01
3.190032e+00	-4.245426e+01
3.200032e+00	-4.409350e+01
3.210032e+00	-4.883728e+01
3.220032e+00	-4.146451e+01
3.230032e+00	-4.588001e+01
3.240032e+00	-4.748417e+01
3.250033e+00	-5.029831e+01
3.260033e+00	-4.658708e+01
3.270033e+00	-5.552204e+01
3.280033e+00	-4.698726e+01
3.290033e+00	-5.496945e+01
3.300033e+00	-5.129064e+01
3.310033e+00	-4.708128e+01
3.320033e+00	-4.324481e+01
3.330033e+00	-4.705939e+01
3.340033e+00	-4.833107e+01
3.350034e+00	-4.995326e+01
3.360034e+00	-5.139772e+01
3.370034e+00	-6.435764e+01
3.380034e+00	-4.700650e+01
3.390034e+00	-4.573876e+01
3.400034e+00	-5.651169e+01
3.410034e+00	-4.832448e+01
3.420034e+00	-6.124032e+01
3.430034e+00	-4.862173e+01
3.440034e+00	-4.682867e+01
3.450035e+00	-4.515568e+01
3.460035e+00	-5.422431e+01
3.470035e+00	-6.156371e+01
3.480035e+00	-5.196931e+01
3.490035e+00	-6.164559e+01
3.500035e+00	-5.836257e+01
3.510035e+00	-5.365784e+01
3.520035e+00	-4.878134e+01
3.530035e+00	-5.120838e+01
3.540035e+00	-5.982985e+01
3.550036e+00	-5.703587e+01
3.560036e+00	-6.940308e+01
3.570036e+00	-6.317626e+01
3.580036e+00	-6.283684e+01
3.590036e+00	-5.954883e+01
3.600036e+00	-5.393064e+01
3.610036e+00	-5.501395e+01
3.620036e+00	-6.655638e+01
3.630036e+00	-5.693622e+01
3.640036e+00	-6.613790e+01
3.650037e+00	-6.495450e+01
3.660037e+00	-6.264582e+01
3.670037e+00	-6.457527e+01
3.680037e+00	-6.233800e+01
3.690037e+00	-5.814010e+01
3.700037e+00	-6.688402e+01
3.710037e+00	-6.882410e+01
3.720037e+00	-7.410330e+01
3.730037e+00	-6.969077e+01
3.740037e+00	-9.392374e+01
3.750038e+00	-7.530004e+01
3.760038e+00	-7.399425e+01
3.770038e+00	-7.892656e+01
3.780038e+00	-7.283568e+01
3.790038e+00	-6.979463e+01
3.800038e+00	-6.855359e+01
3.810038e+00	-6.505261e+01
3.820038e+00	-6.718212e+01
3.830038e+00	-6.797532e+01
3.840038e+00	-7.259812e+01
3.850039e+00	-6.416600e+01
3.860039e+00	-6.153498e+01
3.870039e+00	-5.919255e+01
3.880039e+00	-6.222883e+01
3.890039e+00	-5.696791e+01
3.900039e+00	-5.454753e+01
3.910039e+00	-8.074347e+01
3.920039e+00	-6.226716e+01
3.930039e+00	-5.549877e+01
3.940039e+00	-5.387802e+01
3.950040e+00	-5.821109e+01
3.960040e+00	-5.783802e+01
3.970040e+00	-5.248619e+01
3.980040e+00	-5.668378e+01
3.990040e+00	-5.853804e+01
4.000040e+00	-6.280929e+01
4.010040e+00	-5.614406e+01
4.020040e+00	-6.961230e+01
4.030040e+00	-5.592743e+01
4.040040e+00	-6.045595e+01
4.050041e+00	-5.630344e+01
4.060041e+00	-6.280423e+01
4.070041e+00	-5.495036e+01
4.080041e+00	-5.206639e+01
4.090041e+00	-8.048019e+01
4.100041e+00	-5.614213e+01
4.110041e+00	-5.713839e+01
4.120041e+00	-5.356747e+01
4.130041e+00	-5.648592e+01
4.140041e+00	-5.049252e+01
4.150042e+00	-5.219662e+01
4.160042e+00	-5.317489e+01
4.170042e+00	-5.472748e+01
4.180042e+00	-5.064003e+01
4.190042e+00	-5.175799e+01
4.200042e+00	-5.888863e+01
4.210042e+00	-5.513940e+01
4.220042e+00	-5.460075e+01
4.230042e+00	-6.093006e+01
4.240042e+00	-5.751312e+01
4.250043e+00	-5.867510e+01
4.260043e+00	-6.526831e+01
4.270043e+00	-6.529611e+01
4.280043e+00	-5.317968e+01
4.290043e+00	-5.328037e+01
4.300043e+00	-5.857644e+01
4.310043e+00	-5.148245e+01
4.320043e+00	-5.600989e+01
4.330043e+00	-8.106898e+01
4.340043e+00	-5.414443e+01
4.350044e+00	-5.320493e+01
4.360044e+00	-5.558882e+01
4.370044e+00	-5.797700e+01
4.380044e+00	-5.791138e+01
4.390044e+00	-6.224982e+01
4.400044e+00	-6.640625e+01
4.410044e+00	-5.923252e+01
4.420044e+00	-6.882801e+01
4.430044e+00	-6.024471e+01
4.440044e+00	-5.478367e+01
4.450045e+00	-6.397929e+01
4.460045e+00	-5.512702e+01
4.470045e+00	-5.962962e+01
4.480045e+00	-5.520798e+01
4.490045e+00	-5.319800e+01
4.500045e+00	-6.666194e+01
4.510045e+00	-6.635128e+01
4.520045e+00	-6.866724e+01
4.530045e+00	-5.569156e+01
4.540045e+00	-6.041950e+01
4.550046e+00	-6.035014e+01
4.560046e+00	-6.316712e+01
4.570046e+00	-6.092140e+01
4.580046e+00	-6.657544e+01
4.590046e+00	-5.937830e+01
4.600046e+00	-5.965754e+01
4.610046e+00	-6.096291e+01
4.620046e+00	-6.818198e+01
4.630046e+00	-7.012909e+01
4.640046e+00	-6.741503e+01
4.650047e+00	-6.396729e+01
4.660047e+00	-6.674814e+01
4.670047e+00	-7.089833e+01
4.680047e+00	-8.044886e+01
4.690047e+00	-7.265925e+01
4.700047e+00	-8.083686e+01
4.710047e+00	-7.933982e+01
4.720047e+00	-7.445962e+01
4.730047e+00	-8.366336e+01
4.740047e+00	-8.947625e+01
4.750048e+00	-8.367247e+01
4.760048e+00	-7.982776e+01
4.770048e+00	-9.248951e+01
4.780048e+00	-8.087827e+01
4.790048e+00	-7.567279e+01
4.800048e+00	-9.094028e+01
4.810048e+00	-7.005478e+01
4.820048e+00	-6.604701e+01
4.830048e+00	-6.750865e+01
4.840048e+00	-6.293643e+01
4.850049e+00	-7.523732e+01
4.860049e+00	-6.440916e+01
4.870049e+00	-6.104875e+01
4.880049e+00	-7.124948e+01
4.890049e+00	-6.578362e+01
4.900049e+00	-6.892974e+01
4.910049e+00	-5.996568e+01
4.920049e+00	-5.826657e+01
4.930049e+00	-6.671360e+01
4.940049e+00	-6.100090e+01
4.950050e+00	-6.294521e+01
4.960050e+00	-6.808200e+01
4.970050e+00	-6.305242e+01
4.980050e+00	-5.696418e+01
4.990050e+00	-5.389184e+01
5.000050e+00	-5.551143e+01
5.010050e+00	-5.707611e+01
5.020050e+00	-5.964937e+01
5.030050e+00	-6.358780e+01
5.040050e+00	-5.751967e+01
5.050051e+00	-5.921034e+01
5.060051e+00	-6.152248e+01
5.070051e+00	-6.273299e+01
5.080051e+00	-6.110107e+01
5.090051e+00	-5.619034e+01
5.100051e+00	-5.731817e+01
5.110051e+00	-5.792358e+01
5.120051e+00	-5.709020e+01
5.130051e+00	-5.849724e+01
5.140051e+00	-5.394186e+01
5.150052e+00	-6.358411e+01
5.160052e+00	-7.217193e+01
5.170052e+00	-6.250968e+01
5.180052e+00	-6.780767e+01
5.190052e+00	-6.554538e+01
5.200052e+00	-6.225973e+01
5.210052e+00	-6.658367e+01
5.220052e+00	-5.539122e+01
5.230052e+00	-5.574817e+01
5.240052e+00	-5.877068e+01
5.250053e+00	-6.825312e+01
5.260053e+00	-6.119466e+01
5.270053e+00	-6.089570e+01
5.280053e+00	-5.849751e+01
5.290053e+00	-6.246829e+01
5.300053e+00	-5.633516e+01
5.310053e+00	-5.890154e+01
5.320053e+00	-6.666659e+01
5.330053e+00	-5.989128e+01
5.340053e+00	-5.889135e+01
5.350054e+00	-6.739025e+01
5.360054e+00	-6.365345e+01
5.370054e+00	-5.999974e+01
5.380054e+00	-5.859370e+01
5.390054e+00	-6.525009e+01
5.400054e+00	-5.921575e+01
5.410054e+00	-6.675853e+01
5.420054e+00	-6.072588e+01
5.430054e+00	-6.062612e+01
5.440054e+00	-5.818811e+01
5.450055e+00	-5.982742e+01
5.460055e+00	-6.322489e+01
5.470055e+00	-7.084976e+01
5.480055e+00	-6.129368e+01
5.490055e+00	-6.438677e+01
5.500055e+00	-6.355818e+01
5.510055e+00	-6.627443e+01
5.520055e+00	-6.584850e+01
5.530055e+00	-6.690892e+01
5.540055e+00	-6.277069e+01
5.550056e+00	-7.112481e+01
5.560056e+00	-7.358504e+01
5.570056e+00	-6.895211e+01
5.580056e+00	-7.463084e+01
5.590056e+00	-6.504621e+01
5.600056e+00	-6.360760e+01
5.610056e+00	-7.953360e+01
5.620056e+00	-8.810988e+01
5.630056e+00	-7.933603e+01
5.640056e+00	-7.148389e+01
5.650057e+00	-6.983875e+01
5.660057e+00	-6.700025e+01
5.670057e+00	-6.697958e+01
5.680057e+00	-7.679183e+01
5.690057e+00	-7.730371e+01
5.700057e+00	-7.912775e+01
5.710057e+00	-9.072881e+01
5.720057e+00	-8.431034e+01
5.730057e+00	-8.501573e+01
5.740057e+00	-8.515993e+01
5.750058e+00	-8.881840e+01
5.760058e+00	-7.656704e+01
5.770058e+00	-7.374906e+01
5.780058e+00	-7.811032e+01
5.790058e+00	-7.425571e+01
5.800058e+00	-7.736927e+01
5.810058e+00	-8.144031e+01
5.820058e+00	-7.128062e+01
5.830058e+00	-7.748295e+01
5.840058e+00	-7.006802e+01
5.850059e+00	-7.226087e+01
5.860059e+00	-6.790159e+01
5.870059e+00	-6.414542e+01
5.880059e+00	-7.265968e+01
5.890059e+00	-7.356287e+01
5.900059e+00	-6.852144e+01
5.910059e+00	-6.836607e+01
5.920059e+00	-6.719125e+01
5.930059e+00	-6.248567e+01
5.940059e+00	-6.664955e+01
5.950060e+00	-6.966061e+01
5.960060e+00	-6.254304e+01
5.970060e+00	-6.303449e+01
5.980060e+00	-7.391584e+01
5.990060e+00	-7.682497e+01
6.000060e+00	-6.497004e+01
6.010060e+00	-6.459074e+01
6.020060e+00	-6.384376e+01
6.030060e+00	-6.362222e+01
6.040060e+00	-6.296121e+01
6.050061e+00	-6.301176e+01
6.060061e+00	-7.053784e+01
6.070061e+00	-6.944494e+01
6.080061e+00	-6.650219e+01
6.090061e+00	-6.871111e+01
6.100061e+00	-6.298771e+01
6.110061e+00	-6.464130e+01
6.120061e+00	-7.544419e+01
6.130061e+00	-6.293162e+01
6.140061e+00	-6.833773e+01
6.150062e+00	-6.378959e+01
6.160062e+00	-8.853696e+01
6.170062e+00	-6.795501e+01
6.180062e+00	-6.431127e+01
6.190062e+00	-5.782023e+01
6.200062e+00	-5.981199e+01
6.210062e+00	-6.372164e+01
6.220062e+00	-6.995784e+01
6.230062e+00	-6.671327e+01
6.240062e+00	-6.978634e+01
6.250063e+00	-6.581291e+01
6.260063e+00	-7.269394e+01
6.270063e+00	-6.793149e+01
6.280063e+00	-7.384921e+01
6.290063e+00	-6.779614e+01
6.300063e+00	-6.401305e+01
6.310063e+00	-6.693220e+01
6.320063e+00	-6.796211e+01
6.330063e+00	-7.270148e+01
6.340063e+00	-6.877915e+01
6.350064e+00	-6.307286e+01
6.360064e+00	-6.637287e+01
6.370064e+00	-6.904616e+01
6.380064e+00	-6.564916e+01
6.390064e+00	-6.599188e+01
6.400064e+00	-7.117549e+01
6.410064e+00	-6.824954e+01
6.420064e+00	-6.848020e+01
6.430064e+00	-6.645071e+01
6.440064e+00	-7.068060e+01
6.450065e+00	-6.697536e+01
6.460065e+00	-6.823202e+01
6.470065e+00	-7.257545e+01
6.480065e+00	-7.150684e+01
6.490065e+00	-6.910912e+01
6.500065e+00	-6.653900e+01
6.510065e+00	-7.314777e+01
6.520065e+00	-6.925952e+01
6.530065e+00	-7.124977e+01
6.540065e+00	-7.085076e+01
6.550066e+00	-7.970866e+01
6.560066e+00	-7.460549e+01
6.570066e+00	-7.412173e+01
6.580066e+00	-8.694983e+01
6.590066e+00	-7.230958e+01
6.600066e+00	-7.392283e+01
6.610066e+00	-8.575575e+01
6.620066e+00	-7.094650e+01
6.630066e+00	-7.583667e+01
6.640066e+00	-7.617943e+01
6.650067e+00	-7.932712e+01
6.660067e+00	-7.984208e+01
6.670067e+00	-8.112594e+01
6.680067e+00	-8.386035e+01
6.690067e+00	-8.549437e+01
6.700067e+00	-9.101249e+01
6.710067e+00	-8.969960e+01
6.720067e+00	-8.731850e+01
6.730067e+00	-8.597135e+01
6.740067e+00	-8.779521e+01
6.750068e+00	-7.683914e+01
6.760068e+00	-8.020310e+01
6.770068e+00	-9.209919e+01
6.780068e+00	-8.312437e+01
6.790068e+00	-7.823967e+01
6.800068e+00	-7.968284e+01
6.810068e+00	-8.024759e+01
6.820068e+00	-7.510377e+01
6.830068e+00	-7.602539e+01
6.840068e+00	-7.648204e+01
6.850069e+00	-7.136905e+01
6.860069e+00	-7.113020e+01
6.870069e+00	-6.937498e+01
6.880069e+00	-7.809354e+01
6.890069e+00	-6.985558e+01
6.900069e+00	-6.646060e+01
6.910069e+00	-7.253736e+01
6.920069e+00	-7.001850e+01
6.930069e+00	-6.840089e+01
6.940069e+00	-7.666101e+01
6.950070e+00	-7.251566e+01
6.960070e+00	-7.526108e+01
6.970070e+00	-7.009294e+01
6.980070e+00	-7.729091e+01
6.990070e+00	-6.749067e+01
7.000070e+00	-7.292687e+01
7.010070e+00	-7.343426e+01
7.020070e+00	-6.735356e+01
7.030070e+00	-7.005020e+01
7.040070e+00	-6.419296e+01
7.050071e+00	-7.009756e+01
7.060071e+00	-7.415178e+01
7.070071e+00	-7.188231e+01
7.080071e+00	-6.457488e+01
7.090071e+00	-6.844375e+01
7.100071e+00	-7.451805e+01
7.110071e+00	-6.859329e+01
7.120071e+00	-6.641625e+01
7.130071e+00	-6.711869e+01
7.140071e+00	-6.158329e+01
7.150072e+00	-7.383546e+01
7.160072e+00	-6.655967e+01
7.170072e+00	-6.924974e+01
7.180072e+00	-6.567503e+01
7.190072e+00	-6.897166e+01
7.200072e+00	-7.098529e+01
7.210072e+00	-6.649201e+01
7.220072e+00	-6.581146e+01
7.230072e+00	-6.580038e+01
7.240072e+00	-6.491623e+01
7.250073e+00	-7.350609e+01
7.260073e+00	-6.889412e+01
7.270073e+00	-6.862247e+01
7.280073e+00	-6.974450e+01
7.290073e+00	-6.406451e+01
7.300073e+00	-6.651412e+01
7.310073e+00	-7.806037e+01
7.320073e+00	-7.122390e+01
7.330073e+00	-6.512329e+01
7.340073e+00	-7.220337e+01
7.350074e+00	-6.839729e+01
7.360074e+00	-6.829462e+01
7.370074e+00	-7.052092e+01
7.380074e+00	-7.451731e+01
7.390074e+00	-7.672872e+01
7.400074e+00	-6.957231e+01
7.410074e+00	-7.579267e+01
7.420074e+00	-6.781853e+01
7.430074e+00	-7.491197e+01
7.440074e+00	-6.943202e+01
7.450075e+00	-6.597416e+01
7.460075e+00	-6.423048e+01
7.470075e+00	-7.513664e+01
7.480075e+00	-6.995062e+01
7.490075e+00	-6.895345e+01
7.500075e+00	-7.188304e+01
7.510075e+00	-7.634560e+01
7.520075e+00	-7.139802e+01
7.530075e+00	-7.083481e+01
7.540075e+00	-6.639051e+01
7.550076e+00	-7.056181e+01
7.560076e+00	-7.784738e+01
7.570076e+00	-8.244307e+01
7.580076e+00	-7.563889e+01
7.590076e+00	-7.828654e+01
7.600076e+00	-8.085598e+01
7.610076e+00	-9.733229e+01
7.620076e+00	-9.116030e+01
7.630076e+00	-9.780864e+01
7.640076e+00	-8.605464e+01
7.650077e+00	-8.475090e+01
7.660077e+00	-8.362179e+01
7.670077e+00	-8.227721e+01
7.680077e+00	-9.376336e+01
7.690077e+00	-8.566342e+01
7.700077e+00	-8.232618e+01
7.710077e+00	-9.859008e+01
7.720077e+00	-8.625603e+01
7.730077e+00	-8.395765e+01
7.740077e+00	-8.511159e+01
7.750078e+00	-7.840404e+01
7.760078e+00	-8.439668e+01
7.770078e+00	-7.836006e+01
7.780078e+00	-8.391693e+01
7.790078e+00	-8.476085e+01
7.800078e+00	-7.973296e+01
7.810078e+00	-8.143398e+01
7.820078e+00	-7.771180e+01
7.830078e+00	-8.558500e+01
7.840078e+00	-6.860966e+01
7.850079e+00	-7.283499e+01
7.860079e+00	-8.218279e+01
7.870079e+00	-7.802675e+01
7.880079e+00	-7.693039e+01
7.890079e+00	-7.002664e+01
7.900079e+00	-8.324932e+01
7.910079e+00	-6.959617e+01
7.920079e+00	-8.434125e+01
7.930079e+00	-7.395637e+01
7.940079e+00	-8.294024e+01
7.950080e+00	-7.460572e+01
7.960080e+00	-7.557815e+01
7.970080e+00	-6.905604e+01
7.980080e+00	-7.719859e+01
7.990080e+00	-6.691577e+01
8.000080e+00	-7.925367e+01
8.010080e+00	-6.740247e+01
8.020080e+00	-6.330457e+01
8.030080e+00	-6.885264e+01
8.040080e+00	-6.784234e+01
8.050081e+00	-7.164776e+01
8.060081e+00	-6.995856e+01
8.070081e+00	-6.933105e+01
8.080081e+00	-8.131119e+01
8.090081e+00	-6.815040e+01
8.100081e+00	-7.609954e+01
8.110081e+00	-6.504837e+01
8.120081e+00	-7.041800e+01
8.130081e+00	-6.257173e+01
8.140081e+00	-6.860393e+01
8.150082e+00	-6.638270e+01
8.160082e+00	-6.846378e+01
8.170082e+00	-6.546031e+01
8.180082e+00	-6.124424e+01
8.190082e+00	-7.236066e+01
8.200082e+00	-7.017717e+01
8.210082e+00	-7.315666e+01
8.220082e+00	-6.852241e+01
8.230082e+00	-6.982138e+01
8.240082e+00	-6.674194e+01
8.250083e+00	-7.506105e+01
8.260083e+00	-7.074083e+01
8.270083e+00	-6.942213e+01
8.280083e+00	-6.544711e+01
8.290083e+00	-6.704118e+01
8.300083e+00	-6.689239e+01
8.310083e+00	-7.077535e+01
8.320083e+00	-7.606344e+01
8.330083e+00	-7.521605e+01
8.340083e+00	-7.894370e+01
8.350084e+00	-7.134866e+01
8.360084e+00	-6.470432e+01
8.370084e+00	-6.779760e+01
8.380084e+00	-7.125889e+01
8.390084e+00	-8.615881e+01
8.400084e+00	-7.205351e+01
8.410084e+00	-8.622750e+01
8.420084e+00	-6.843936e+01
8.430084e+00	-7.181714e+01
8.440084e+00	-7.267217e+01
8.450085e+00	-7.509765e+01
8.460085e+00	-7.457949e+01
8.470085e+00	-7.101758e+01
8.480085e+00	-8.003460e+01
8.490085e+00	-7.154281e+01
8.500085e+00	-7.043509e+01
8.510085e+00	-7.023537e+01
8.520085e+00	-7.569607e+01
8.530085e+00	-6.870008e+01
8.540085e+00	-7.991268e+01
8.550086e+00	-7.863085e+01
8.560086e+00	-8.944200e+01
8.570086e+00	-7.813955e+01
8.580086e+00	-8.407140e+01
8.590086e+00	-8.424929e+01
8.600086e+00	-9.138254e+01
8.610086e+00	-8.438214e+01
8.620086e+00	-8.129637e+01
8.630086e+00	-9.650472e+01
8.640086e+00	-9.262522e+01
8.650087e+00	-8.644239e+01
8.660087e+00	-8.650396e+01
8.670087e+00	-9.186425e+01
8.680087e+00	-9.079063e+01
8.690087e+00	-8.867538e+01
8.700087e+00	-8.821298e+01
8.710087e+00	-8.223726e+01
8.720087e+00	-8.645577e+01
8.730087e+00	-9.153091e+01
8.740087e+00	-7.957074e+01
8.750088e+00	-8.164951e+01
8.760088e+00	-7.304160e+01
8.770088e+00	-7.459763e+01
8.780088e+00	-8.150210e+01
8.790088e+00	-7.343699e+01
8.800088e+00	-7.671751e+01
8.810088e+00	-7.091859e+01
8.820088e+00	-8.420492e+01
8.830088e+00	-7.650471e+01
8.840088e+00	-9.160992e+01
8.850089e+00	-7.296272e+01
8.860089e+00	-6.799804e+01
8.870089e+00	-7.123585e+01
8.880089e+00	-8.239600e+01
8.890089e+00	-6.802519e+01
8.900089e+00	-6.868532e+01
8.910089e+00	-7.043304e+01
8.920089e+00	-6.581043e+01
8.930089e+00	-6.861911e+01
8.940089e+00	-6.285035e+01
8.950090e+00	-6.322465e+01
8.960090e+00	-7.318568e+01
8.970090e+00	-6.289755e+01
8.980090e+00	-6.917462e+01
8.990090e+00	-8.934223e+01
9.000090e+00	-7.688101e+01
9.010090e+00	-7.233913e+01
9.020090e+00	-7.201209e+01
9.030090e+00	-7.255884e+01
9.040090e+00	-6.582348e+01
9.050091e+00	-7.476349e+01
9.060091e+00	-6.763807e+01
9.070091e+00	-6.285157e+01
9.080091e+00	-7.472164e+01
9.090091e+00	-6.855674e+01
9.100091e+00	-6.499418e+01
9.110091e+00	-6.792847e+01
9.120091e+00	-6.651429e+01
9.130091e+00	-6.738256e+01
9.140091e+00	-6.255743e+01
9.150092e+00	-6.362908e+01
9.160092e+00	-6.435463e+01
9.170092e+00	-6.472760e+01
9.180092e+00	-6.004148e+01
9.190092e+00	-6.502988e+01
9.200092e+00	-7.161555e+01
9.210092e+00	-6.576014e+01
9.220092e+00	-7.020859e+01
9.230092e+00	-6.608261e+01
9.240092e+00	-6.799633e+01
9.250093e+00	-7.166056e+01
9.260093e+00	-7.286767e+01
9.270093e+00	-7.354327e+01
9.280093e+00	-7.661070e+01
9.290093e+00	-7.555170e+01
9.300093e+00	-6.766910e+01
9.310093e+00	-8.367582e+01
9.320093e+00	-7.160634e+01
9.330093e+00	-7.563954e+01
9.340093e+00	-6.522704e+01
9.350094e+00	-7.216422e+01
9.360094e+00	-7.339836e+01
9.370094e+00	-6.803907e+01
9.380094e+00	-7.959696e+01
9.390094e+00	-6.935457e+01
9.400094e+00	-7.715495e+01
9.410094e+00	-6.478549e+01
9.420094e+00	-7.913235e+01
9.430094e+00	-7.592078e+01
9.440094e+00	-8.458976e+01
9.450095e+00	-7.763581e+01
9.460095e+00	-7.047141e+01
9.470095e+00	-7.723810e+01
9.480095e+00	-7.586892e+01
9.490095e+00	-7.977586e+01
9.500095e+00	-8.369590e+01
9.510095e+00	-7.598699e+01
9.520095e+00	-7.872120e+01
9.530095e+00	-8.434200e+01
9.540095e+00	-8.032625e+01
9.550096e+00	-7.688018e+01
9.560096e+00	-8.868308e+01
9.570096e+00	-7.664484e+01
9.580096e+00	-9.719327e+01
9.590096e+00	-7.776557e+01
9.600096e+00	-9.274460e+01
9.610096e+00	-9.393544e+01
9.620096e+00	-8.611545e+01
9.630096e+00	-9.032887e+01
9.640096e+00	-9.024299e+01
9.650097e+00	-8.753348e+01
9.660097e+00	-9.372480e+01
9.670097e+00	-9.445661e+01
9.680097e+00	-8.840435e+01
9.690097e+00	-8.023346e+01
9.700097e+00	-8.392431e+01
9.710097e+00	-8.458707e+01
9.720097e+00	-8.213259e+01
9.730097e+00	-7.668216e+01
9.740097e+00	-7.759829e+01
9.750098e+00	-7.863536e+01
9.760098e+00	-8.171142e+01
9.770098e+00	-8.319674e+01
9.780098e+00	-8.038238e+01
9.790098e+00	-7.892882e+01
9.800098e+00	-7.571361e+01
9.810098e+00	-7.880481e+01
9.820098e+00	-8.418054e+01
9.830098e+00	-7.714339e+01
9.840098e+00	-8.397617e+01
9.850099e+00	-7.249811e+01
9.860099e+00	-6.869839e+01
9.870099e+00	-7.652362e+01
9.880099e+00	-7.179434e+01
9.890099e+00	-6.747820e+01
9.900099e+00	-7.132350e+01
9.910099e+00	-7.501682e+01
9.920099e+00	-6.665285e+01
9.930099e+00	-6.857183e+01
9.940099e+00	-7.254435e+01
9.950100e+00	-6.779370e+01
9.960100e+00	-6.622241e+01
9.970100e+00	-6.427483e+01
9.980100e+00	-6.974652e+01
9.990100e+00	-7.392645e+01
1.000010e+01	-7.257141e+01
1.001010e+01	-6.935939e+01
1.002010e+01	-7.059565e+01
1.003010e+01	-7.859323e+01
1.004010e+01	-6.928686e+01
1.005010e+01	-6.549401e+01
1.006010e+01	-6.799996e+01
1.007010e+01	-6.703372e+01
1.008010e+01	-7.587841e+01
1.009010e+01	-8.403621e+01
1.010010e+01	-6.861460e+01
1.011010e+01	-8.513055e+01
1.012010e+01	-8.996015e+01
1.013010e+01	-6.286807e+01
1.014010e+01	-6.881582e+01
1.015010e+01	-6.415872e+01
1.016010e+01	-6.808512e+01
1.017010e+01	-7.401250e+01
1.018010e+01	-6.726394e+01
1.019010e+01	-7.364863e+01
1.020010e+01	-8.206431e+01
1.021010e+01	-7.247786e+01
1.022010e+01	-6.920297e+01
1.023010e+01	-7.526221e+01
1.024010e+01	-7.777372e+01
1.025010e+01	-8.671768e+01
1.026010e+01	-6.803551e+01
1.027010e+01	-7.147469e+01
1.028010e+01	-6.823749e+01
1.029010e+01	-7.391345e+01
1.030010e+01	-6.849180e+01
1.031010e+01	-7.053674e+01
1.032010e+01	-7.046826e+01
1.033010e+01	-6.814145e+01
1.034010e+01	-6.895858e+01
1.035010e+01	-7.685479e+01
1.036010e+01	-7.888708e+01
1.037010e+01	-8.112053e+01
1.038010e+01	-7.037232e+01
1.039010e+01	-6.925387e+01
1.040010e+01	-8.392339e+01
1.041010e+01	-8.195852e+01
1.042010e+01	-8.042920e+01
1.043010e+01	-7.643741e+01
1.044010e+01	-7.347497e+01
1.045010e+01	-7.263693e+01
1.046010e+01	-7.112570e+01
1.047010e+01	-7.337224e+01
1.048010e+01	-7.435151e+01
1.049010e+01	-8.001054e+01
1.050011e+01	-8.029803e+01
1.051011e+01	-7.563945e+01
1.052011e+01	-8.342339e+01
1.053011e+01	-7.764445e+01
1.054011e+01	-8.669811e+01
1.055011e+01	-7.713192e+01
1.056011e+01	-9.007564e+01
1.057011e+01	-8.966778e+01
1.058011e+01	-8.826466e+01
1.059011e+01	-8.183474e+01
1.060011e+01	-1.001436e+02
1.061011e+01	-8.576101e+01
1.062011e+01	-8.726874e+01
1.063011e+01	-9.883962e+01
1.064011e+01	-8.475432e+01
1.065011e+01	-9.057602e+01
1.066011e+01	-8.347477e+01
1.067011e+01	-9.506191e+01
1.068011e+01	-8.570028e+01
1.069011e+01	-7.742197e+01
1.070011e+01	-8.373427e+01
1.071011e+01	-8.025138e+01
1.072011e+01	-7.929890e+01
1.073011e+01	-8.168414e+01
1.074011e+01	-8.075913e+01
1.075011e+01	-7.823585e+01
1.076011e+01	-7.456343e+01
1.077011e+01	-7.465796e+01
1.078011e+01	-9.033369e+01
1.079011e+01	-7.708272e+01
1.080011e+01	-7.721670e+01
1.081011e+01	-7.375614e+01
1.082011e+01	-7.431627e+01
1.083011e+01	-7.327549e+01
1.084011e+01	-7.993203e+01
1.085011e+01	-7.430402e+01
1.086011e+01	-7.244569e+01
1.087011e+01	-7.554477e+01
1.088011e+01	-9.030489e+01
1.089011e+01	-8.599201e+01
1.090011e+01	-7.352878e+01
1.091011e+01	-7.368949e+01
1.092011e+01	-9.063081e+01
1.093011e+01	-6.895213e+01
1.094011e+01	-7.058626e+01
1.095011e+01	-7.348471e+01
1.096011e+01	-7.074137e+01
1.097011e+01	-6.783366e+01
1.098011e+01	-6.806496e+01
1.099011e+01	-6.954104e+01
1.100011e+01	-6.855967e+01
1.101011e+01	-7.444656e+01
1.102011e+01	-6.774785e+01
1.103011e+01	-8.596848e+01
1.104011e+01	-7.198077e+01
1.105011e+01	-7.824079e+01
1.106011e+01	-7.121060e+01
1.107011e+01	-6.857240e+01
1.108011e+01	-6.568649e+01
1.109011e+01	-7.197992e+01
1.110011e+01	-6.470488e+01
1.111011e+01	-6.849401e+01
1.112011e+01	-6.913441e+01
1.113011e+01	-7.078259e+01
1.114011e+01	-8.614174e+01
1.115011e+01	-6.327975e+01
1.116011e+01	-7.346384e+01
1.117011e+01	-6.765032e+01
1.118011e+01	-6.787522e+01
1.119011e+01	-7.430234e+01
1.120011e+01	-8.028702e+01
1.121011e+01	-8.327059e+01
1.122011e+01	-6.980869e+01
1.123011e+01	-7.251918e+01
1.124011e+01	-6.563730e+01
1.125011e+01	-7.602543e+01
1.126011e+01	-6.913602e+01
1.127011e+01	-7.056219e+01
1.128011e+01	-8.057866e+01
1.129011e+01	-9.390000e+01
1.130011e+01	-7.406493e+01
1.131011e+01	-8.409698e+01
1.132011e+01	-6.775093e+01
1.133011e+01	-6.738549e+01
1.134011e+01	-7.064040e+01
1.135011e+01	-7.063030e+01
1.136011e+01	-7.601648e+01
1.137011e+01	-9.737804e+01
1.138011e+01	-6.593004e+01
1.139011e+01	-8.379357e+01
1.140011e+01	-8.563682e+01
1.141011e+01	-7.163802e+01
1.142011e+01	-8.819411e+01
1.143011e+01	-7.963068e+01
1.144011e+01	-7.713271e+01
1.145011e+01	-8.265983e+01
1.146011e+01	-8.507954e+01
1.147011e+01	-8.129679e+01
1.148011e+01	-7.202485e+01
1.149011e+01	-8.824506e+01
1.150012e+01	-7.335031e+01
1.151012e+01	-8.232779e+01
1.152012e+01	-8.027006e+01
1.153012e+01	-8.759389e+01
1.154012e+01	-8.626262e+01
1.155012e+01	-8.482538e+01
1.156012e+01	-8.718268e+01
1.157012e+01	-1.017228e+02
1.158012e+01	-8.906864e+01
1.159012e+01	-9.309747e+01
1.160012e+01	-9.080551e+01
1.161012e+01	-9.454079e+01
1.162012e+01	-8.630457e+01
1.163012e+01	-8.407830e+01
1.164012e+01	-8.313354e+01
1.165012e+01	-9.106626e+01
1.166012e+01	-9.208442e+01
1.167012e+01	-7.847469e+01
1.168012e+01	-7.977344e+01
1.169012e+01	-9.489119e+01
1.170012e+01	-7.741074e+01
1.171012e+01	-8.318038e+01
1.172012e+01	-7.755587e+01
1.173012e+01	-7.349059e+01
1.174012e+01	-8.121516e+01
1.175012e+01	-7.304205e+01
1.176012e+01	-7.624111e+01
1.177012e+01	-7.914385e+01
1.178012e+01	-8.589758e+01
1.179012e+01	-8.618424e+01
1.180012e+01	-8.849942e+01
1.181012e+01	-7.155513e+01
1.182012e+01	-8.441710e+01
1.183012e+01	-8.436720e+01
1.184012e+01	-7.171176e+01
1.185012e+01	-7.569628e+01
1.186012e+01	-7.418077e+01
1.187012e+01	-7.376573e+01
1.188012e+01	-7.845584e+01
1.189012e+01	-7.117516e+01
1.190012e+01	-7.938563e+01
1.191012e+01	-7.910354e+01
1.192012e+01	-7.414069e+01
1.193012e+01	-6.742439e+01
1.194012e+01	-7.046979e+01
1.195012e+01	-7.022216e+01
1.196012e+01	-6.874932e+01
1.197012e+01	-7.240229e+01
1.198012e+01	-7.109356e+01
1.199012e+01	-7.322622e+01
1.200012e+01	-6.995384e+01
1.201012e+01	-7.567385e+01
1.202012e+01	-7.438289e+01
1.203012e+01	-7.507601e+01
1.204012e+01	-6.807467e+01
1.205012e+01	-7.660841e+01
1.206012e+01	-7.081968e+01
1.207012e+01	-6.815641e+01
1.208012e+01	-7.249805e+01
1.209012e+01	-7.130510e+01
1.210012e+01	-8.244975e+01
1.211012e+01	-7.593612e+01
1.212012e+01	-6.948517e+01
1.213012e+01	-6.714064e+01
1.214012e+01	-7.297181e+01
1.215012e+01	-7.078638e+01
1.216012e+01	-7.043716e+01
1.217012e+01	-7.426002e+01
1.218012e+01	-7.001356e+01
1.219012e+01	-6.750063e+01
1.220012e+01	-6.723459e+01
1.221012e+01	-6.908019e+01
1.222012e+01	-6.649654e+01
1.223012e+01	-7.774733e+01
1.224012e+01	-7.087654e+01
1.225012e+01	-7.480248e+01
1.226012e+01	-7.351913e+01
1.227012e+01	-7.166974e+01
1.228012e+01	-8.757950e+01
1.229012e+01	-7.603425e+01
1.230012e+01	-7.423037e+01
1.231012e+01	-7.610785e+01
1.232012e+01	-6.985461e+01
1.233012e+01	-7.019630e+01
1.234012e+01	-8.684434e+01
1.235012e+01	-7.386383e+01
1.236012e+01	-7.325891e+01
1.237012e+01	-7.139210e+01
1.238012e+01	-7.820530e+01
1.239012e+01	-7.677678e+01
1.240012e+01	-9.080870e+01
1.241012e+01	-8.789894e+01
1.242012e+01	-7.843034e+01
1.243012e+01	-7.486286e+01
1.244012e+01	-7.767527e+01
1.245012e+01	-8.229855e+01
1.246012e+01	-8.479644e+01
1.247012e+01	-7.970335e+01
1.248012e+01	-8.897832e+01
1.249012e+01	-8.634872e+01
1.250013e+01	-8.224053e+01
1.251013e+01	-7.991443e+01
1.252013e+01	-8.896661e+01
1.253013e+01	-8.965765e+01
1.254013e+01	-8.872702e+01
1.255013e+01	-9.420013e+01
1.256013e+01	-9.207329e+01
1.257013e+01	-9.445143e+01
1.258013e+01	-8.986238e+01
1.259013e+01	-9.357494e+01
1.260013e+01	-8.672045e+01
1.261013e+01	-9.381565e+01
1.262013e+01	-7.973109e+01
1.263013e+01	-9.474008e+01
1.264013e+01	-8.441093e+01
1.265013e+01	-8.467259e+01
1.266013e+01	-1.005114e+02
1.267013e+01	-8.576446e+01
1.268013e+01	-7.337140e+01
1.269013e+01	-7.506533e+01
1.270013e+01	-8.280645e+01
1.271013e+01	-8.173556e+01
1.272013e+01	-7.749749e+01
1.273013e+01	-8.065321e+01
1.274013e+01	-7.804080e+01
1.275013e+01	-7.636522e+01
1.276013e+01	-7.412780e+01
1.277013e+01	-7.410668e+01
1.278013e+01	-7.329608e+01
1.279013e+01	-7.885326e+01
1.280013e+01	-8.356369e+01
1.281013e+01	-6.739493e+01
1.282013e+01	-7.332345e+01
1.283013e+01	-7.821214e+01
1.284013e+01	-7.468172e+01
1.285013e+01	-7.786302e+01
1.286013e+01	-6.952349e+01
1.287013e+01	-8.349709e+01
1.288013e+01	-7.612188e+01
1.289013e+01	-6.522364e+01
1.290013e+01	-6.985209e+01
1.291013e+01	-7.824019e+01
1.292013e+01	-7.810044e+01
1.293013e+01	-7.395901e+01
1.294013e+01	-7.694666e+01
1.295013e+01	-7.632994e+01
1.296013e+01	-6.609206e+01
1.297013e+01	-8.037856e+01
1.298013e+01	-7.413412e+01
1.299013e+01	-7.921919e+01
1.300013e+01	-7.645840e+01
1.301013e+01	-7.234740e+01
1.302013e+01	-6.860024e+01
1.303013e+01	-6.668316e+01
1.304013e+01	-6.864357e+01
1.305013e+01	-7.643283e+01
1.306013e+01	-6.345264e+01
1.307013e+01	-8.322364e+01
1.308013e+01	-7.516281e+01
1.309013e+01	-9.675857e+01
1.310013e+01	-7.010412e+01
1.311013e+01	-8.567261e+01
1.312013e+01	-7.860316e+01
1.313013e+01	-7.560376e+01
1.314013e+01	-7.010371e+01
1.315013e+01	-7.336904e+01
1.316013e+01	-7.250595e+01
1.317013e+01	-7.973139e+01
1.318013e+01	-7.382992e+01
1.319013e+01	-7.333965e+01
1.320013e+01	-7.773847e+01
1.321013e+01	-7.656259e+01
1.322013e+01	-7.983696e+01
1.323013e+01	-7.668868e+01
1.324013e+01	-7.680017e+01
1.325013e+01	-6.843796e+01
1.326013e+01	-8.121057e+01
1.327013e+01	-7.368149e+01
1.328013e+01	-7.463923e+01
1.329013e+01	-7.884460e+01
1.330013e+01	-8.136778e+01
1.331013e+01	-8.319394e+01
1.332013e+01	-7.328793e+01
1.333013e+01	-7.373422e+01
1.334013e+01	-6.942398e+01
1.335013e+01	-8.415225e+01
1.336013e+01	-7.804819e+01
1.337013e+01	-7.485035e+01
1.338013e+01	-7.049272e+01
1.339013e+01	-7.695652e+01
1.340013e+01	-9.100404e+01
1.341013e+01	-7.769183e+01
1.342013e+01	-8.259747e+01
1.343013e+01	-8.689356e+01
1.344013e+01	-8.786873e+01
1.345013e+01	-8.816995e+01
1.346013e+01	-8.160047e+01
1.347013e+01	-1.108391e+02
1.348013e+01	-8.552167e+01
1.349013e+01	-8.458675e+01
1.350014e+01	-8.013796e+01
1.351014e+01	-8.790465e+01
1.352014e+01	-9.068465e+01
1.353014e+01	-9.109698e+01
1.354014e+01	-8.989660e+01
1.355014e+01	-9.028946e+01
1.356014e+01	-9.883457e+01
1.357014e+01	-8.706743e+01
1.358014e+01	-9.232475e+01
1.359014e+01	-8.826793e+01
1.360014e+01	-8.261530e+01
1.361014e+01	-8.363061e+01
1.362014e+01	-8.572122e+01
1.363014e+01	-9.142775e+01
1.364014e+01	-8.143516e+01
1.365014e+01	-8.369738e+01
1.366014e+01	-7.327233e+01
1.367014e+01	-8.261937e+01
1.368014e+01	-7.590981e+01
1.369014e+01	-7.662967e+01
1.370014e+01	-7.565067e+01
1.371014e+01	-8.413381e+01
1.372014e+01	-7.413884e+01
1.373014e+01	-7.162945e+01
1.374014e+01	-8.028786e+01
1.375014e+01	-7.252246e+01
1.376014e+01	-7.505895e+01
1.377014e+01	-8.195066e+01
1.378014e+01	-7.529847e+01
1.379014e+01	-7.341836e+01
1.380014e+01	-7.929116e+01
1.381014e+01	-7.828426e+01
1.382014e+01	-8.550323e+01
1.383014e+01	-7.943501e+01
1.384014e+01	-7.701462e+01
1.385014e+01	-6.934191e+01
1.386014e+01	-7.160651e+01
1.387014e+01	-7.258362e+01
1.388014e+01	-7.053029e+01
1.389014e+01	-7.848787e+01
1.390014e+01	-7.274683e+01
1.391014e+01	-7.822060e+01
1.392014e+01	-7.418611e+01
1.393014e+01	-8.349848e+01
1.394014e+01	-6.768598e+01
1.395014e+01	-8.161786e+01
1.396014e+01	-7.839813e+01
1.397014e+01	-7.328944e+01
1.398014e+01	-7.499375e+01
1.399014e+01	-6.982544e+01
1.400014e+01	-6.393407e+01
1.401014e+01	-7.542343e+01
1.402014e+01	-7.509092e+01
1.403014e+01	-8.364400e+01
1.404014e+01	-9.162375e+01
1.405014e+01	-7.306168e+01
1.406014e+01	-7.208360e+01
1.407014e+01	-6.676853e+01
1.408014e+01	-8.149605e+01
1.409014e+01	-7.657190e+01
1.410014e+01	-6.709598e+01
1.411014e+01	-7.130545e+01
1.412014e+01	-7.002853e+01
1.413014e+01	-7.897015e+01
1.414014e+01	-7.431554e+01
1.415014e+01	-6.812230e+01
1.416014e+01	-6.955517e+01
1.417014e+01	-7.332204e+01
1.418014e+01	-8.250523e+01
1.419014e+01	-8.196761e+01
1.420014e+01	-7.427144e+01
1.421014e+01	-6.876092e+01
1.422014e+01	-7.346045e+01
1.423014e+01	-7.084227e+01
1.424014e+01	-7.073522e+01
1.425014e+01	-8.886303e+01
1.426014e+01	-7.583780e+01
1.427014e+01	-7.957381e+01
1.428014e+01	-7.048370e+01
1.429014e+01	-8.579721e+01
1.430014e+01	-7.940091e+01
1.431014e+01	-6.794272e+01
1.432014e+01	-7.451041e+01
1.433014e+01	-9.535600e+01
1.434014e+01	-7.333981e+01
1.435014e+01	-8.426593e+01
1.436014e+01	-7.965768e+01
1.437014e+01	-7.892065e+01
1.438014e+01	-8.992112e+01
1.439014e+01	-8.081864e+01
1.440014e+01	-8.404687e+01
1.441014e+01	-8.115063e+01
1.442014e+01	-7.595285e+01
1.443014e+01	-8.633290e+01
1.444014e+01	-8.618757e+01
1.445014e+01	-9.035818e+01
1.446014e+01	-9.688493e+01
1.447014e+01	-9.213814e+01
1.448014e+01	-9.524023e+01
1.449014e+01	-1.005835e+02
1.450015e+01	-8.990672e+01
1.451015e+01	-9.709365e+01
1.452015e+01	-9.507553e+01
1.453015e+01	-9.887803e+01
1.454015e+01	-9.170498e+01
1.455015e+01	-8.976323e+01
1.456015e+01	-8.683742e+01
1.457015e+01	-8.365989e+01
1.458015e+01	-8.396429e+01
1.459015e+01	-8.338629e+01
1.460015e+01	-8.086373e+01
1.461015e+01	-7.778363e+01
1.462015e+01	-8.453586e+01
1.463015e+01	-8.904987e+01
1.464015e+01	-7.941880e+01
1.465015e+01	-9.535478e+01
1.466015e+01	-7.951928e+01
1.467015e+01	-7.686969e+01
1.468015e+01	-6.988524e+01
1.469015e+01	-7.411585e+01
1.470015e+01	-7.696156e+01
1.471015e+01	-7.788150e+01
1.472015e+01	-7.883646e+01
1.473015e+01	-7.829258e+01
1.474015e+01	-7.689038e+01
1.475015e+01	-7.466395e+01
1.476015e+01	-8.058477e+01
1.477015e+01	-8.117677e+01
1.478015e+01	-7.632073e+01
1.479015e+01	-6.940532e+01
1.480015e+01	-7.525922e+01
1.481015e+01	-7.405273e+01
1.482015e+01	-6.944336e+01
1.483015e+01	-7.119176e+01
1.484015e+01	-7.882372e+01
1.485015e+01	-7.409416e+01
1.486015e+01	-7.227091e+01
1.487015e+01	-6.502402e+01
1.488015e+01	-6.946881e+01
1.489015e+01	-7.178801e+01
1.490015e+01	-7.025693e+01
1.491015e+01	-7.204495e+01
1.492015e+01	-6.972455e+01
1.493015e+01	-7.970005e+01
1.494015e+01	-7.268543e+01
1.495015e+01	-7.742420e+01
1.496015e+01	-7.868033e+01
1.497015e+01	-7.948593e+01
1.498015e+01	-8.147026e+01
1.499015e+01	-7.285561e+01
