-88.000000	-0.000000
-87.966667	-0.000000
-87.933333	0.000000
-87.900000	0.000000
-87.866667	-0.000000
-87.833333	-0.000000
-87.800000	-0.000000
-87.766667	-0.000000
-87.733333	-0.000000
-87.700000	-0.000000
-87.666667	-0.000000
-87.633333	0.000000
-87.600000	0.000001
-87.566667	0.000002
-87.533333	0.000003
-87.500000	0.000004
-87.466667	0.000007
-87.433333	0.000009
-87.400000	0.000012
-87.366667	0.000016
-87.333333	0.000020
-87.300000	0.000025
-87.266667	0.000031
-87.233333	0.000037
-87.200000	0.000044
-87.166667	0.000051
-87.133333	0.000059
-87.100000	0.000067
-87.066667	0.000075
-87.033333	0.000084
-87.000000	0.000094
-86.966667	0.000103
-86.933333	0.000113
-86.900000	0.000123
-86.866667	0.000132
-86.833333	0.000142
-86.800000	0.000152
-86.766667	0.000162
-86.733333	0.000171
-86.700000	0.000181
-86.666667	0.000191
-86.633333	0.000202
-86.600000	0.000208
-86.566667	0.000215
-86.533333	0.000231
-86.500000	0.000234
-86.466667	0.000244
-86.433333	0.000252
-86.400000	0.000259
-86.366667	0.000263
-86.333333	0.000266
-86.300000	0.000267
-86.266667	0.000265
-86.233333	0.000268
-86.200000	0.000276
-86.166667	0.000284
-86.133333	0.000285
-86.100000	0.000280
-86.066667	0.000274
-86.033333	0.000273
-86.000000	0.000278
-85.966667	0.000268
-85.933333	0.000261
-85.900000	0.000259
-85.866667	0.000261
-85.833333	0.000264
-85.800000	0.000248
-85.766667	0.000243
-85.733333	0.000258
-85.700000	0.000243
-85.666667	0.000244
-85.633333	0.000242
-85.600000	0.000238
-85.566667	0.000239
-85.533333	0.000240
-85.500000	0.000229
-85.466667	0.000229
-85.433333	0.000221
-85.400000	0.000212
-85.366667	0.000200
-85.333333	0.000187
-85.300000	0.000171
-85.266667	0.000155
-85.233333	0.000142
-85.200000	0.000119
-85.166667	0.000089
-85.133333	0.000061
-85.100000	0.000025
-85.066667	-0.000004
-85.033333	-0.000035
-85.000000	-0.000073
-84.966667	-0.000125
-84.933333	-0.000162
-84.900000	-0.000187
-84.866667	-0.000219
-84.833333	-0.000257
-84.800000	-0.000303
-84.766667	-0.000329
-84.733333	-0.000352
-84.700000	-0.000384
-84.666667	-0.000377
-84.633333	-0.000381
-84.600000	-0.000405
-84.566667	-0.000409
-84.533333	-0.000418
-84.500000	-0.000417
-84.466667	-0.000412
-84.433333	-0.000404
-84.400000	-0.000390
-84.366667	-0.000373
-84.333333	-0.000358
-84.300000	-0.000345
-84.266667	-0.000334
-84.233333	-0.000322
-84.200000	-0.000310
-84.166667	-0.000294
-84.133333	-0.000283
-84.100000	-0.000281
-84.066667	-0.000279
-84.033333	-0.000284
-84.000000	-0.000285
-83.966667	-0.000284
-83.933333	-0.000284
-83.900000	-0.000284
-83.866667	-0.000291
-83.833333	-0.000303
-83.800000	-0.000311
-83.766667	-0.000313
-83.733333	-0.000309
-83.700000	-0.000303
-83.666667	-0.000307
-83.633333	-0.000323
-83.600000	-0.000338
-83.566667	-0.000326
-83.533333	-0.000335
-83.500000	-0.000315
-83.466667	-0.000307
-83.433333	-0.000297
-83.400000	-0.000287
-83.366667	-0.000279
-83.333333	-0.000270
-83.300000	-0.000251
-83.266667	-0.000224
-83.233333	-0.000193
-83.200000	-0.000171
-83.166667	-0.000134
-83.133333	-0.000114
-83.100000	-0.000088
-83.066667	-0.000045
-83.033333	0.000020
-83.000000	0.000079
-82.966667	0.000126
-82.933333	0.000180
-82.900000	0.000247
-82.866667	0.000319
-82.833333	0.000386
-82.800000	0.000465
-82.766667	0.000542
-82.733333	0.000612
-82.700000	0.000693
-82.666667	0.000769
-82.633333	0.000852
-82.600000	0.000941
-82.566667	0.001026
-82.533333	0.001101
-82.500000	0.001173
-82.466667	0.001236
-82.433333	0.001310
-82.400000	0.001380
-82.366667	0.001447
-82.333333	0.001518
-82.300000	0.001588
-82.266667	0.001646
-82.233333	0.001695
-82.200000	0.001748
-82.166667	0.001795
-82.133333	0.001832
-82.100000	0.001882
-82.066667	0.001939
-82.033333	0.001981
-82.000000	0.002001
-81.966667	0.002023
-81.933333	0.002054
-81.900000	0.002078
-81.866667	0.002095
-81.833333	0.002112
-81.800000	0.002106
-81.766667	0.002109
-81.733333	0.002106
-81.700000	0.002097
-81.666667	0.002085
-81.633333	0.002070
-81.600000	0.002047
-81.566667	0.002013
-81.533333	0.001966
-81.500000	0.001916
-81.466667	0.001879
-81.433333	0.001833
-81.400000	0.001772
-81.366667	0.001710
-81.333333	0.001659
-81.300000	0.001573
-81.266667	0.001499
-81.233333	0.001427
-81.200000	0.001354
-81.166667	0.001266
-81.133333	0.001188
-81.100000	0.001105
-81.066667	0.001032
-81.033333	0.000950
-81.000000	0.000876
-80.966667	0.000804
-80.933333	0.000733
-80.900000	0.000664
-80.866667	0.000605
-80.833333	0.000544
-80.800000	0.000456
-80.766667	0.000417
-80.733333	0.000348
-80.700000	0.000281
-80.666667	0.000227
-80.633333	0.000174
-80.600000	0.000129
-80.566667	0.000093
-80.533333	0.000061
-80.500000	0.000032
-80.466667	-0.000002
-80.433333	-0.000045
-80.400000	-0.000090
-80.366667	-0.000132
-80.333333	-0.000180
-80.300000	-0.000223
-80.266667	-0.000262
-80.233333	-0.000287
-80.200000	-0.000324
-80.166667	-0.000358
-80.133333	-0.000393
-80.100000	-0.000418
-80.066667	-0.000464
-80.033333	-0.000500
-80.000000	-0.000536
-79.966667	-0.000562
-79.933333	-0.000600
-79.900000	-0.000640
-79.866667	-0.000684
-79.833333	-0.000733
-79.800000	-0.000799
-79.766667	-0.000842
-79.733333	-0.000892
-79.700000	-0.000932
-79.666667	-0.000981
-79.633333	-0.001017
-79.600000	-0.001056
-79.566667	-0.001093
-79.533333	-0.001136
-79.500000	-0.001186
-79.466667	-0.001237
-79.433333	-0.001284
-79.400000	-0.001322
-79.366667	-0.001354
-79.333333	-0.001380
-79.300000	-0.001393
-79.266667	-0.001421
-79.233333	-0.001420
-79.200000	-0.001438
-79.166667	-0.001444
-79.133333	-0.001449
-79.100000	-0.001447
-79.066667	-0.001451
-79.033333	-0.001430
-79.000000	-0.001420
-78.966667	-0.001399
-78.933333	-0.001393
-78.900000	-0.001376
-78.866667	-0.001351
-78.833333	-0.001321
-78.800000	-0.001312
-78.766667	-0.001285
-78.733333	-0.001250
-78.700000	-0.001227
-78.666667	-0.001205
-78.633333	-0.001172
-78.600000	-0.001146
-78.566667	-0.001113
-78.533333	-0.001083
-78.500000	-0.001053
-78.466667	-0.001022
-78.433333	-0.000992
-78.400000	-0.000963
-78.366667	-0.000933
-78.333333	-0.000901
-78.300000	-0.000869
-78.266667	-0.000844
-78.233333	-0.000823
-78.200000	-0.000803
-78.166667	-0.000780
-78.133333	-0.000758
-78.100000	-0.000740
-78.066667	-0.000738
-78.033333	-0.000728
-78.000000	-0.000709
-77.966667	-0.000709
-77.933333	-0.000697
-77.900000	-0.000685
-77.866667	-0.000673
-77.833333	-0.000671
-77.800000	-0.000674
-77.766667	-0.000666
-77.733333	-0.000663
-77.700000	-0.000658
-77.666667	-0.000652
-77.633333	-0.000649
-77.600000	-0.000645
-77.566667	-0.000633
-77.533333	-0.000626
-77.500000	-0.000618
-77.466667	-0.000600
-77.433333	-0.000592
-77.400000	-0.000578
-77.366667	-0.000564
-77.333333	-0.000542
-77.300000	-0.000515
-77.266667	-0.000491
-77.233333	-0.000463
-77.200000	-0.000426
-77.166667	-0.000387
-77.133333	-0.000353
-77.100000	-0.000322
-77.066667	-0.000283
-77.033333	-0.000218
-77.000000	-0.000153
-76.966667	-0.000100
-76.933333	-0.000039
-76.900000	0.000005
-76.866667	0.000061
-76.833333	0.000119
-76.800000	0.000179
-76.766667	0.000230
-76.733333	0.000267
-76.700000	0.000324
-76.666667	0.000368
-76.633333	0.000402
-76.600000	0.000437
-76.566667	0.000471
-76.533333	0.000488
-76.500000	0.000508
-76.466667	0.000544
-76.433333	0.000530
-76.400000	0.000545
-76.366667	0.000557
-76.333333	0.000571
-76.300000	0.000579
-76.266667	0.000590
-76.233333	0.000576
-76.200000	0.000576
-76.166667	0.000574
-76.133333	0.000574
-76.100000	0.000581
-76.066667	0.000593
-76.033333	0.000600
-76.000000	0.000603
-75.966667	0.000600
-75.933333	0.000588
-75.900000	0.000589
-75.866667	0.000600
-75.833333	0.000604
-75.800000	0.000604
-75.766667	0.000598
-75.733333	0.000593
-75.700000	0.000602
-75.666667	0.000590
-75.633333	0.000585
-75.600000	0.000583
-75.566667	0.000575
-75.533333	0.000580
-75.500000	0.000591
-75.466667	0.000575
-75.433333	0.000566
-75.400000	0.000578
-75.366667	0.000563
-75.333333	0.000565
-75.300000	0.000578
-75.266667	0.000585
-75.233333	0.000574
-75.200000	0.000588
-75.166667	0.000597
-75.133333	0.000606
-75.100000	0.000620
-75.066667	0.000631
-75.033333	0.000645
-75.000000	0.000661
-74.966667	0.000678
-74.933333	0.000698
-74.900000	0.000720
-74.866667	0.000742
-74.833333	0.000768
-74.800000	0.000795
-74.766667	0.000822
-74.733333	0.000852
-74.700000	0.000883
-74.666667	0.000916
-74.633333	0.000952
-74.600000	0.000990
-74.566667	0.001027
-74.533333	0.001078
-74.500000	0.001108
-74.466667	0.001137
-74.433333	0.001194
-74.400000	0.001220
-74.366667	0.001259
-74.333333	0.001327
-74.300000	0.001388
-74.266667	0.001419
-74.233333	0.001454
-74.200000	0.001499
-74.166667	0.001555
-74.133333	0.001604
-74.100000	0.001647
-74.066667	0.001687
-74.033333	0.001728
-74.000000	0.001765
-73.966667	0.001805
-73.933333	0.001861
-73.900000	0.001905
-73.866667	0.001940
-73.833333	0.001969
-73.800000	0.002002
-73.766667	0.002046
-73.733333	0.002086
-73.700000	0.002121
-73.666667	0.002152
-73.633333	0.002188
-73.600000	0.002220
-73.566667	0.002258
-73.533333	0.002306
-73.500000	0.002332
-73.466667	0.002372
-73.433333	0.002410
-73.400000	0.002461
-73.366667	0.002511
-73.333333	0.002558
-73.300000	0.002607
-73.266667	0.002656
-73.233333	0.002727
-73.200000	0.002798
-73.166667	0.002867
-73.133333	0.002939
-73.100000	0.003029
-73.066667	0.003130
-73.033333	0.003239
-73.000000	0.003368
-72.966667	0.003507
-72.933333	0.003659
-72.900000	0.003802
-72.866667	0.003956
-72.833333	0.004128
-72.800000	0.004301
-72.766667	0.004488
-72.733333	0.004658
-72.700000	0.004826
-72.666667	0.004992
-72.633333	0.005149
-72.600000	0.005287
-72.566667	0.005407
-72.533333	0.005500
-72.500000	0.005551
-72.466667	0.005584
-72.433333	0.005576
-72.400000	0.005529
-72.366667	0.005430
-72.333333	0.005295
-72.300000	0.005128
-72.266667	0.004913
-72.233333	0.004652
-72.200000	0.004352
-72.166667	0.004021
-72.133333	0.003667
-72.100000	0.003278
-72.066667	0.002847
-72.033333	0.002391
-72.000000	0.001925
-71.966667	0.001417
-71.933333	0.000905
-71.900000	0.000377
-71.866667	-0.000160
-71.833333	-0.000708
-71.800000	-0.001257
-71.766667	-0.001793
-71.733333	-0.002342
-71.700000	-0.002877
-71.666667	-0.003386
-71.633333	-0.003894
-71.600000	-0.004377
-71.566667	-0.004816
-71.533333	-0.005217
-71.500000	-0.005563
-71.466667	-0.005849
-71.433333	-0.006066
-71.400000	-0.006209
-71.366667	-0.006269
-71.333333	-0.006238
-71.300000	-0.006130
-71.266667	-0.005935
-71.233333	-0.005658
-71.200000	-0.005296
-71.166667	-0.004859
-71.133333	-0.004357
-71.100000	-0.003784
-71.066667	-0.003168
-71.033333	-0.002512
-71.000000	-0.001833
-70.966667	-0.001158
-70.933333	-0.000464
-70.900000	0.000214
-70.866667	0.000858
-70.833333	0.001458
-70.800000	0.002017
-70.766667	0.002529
-70.733333	0.002991
-70.700000	0.003408
-70.666667	0.003773
-70.633333	0.004071
-70.600000	0.004337
-70.566667	0.004567
-70.533333	0.004746
-70.500000	0.004929
-70.466667	0.005117
-70.433333	0.005240
-70.400000	0.005356
-70.366667	0.005456
-70.333333	0.005586
-70.300000	0.005698
-70.266667	0.005815
-70.233333	0.005946
-70.200000	0.006079
-70.166667	0.006217
-70.133333	0.006361
-70.100000	0.006512
-70.066667	0.006634
-70.033333	0.006741
-70.000000	0.006843
-69.966667	0.006954
-69.933333	0.007042
-69.900000	0.007103
-69.866667	0.007150
-69.833333	0.007197
-69.800000	0.007248
-69.766667	0.007298
-69.733333	0.007342
-69.700000	0.007377
-69.666667	0.007395
-69.633333	0.007408
-69.600000	0.007432
-69.566667	0.007466
-69.533333	0.007493
-69.500000	0.007541
-69.466667	0.007568
-69.433333	0.007559
-69.400000	0.007579
-69.366667	0.007594
-69.333333	0.007640
-69.300000	0.007645
-69.266667	0.007648
-69.233333	0.007642
-69.200000	0.007617
-69.166667	0.007590
-69.133333	0.007552
-69.100000	0.007499
-69.066667	0.007419
-69.033333	0.007349
-69.000000	0.007275
-68.966667	0.007191
-68.933333	0.007085
-68.900000	0.006985
-68.866667	0.006897
-68.833333	0.006815
-68.800000	0.006714
-68.766667	0.006625
-68.733333	0.006517
-68.700000	0.006408
-68.666667	0.006317
-68.633333	0.006251
-68.600000	0.006190
-68.566667	0.006117
-68.533333	0.006047
-68.500000	0.005994
-68.466667	0.005942
-68.433333	0.005892
-68.400000	0.005847
-68.366667	0.005819
-68.333333	0.005810
-68.300000	0.005800
-68.266667	0.005802
-68.233333	0.005808
-68.200000	0.005834
-68.166667	0.005881
-68.133333	0.005935
-68.100000	0.005991
-68.066667	0.006047
-68.033333	0.006119
-68.000000	0.006176
-67.966667	0.006235
-67.933333	0.006286
-67.900000	0.006321
-67.866667	0.006327
-67.833333	0.006290
-67.800000	0.006188
-67.766667	0.006041
-67.733333	0.005823
-67.700000	0.005553
-67.666667	0.005201
-67.633333	0.004746
-67.600000	0.004190
-67.566667	0.003554
-67.533333	0.002845
-67.500000	0.002053
-67.466667	0.001182
-67.433333	0.000247
-67.400000	-0.000732
-67.366667	-0.001762
-67.333333	-0.002814
-67.300000	-0.003879
-67.266667	-0.004938
-67.233333	-0.005967
-67.200000	-0.006944
-67.166667	-0.007855
-67.133333	-0.008694
-67.100000	-0.009435
-67.066667	-0.010071
-67.033333	-0.010591
-67.000000	-0.011000
-66.966667	-0.011291
-66.933333	-0.011470
-66.900000	-0.011538
-66.866667	-0.011506
-66.833333	-0.011378
-66.800000	-0.011160
-66.766667	-0.010851
-66.733333	-0.010451
-66.700000	-0.009982
-66.666667	-0.009468
-66.633333	-0.008896
-66.600000	-0.008253
-66.566667	-0.007554
-66.533333	-0.006824
-66.500000	-0.006060
-66.466667	-0.005254
-66.433333	-0.004396
-66.400000	-0.003480
-66.366667	-0.002531
-66.333333	-0.001499
-66.300000	-0.000402
-66.266667	0.000771
-66.233333	0.002005
-66.200000	0.003330
-66.166667	0.004745
-66.133333	0.006255
-66.100000	0.007862
-66.066667	0.009570
-66.033333	0.011399
-66.000000	0.013336
-65.966667	0.015407
-65.933333	0.017638
-65.900000	0.020064
-65.866667	0.022670
-65.833333	0.025482
-65.800000	0.028526
-65.766667	0.031829
-65.733333	0.035444
-65.700000	0.039383
-65.666667	0.043675
-65.633333	0.048368
-65.600000	0.053514
-65.566667	0.059101
-65.533333	0.065173
-65.500000	0.071770
-65.466667	0.078923
-65.433333	0.086640
-65.400000	0.094916
-65.366667	0.103736
-65.333333	0.113139
-65.300000	0.123102
-65.266667	0.133601
-65.233333	0.144628
-65.200000	0.156201
-65.166667	0.168272
-65.133333	0.180799
-65.100000	0.193751
-65.066667	0.207019
-65.033333	0.220500
-65.000000	0.234033
-64.966667	0.247428
-64.933333	0.260391
-64.900000	0.272640
-64.866667	0.283735
-64.833333	0.293286
-64.800000	0.300806
-64.766667	0.305759
-64.733333	0.307574
-64.700000	0.305626
-64.666667	0.299304
-64.633333	0.287968
-64.600000	0.271012
-64.566667	0.247880
-64.533333	0.218187
-64.500000	0.181591
-64.466667	0.137889
-64.433333	0.087075
-64.400000	0.029351
-64.366667	-0.034873
-64.333333	-0.104961
-64.300000	-0.180103
-64.266667	-0.259301
-64.233333	-0.341304
-64.200000	-0.424718
-64.166667	-0.508056
-64.133333	-0.589771
-64.100000	-0.668233
-64.066667	-0.741844
-64.033333	-0.809050
-64.000000	-0.868460
-63.966667	-0.918821
-63.933333	-0.959042
-63.900000	-0.988241
-63.866667	-1.005871
-63.833333	-1.011575
-63.800000	-1.005321
-63.766667	-0.987324
-63.733333	-0.958040
-63.700000	-0.918198
-63.666667	-0.868750
-63.633333	-0.810838
-63.600000	-0.745693
-63.566667	-0.674661
-63.533333	-0.599155
-63.500000	-0.520621
-63.466667	-0.440438
-63.433333	-0.359919
-63.400000	-0.280265
-63.366667	-0.202601
-63.333333	-0.127883
-63.300000	-0.056927
-63.266667	0.009627
-63.233333	0.071312
-63.200000	0.127735
-63.166667	0.178666
-63.133333	0.224003
-63.100000	0.263774
-63.066667	0.298119
-63.033333	0.327199
-63.000000	0.351264
-62.966667	0.370651
-62.933333	0.385722
-62.900000	0.396846
-62.866667	0.404415
-62.833333	0.408847
-62.800000	0.410516
-62.766667	0.409823
-62.733333	0.407135
-62.700000	0.402765
-62.666667	0.397033
-62.633333	0.390223
-62.600000	0.382587
-62.566667	0.374317
-62.533333	0.365573
-62.500000	0.356515
-62.466667	0.347279
-62.433333	0.337952
-62.400000	0.328625
-62.366667	0.319351
-62.333333	0.310181
-62.300000	0.301152
-62.266667	0.292270
-62.233333	0.283530
-62.200000	0.274910
-62.166667	0.266429
-62.133333	0.258064
-62.100000	0.249802
-62.066667	0.241662
-62.033333	0.233632
-62.000000	0.225730
-61.966667	0.217978
-61.933333	0.210397
-61.900000	0.203002
-61.866667	0.195832
-61.833333	0.188843
-61.800000	0.182041
-61.766667	0.175427
-61.733333	0.168999
-61.700000	0.162745
-61.666667	0.156641
-61.633333	0.150644
-61.600000	0.144712
-61.566667	0.138779
-61.533333	0.132778
-61.500000	0.126673
-61.466667	0.120390
-61.433333	0.113858
-61.400000	0.107013
-61.366667	0.099813
-61.333333	0.092245
-61.300000	0.084308
-61.266667	0.075991
-61.233333	0.067343
-61.200000	0.058393
-61.166667	0.049200
-61.133333	0.039856
-61.100000	0.030441
-61.066667	0.021074
-61.033333	0.011870
-61.000000	0.002959
-60.966667	-0.005543
-60.933333	-0.013520
-60.900000	-0.020864
-60.866667	-0.027478
-60.833333	-0.033313
-60.800000	-0.038258
-60.766667	-0.042286
-60.733333	-0.045352
-60.700000	-0.047462
-60.666667	-0.048637
-60.633333	-0.048920
-60.600000	-0.048375
-60.566667	-0.047089
-60.533333	-0.045152
-60.500000	-0.042663
-60.466667	-0.039748
-60.433333	-0.036511
-60.400000	-0.033067
-60.366667	-0.029514
-60.333333	-0.025948
-60.300000	-0.022466
-60.266667	-0.019144
-60.233333	-0.016035
-60.200000	-0.013207
-60.166667	-0.010695
-60.133333	-0.008533
-60.100000	-0.006760
-60.066667	-0.005396
-60.033333	-0.004437
-60.000000	-0.003885
-59.966667	-0.003736
-59.933333	-0.003992
-59.900000	-0.004603
-59.866667	-0.005562
-59.833333	-0.006834
-59.800000	-0.008400
-59.766667	-0.010231
-59.733333	-0.012292
-59.700000	-0.014554
-59.666667	-0.016982
-59.633333	-0.019549
-59.600000	-0.022225
-59.566667	-0.024953
-59.533333	-0.027707
-59.500000	-0.030439
-59.466667	-0.033090
-59.433333	-0.035626
-59.400000	-0.038034
-59.366667	-0.040239
-59.333333	-0.042216
-59.300000	-0.043913
-59.266667	-0.045298
-59.233333	-0.046340
-59.200000	-0.047023
-59.166667	-0.047332
-59.133333	-0.047255
-59.100000	-0.046790
-59.066667	-0.045963
-59.033333	-0.044772
-59.000000	-0.043264
-58.966667	-0.041461
-58.933333	-0.039391
-58.900000	-0.037071
-58.866667	-0.034564
-58.833333	-0.031903
-58.800000	-0.029148
-58.766667	-0.026346
-58.733333	-0.023554
-58.700000	-0.020834
-58.666667	-0.018247
-58.633333	-0.015856
-58.600000	-0.013718
-58.566667	-0.011865
-58.533333	-0.010337
-58.500000	-0.009126
-58.466667	-0.008236
-58.433333	-0.007689
-58.400000	-0.007499
-58.366667	-0.007585
-58.333333	-0.007984
-58.300000	-0.008633
-58.266667	-0.009500
-58.233333	-0.010541
-58.200000	-0.011731
-58.166667	-0.013024
-58.133333	-0.014380
-58.100000	-0.015764
-58.066667	-0.017133
-58.033333	-0.018445
-58.000000	-0.019685
-57.966667	-0.020822
-57.933333	-0.021832
-57.900000	-0.022707
-57.866667	-0.023443
-57.833333	-0.024045
-57.800000	-0.024525
-57.766667	-0.024889
-57.733333	-0.025142
-57.700000	-0.025288
-57.666667	-0.025333
-57.633333	-0.025283
-57.600000	-0.025131
-57.566667	-0.024896
-57.533333	-0.024555
-57.500000	-0.024118
-57.466667	-0.023593
-57.433333	-0.022994
-57.400000	-0.022320
-57.366667	-0.021539
-57.333333	-0.020695
-57.300000	-0.019752
-57.266667	-0.018718
-57.233333	-0.017603
-57.200000	-0.016421
-57.166667	-0.015186
-57.133333	-0.013904
-57.100000	-0.012594
-57.066667	-0.011280
-57.033333	-0.009997
-57.000000	-0.008776
-56.966667	-0.007647
-56.933333	-0.006615
-56.900000	-0.005708
-56.866667	-0.004949
-56.833333	-0.004336
-56.800000	-0.003857
-56.766667	-0.003564
-56.733333	-0.003419
-56.700000	-0.003431
-56.666667	-0.003600
-56.633333	-0.003917
-56.600000	-0.004377
-56.566667	-0.004997
-56.533333	-0.005730
-56.500000	-0.006603
-56.466667	-0.007569
-56.433333	-0.008605
-56.400000	-0.009682
-56.366667	-0.010802
-56.333333	-0.011964
-56.300000	-0.013154
-56.266667	-0.014350
-56.233333	-0.015550
-56.200000	-0.016761
-56.166667	-0.017981
-56.133333	-0.019192
-56.100000	-0.020390
-56.066667	-0.021565
-56.033333	-0.022702
-56.000000	-0.023792
-55.966667	-0.024829
-55.933333	-0.025784
-55.900000	-0.026660
-55.866667	-0.027442
-55.833333	-0.028109
-55.800000	-0.028658
-55.766667	-0.029106
-55.733333	-0.029400
-55.700000	-0.029562
-55.666667	-0.029578
-55.633333	-0.029439
-55.600000	-0.029148
-55.566667	-0.028704
-55.533333	-0.028094
-55.500000	-0.027321
-55.466667	-0.026347
-55.433333	-0.025196
-55.400000	-0.023895
-55.366667	-0.022448
-55.333333	-0.020846
-55.300000	-0.019103
-55.266667	-0.017207
-55.233333	-0.015190
-55.200000	-0.013075
-55.166667	-0.010879
-55.133333	-0.008629
-55.100000	-0.006358
-55.066667	-0.004102
-55.033333	-0.001900
-55.000000	0.000206
-54.966667	0.002176
-54.933333	0.003966
-54.900000	0.005531
-54.866667	0.006835
-54.833333	0.007854
-54.800000	0.008578
-54.766667	0.008996
-54.733333	0.009107
-54.700000	0.008921
-54.666667	0.008441
-54.633333	0.007678
-54.600000	0.006655
-54.566667	0.005404
-54.533333	0.003963
-54.500000	0.002384
-54.466667	0.000691
-54.433333	-0.001079
-54.400000	-0.002869
-54.366667	-0.004595
-54.333333	-0.006234
-54.300000	-0.007750
-54.266667	-0.009104
-54.233333	-0.010290
-54.200000	-0.011294
-54.166667	-0.012120
-54.133333	-0.012744
-54.100000	-0.013185
-54.066667	-0.013439
-54.033333	-0.013521
-54.000000	-0.013444
-53.966667	-0.013223
-53.933333	-0.012868
-53.900000	-0.012394
-53.866667	-0.011805
-53.833333	-0.011103
-53.800000	-0.010288
-53.766667	-0.009375
-53.733333	-0.008384
-53.700000	-0.007321
-53.666667	-0.006168
-53.633333	-0.004939
-53.600000	-0.003647
-53.566667	-0.002281
-53.533333	-0.000837
-53.500000	0.000659
-53.466667	0.002194
-53.433333	0.003773
-53.400000	0.005373
-53.366667	0.006967
-53.333333	0.008516
-53.300000	0.009996
-53.266667	0.011366
-53.233333	0.012603
-53.200000	0.013690
-53.166667	0.014619
-53.133333	0.015396
-53.100000	0.015995
-53.066667	0.016411
-53.033333	0.016627
-53.000000	0.016637
-52.966667	0.016440
-52.933333	0.016037
-52.900000	0.015429
-52.866667	0.014618
-52.833333	0.013612
-52.800000	0.012427
-52.766667	0.011075
-52.733333	0.009616
-52.700000	0.008096
-52.666667	0.006541
-52.633333	0.004959
-52.600000	0.003407
-52.566667	0.001931
-52.533333	0.000541
-52.500000	-0.000729
-52.466667	-0.001853
-52.433333	-0.002813
-52.400000	-0.003603
-52.366667	-0.004212
-52.333333	-0.004647
-52.300000	-0.004915
-52.266667	-0.005019
-52.233333	-0.004951
-52.200000	-0.004699
-52.166667	-0.004287
-52.133333	-0.003745
-52.100000	-0.003112
-52.066667	-0.002421
-52.033333	-0.001701
-52.000000	-0.000985
-51.966667	-0.000305
-51.933333	0.000312
-51.900000	0.000841
-51.866667	0.001275
-51.833333	0.001617
-51.800000	0.001879
-51.766667	0.002073
-51.733333	0.002219
-51.700000	0.002310
-51.666667	0.002362
-51.633333	0.002406
-51.600000	0.002458
-51.566667	0.002525
-51.533333	0.002619
-51.500000	0.002757
-51.466667	0.002918
-51.433333	0.003122
-51.400000	0.003334
-51.366667	0.003553
-51.333333	0.003781
-51.300000	0.003993
-51.266667	0.004215
-51.233333	0.004427
-51.200000	0.004596
-51.166667	0.004710
-51.133333	0.004723
-51.100000	0.004633
-51.066667	0.004442
-51.033333	0.004137
-51.000000	0.003700
-50.966667	0.003180
-50.933333	0.002573
-50.900000	0.001892
-50.866667	0.001155
-50.833333	0.000373
-50.800000	-0.000419
-50.766667	-0.001204
-50.733333	-0.001962
-50.700000	-0.002684
-50.666667	-0.003367
-50.633333	-0.003964
-50.600000	-0.004493
-50.566667	-0.004954
-50.533333	-0.005325
-50.500000	-0.005624
-50.466667	-0.005845
-50.433333	-0.005982
-50.400000	-0.006044
-50.366667	-0.006016
-50.333333	-0.005924
-50.300000	-0.005794
-50.266667	-0.005607
-50.233333	-0.005406
-50.200000	-0.005195
-50.166667	-0.004961
-50.133333	-0.004733
-50.100000	-0.004472
-50.066667	-0.004166
-50.033333	-0.003845
-50.000000	-0.003468
-49.966667	-0.003015
-49.933333	-0.002518
-49.900000	-0.001968
-49.866667	-0.001358
-49.833333	-0.000682
-49.800000	0.000065
-49.766667	0.000867
-49.733333	0.001709
-49.700000	0.002567
-49.666667	0.003433
-49.633333	0.004303
-49.600000	0.005116
-49.566667	0.005860
-49.533333	0.006511
-49.500000	0.007046
-49.466667	0.007435
-49.433333	0.007663
-49.400000	0.007707
-49.366667	0.007536
-49.333333	0.007130
-49.300000	0.006485
-49.266667	0.005592
-49.233333	0.004477
-49.200000	0.003141
-49.166667	0.001631
-49.133333	-0.000006
-49.100000	-0.001747
-49.066667	-0.003537
-49.033333	-0.005355
-49.000000	-0.007123
-48.966667	-0.008826
-48.933333	-0.010422
-48.900000	-0.011889
-48.866667	-0.013189
-48.833333	-0.014305
-48.800000	-0.015227
-48.766667	-0.015946
-48.733333	-0.016461
-48.700000	-0.016777
-48.666667	-0.016907
-48.633333	-0.016865
-48.600000	-0.016678
-48.566667	-0.016368
-48.533333	-0.015949
-48.500000	-0.015456
-48.466667	-0.014926
-48.433333	-0.014364
-48.400000	-0.013781
-48.366667	-0.013209
-48.333333	-0.012631
-48.300000	-0.012058
-48.266667	-0.011485
-48.233333	-0.010882
-48.200000	-0.010245
-48.166667	-0.009557
-48.133333	-0.008810
-48.100000	-0.008013
-48.066667	-0.007130
-48.033333	-0.006187
-48.000000	-0.005184
-47.966667	-0.004148
-47.933333	-0.003095
-47.900000	-0.002049
-47.866667	-0.001015
-47.833333	-0.000027
-47.800000	0.000891
-47.766667	0.001714
-47.733333	0.002411
-47.700000	0.002946
-47.666667	0.003281
-47.633333	0.003410
-47.600000	0.003304
-47.566667	0.002973
-47.533333	0.002423
-47.500000	0.001637
-47.466667	0.000678
-47.433333	-0.000444
-47.400000	-0.001694
-47.366667	-0.003048
-47.333333	-0.004437
-47.300000	-0.005834
-47.266667	-0.007182
-47.233333	-0.008435
-47.200000	-0.009566
-47.166667	-0.010559
-47.133333	-0.011376
-47.100000	-0.012004
-47.066667	-0.012430
-47.033333	-0.012668
-47.000000	-0.012721
-46.966667	-0.012604
-46.933333	-0.012326
-46.900000	-0.011910
-46.866667	-0.011379
-46.833333	-0.010761
-46.800000	-0.010097
-46.766667	-0.009425
-46.733333	-0.008790
-46.700000	-0.008213
-46.666667	-0.007704
-46.633333	-0.007268
-46.600000	-0.006911
-46.566667	-0.006621
-46.533333	-0.006403
-46.500000	-0.006254
-46.466667	-0.006137
-46.433333	-0.006052
-46.400000	-0.005985
-46.366667	-0.005902
-46.333333	-0.005764
-46.300000	-0.005552
-46.266667	-0.005268
-46.233333	-0.004912
-46.200000	-0.004484
-46.166667	-0.003980
-46.133333	-0.003404
-46.100000	-0.002762
-46.066667	-0.002060
-46.033333	-0.001321
-46.000000	-0.000579
-45.966667	0.000172
-45.933333	0.000875
-45.900000	0.001525
-45.866667	0.002092
-45.833333	0.002566
-45.800000	0.002925
-45.766667	0.003160
-45.733333	0.003254
-45.700000	0.003227
-45.666667	0.003063
-45.633333	0.002771
-45.600000	0.002383
-45.566667	0.001885
-45.533333	0.001310
-45.500000	0.000687
-45.466667	0.000026
-45.433333	-0.000647
-45.400000	-0.001289
-45.366667	-0.001918
-45.333333	-0.002487
-45.300000	-0.003003
-45.266667	-0.003447
-45.233333	-0.003806
-45.200000	-0.004100
-45.166667	-0.004329
-45.133333	-0.004477
-45.100000	-0.004551
-45.066667	-0.004569
-45.033333	-0.004551
-45.000000	-0.004498
-44.966667	-0.004407
-44.933333	-0.004318
-44.900000	-0.004208
-44.866667	-0.004102
-44.833333	-0.003995
-44.800000	-0.003887
-44.766667	-0.003779
-44.733333	-0.003668
-44.700000	-0.003532
-44.666667	-0.003411
-44.633333	-0.003266
-44.600000	-0.003066
-44.566667	-0.002877
-44.533333	-0.002638
-44.500000	-0.002364
-44.466667	-0.002072
-44.433333	-0.001741
-44.400000	-0.001382
-44.366667	-0.001056
-44.333333	-0.000712
-44.300000	-0.000402
-44.266667	-0.000139
-44.233333	0.000036
-44.200000	0.000093
-44.166667	0.000043
-44.133333	-0.000106
-44.100000	-0.000373
-44.066667	-0.000778
-44.033333	-0.001315
-44.000000	-0.001978
-43.966667	-0.002769
-43.933333	-0.003671
-43.900000	-0.004673
-43.866667	-0.005752
-43.833333	-0.006881
-43.800000	-0.008027
-43.766667	-0.009165
-43.733333	-0.010279
-43.700000	-0.011338
-43.666667	-0.012311
-43.633333	-0.013192
-43.600000	-0.013939
-43.566667	-0.014600
-43.533333	-0.015110
-43.500000	-0.015503
-43.466667	-0.015777
-43.433333	-0.015925
-43.400000	-0.015954
-43.366667	-0.015891
-43.333333	-0.015717
-43.300000	-0.015450
-43.266667	-0.015090
-43.233333	-0.014660
-43.200000	-0.014140
-43.166667	-0.013512
-43.133333	-0.012796
-43.100000	-0.012008
-43.066667	-0.011166
-43.033333	-0.010268
-43.000000	-0.009314
-42.966667	-0.008311
-42.933333	-0.007270
-42.900000	-0.006203
-42.866667	-0.005123
-42.833333	-0.004017
-42.800000	-0.002918
-42.766667	-0.001835
-42.733333	-0.000786
-42.700000	0.000221
-42.666667	0.001162
-42.633333	0.001990
-42.600000	0.002729
-42.566667	0.003333
-42.533333	0.003798
-42.500000	0.004120
-42.466667	0.004294
-42.433333	0.004324
-42.400000	0.004215
-42.366667	0.003970
-42.333333	0.003616
-42.300000	0.003156
-42.266667	0.002597
-42.233333	0.001951
-42.200000	0.001266
-42.166667	0.000519
-42.133333	-0.000261
-42.100000	-0.001047
-42.066667	-0.001819
-42.033333	-0.002556
-42.000000	-0.003244
-41.966667	-0.003880
-41.933333	-0.004460
-41.900000	-0.004984
-41.866667	-0.005457
-41.833333	-0.005869
-41.800000	-0.006231
-41.766667	-0.006529
-41.733333	-0.006779
-41.700000	-0.006986
-41.666667	-0.007156
-41.633333	-0.007266
-41.600000	-0.007343
-41.566667	-0.007385
-41.533333	-0.007394
-41.500000	-0.007369
-41.466667	-0.007310
-41.433333	-0.007213
-41.400000	-0.007076
-41.366667	-0.006900
-41.333333	-0.006692
-41.300000	-0.006454
-41.266667	-0.006170
-41.233333	-0.005856
-41.200000	-0.005499
-41.166667	-0.005122
-41.133333	-0.004698
-41.100000	-0.004253
-41.066667	-0.003793
-41.033333	-0.003341
-41.000000	-0.002897
-40.966667	-0.002477
-40.933333	-0.002069
-40.900000	-0.001685
-40.866667	-0.001342
-40.833333	-0.001030
-40.800000	-0.000731
-40.766667	-0.000459
-40.733333	-0.000233
-40.700000	-0.000047
-40.666667	0.000114
-40.633333	0.000258
-40.600000	0.000345
-40.566667	0.000399
-40.533333	0.000419
-40.500000	0.000409
-40.466667	0.000374
-40.433333	0.000310
-40.400000	0.000217
-40.366667	0.000095
-40.333333	-0.000044
-40.300000	-0.000207
-40.266667	-0.000391
-40.233333	-0.000599
-40.200000	-0.000835
-40.166667	-0.001104
-40.133333	-0.001396
-40.100000	-0.001736
-40.066667	-0.002107
-40.033333	-0.002512
-40.000000	-0.002934
-39.966667	-0.003354
-39.933333	-0.003767
-39.900000	-0.004188
-39.866667	-0.004628
-39.833333	-0.005068
-39.800000	-0.005491
-39.766667	-0.005905
-39.733333	-0.006304
-39.700000	-0.006671
-39.666667	-0.007011
-39.633333	-0.007318
-39.600000	-0.007579
-39.566667	-0.007781
-39.533333	-0.007904
-39.500000	-0.007941
-39.466667	-0.007894
-39.433333	-0.007748
-39.400000	-0.007479
-39.366667	-0.007108
-39.333333	-0.006626
-39.300000	-0.006036
-39.266667	-0.005347
-39.233333	-0.004555
-39.200000	-0.003684
-39.166667	-0.002723
-39.133333	-0.001689
-39.100000	-0.000609
-39.066667	0.000521
-39.033333	0.001665
-39.000000	0.002814
-38.966667	0.003950
-38.933333	0.005029
-38.900000	0.006033
-38.866667	0.006931
-38.833333	0.007714
-38.800000	0.008387
-38.766667	0.008934
-38.733333	0.009344
-38.700000	0.009617
-38.666667	0.009769
-38.633333	0.009793
-38.600000	0.009689
-38.566667	0.009475
-38.533333	0.009147
-38.500000	0.008716
-38.466667	0.008183
-38.433333	0.007560
-38.400000	0.006860
-38.366667	0.006075
-38.333333	0.005238
-38.300000	0.004359
-38.266667	0.003444
-38.233333	0.002527
-38.200000	0.001628
-38.166667	0.000771
-38.133333	-0.000045
-38.100000	-0.000807
-38.066667	-0.001503
-38.033333	-0.002122
-38.000000	-0.002654
-37.966667	-0.003092
-37.933333	-0.003424
-37.900000	-0.003659
-37.866667	-0.003774
-37.833333	-0.003765
-37.800000	-0.003611
-37.766667	-0.003320
-37.733333	-0.002895
-37.700000	-0.002334
-37.666667	-0.001641
-37.633333	-0.000883
-37.600000	-0.000017
-37.566667	0.000925
-37.533333	0.001901
-37.500000	0.002921
-37.466667	0.003944
-37.433333	0.004949
-37.400000	0.005909
-37.366667	0.006835
-37.333333	0.007683
-37.300000	0.008453
-37.266667	0.009141
-37.233333	0.009725
-37.200000	0.010219
-37.166667	0.010615
-37.133333	0.010909
-37.100000	0.011103
-37.066667	0.011209
-37.033333	0.011224
-37.000000	0.011161
-36.966667	0.011023
-36.933333	0.010810
-36.900000	0.010529
-36.866667	0.010211
-36.833333	0.009850
-36.800000	0.009456
-36.766667	0.009027
-36.733333	0.008581
-36.700000	0.008107
-36.666667	0.007604
-36.633333	0.007082
-36.600000	0.006550
-36.566667	0.005989
-36.533333	0.005415
-36.500000	0.004830
-36.466667	0.004198
-36.433333	0.003532
-36.400000	0.002864
-36.366667	0.002214
-36.333333	0.001574
-36.300000	0.000971
-36.266667	0.000394
-36.233333	-0.000144
-36.200000	-0.000583
-36.166667	-0.000920
-36.133333	-0.001170
-36.100000	-0.001336
-36.066667	-0.001386
-36.033333	-0.001356
-36.000000	-0.001216
-35.966667	-0.000986
-35.933333	-0.000672
-35.900000	-0.000273
-35.866667	0.000216
-35.833333	0.000742
-35.800000	0.001306
-35.766667	0.001886
-35.733333	0.002469
-35.700000	0.003018
-35.666667	0.003524
-35.633333	0.003994
-35.600000	0.004380
-35.566667	0.004710
-35.533333	0.004972
-35.500000	0.005158
-35.466667	0.005271
-35.433333	0.005340
-35.400000	0.005378
-35.366667	0.005376
-35.333333	0.005358
-35.300000	0.005317
-35.266667	0.005268
-35.233333	0.005243
-35.200000	0.005255
-35.166667	0.005283
-35.133333	0.005322
-35.100000	0.005394
-35.066667	0.005489
-35.033333	0.005585
-35.000000	0.005708
-34.966667	0.005798
-34.933333	0.005867
-34.900000	0.005898
-34.866667	0.005869
-34.833333	0.005755
-34.800000	0.005577
-34.766667	0.005291
-34.733333	0.004921
-34.700000	0.004452
-34.666667	0.003884
-34.633333	0.003236
-34.600000	0.002509
-34.566667	0.001715
-34.533333	0.000842
-34.500000	-0.000060
-34.466667	-0.000990
-34.433333	-0.001918
-34.400000	-0.002829
-34.366667	-0.003699
-34.333333	-0.004492
-34.300000	-0.005206
-34.266667	-0.005810
-34.233333	-0.006312
-34.200000	-0.006700
-34.166667	-0.006971
-34.133333	-0.007120
-34.100000	-0.007164
-34.066667	-0.007110
-34.033333	-0.006960
-34.000000	-0.006714
-33.966667	-0.006419
-33.933333	-0.006034
-33.900000	-0.005599
-33.866667	-0.005120
-33.833333	-0.004598
-33.800000	-0.004054
-33.766667	-0.003508
-33.733333	-0.002944
-33.700000	-0.002396
-33.666667	-0.001876
-33.633333	-0.001379
-33.600000	-0.000921
-33.566667	-0.000514
-33.533333	-0.000165
-33.500000	0.000166
-33.466667	0.000443
-33.433333	0.000676
-33.400000	0.000839
-33.366667	0.000967
-33.333333	0.001040
-33.300000	0.001049
-33.266667	0.001001
-33.233333	0.000872
-33.200000	0.000689
-33.166667	0.000454
-33.133333	0.000182
-33.100000	-0.000132
-33.066667	-0.000491
-33.033333	-0.000848
-33.000000	-0.001224
-32.966667	-0.001620
-32.933333	-0.001996
-32.900000	-0.002372
-32.866667	-0.002737
-32.833333	-0.003079
-32.800000	-0.003395
-32.766667	-0.003674
-32.733333	-0.003914
-32.700000	-0.004099
-32.666667	-0.004219
-32.633333	-0.004254
-32.600000	-0.004207
-32.566667	-0.004040
-32.533333	-0.003765
-32.500000	-0.003360
-32.466667	-0.002832
-32.433333	-0.002183
-32.400000	-0.001417
-32.366667	-0.000525
-32.333333	0.000451
-32.300000	0.001514
-32.266667	0.002643
-32.233333	0.003827
-32.200000	0.005055
-32.166667	0.006312
-32.133333	0.007586
-32.100000	0.008853
-32.066667	0.010092
-32.033333	0.011311
-32.000000	0.012452
-31.966667	0.013524
-31.933333	0.014500
-31.900000	0.015359
-31.866667	0.016097
-31.833333	0.016705
-31.800000	0.017177
-31.766667	0.017511
-31.733333	0.017714
-31.700000	0.017799
-31.666667	0.017760
-31.633333	0.017614
-31.600000	0.017372
-31.566667	0.017051
-31.533333	0.016634
-31.500000	0.016149
-31.466667	0.015602
-31.433333	0.014984
-31.400000	0.014307
-31.366667	0.013572
-31.333333	0.012778
-31.300000	0.011932
-31.266667	0.011037
-31.233333	0.010096
-31.200000	0.009115
-31.166667	0.008104
-31.133333	0.007068
-31.100000	0.006011
-31.066667	0.004952
-31.033333	0.003904
-31.000000	0.002854
-30.966667	0.001842
-30.933333	0.000849
-30.900000	-0.000098
-30.866667	-0.000988
-30.833333	-0.001816
-30.800000	-0.002584
-30.766667	-0.003275
-30.733333	-0.003893
-30.700000	-0.004438
-30.666667	-0.004913
-30.633333	-0.005292
-30.600000	-0.005584
-30.566667	-0.005791
-30.533333	-0.005920
-30.500000	-0.005967
-30.466667	-0.005913
-30.433333	-0.005823
-30.400000	-0.005662
-30.366667	-0.005458
-30.333333	-0.005195
-30.300000	-0.004926
-30.266667	-0.004650
-30.233333	-0.004332
-30.200000	-0.004003
-30.166667	-0.003670
-30.133333	-0.003318
-30.100000	-0.002948
-30.066667	-0.002561
-30.033333	-0.002170
-30.000000	-0.001790
-29.966667	-0.001398
-29.933333	-0.001029
-29.900000	-0.000671
-29.866667	-0.000361
-29.833333	-0.000072
-29.800000	0.000157
-29.766667	0.000340
-29.733333	0.000454
-29.700000	0.000506
-29.666667	0.000515
-29.633333	0.000449
-29.600000	0.000310
-29.566667	0.000095
-29.533333	-0.000196
-29.500000	-0.000570
-29.466667	-0.001011
-29.433333	-0.001563
-29.400000	-0.002204
-29.366667	-0.002953
-29.333333	-0.003769
-29.300000	-0.004679
-29.266667	-0.005657
-29.233333	-0.006689
-29.200000	-0.007787
-29.166667	-0.008915
-29.133333	-0.010057
-29.100000	-0.011215
-29.066667	-0.012372
-29.033333	-0.013525
-29.000000	-0.014662
-28.966667	-0.015760
-28.933333	-0.016808
-28.900000	-0.017799
-28.866667	-0.018722
-28.833333	-0.019542
-28.800000	-0.020279
-28.766667	-0.020894
-28.733333	-0.021390
-28.700000	-0.021749
-28.666667	-0.021974
-28.633333	-0.022097
-28.600000	-0.022097
-28.566667	-0.021988
-28.533333	-0.021779
-28.500000	-0.021485
-28.466667	-0.021114
-28.433333	-0.020698
-28.400000	-0.020227
-28.366667	-0.019729
-28.333333	-0.019207
-28.300000	-0.018660
-28.266667	-0.018153
-28.233333	-0.017654
-28.200000	-0.017172
-28.166667	-0.016727
-28.133333	-0.016316
-28.100000	-0.015941
-28.066667	-0.015614
-28.033333	-0.015332
-28.000000	-0.015084
-27.966667	-0.014868
-27.933333	-0.014702
-27.900000	-0.014558
-27.866667	-0.014443
-27.833333	-0.014340
-27.800000	-0.014252
-27.766667	-0.014169
-27.733333	-0.014056
-27.700000	-0.013958
-27.666667	-0.013822
-27.633333	-0.013665
-27.600000	-0.013480
-27.566667	-0.013254
-27.533333	-0.013003
-27.500000	-0.012717
-27.466667	-0.012396
-27.433333	-0.012029
-27.400000	-0.011620
-27.366667	-0.011194
-27.333333	-0.010713
-27.300000	-0.010160
-27.266667	-0.009563
-27.233333	-0.008897
-27.200000	-0.008147
-27.166667	-0.007310
-27.133333	-0.006389
-27.100000	-0.005371
-27.066667	-0.004270
-27.033333	-0.003084
-27.000000	-0.001831
-26.966667	-0.000509
-26.933333	0.000871
-26.900000	0.002328
-26.866667	0.003835
-26.833333	0.005389
-26.800000	0.006969
-26.766667	0.008574
-26.733333	0.010182
-26.700000	0.011737
-26.666667	0.013278
-26.633333	0.014736
-26.600000	0.016103
-26.566667	0.017360
-26.533333	0.018500
-26.500000	0.019509
-26.466667	0.020391
-26.433333	0.021143
-26.400000	0.021771
-26.366667	0.022279
-26.333333	0.022671
-26.300000	0.022979
-26.266667	0.023193
-26.233333	0.023314
-26.200000	0.023370
-26.166667	0.023348
-26.133333	0.023270
-26.100000	0.023156
-26.066667	0.022995
-26.033333	0.022801
-26.000000	0.022575
-25.966667	0.022336
-25.933333	0.022068
-25.900000	0.021780
-25.866667	0.021462
-25.833333	0.021104
-25.800000	0.020693
-25.766667	0.020220
-25.733333	0.019678
-25.700000	0.019060
-25.666667	0.018365
-25.633333	0.017579
-25.600000	0.016686
-25.566667	0.015706
-25.533333	0.014622
-25.500000	0.013434
-25.466667	0.012153
-25.433333	0.010777
-25.400000	0.009313
-25.366667	0.007763
-25.333333	0.006134
-25.300000	0.004443
-25.266667	0.002678
-25.233333	0.000860
-25.200000	-0.001005
-25.166667	-0.002901
-25.133333	-0.004809
-25.100000	-0.006718
-25.066667	-0.008627
-25.033333	-0.010526
-25.000000	-0.012406
-24.966667	-0.014259
-24.933333	-0.016085
-24.900000	-0.017878
-24.866667	-0.019628
-24.833333	-0.021346
-24.800000	-0.023018
-24.766667	-0.024651
-24.733333	-0.026233
-24.700000	-0.027771
-24.666667	-0.029283
-24.633333	-0.030740
-24.600000	-0.032174
-24.566667	-0.033560
-24.533333	-0.034919
-24.500000	-0.036241
-24.466667	-0.037537
-24.433333	-0.038794
-24.400000	-0.040028
-24.366667	-0.041222
-24.333333	-0.042388
-24.300000	-0.043519
-24.266667	-0.044612
-24.233333	-0.045664
-24.200000	-0.046669
-24.166667	-0.047619
-24.133333	-0.048515
-24.100000	-0.049363
-24.066667	-0.050166
-24.033333	-0.050916
-24.000000	-0.051612
-23.966667	-0.052256
-23.933333	-0.052850
-23.900000	-0.053388
-23.866667	-0.053876
-23.833333	-0.054314
-23.800000	-0.054675
-23.766667	-0.054969
-23.733333	-0.055184
-23.700000	-0.055330
-23.666667	-0.055394
-23.633333	-0.055347
-23.600000	-0.055213
-23.566667	-0.054956
-23.533333	-0.054579
-23.500000	-0.054059
-23.466667	-0.053395
-23.433333	-0.052564
-23.400000	-0.051569
-23.366667	-0.050383
-23.333333	-0.049020
-23.300000	-0.047462
-23.266667	-0.045704
-23.233333	-0.043757
-23.200000	-0.041631
-23.166667	-0.039305
-23.133333	-0.036815
-23.100000	-0.034162
-23.066667	-0.031367
-23.033333	-0.028446
-23.000000	-0.025418
-22.966667	-0.022307
-22.933333	-0.019144
-22.900000	-0.015953
-22.866667	-0.012750
-22.833333	-0.009548
-22.800000	-0.006372
-22.766667	-0.003236
-22.733333	-0.000158
-22.700000	0.002856
-22.666667	0.005799
-22.633333	0.008657
-22.600000	0.011430
-22.566667	0.014108
-22.533333	0.016692
-22.500000	0.019187
-22.466667	0.021579
-22.433333	0.023881
-22.400000	0.026092
-22.366667	0.028220
-22.333333	0.030280
-22.300000	0.032245
-22.266667	0.034117
-22.233333	0.035938
-22.200000	0.037663
-22.166667	0.039327
-22.133333	0.040891
-22.100000	0.042373
-22.066667	0.043759
-22.033333	0.045050
-22.000000	0.046246
-21.966667	0.047353
-21.933333	0.048389
-21.900000	0.049346
-21.866667	0.050248
-21.833333	0.051091
-21.800000	0.051889
-21.766667	0.052648
-21.733333	0.053370
-21.700000	0.054056
-21.666667	0.054696
-21.633333	0.055291
-21.600000	0.055851
-21.566667	0.056370
-21.533333	0.056843
-21.500000	0.057282
-21.466667	0.057679
-21.433333	0.058026
-21.400000	0.058329
-21.366667	0.058580
-21.333333	0.058760
-21.300000	0.058851
-21.266667	0.058861
-21.233333	0.058796
-21.200000	0.058600
-21.166667	0.058298
-21.133333	0.057874
-21.100000	0.057333
-21.066667	0.056678
-21.033333	0.055916
-21.000000	0.055045
-20.966667	0.054078
-20.933333	0.053025
-20.900000	0.051879
-20.866667	0.050666
-20.833333	0.049385
-20.800000	0.048059
-20.766667	0.046685
-20.733333	0.045267
-20.700000	0.043812
-20.666667	0.042357
-20.633333	0.040889
-20.600000	0.039428
-20.566667	0.037968
-20.533333	0.036528
-20.500000	0.035125
-20.466667	0.033750
-20.433333	0.032406
-20.400000	0.031101
-20.366667	0.029822
-20.333333	0.028567
-20.300000	0.027336
-20.266667	0.026107
-20.233333	0.024908
-20.200000	0.023696
-20.166667	0.022459
-20.133333	0.021238
-20.100000	0.020031
-20.066667	0.018829
-20.033333	0.017637
-20.000000	0.016463
-19.966667	0.015327
-19.933333	0.014238
-19.900000	0.013200
-19.866667	0.012212
-19.833333	0.011317
-19.800000	0.010501
-19.766667	0.009768
-19.733333	0.009132
-19.700000	0.008614
-19.666667	0.008220
-19.633333	0.007927
-19.600000	0.007761
-19.566667	0.007700
-19.533333	0.007758
-19.500000	0.007919
-19.466667	0.008159
-19.433333	0.008473
-19.400000	0.008857
-19.366667	0.009264
-19.333333	0.009707
-19.300000	0.010160
-19.266667	0.010606
-19.233333	0.011043
-19.200000	0.011411
-19.166667	0.011735
-19.133333	0.012026
-19.100000	0.012257
-19.066667	0.012418
-19.033333	0.012519
-19.000000	0.012568
-18.966667	0.012565
-18.933333	0.012506
-18.900000	0.012397
-18.866667	0.012245
-18.833333	0.012070
-18.800000	0.011835
-18.766667	0.011567
-18.733333	0.011271
-18.700000	0.010936
-18.666667	0.010568
-18.633333	0.010166
-18.600000	0.009736
-18.566667	0.009263
-18.533333	0.008768
-18.500000	0.008249
-18.466667	0.007716
-18.433333	0.007179
-18.400000	0.006627
-18.366667	0.006053
-18.333333	0.005518
-18.300000	0.004979
-18.266667	0.004440
-18.233333	0.003974
-18.200000	0.003531
-18.166667	0.003154
-18.133333	0.002867
-18.100000	0.002683
-18.066667	0.002607
-18.033333	0.002661
-18.000000	0.002856
-17.966667	0.003188
-17.933333	0.003651
-17.900000	0.004245
-17.866667	0.004970
-17.833333	0.005793
-17.800000	0.006722
-17.766667	0.007735
-17.733333	0.008800
-17.700000	0.009887
-17.666667	0.010983
-17.633333	0.012064
-17.600000	0.013108
-17.566667	0.014089
-17.533333	0.015000
-17.500000	0.015824
-17.466667	0.016552
-17.433333	0.017150
-17.400000	0.017628
-17.366667	0.017988
-17.333333	0.018233
-17.300000	0.018346
-17.266667	0.018358
-17.233333	0.018297
-17.200000	0.018106
-17.166667	0.017842
-17.133333	0.017510
-17.100000	0.017107
-17.066667	0.016647
-17.033333	0.016141
-17.000000	0.015588
-16.966667	0.014996
-16.933333	0.014377
-16.900000	0.013734
-16.866667	0.013077
-16.833333	0.012378
-16.800000	0.011673
-16.766667	0.010929
-16.733333	0.010148
-16.700000	0.009334
-16.666667	0.008487
-16.633333	0.007614
-16.600000	0.006752
-16.566667	0.005867
-16.533333	0.005008
-16.500000	0.004155
-16.466667	0.003329
-16.433333	0.002532
-16.400000	0.001781
-16.366667	0.001069
-16.333333	0.000404
-16.300000	-0.000216
-16.266667	-0.000787
-16.233333	-0.001315
-16.200000	-0.001802
-16.166667	-0.002249
-16.133333	-0.002662
-16.100000	-0.003046
-16.066667	-0.003397
-16.033333	-0.003732
-16.000000	-0.004058
-15.966667	-0.004381
-15.933333	-0.004717
-15.900000	-0.005077
-15.866667	-0.005452
-15.833333	-0.005874
-15.800000	-0.006324
-15.766667	-0.006804
-15.733333	-0.007322
-15.700000	-0.007877
-15.666667	-0.008482
-15.633333	-0.009078
-15.600000	-0.009684
-15.566667	-0.010325
-15.533333	-0.010928
-15.500000	-0.011554
-15.466667	-0.012179
-15.433333	-0.012820
-15.400000	-0.013432
-15.366667	-0.014043
-15.333333	-0.014625
-15.300000	-0.015212
-15.266667	-0.015775
-15.233333	-0.016305
-15.200000	-0.016820
-15.166667	-0.017312
-15.133333	-0.017785
-15.100000	-0.018231
-15.066667	-0.018636
-15.033333	-0.018994
-15.000000	-0.019312
-14.966667	-0.019586
-14.933333	-0.019804
-14.900000	-0.019960
-14.866667	-0.020065
-14.833333	-0.020084
-14.800000	-0.020043
-14.766667	-0.019922
-14.733333	-0.019740
-14.700000	-0.019493
-14.666667	-0.019186
-14.633333	-0.018797
-14.600000	-0.018358
-14.566667	-0.017856
-14.533333	-0.017299
-14.500000	-0.016732
-14.466667	-0.016167
-14.433333	-0.015560
-14.400000	-0.014936
-14.366667	-0.014349
-14.333333	-0.013771
-14.300000	-0.013247
-14.266667	-0.012745
-14.233333	-0.012288
-14.200000	-0.011889
-14.166667	-0.011531
-14.133333	-0.011218
-14.100000	-0.010944
-14.066667	-0.010717
-14.033333	-0.010521
-14.000000	-0.010356
-13.966667	-0.010224
-13.933333	-0.010121
-13.900000	-0.010054
-13.866667	-0.010003
-13.833333	-0.009943
-13.800000	-0.009926
-13.766667	-0.009907
-13.733333	-0.009905
-13.700000	-0.009926
-13.666667	-0.009952
-13.633333	-0.009979
-13.600000	-0.010007
-13.566667	-0.010052
-13.533333	-0.010117
-13.500000	-0.010199
-13.466667	-0.010300
-13.433333	-0.010393
-13.400000	-0.010522
-13.366667	-0.010655
-13.333333	-0.010785
-13.300000	-0.010916
-13.266667	-0.011046
-13.233333	-0.011169
-13.200000	-0.011270
-13.166667	-0.011370
-13.133333	-0.011459
-13.100000	-0.011541
-13.066667	-0.011609
-13.033333	-0.011645
-13.000000	-0.011667
-12.966667	-0.011681
-12.933333	-0.011677
-12.900000	-0.011657
-12.866667	-0.011614
-12.833333	-0.011554
-12.800000	-0.011471
-12.766667	-0.011371
-12.733333	-0.011269
-12.700000	-0.011164
-12.666667	-0.011036
-12.633333	-0.010898
-12.600000	-0.010757
-12.566667	-0.010616
-12.533333	-0.010466
-12.500000	-0.010310
-12.466667	-0.010159
-12.433333	-0.010005
-12.400000	-0.009848
-12.366667	-0.009685
-12.333333	-0.009528
-12.300000	-0.009387
-12.266667	-0.009277
-12.233333	-0.009191
-12.200000	-0.009116
-12.166667	-0.009073
-12.133333	-0.009074
-12.100000	-0.009086
-12.066667	-0.009149
-12.033333	-0.009228
-12.000000	-0.009349
-11.966667	-0.009507
-11.933333	-0.009701
-11.900000	-0.009909
-11.866667	-0.010151
-11.833333	-0.010414
-11.800000	-0.010700
-11.766667	-0.011001
-11.733333	-0.011301
-11.700000	-0.011571
-11.666667	-0.011805
-11.633333	-0.012016
-11.600000	-0.012196
-11.566667	-0.012335
-11.533333	-0.012415
-11.500000	-0.012437
-11.466667	-0.012425
-11.433333	-0.012338
-11.400000	-0.012190
-11.366667	-0.011968
-11.333333	-0.011703
-11.300000	-0.011398
-11.266667	-0.011065
-11.233333	-0.010689
-11.200000	-0.010279
-11.166667	-0.009860
-11.133333	-0.009449
-11.100000	-0.009024
-11.066667	-0.008641
-11.033333	-0.008268
-11.000000	-0.007948
-10.966667	-0.007670
-10.933333	-0.007426
-10.900000	-0.007208
-10.866667	-0.007027
-10.833333	-0.006858
-10.800000	-0.006697
-10.766667	-0.006531
-10.733333	-0.006368
-10.700000	-0.006179
-10.666667	-0.005999
-10.633333	-0.005807
-10.600000	-0.005582
-10.566667	-0.005322
-10.533333	-0.005028
-10.500000	-0.004689
-10.466667	-0.004313
-10.433333	-0.003863
-10.400000	-0.003392
-10.366667	-0.002875
-10.333333	-0.002353
-10.300000	-0.001851
-10.266667	-0.001330
-10.233333	-0.000824
-10.200000	-0.000322
-10.166667	0.000152
-10.133333	0.000591
-10.100000	0.000987
-10.066667	0.001328
-10.033333	0.001626
-10.000000	0.001866
-9.966667	0.002057
-9.933333	0.002210
-9.900000	0.002321
-9.866667	0.002389
-9.833333	0.002405
-9.800000	0.002369
-9.766667	0.002280
-9.733333	0.002145
-9.700000	0.001982
-9.666667	0.001774
-9.633333	0.001521
-9.600000	0.001262
-9.566667	0.000955
-9.533333	0.000621
-9.500000	0.000272
-9.466667	-0.000093
-9.433333	-0.000521
-9.400000	-0.000979
-9.366667	-0.001467
-9.333333	-0.001997
-9.300000	-0.002561
-9.266667	-0.003110
-9.233333	-0.003682
-9.200000	-0.004235
-9.166667	-0.004790
-9.133333	-0.005336
-9.100000	-0.005853
-9.066667	-0.006350
-9.033333	-0.006798
-9.000000	-0.007204
-8.966667	-0.007559
-8.933333	-0.007847
-8.900000	-0.008067
-8.866667	-0.008231
-8.833333	-0.008337
-8.800000	-0.008377
-8.766667	-0.008355
-8.733333	-0.008281
-8.700000	-0.008154
-8.666667	-0.007978
-8.633333	-0.007777
-8.600000	-0.007525
-8.566667	-0.007281
-8.533333	-0.007020
-8.500000	-0.006760
-8.466667	-0.006518
-8.433333	-0.006328
-8.400000	-0.006144
-8.366667	-0.006007
-8.333333	-0.005922
-8.300000	-0.005895
-8.266667	-0.005924
-8.233333	-0.006011
-8.200000	-0.006165
-8.166667	-0.006381
-8.133333	-0.006657
-8.100000	-0.006972
-8.066667	-0.007340
-8.033333	-0.007735
-8.000000	-0.008153
-7.966667	-0.008595
-7.933333	-0.009046
-7.900000	-0.009512
-7.866667	-0.009977
-7.833333	-0.010452
-7.800000	-0.010908
-7.766667	-0.011355
-7.733333	-0.011782
-7.700000	-0.012177
-7.666667	-0.012540
-7.633333	-0.012869
-7.600000	-0.013166
-7.566667	-0.013424
-7.533333	-0.013634
-7.500000	-0.013789
-7.466667	-0.013894
-7.433333	-0.013953
-7.400000	-0.013955
-7.366667	-0.013917
-7.333333	-0.013832
-7.300000	-0.013704
-7.266667	-0.013523
-7.233333	-0.013300
-7.200000	-0.013030
-7.166667	-0.012712
-7.133333	-0.012348
-7.100000	-0.011938
-7.066667	-0.011488
-7.033333	-0.011005
-7.000000	-0.010495
-6.966667	-0.009974
-6.933333	-0.009448
-6.900000	-0.008927
-6.866667	-0.008426
-6.833333	-0.007968
-6.800000	-0.007526
-6.766667	-0.007118
-6.733333	-0.006743
-6.700000	-0.006405
-6.666667	-0.006094
-6.633333	-0.005853
-6.600000	-0.005646
-6.566667	-0.005489
-6.533333	-0.005372
-6.500000	-0.005303
-6.466667	-0.005287
-6.433333	-0.005328
-6.400000	-0.005414
-6.366667	-0.005573
-6.333333	-0.005763
-6.300000	-0.005995
-6.266667	-0.006258
-6.233333	-0.006554
-6.200000	-0.006876
-6.166667	-0.007201
-6.133333	-0.007541
-6.100000	-0.007889
-6.066667	-0.008243
-6.033333	-0.008600
-6.000000	-0.008952
-5.966667	-0.009300
-5.933333	-0.009645
-5.900000	-0.009971
-5.866667	-0.010307
-5.833333	-0.010625
-5.800000	-0.010893
-5.766667	-0.011130
-5.733333	-0.011336
-5.700000	-0.011517
-5.666667	-0.011658
-5.633333	-0.011780
-5.600000	-0.011851
-5.566667	-0.011907
-5.533333	-0.011934
-5.500000	-0.011941
-5.466667	-0.011921
-5.433333	-0.011912
-5.400000	-0.011890
-5.366667	-0.011866
-5.333333	-0.011811
-5.300000	-0.011753
-5.266667	-0.011707
-5.233333	-0.011664
-5.200000	-0.011606
-5.166667	-0.011527
-5.133333	-0.011463
-5.100000	-0.011399
-5.066667	-0.011340
-5.033333	-0.011284
-5.000000	-0.011230
-4.966667	-0.011185
-4.933333	-0.011149
-4.900000	-0.011136
-4.866667	-0.011147
-4.833333	-0.011156
-4.800000	-0.011175
-4.766667	-0.011234
-4.733333	-0.011310
-4.700000	-0.011401
-4.666667	-0.011499
-4.633333	-0.011627
-4.600000	-0.011788
-4.566667	-0.011967
-4.533333	-0.012150
-4.500000	-0.012336
-4.466667	-0.012548
-4.433333	-0.012803
-4.400000	-0.013045
-4.366667	-0.013296
-4.333333	-0.013549
-4.300000	-0.013808
-4.266667	-0.014063
-4.233333	-0.014298
-4.200000	-0.014499
-4.166667	-0.014680
-4.133333	-0.014846
-4.100000	-0.014989
-4.066667	-0.015108
-4.033333	-0.015199
-4.000000	-0.015247
-3.966667	-0.015258
-3.933333	-0.015252
-3.900000	-0.015225
-3.866667	-0.015166
-3.833333	-0.015079
-3.800000	-0.014972
-3.766667	-0.014836
-3.733333	-0.014674
-3.700000	-0.014494
-3.666667	-0.014300
-3.633333	-0.014086
-3.600000	-0.013845
-3.566667	-0.013559
-3.533333	-0.013235
-3.500000	-0.012881
-3.466667	-0.012501
-3.433333	-0.012073
-3.400000	-0.011595
-3.366667	-0.011076
-3.333333	-0.010506
-3.300000	-0.009911
-3.266667	-0.009271
-3.233333	-0.008614
-3.200000	-0.007950
-3.166667	-0.007294
-3.133333	-0.006641
-3.100000	-0.006000
-3.066667	-0.005393
-3.033333	-0.004824
-3.000000	-0.004298
-2.966667	-0.003839
-2.933333	-0.003455
-2.900000	-0.003132
-2.866667	-0.002873
-2.833333	-0.002678
-2.800000	-0.002563
-2.766667	-0.002519
-2.733333	-0.002546
-2.700000	-0.002638
-2.666667	-0.002784
-2.633333	-0.002969
-2.600000	-0.003179
-2.566667	-0.003399
-2.533333	-0.003630
-2.500000	-0.003858
-2.466667	-0.004082
-2.433333	-0.004296
-2.400000	-0.004491
-2.366667	-0.004658
-2.333333	-0.004800
-2.300000	-0.004926
-2.266667	-0.005013
-2.233333	-0.005079
-2.200000	-0.005114
-2.166667	-0.005111
-2.133333	-0.005077
-2.100000	-0.005027
-2.066667	-0.004955
-2.033333	-0.004854
-2.000000	-0.004728
-1.966667	-0.004574
-1.933333	-0.004388
-1.900000	-0.004168
-1.866667	-0.003914
-1.833333	-0.003636
-1.800000	-0.003340
-1.766667	-0.003016
-1.733333	-0.002670
-1.700000	-0.002305
-1.666667	-0.001944
-1.633333	-0.001565
-1.600000	-0.001181
-1.566667	-0.000834
-1.533333	-0.000504
-1.500000	-0.000212
-1.466667	0.000043
-1.433333	0.000261
-1.400000	0.000464
-1.366667	0.000618
-1.333333	0.000744
-1.300000	0.000836
-1.266667	0.000885
-1.233333	0.000898
-1.200000	0.000871
-1.166667	0.000803
-1.133333	0.000696
-1.100000	0.000558
-1.066667	0.000391
-1.033333	0.000189
-1.000000	-0.000033
-0.966667	-0.000263
-0.933333	-0.000510
-0.900000	-0.000766
-0.866667	-0.001020
-0.833333	-0.001268
-0.800000	-0.001512
-0.766667	-0.001743
-0.733333	-0.001970
-0.700000	-0.002197
-0.666667	-0.002426
-0.633333	-0.002641
-0.600000	-0.002873
-0.566667	-0.003125
-0.533333	-0.003362
-0.500000	-0.003603
-0.466667	-0.003829
-0.433333	-0.004045
-0.400000	-0.004265
-0.366667	-0.004512
-0.333333	-0.004741
-0.300000	-0.004970
-0.266667	-0.005203
-0.233333	-0.005444
-0.200000	-0.005683
-0.166667	-0.005923
-0.133333	-0.006162
-0.100000	-0.006399
-0.066667	-0.006631
-0.033333	-0.006843
-0.000000	-0.007022
0.033333	-0.007180
0.066667	-0.007329
0.100000	-0.007411
0.133333	-0.007472
0.166667	-0.007483
0.200000	-0.007464
0.233333	-0.007410
0.266667	-0.007318
0.300000	-0.007200
0.333333	-0.007057
0.366667	-0.006896
0.400000	-0.006709
0.433333	-0.006517
0.466667	-0.006309
0.500000	-0.006099
0.533333	-0.005891
0.566667	-0.005704
0.600000	-0.005538
0.633333	-0.005380
0.666667	-0.005231
0.700000	-0.005112
0.733333	-0.005033
0.766667	-0.004981
0.800000	-0.004932
0.833333	-0.004894
0.866667	-0.004884
0.900000	-0.004901
0.933333	-0.004930
0.966667	-0.004968
1.000000	-0.005019
1.033333	-0.005088
1.066667	-0.005164
1.100000	-0.005229
1.133333	-0.005336
1.166667	-0.005422
1.200000	-0.005538
1.233333	-0.005645
1.266667	-0.005757
1.300000	-0.005871
1.333333	-0.005985
1.366667	-0.006095
1.400000	-0.006199
1.433333	-0.006304
1.466667	-0.006389
1.500000	-0.006458
1.533333	-0.006501
1.566667	-0.006517
1.600000	-0.006500
1.633333	-0.006447
1.666667	-0.006344
1.700000	-0.006197
1.733333	-0.006014
1.766667	-0.005749
1.800000	-0.005439
1.833333	-0.005090
1.866667	-0.004707
1.900000	-0.004282
1.933333	-0.003809
1.966667	-0.003303
2.000000	-0.002775
2.033333	-0.002224
2.066667	-0.001661
2.100000	-0.001100
2.133333	-0.000553
2.166667	-0.000014
2.200000	0.000497
2.233333	0.000980
2.266667	0.001419
2.300000	0.001819
2.333333	0.002179
2.366667	0.002497
2.400000	0.002773
2.433333	0.003008
2.466667	0.003206
2.500000	0.003369
2.533333	0.003498
2.566667	0.003590
2.600000	0.003649
2.633333	0.003680
2.666667	0.003687
2.700000	0.003661
2.733333	0.003607
2.766667	0.003547
2.800000	0.003439
2.833333	0.003328
2.866667	0.003196
2.900000	0.003046
2.933333	0.002881
2.966667	0.002702
3.000000	0.002520
3.033333	0.002321
3.066667	0.002108
3.100000	0.001883
3.133333	0.001670
3.166667	0.001479
3.200000	0.001303
3.233333	0.001140
3.266667	0.001020
3.300000	0.000938
3.333333	0.000897
3.366667	0.000895
3.400000	0.000931
3.433333	0.001002
3.466667	0.001111
3.500000	0.001255
3.533333	0.001432
3.566667	0.001634
3.600000	0.001848
3.633333	0.002075
3.666667	0.002312
3.700000	0.002548
3.733333	0.002762
3.766667	0.002947
3.800000	0.003103
3.833333	0.003228
3.866667	0.003306
3.900000	0.003341
3.933333	0.003328
3.966667	0.003285
4.000000	0.003195
4.033333	0.003053
4.066667	0.002878
4.100000	0.002676
4.133333	0.002463
4.166667	0.002226
4.200000	0.001958
4.233333	0.001683
4.266667	0.001401
4.300000	0.001113
4.333333	0.000825
4.366667	0.000539
4.400000	0.000248
4.433333	-0.000036
4.466667	-0.000309
4.500000	-0.000571
4.533333	-0.000831
4.566667	-0.001088
4.600000	-0.001349
4.633333	-0.001598
4.666667	-0.001849
4.700000	-0.002098
4.733333	-0.002354
4.766667	-0.002603
4.800000	-0.002843
4.833333	-0.003076
4.866667	-0.003298
4.900000	-0.003509
4.933333	-0.003704
4.966667	-0.003878
5.000000	-0.004047
5.033333	-0.004196
5.066667	-0.004324
5.100000	-0.004432
5.133333	-0.004523
5.166667	-0.004599
5.200000	-0.004649
5.233333	-0.004668
5.266667	-0.004669
5.300000	-0.004646
5.333333	-0.004600
5.366667	-0.004535
5.400000	-0.004456
5.433333	-0.004351
5.466667	-0.004232
5.500000	-0.004097
5.533333	-0.003952
5.566667	-0.003790
5.600000	-0.003615
5.633333	-0.003424
5.666667	-0.003225
5.700000	-0.003011
5.733333	-0.002795
5.766667	-0.002569
5.800000	-0.002337
5.833333	-0.002106
5.866667	-0.001892
5.900000	-0.001666
5.933333	-0.001460
5.966667	-0.001263
6.000000	-0.001077
6.033333	-0.000901
6.066667	-0.000741
6.100000	-0.000597
6.133333	-0.000461
6.166667	-0.000352
6.200000	-0.000247
6.233333	-0.000165
6.266667	-0.000108
6.300000	-0.000067
6.333333	-0.000031
6.366667	-0.000016
6.400000	-0.000038
6.433333	-0.000050
6.466667	-0.000091
6.500000	-0.000142
6.533333	-0.000204
6.566667	-0.000275
6.600000	-0.000352
6.633333	-0.000438
6.666667	-0.000527
6.700000	-0.000632
6.733333	-0.000718
6.766667	-0.000825
6.800000	-0.000922
6.833333	-0.001022
6.866667	-0.001119
6.900000	-0.001192
6.933333	-0.001254
6.966667	-0.001296
7.000000	-0.001301
7.033333	-0.001274
7.066667	-0.001214
7.100000	-0.001117
7.133333	-0.000990
7.166667	-0.000850
7.200000	-0.000676
7.233333	-0.000485
7.266667	-0.000265
7.300000	-0.000014
7.333333	0.000257
7.366667	0.000524
7.400000	0.000800
7.433333	0.001098
7.466667	0.001367
7.500000	0.001637
7.533333	0.001893
7.566667	0.002125
7.600000	0.002336
7.633333	0.002521
7.666667	0.002684
7.700000	0.002812
7.733333	0.002908
7.766667	0.002954
7.800000	0.002986
7.833333	0.002979
7.866667	0.002931
7.900000	0.002855
7.933333	0.002743
7.966667	0.002582
8.000000	0.002399
8.033333	0.002162
8.066667	0.001883
8.100000	0.001555
8.133333	0.001174
8.166667	0.000744
8.200000	0.000277
8.233333	-0.000219
8.266667	-0.000747
8.300000	-0.001312
8.333333	-0.001914
8.366667	-0.002542
8.400000	-0.003183
8.433333	-0.003830
8.466667	-0.004468
8.500000	-0.005088
8.533333	-0.005683
8.566667	-0.006245
8.600000	-0.006750
8.633333	-0.007217
8.666667	-0.007620
8.700000	-0.007971
8.733333	-0.008270
8.766667	-0.008499
8.800000	-0.008669
8.833333	-0.008794
8.866667	-0.008880
8.900000	-0.008914
8.933333	-0.008927
8.966667	-0.008908
9.000000	-0.008870
9.033333	-0.008831
9.066667	-0.008797
9.100000	-0.008785
9.133333	-0.008793
9.166667	-0.008825
9.200000	-0.008892
9.233333	-0.008999
9.266667	-0.009138
9.300000	-0.009303
9.333333	-0.009502
9.366667	-0.009730
9.400000	-0.009967
9.433333	-0.010208
9.466667	-0.010452
9.500000	-0.010705
9.533333	-0.010949
9.566667	-0.011178
9.600000	-0.011389
9.633333	-0.011588
9.666667	-0.011748
9.700000	-0.011881
9.733333	-0.011982
9.766667	-0.012047
9.800000	-0.012076
9.833333	-0.012078
9.866667	-0.012044
9.900000	-0.011975
9.933333	-0.011883
9.966667	-0.011763
10.000000	-0.011621
10.033333	-0.011461
10.066667	-0.011285
10.100000	-0.011086
10.133333	-0.010865
10.166667	-0.010628
10.200000	-0.010375
10.233333	-0.010097
10.266667	-0.009792
10.300000	-0.009475
10.333333	-0.009149
10.366667	-0.008803
10.400000	-0.008436
10.433333	-0.008056
10.466667	-0.007668
10.500000	-0.007270
10.533333	-0.006856
10.566667	-0.006439
10.600000	-0.006020
10.633333	-0.005602
10.666667	-0.005189
10.700000	-0.004786
10.733333	-0.004400
10.766667	-0.004034
10.800000	-0.003689
10.833333	-0.003367
10.866667	-0.003067
10.900000	-0.002791
10.933333	-0.002538
10.966667	-0.002309
11.000000	-0.002102
11.033333	-0.001916
11.066667	-0.001749
11.100000	-0.001599
11.133333	-0.001465
11.166667	-0.001345
11.200000	-0.001237
11.233333	-0.001136
11.266667	-0.001041
11.300000	-0.000949
11.333333	-0.000860
11.366667	-0.000773
11.400000	-0.000687
11.433333	-0.000602
11.466667	-0.000520
11.500000	-0.000435
11.533333	-0.000355
11.566667	-0.000281
11.600000	-0.000214
11.633333	-0.000154
11.666667	-0.000101
11.700000	-0.000055
11.733333	-0.000018
11.766667	0.000010
11.800000	0.000028
11.833333	0.000037
11.866667	0.000036
11.900000	0.000024
11.933333	0.000001
11.966667	-0.000034
