-88.000000	0.000001
-87.966667	0.000002
-87.933333	0.000002
-87.900000	0.000002
-87.866667	0.000002
-87.833333	0.000001
-87.800000	0.000001
-87.766667	0.000000
-87.733333	0.000000
-87.700000	-0.000000
-87.666667	-0.000000
-87.633333	0.000000
-87.600000	0.000001
-87.566667	0.000002
-87.533333	0.000003
-87.500000	0.000005
-87.466667	0.000008
-87.433333	0.000012
-87.400000	0.000016
-87.366667	0.000022
-87.333333	0.000028
-87.300000	0.000036
-87.266667	0.000044
-87.233333	0.000053
-87.200000	0.000063
-87.166667	0.000074
-87.133333	0.000085
-87.100000	0.000098
-87.066667	0.000110
-87.033333	0.000123
-87.000000	0.000137
-86.966667	0.000151
-86.933333	0.000165
-86.900000	0.000178
-86.866667	0.000192
-86.833333	0.000205
-86.800000	0.000217
-86.766667	0.000230
-86.733333	0.000242
-86.700000	0.000255
-86.666667	0.000265
-86.633333	0.000273
-86.600000	0.000277
-86.566667	0.000277
-86.533333	0.000277
-86.500000	0.000279
-86.466667	0.000284
-86.433333	0.000291
-86.400000	0.000280
-86.366667	0.000255
-86.333333	0.000237
-86.300000	0.000223
-86.266667	0.000203
-86.233333	0.000171
-86.200000	0.000139
-86.166667	0.000104
-86.133333	0.000062
-86.100000	0.000024
-86.066667	-0.000017
-86.033333	-0.000057
-86.000000	-0.000099
-85.966667	-0.000145
-85.933333	-0.000198
-85.900000	-0.000251
-85.866667	-0.000284
-85.833333	-0.000298
-85.800000	-0.000328
-85.766667	-0.000335
-85.733333	-0.000344
-85.700000	-0.000354
-85.666667	-0.000371
-85.633333	-0.000366
-85.600000	-0.000359
-85.566667	-0.000340
-85.533333	-0.000315
-85.500000	-0.000287
-85.466667	-0.000256
-85.433333	-0.000228
-85.400000	-0.000212
-85.366667	-0.000187
-85.333333	-0.000158
-85.300000	-0.000132
-85.266667	-0.000125
-85.233333	-0.000126
-85.200000	-0.000118
-85.166667	-0.000119
-85.133333	-0.000139
-85.100000	-0.000154
-85.066667	-0.000171
-85.033333	-0.000214
-85.000000	-0.000239
-84.966667	-0.000288
-84.933333	-0.000331
-84.900000	-0.000367
-84.866667	-0.000391
-84.833333	-0.000434
-84.800000	-0.000483
-84.766667	-0.000507
-84.733333	-0.000551
-84.700000	-0.000592
-84.666667	-0.000624
-84.633333	-0.000633
-84.600000	-0.000653
-84.566667	-0.000664
-84.533333	-0.000674
-84.500000	-0.000679
-84.466667	-0.000678
-84.433333	-0.000676
-84.400000	-0.000674
-84.366667	-0.000671
-84.333333	-0.000675
-84.300000	-0.000668
-84.266667	-0.000664
-84.233333	-0.000663
-84.200000	-0.000658
-84.166667	-0.000662
-84.133333	-0.000671
-84.100000	-0.000667
-84.066667	-0.000666
-84.033333	-0.000675
-84.000000	-0.000662
-83.966667	-0.000678
-83.933333	-0.000697
-83.900000	-0.000708
-83.866667	-0.000712
-83.833333	-0.000707
-83.800000	-0.000699
-83.766667	-0.000704
-83.733333	-0.000709
-83.700000	-0.000705
-83.666667	-0.000695
-83.633333	-0.000686
-83.600000	-0.000675
-83.566667	-0.000662
-83.533333	-0.000647
-83.500000	-0.000629
-83.466667	-0.000608
-83.433333	-0.000583
-83.400000	-0.000557
-83.366667	-0.000530
-83.333333	-0.000496
-83.300000	-0.000478
-83.266667	-0.000452
-83.233333	-0.000419
-83.200000	-0.000384
-83.166667	-0.000357
-83.133333	-0.000331
-83.100000	-0.000305
-83.066667	-0.000275
-83.033333	-0.000239
-83.000000	-0.000215
-82.966667	-0.000203
-82.933333	-0.000185
-82.900000	-0.000141
-82.866667	-0.000112
-82.833333	-0.000070
-82.800000	-0.000051
-82.766667	-0.000032
-82.733333	-0.000002
-82.700000	0.000030
-82.666667	0.000062
-82.633333	0.000099
-82.600000	0.000148
-82.566667	0.000199
-82.533333	0.000243
-82.500000	0.000281
-82.466667	0.000332
-82.433333	0.000393
-82.400000	0.000457
-82.366667	0.000515
-82.333333	0.000581
-82.300000	0.000638
-82.266667	0.000719
-82.233333	0.000794
-82.200000	0.000851
-82.166667	0.000907
-82.133333	0.000965
-82.100000	0.001025
-82.066667	0.001087
-82.033333	0.001146
-82.000000	0.001199
-81.966667	0.001248
-81.933333	0.001308
-81.900000	0.001357
-81.866667	0.001391
-81.833333	0.001437
-81.800000	0.001458
-81.766667	0.001485
-81.733333	0.001517
-81.700000	0.001548
-81.666667	0.001564
-81.633333	0.001595
-81.600000	0.001609
-81.566667	0.001614
-81.533333	0.001618
-81.500000	0.001614
-81.466667	0.001628
-81.433333	0.001635
-81.400000	0.001631
-81.366667	0.001622
-81.333333	0.001620
-81.300000	0.001610
-81.266667	0.001593
-81.233333	0.001573
-81.200000	0.001546
-81.166667	0.001519
-81.133333	0.001489
-81.100000	0.001454
-81.066667	0.001429
-81.033333	0.001392
-81.000000	0.001358
-80.966667	0.001317
-80.933333	0.001282
-80.900000	0.001240
-80.866667	0.001196
-80.833333	0.001159
-80.800000	0.001111
-80.766667	0.001067
-80.733333	0.001027
-80.700000	0.000981
-80.666667	0.000915
-80.633333	0.000882
-80.600000	0.000820
-80.566667	0.000770
-80.533333	0.000717
-80.500000	0.000650
-80.466667	0.000597
-80.433333	0.000539
-80.400000	0.000480
-80.366667	0.000415
-80.333333	0.000344
-80.300000	0.000271
-80.266667	0.000206
-80.233333	0.000148
-80.200000	0.000081
-80.166667	0.000007
-80.133333	-0.000067
-80.100000	-0.000134
-80.066667	-0.000197
-80.033333	-0.000273
-80.000000	-0.000338
-79.966667	-0.000404
-79.933333	-0.000459
-79.900000	-0.000514
-79.866667	-0.000578
-79.833333	-0.000619
-79.800000	-0.000668
-79.766667	-0.000710
-79.733333	-0.000747
-79.700000	-0.000787
-79.666667	-0.000822
-79.633333	-0.000839
-79.600000	-0.000870
-79.566667	-0.000891
-79.533333	-0.000913
-79.500000	-0.000934
-79.466667	-0.000951
-79.433333	-0.000970
-79.400000	-0.000999
-79.366667	-0.001028
-79.333333	-0.001035
-79.300000	-0.001056
-79.266667	-0.001052
-79.233333	-0.001051
-79.200000	-0.001053
-79.166667	-0.001050
-79.133333	-0.001046
-79.100000	-0.001055
-79.066667	-0.001070
-79.033333	-0.001082
-79.000000	-0.001086
-78.966667	-0.001087
-78.933333	-0.001068
-78.900000	-0.001056
-78.866667	-0.001070
-78.833333	-0.001044
-78.800000	-0.001042
-78.766667	-0.001030
-78.733333	-0.001021
-78.700000	-0.001003
-78.666667	-0.000987
-78.633333	-0.000974
-78.600000	-0.000959
-78.566667	-0.000947
-78.533333	-0.000935
-78.500000	-0.000922
-78.466667	-0.000908
-78.433333	-0.000895
-78.400000	-0.000880
-78.366667	-0.000852
-78.333333	-0.000815
-78.300000	-0.000792
-78.266667	-0.000742
-78.233333	-0.000702
-78.200000	-0.000663
-78.166667	-0.000630
-78.133333	-0.000601
-78.100000	-0.000571
-78.066667	-0.000536
-78.033333	-0.000487
-78.000000	-0.000442
-77.966667	-0.000404
-77.933333	-0.000356
-77.900000	-0.000323
-77.866667	-0.000300
-77.833333	-0.000251
-77.800000	-0.000228
-77.766667	-0.000201
-77.733333	-0.000177
-77.700000	-0.000153
-77.666667	-0.000148
-77.633333	-0.000124
-77.600000	-0.000116
-77.566667	-0.000110
-77.533333	-0.000108
-77.500000	-0.000111
-77.466667	-0.000121
-77.433333	-0.000121
-77.400000	-0.000109
-77.366667	-0.000100
-77.333333	-0.000105
-77.300000	-0.000129
-77.266667	-0.000139
-77.233333	-0.000138
-77.200000	-0.000136
-77.166667	-0.000134
-77.133333	-0.000129
-77.100000	-0.000123
-77.066667	-0.000109
-77.033333	-0.000084
-77.000000	-0.000083
-76.966667	-0.000052
-76.933333	-0.000029
-76.900000	-0.000008
-76.866667	0.000009
-76.833333	0.000024
-76.800000	0.000040
-76.766667	0.000057
-76.733333	0.000080
-76.700000	0.000107
-76.666667	0.000136
-76.633333	0.000180
-76.600000	0.000204
-76.566667	0.000234
-76.533333	0.000261
-76.500000	0.000288
-76.466667	0.000320
-76.433333	0.000362
-76.400000	0.000398
-76.366667	0.000418
-76.333333	0.000433
-76.300000	0.000447
-76.266667	0.000484
-76.233333	0.000513
-76.200000	0.000531
-76.166667	0.000545
-76.133333	0.000561
-76.100000	0.000577
-76.066667	0.000592
-76.033333	0.000597
-76.000000	0.000593
-75.966667	0.000599
-75.933333	0.000577
-75.900000	0.000561
-75.866667	0.000543
-75.833333	0.000525
-75.800000	0.000502
-75.766667	0.000493
-75.733333	0.000483
-75.700000	0.000473
-75.666667	0.000458
-75.633333	0.000442
-75.600000	0.000431
-75.566667	0.000421
-75.533333	0.000400
-75.500000	0.000400
-75.466667	0.000402
-75.433333	0.000392
-75.400000	0.000396
-75.366667	0.000404
-75.333333	0.000409
-75.300000	0.000410
-75.266667	0.000411
-75.233333	0.000412
-75.200000	0.000422
-75.166667	0.000442
-75.133333	0.000457
-75.100000	0.000466
-75.066667	0.000479
-75.033333	0.000497
-75.000000	0.000514
-74.966667	0.000531
-74.933333	0.000551
-74.900000	0.000574
-74.866667	0.000598
-74.833333	0.000617
-74.800000	0.000638
-74.766667	0.000669
-74.733333	0.000693
-74.700000	0.000720
-74.666667	0.000747
-74.633333	0.000767
-74.600000	0.000794
-74.566667	0.000818
-74.533333	0.000836
-74.500000	0.000865
-74.466667	0.000876
-74.433333	0.000885
-74.400000	0.000912
-74.366667	0.000929
-74.333333	0.000934
-74.300000	0.000949
-74.266667	0.000956
-74.233333	0.000968
-74.200000	0.000982
-74.166667	0.001002
-74.133333	0.001006
-74.100000	0.001013
-74.066667	0.001029
-74.033333	0.001045
-74.000000	0.001058
-73.966667	0.001075
-73.933333	0.001095
-73.900000	0.001117
-73.866667	0.001136
-73.833333	0.001155
-73.800000	0.001184
-73.766667	0.001202
-73.733333	0.001229
-73.700000	0.001255
-73.666667	0.001277
-73.633333	0.001293
-73.600000	0.001320
-73.566667	0.001343
-73.533333	0.001360
-73.500000	0.001376
-73.466667	0.001393
-73.433333	0.001411
-73.400000	0.001431
-73.366667	0.001448
-73.333333	0.001464
-73.300000	0.001486
-73.266667	0.001497
-73.233333	0.001518
-73.200000	0.001542
-73.166667	0.001575
-73.133333	0.001605
-73.100000	0.001639
-73.066667	0.001682
-73.033333	0.001727
-73.000000	0.001776
-72.966667	0.001834
-72.933333	0.001909
-72.900000	0.001976
-72.866667	0.002056
-72.833333	0.002145
-72.800000	0.002242
-72.766667	0.002336
-72.733333	0.002443
-72.700000	0.002539
-72.666667	0.002625
-72.633333	0.002701
-72.600000	0.002770
-72.566667	0.002830
-72.533333	0.002889
-72.500000	0.002929
-72.466667	0.002951
-72.433333	0.002945
-72.400000	0.002920
-72.366667	0.002875
-72.333333	0.002806
-72.300000	0.002712
-72.266667	0.002594
-72.233333	0.002449
-72.200000	0.002275
-72.166667	0.002075
-72.133333	0.001855
-72.100000	0.001592
-72.066667	0.001320
-72.033333	0.001005
-72.000000	0.000670
-71.966667	0.000296
-71.933333	-0.000094
-71.900000	-0.000518
-71.866667	-0.000953
-71.833333	-0.001414
-71.800000	-0.001895
-71.766667	-0.002392
-71.733333	-0.002902
-71.700000	-0.003420
-71.666667	-0.003942
-71.633333	-0.004455
-71.600000	-0.004942
-71.566667	-0.005395
-71.533333	-0.005820
-71.500000	-0.006191
-71.466667	-0.006509
-71.433333	-0.006757
-71.400000	-0.006917
-71.366667	-0.006992
-71.333333	-0.006979
-71.300000	-0.006874
-71.266667	-0.006678
-71.233333	-0.006397
-71.200000	-0.006035
-71.166667	-0.005592
-71.133333	-0.005069
-71.100000	-0.004486
-71.066667	-0.003834
-71.033333	-0.003161
-71.000000	-0.002444
-70.966667	-0.001717
-70.933333	-0.000970
-70.900000	-0.000238
-70.866667	0.000466
-70.833333	0.001137
-70.800000	0.001777
-70.766667	0.002380
-70.733333	0.002932
-70.700000	0.003431
-70.666667	0.003885
-70.633333	0.004302
-70.600000	0.004683
-70.566667	0.005026
-70.533333	0.005338
-70.500000	0.005638
-70.466667	0.005897
-70.433333	0.006139
-70.400000	0.006356
-70.366667	0.006550
-70.333333	0.006726
-70.300000	0.006889
-70.266667	0.007040
-70.233333	0.007174
-70.200000	0.007295
-70.166667	0.007403
-70.133333	0.007500
-70.100000	0.007585
-70.066667	0.007645
-70.033333	0.007682
-70.000000	0.007705
-69.966667	0.007703
-69.933333	0.007687
-69.900000	0.007655
-69.866667	0.007608
-69.833333	0.007571
-69.800000	0.007538
-69.766667	0.007508
-69.733333	0.007481
-69.700000	0.007465
-69.666667	0.007464
-69.633333	0.007473
-69.600000	0.007499
-69.566667	0.007543
-69.533333	0.007600
-69.500000	0.007660
-69.466667	0.007748
-69.433333	0.007812
-69.400000	0.007908
-69.366667	0.008017
-69.333333	0.008126
-69.300000	0.008251
-69.266667	0.008371
-69.233333	0.008488
-69.200000	0.008599
-69.166667	0.008709
-69.133333	0.008817
-69.100000	0.008922
-69.066667	0.009023
-69.033333	0.009124
-69.000000	0.009228
-68.966667	0.009333
-68.933333	0.009444
-68.900000	0.009553
-68.866667	0.009667
-68.833333	0.009793
-68.800000	0.009905
-68.766667	0.010015
-68.733333	0.010130
-68.700000	0.010245
-68.666667	0.010339
-68.633333	0.010454
-68.600000	0.010565
-68.566667	0.010676
-68.533333	0.010771
-68.500000	0.010876
-68.466667	0.010981
-68.433333	0.011066
-68.400000	0.011184
-68.366667	0.011287
-68.333333	0.011389
-68.300000	0.011508
-68.266667	0.011625
-68.233333	0.011758
-68.200000	0.011906
-68.166667	0.012070
-68.133333	0.012230
-68.100000	0.012406
-68.066667	0.012598
-68.033333	0.012786
-68.000000	0.012988
-67.966667	0.013177
-67.933333	0.013364
-67.900000	0.013541
-67.866667	0.013703
-67.833333	0.013838
-67.800000	0.013937
-67.766667	0.013999
-67.733333	0.014017
-67.700000	0.013981
-67.666667	0.013873
-67.633333	0.013723
-67.600000	0.013492
-67.566667	0.013205
-67.533333	0.012855
-67.500000	0.012458
-67.466667	0.011983
-67.433333	0.011449
-67.400000	0.010881
-67.366667	0.010268
-67.333333	0.009615
-67.300000	0.008933
-67.266667	0.008253
-67.233333	0.007541
-67.200000	0.006838
-67.166667	0.006135
-67.133333	0.005453
-67.100000	0.004811
-67.066667	0.004189
-67.033333	0.003633
-67.000000	0.003127
-66.966667	0.002679
-66.933333	0.002320
-66.900000	0.002025
-66.866667	0.001816
-66.833333	0.001687
-66.800000	0.001639
-66.766667	0.001675
-66.733333	0.001798
-66.700000	0.002008
-66.666667	0.002286
-66.633333	0.002644
-66.600000	0.003092
-66.566667	0.003623
-66.533333	0.004219
-66.500000	0.004875
-66.466667	0.005603
-66.433333	0.006376
-66.400000	0.007223
-66.366667	0.008100
-66.333333	0.009018
-66.300000	0.009975
-66.266667	0.010961
-66.233333	0.011943
-66.200000	0.012961
-66.166667	0.013976
-66.133333	0.014990
-66.100000	0.016015
-66.066667	0.017036
-66.033333	0.018084
-66.000000	0.019102
-65.966667	0.020131
-65.933333	0.021170
-65.900000	0.022217
-65.866667	0.023295
-65.833333	0.024377
-65.800000	0.025492
-65.766667	0.026645
-65.733333	0.027846
-65.700000	0.029106
-65.666667	0.030442
-65.633333	0.031879
-65.600000	0.033438
-65.566667	0.035108
-65.533333	0.036907
-65.500000	0.038855
-65.466667	0.040962
-65.433333	0.043189
-65.400000	0.045579
-65.366667	0.048098
-65.333333	0.050749
-65.300000	0.053518
-65.266667	0.056392
-65.233333	0.059368
-65.200000	0.062446
-65.166667	0.065625
-65.133333	0.068910
-65.100000	0.072307
-65.066667	0.075778
-65.033333	0.079321
-65.000000	0.082911
-64.966667	0.086532
-64.933333	0.090150
-64.900000	0.093698
-64.866667	0.097079
-64.833333	0.100195
-64.800000	0.102955
-64.766667	0.105185
-64.733333	0.106675
-64.700000	0.107172
-64.666667	0.106369
-64.633333	0.103907
-64.600000	0.099379
-64.566667	0.092326
-64.533333	0.082280
-64.500000	0.068735
-64.466667	0.051196
-64.433333	0.029195
-64.400000	0.002351
-64.366667	-0.029666
-64.333333	-0.067060
-64.300000	-0.109888
-64.266667	-0.158025
-64.233333	-0.211136
-64.200000	-0.268752
-64.166667	-0.330155
-64.133333	-0.394479
-64.100000	-0.460611
-64.066667	-0.527329
-64.033333	-0.593260
-64.000000	-0.656976
-63.966667	-0.716957
-63.933333	-0.771647
-63.900000	-0.819586
-63.866667	-0.859440
-63.833333	-0.889964
-63.800000	-0.910093
-63.766667	-0.919030
-63.733333	-0.916236
-63.700000	-0.901429
-63.666667	-0.874619
-63.633333	-0.836146
-63.600000	-0.786575
-63.566667	-0.726799
-63.533333	-0.657928
-63.500000	-0.581270
-63.466667	-0.498280
-63.433333	-0.410528
-63.400000	-0.319655
-63.366667	-0.227300
-63.333333	-0.135029
-63.300000	-0.044322
-63.266667	0.043456
-63.233333	0.127077
-63.200000	0.205448
-63.166667	0.277698
-63.133333	0.343145
-63.100000	0.401317
-63.066667	0.451868
-63.033333	0.494673
-63.000000	0.529735
-62.966667	0.557255
-62.933333	0.577519
-62.900000	0.590862
-62.866667	0.597735
-62.833333	0.598694
-62.800000	0.594313
-62.766667	0.585172
-62.733333	0.571884
-62.700000	0.555077
-62.666667	0.535363
-62.633333	0.513317
-62.600000	0.489517
-62.566667	0.464450
-62.533333	0.438614
-62.500000	0.412447
-62.466667	0.386351
-62.433333	0.360651
-62.400000	0.335666
-62.366667	0.311663
-62.333333	0.288863
-62.300000	0.267408
-62.266667	0.247398
-62.233333	0.228880
-62.200000	0.211853
-62.166667	0.196296
-62.133333	0.182194
-62.100000	0.169461
-62.066667	0.158012
-62.033333	0.147751
-62.000000	0.138574
-61.966667	0.130366
-61.933333	0.123034
-61.900000	0.116472
-61.866667	0.110588
-61.833333	0.105289
-61.800000	0.100495
-61.766667	0.096143
-61.733333	0.092189
-61.700000	0.088597
-61.666667	0.085335
-61.633333	0.082355
-61.600000	0.079605
-61.566667	0.077073
-61.533333	0.074706
-61.500000	0.072453
-61.466667	0.070267
-61.433333	0.068072
-61.400000	0.065792
-61.366667	0.063339
-61.333333	0.060653
-61.300000	0.057657
-61.266667	0.054273
-61.233333	0.050439
-61.200000	0.046116
-61.166667	0.041282
-61.133333	0.035933
-61.100000	0.030068
-61.066667	0.023706
-61.033333	0.016909
-61.000000	0.009734
-60.966667	0.002252
-60.933333	-0.005389
-60.900000	-0.013077
-60.866667	-0.020661
-60.833333	-0.028005
-60.800000	-0.034972
-60.766667	-0.041422
-60.733333	-0.047218
-60.700000	-0.052258
-60.666667	-0.056465
-60.633333	-0.059791
-60.600000	-0.062213
-60.566667	-0.063714
-60.533333	-0.064347
-60.500000	-0.064150
-60.466667	-0.063178
-60.433333	-0.061559
-60.400000	-0.059381
-60.366667	-0.056744
-60.333333	-0.053753
-60.300000	-0.050536
-60.266667	-0.047209
-60.233333	-0.043870
-60.200000	-0.040611
-60.166667	-0.037516
-60.133333	-0.034651
-60.100000	-0.032064
-60.066667	-0.029767
-60.033333	-0.027791
-60.000000	-0.026136
-59.966667	-0.024777
-59.933333	-0.023644
-59.900000	-0.022723
-59.866667	-0.021995
-59.833333	-0.021447
-59.800000	-0.021062
-59.766667	-0.020818
-59.733333	-0.020695
-59.700000	-0.020690
-59.666667	-0.020800
-59.633333	-0.021027
-59.600000	-0.021366
-59.566667	-0.021811
-59.533333	-0.022350
-59.500000	-0.022971
-59.466667	-0.023672
-59.433333	-0.024458
-59.400000	-0.025295
-59.366667	-0.026183
-59.333333	-0.027089
-59.300000	-0.027983
-59.266667	-0.028816
-59.233333	-0.029570
-59.200000	-0.030180
-59.166667	-0.030612
-59.133333	-0.030820
-59.100000	-0.030758
-59.066667	-0.030418
-59.033333	-0.029815
-59.000000	-0.028936
-58.966667	-0.027766
-58.933333	-0.026322
-58.900000	-0.024634
-58.866667	-0.022735
-58.833333	-0.020653
-58.800000	-0.018434
-58.766667	-0.016125
-58.733333	-0.013776
-58.700000	-0.011443
-58.666667	-0.009179
-58.633333	-0.007041
-58.600000	-0.005079
-58.566667	-0.003336
-58.533333	-0.001841
-58.500000	-0.000620
-58.466667	0.000314
-58.433333	0.000951
-58.400000	0.001278
-58.366667	0.001293
-58.333333	0.001010
-58.300000	0.000456
-58.266667	-0.000351
-58.233333	-0.001393
-58.200000	-0.002610
-58.166667	-0.004005
-58.133333	-0.005537
-58.100000	-0.007172
-58.066667	-0.008867
-58.033333	-0.010584
-58.000000	-0.012312
-57.966667	-0.013995
-57.933333	-0.015601
-57.900000	-0.017104
-57.866667	-0.018495
-57.833333	-0.019749
-57.800000	-0.020879
-57.766667	-0.021868
-57.733333	-0.022707
-57.700000	-0.023435
-57.666667	-0.024014
-57.633333	-0.024449
-57.600000	-0.024759
-57.566667	-0.024933
-57.533333	-0.024967
-57.500000	-0.024868
-57.466667	-0.024643
-57.433333	-0.024306
-57.400000	-0.023868
-57.366667	-0.023333
-57.333333	-0.022709
-57.300000	-0.021996
-57.266667	-0.021209
-57.233333	-0.020348
-57.200000	-0.019427
-57.166667	-0.018465
-57.133333	-0.017459
-57.100000	-0.016414
-57.066667	-0.015334
-57.033333	-0.014261
-57.000000	-0.013212
-56.966667	-0.012176
-56.933333	-0.011159
-56.900000	-0.010194
-56.866667	-0.009282
-56.833333	-0.008435
-56.800000	-0.007697
-56.766667	-0.007043
-56.733333	-0.006526
-56.700000	-0.006158
-56.666667	-0.005912
-56.633333	-0.005828
-56.600000	-0.005917
-56.566667	-0.006173
-56.533333	-0.006595
-56.500000	-0.007188
-56.466667	-0.007947
-56.433333	-0.008865
-56.400000	-0.009928
-56.366667	-0.011122
-56.333333	-0.012433
-56.300000	-0.013840
-56.266667	-0.015325
-56.233333	-0.016875
-56.200000	-0.018467
-56.166667	-0.020083
-56.133333	-0.021704
-56.100000	-0.023307
-56.066667	-0.024876
-56.033333	-0.026391
-56.000000	-0.027818
-55.966667	-0.029157
-55.933333	-0.030374
-55.900000	-0.031460
-55.866667	-0.032408
-55.833333	-0.033209
-55.800000	-0.033854
-55.766667	-0.034325
-55.733333	-0.034650
-55.700000	-0.034789
-55.666667	-0.034764
-55.633333	-0.034566
-55.600000	-0.034207
-55.566667	-0.033691
-55.533333	-0.033025
-55.500000	-0.032219
-55.466667	-0.031283
-55.433333	-0.030222
-55.400000	-0.029041
-55.366667	-0.027748
-55.333333	-0.026349
-55.300000	-0.024850
-55.266667	-0.023255
-55.233333	-0.021574
-55.200000	-0.019811
-55.166667	-0.017983
-55.133333	-0.016103
-55.100000	-0.014178
-55.066667	-0.012204
-55.033333	-0.010217
-55.000000	-0.008235
-54.966667	-0.006295
-54.933333	-0.004389
-54.900000	-0.002551
-54.866667	-0.000806
-54.833333	0.000822
-54.800000	0.002305
-54.766667	0.003617
-54.733333	0.004730
-54.700000	0.005627
-54.666667	0.006282
-54.633333	0.006686
-54.600000	0.006829
-54.566667	0.006705
-54.533333	0.006305
-54.500000	0.005644
-54.466667	0.004754
-54.433333	0.003661
-54.400000	0.002386
-54.366667	0.000964
-54.333333	-0.000570
-54.300000	-0.002163
-54.266667	-0.003790
-54.233333	-0.005415
-54.200000	-0.007003
-54.166667	-0.008519
-54.133333	-0.009924
-54.100000	-0.011176
-54.066667	-0.012251
-54.033333	-0.013151
-54.000000	-0.013845
-53.966667	-0.014327
-53.933333	-0.014590
-53.900000	-0.014653
-53.866667	-0.014527
-53.833333	-0.014204
-53.800000	-0.013720
-53.766667	-0.013083
-53.733333	-0.012309
-53.700000	-0.011408
-53.666667	-0.010389
-53.633333	-0.009267
-53.600000	-0.008057
-53.566667	-0.006772
-53.533333	-0.005422
-53.500000	-0.004007
-53.466667	-0.002540
-53.433333	-0.001053
-53.400000	0.000434
-53.366667	0.001909
-53.333333	0.003351
-53.300000	0.004760
-53.266667	0.006130
-53.233333	0.007404
-53.200000	0.008620
-53.166667	0.009750
-53.133333	0.010794
-53.100000	0.011741
-53.066667	0.012578
-53.033333	0.013291
-53.000000	0.013862
-52.966667	0.014278
-52.933333	0.014528
-52.900000	0.014612
-52.866667	0.014529
-52.833333	0.014282
-52.800000	0.013859
-52.766667	0.013277
-52.733333	0.012530
-52.700000	0.011654
-52.666667	0.010636
-52.633333	0.009504
-52.600000	0.008259
-52.566667	0.006929
-52.533333	0.005545
-52.500000	0.004097
-52.466667	0.002633
-52.433333	0.001176
-52.400000	-0.000236
-52.366667	-0.001567
-52.333333	-0.002781
-52.300000	-0.003815
-52.266667	-0.004666
-52.233333	-0.005343
-52.200000	-0.005767
-52.166667	-0.005975
-52.133333	-0.005951
-52.100000	-0.005705
-52.066667	-0.005261
-52.033333	-0.004639
-52.000000	-0.003862
-51.966667	-0.002979
-51.933333	-0.002016
-51.900000	-0.001012
-51.866667	0.000014
-51.833333	0.001030
-51.800000	0.001981
-51.766667	0.002833
-51.733333	0.003573
-51.700000	0.004197
-51.666667	0.004676
-51.633333	0.005022
-51.600000	0.005210
-51.566667	0.005291
-51.533333	0.005257
-51.500000	0.005123
-51.466667	0.004950
-51.433333	0.004746
-51.400000	0.004558
-51.366667	0.004401
-51.333333	0.004280
-51.300000	0.004218
-51.266667	0.004174
-51.233333	0.004165
-51.200000	0.004188
-51.166667	0.004228
-51.133333	0.004272
-51.100000	0.004302
-51.066667	0.004287
-51.033333	0.004223
-51.000000	0.004103
-50.966667	0.003905
-50.933333	0.003623
-50.900000	0.003245
-50.866667	0.002780
-50.833333	0.002212
-50.800000	0.001530
-50.766667	0.000778
-50.733333	-0.000025
-50.700000	-0.000862
-50.666667	-0.001717
-50.633333	-0.002571
-50.600000	-0.003386
-50.566667	-0.004117
-50.533333	-0.004778
-50.500000	-0.005329
-50.466667	-0.005760
-50.433333	-0.006067
-50.400000	-0.006263
-50.366667	-0.006330
-50.333333	-0.006315
-50.300000	-0.006204
-50.266667	-0.006009
-50.233333	-0.005760
-50.200000	-0.005442
-50.166667	-0.005091
-50.133333	-0.004731
-50.100000	-0.004377
-50.066667	-0.004035
-50.033333	-0.003704
-50.000000	-0.003395
-49.966667	-0.003129
-49.933333	-0.002918
-49.900000	-0.002717
-49.866667	-0.002536
-49.833333	-0.002364
-49.800000	-0.002205
-49.766667	-0.002034
-49.733333	-0.001836
-49.700000	-0.001611
-49.666667	-0.001342
-49.633333	-0.001015
-49.600000	-0.000613
-49.566667	-0.000154
-49.533333	0.000331
-49.500000	0.000837
-49.466667	0.001358
-49.433333	0.001867
-49.400000	0.002335
-49.366667	0.002755
-49.333333	0.003072
-49.300000	0.003297
-49.266667	0.003396
-49.233333	0.003327
-49.200000	0.003105
-49.166667	0.002680
-49.133333	0.002041
-49.100000	0.001213
-49.066667	0.000196
-49.033333	-0.000998
-49.000000	-0.002358
-48.966667	-0.003842
-48.933333	-0.005432
-48.900000	-0.007077
-48.866667	-0.008765
-48.833333	-0.010394
-48.800000	-0.011979
-48.766667	-0.013443
-48.733333	-0.014732
-48.700000	-0.015827
-48.666667	-0.016696
-48.633333	-0.017318
-48.600000	-0.017690
-48.566667	-0.017833
-48.533333	-0.017763
-48.500000	-0.017483
-48.466667	-0.017001
-48.433333	-0.016359
-48.400000	-0.015594
-48.366667	-0.014735
-48.333333	-0.013821
-48.300000	-0.012869
-48.266667	-0.011918
-48.233333	-0.010984
-48.200000	-0.010085
-48.166667	-0.009235
-48.133333	-0.008444
-48.100000	-0.007701
-48.066667	-0.007014
-48.033333	-0.006370
-48.000000	-0.005760
-47.966667	-0.005152
-47.933333	-0.004549
-47.900000	-0.003911
-47.866667	-0.003223
-47.833333	-0.002497
-47.800000	-0.001780
-47.766667	-0.001034
-47.733333	-0.000261
-47.700000	0.000478
-47.666667	0.001188
-47.633333	0.001838
-47.600000	0.002382
-47.566667	0.002791
-47.533333	0.003030
-47.500000	0.003080
-47.466667	0.002926
-47.433333	0.002547
-47.400000	0.001925
-47.366667	0.001067
-47.333333	-0.000007
-47.300000	-0.001259
-47.266667	-0.002673
-47.233333	-0.004195
-47.200000	-0.005782
-47.166667	-0.007389
-47.133333	-0.008967
-47.100000	-0.010450
-47.066667	-0.011805
-47.033333	-0.012984
-47.000000	-0.013948
-46.966667	-0.014672
-46.933333	-0.015156
-46.900000	-0.015365
-46.866667	-0.015336
-46.833333	-0.015083
-46.800000	-0.014608
-46.766667	-0.013957
-46.733333	-0.013134
-46.700000	-0.012210
-46.666667	-0.011197
-46.633333	-0.010168
-46.600000	-0.009155
-46.566667	-0.008194
-46.533333	-0.007308
-46.500000	-0.006514
-46.466667	-0.005828
-46.433333	-0.005253
-46.400000	-0.004809
-46.366667	-0.004487
-46.333333	-0.004283
-46.300000	-0.004179
-46.266667	-0.004134
-46.233333	-0.004118
-46.200000	-0.004117
-46.166667	-0.004108
-46.133333	-0.004064
-46.100000	-0.003963
-46.066667	-0.003807
-46.033333	-0.003572
-46.000000	-0.003257
-45.966667	-0.002867
-45.933333	-0.002416
-45.900000	-0.001904
-45.866667	-0.001381
-45.833333	-0.000852
-45.800000	-0.000345
-45.766667	0.000098
-45.733333	0.000489
-45.700000	0.000798
-45.666667	0.001012
-45.633333	0.001126
-45.600000	0.001127
-45.566667	0.001013
-45.533333	0.000780
-45.500000	0.000432
-45.466667	-0.000018
-45.433333	-0.000551
-45.400000	-0.001163
-45.366667	-0.001821
-45.333333	-0.002497
-45.300000	-0.003155
-45.266667	-0.003768
-45.233333	-0.004319
-45.200000	-0.004817
-45.166667	-0.005232
-45.133333	-0.005538
-45.100000	-0.005777
-45.066667	-0.005909
-45.033333	-0.005952
-45.000000	-0.005912
-44.966667	-0.005808
-44.933333	-0.005665
-44.900000	-0.005491
-44.866667	-0.005287
-44.833333	-0.005050
-44.800000	-0.004816
-44.766667	-0.004589
-44.733333	-0.004353
-44.700000	-0.004121
-44.666667	-0.003906
-44.633333	-0.003710
-44.600000	-0.003537
-44.566667	-0.003380
-44.533333	-0.003223
-44.500000	-0.003048
-44.466667	-0.002843
-44.433333	-0.002623
-44.400000	-0.002354
-44.366667	-0.002041
-44.333333	-0.001683
-44.300000	-0.001279
-44.266667	-0.000832
-44.233333	-0.000359
-44.200000	0.000111
-44.166667	0.000590
-44.133333	0.001050
-44.100000	0.001432
-44.066667	0.001774
-44.033333	0.002011
-44.000000	0.002140
-43.966667	0.002141
-43.933333	0.002005
-43.900000	0.001737
-43.866667	0.001334
-43.833333	0.000785
-43.800000	0.000072
-43.766667	-0.000772
-43.733333	-0.001741
-43.700000	-0.002816
-43.666667	-0.003974
-43.633333	-0.005195
-43.600000	-0.006450
-43.566667	-0.007719
-43.533333	-0.008973
-43.500000	-0.010199
-43.466667	-0.011379
-43.433333	-0.012491
-43.400000	-0.013483
-43.366667	-0.014361
-43.333333	-0.015114
-43.300000	-0.015729
-43.266667	-0.016186
-43.233333	-0.016514
-43.200000	-0.016705
-43.166667	-0.016732
-43.133333	-0.016637
-43.100000	-0.016419
-43.066667	-0.016065
-43.033333	-0.015584
-43.000000	-0.014962
-42.966667	-0.014230
-42.933333	-0.013379
-42.900000	-0.012435
-42.866667	-0.011418
-42.833333	-0.010301
-42.800000	-0.009144
-42.766667	-0.007954
-42.733333	-0.006752
-42.700000	-0.005564
-42.666667	-0.004415
-42.633333	-0.003330
-42.600000	-0.002312
-42.566667	-0.001412
-42.533333	-0.000611
-42.500000	0.000074
-42.466667	0.000648
-42.433333	0.001111
-42.400000	0.001461
-42.366667	0.001687
-42.333333	0.001786
-42.300000	0.001770
-42.266667	0.001642
-42.233333	0.001391
-42.200000	0.001043
-42.166667	0.000617
-42.133333	0.000104
-42.100000	-0.000450
-42.066667	-0.001049
-42.033333	-0.001677
-42.000000	-0.002332
-41.966667	-0.002973
-41.933333	-0.003606
-41.900000	-0.004224
-41.866667	-0.004811
-41.833333	-0.005353
-41.800000	-0.005891
-41.766667	-0.006386
-41.733333	-0.006849
-41.700000	-0.007267
-41.666667	-0.007639
-41.633333	-0.007951
-41.600000	-0.008198
-41.566667	-0.008390
-41.533333	-0.008490
-41.500000	-0.008515
-41.466667	-0.008440
-41.433333	-0.008306
-41.400000	-0.008092
-41.366667	-0.007817
-41.333333	-0.007489
-41.300000	-0.007118
-41.266667	-0.006713
-41.233333	-0.006279
-41.200000	-0.005806
-41.166667	-0.005300
-41.133333	-0.004784
-41.100000	-0.004267
-41.066667	-0.003754
-41.033333	-0.003247
-41.000000	-0.002751
-40.966667	-0.002256
-40.933333	-0.001804
-40.900000	-0.001365
-40.866667	-0.000951
-40.833333	-0.000564
-40.800000	-0.000209
-40.766667	0.000112
-40.733333	0.000400
-40.700000	0.000657
-40.666667	0.000877
-40.633333	0.001066
-40.600000	0.001221
-40.566667	0.001343
-40.533333	0.001438
-40.500000	0.001502
-40.466667	0.001544
-40.433333	0.001539
-40.400000	0.001518
-40.366667	0.001453
-40.333333	0.001348
-40.300000	0.001202
-40.266667	0.001024
-40.233333	0.000819
-40.200000	0.000581
-40.166667	0.000312
-40.133333	-0.000005
-40.100000	-0.000342
-40.066667	-0.000691
-40.033333	-0.001063
-40.000000	-0.001455
-39.966667	-0.001858
-39.933333	-0.002265
-39.900000	-0.002674
-39.866667	-0.003086
-39.833333	-0.003501
-39.800000	-0.003917
-39.766667	-0.004329
-39.733333	-0.004733
-39.700000	-0.005121
-39.666667	-0.005483
-39.633333	-0.005819
-39.600000	-0.006111
-39.566667	-0.006350
-39.533333	-0.006524
-39.500000	-0.006613
-39.466667	-0.006624
-39.433333	-0.006558
-39.400000	-0.006413
-39.366667	-0.006189
-39.333333	-0.005882
-39.300000	-0.005489
-39.266667	-0.005008
-39.233333	-0.004446
-39.200000	-0.003805
-39.166667	-0.003081
-39.133333	-0.002295
-39.100000	-0.001444
-39.066667	-0.000544
-39.033333	0.000387
-39.000000	0.001339
-38.966667	0.002294
-38.933333	0.003238
-38.900000	0.004150
-38.866667	0.005016
-38.833333	0.005823
-38.800000	0.006557
-38.766667	0.007226
-38.733333	0.007816
-38.700000	0.008328
-38.666667	0.008763
-38.633333	0.009114
-38.600000	0.009386
-38.566667	0.009578
-38.533333	0.009714
-38.500000	0.009747
-38.466667	0.009689
-38.433333	0.009541
-38.400000	0.009307
-38.366667	0.008990
-38.333333	0.008593
-38.300000	0.008123
-38.266667	0.007581
-38.233333	0.006974
-38.200000	0.006308
-38.166667	0.005591
-38.133333	0.004832
-38.100000	0.004038
-38.066667	0.003220
-38.033333	0.002392
-38.000000	0.001578
-37.966667	0.000795
-37.933333	0.000052
-37.900000	-0.000596
-37.866667	-0.001151
-37.833333	-0.001578
-37.800000	-0.001852
-37.766667	-0.001953
-37.733333	-0.001891
-37.700000	-0.001649
-37.666667	-0.001225
-37.633333	-0.000635
-37.600000	0.000084
-37.566667	0.000965
-37.533333	0.001977
-37.500000	0.003095
-37.466667	0.004310
-37.433333	0.005563
-37.400000	0.006845
-37.366667	0.008107
-37.333333	0.009328
-37.300000	0.010472
-37.266667	0.011504
-37.233333	0.012404
-37.200000	0.013159
-37.166667	0.013763
-37.133333	0.014214
-37.100000	0.014515
-37.066667	0.014667
-37.033333	0.014683
-37.000000	0.014582
-36.966667	0.014363
-36.933333	0.014044
-36.900000	0.013654
-36.866667	0.013180
-36.833333	0.012666
-36.800000	0.012124
-36.766667	0.011562
-36.733333	0.010983
-36.700000	0.010408
-36.666667	0.009838
-36.633333	0.009270
-36.600000	0.008715
-36.566667	0.008191
-36.533333	0.007680
-36.500000	0.007179
-36.466667	0.006673
-36.433333	0.006130
-36.400000	0.005594
-36.366667	0.005027
-36.333333	0.004430
-36.300000	0.003828
-36.266667	0.003198
-36.233333	0.002566
-36.200000	0.001945
-36.166667	0.001338
-36.133333	0.000769
-36.100000	0.000232
-36.066667	-0.000256
-36.033333	-0.000677
-36.000000	-0.001010
-35.966667	-0.001255
-35.933333	-0.001404
-35.900000	-0.001455
-35.866667	-0.001389
-35.833333	-0.001211
-35.800000	-0.000942
-35.766667	-0.000593
-35.733333	-0.000151
-35.700000	0.000326
-35.666667	0.000856
-35.633333	0.001404
-35.600000	0.001941
-35.566667	0.002443
-35.533333	0.002916
-35.500000	0.003338
-35.466667	0.003699
-35.433333	0.003965
-35.400000	0.004181
-35.366667	0.004313
-35.333333	0.004363
-35.300000	0.004354
-35.266667	0.004255
-35.233333	0.004106
-35.200000	0.003915
-35.166667	0.003700
-35.133333	0.003490
-35.100000	0.003293
-35.066667	0.003137
-35.033333	0.003015
-35.000000	0.002933
-34.966667	0.002876
-34.933333	0.002843
-34.900000	0.002837
-34.866667	0.002853
-34.833333	0.002868
-34.800000	0.002871
-34.766667	0.002871
-34.733333	0.002856
-34.700000	0.002772
-34.666667	0.002643
-34.633333	0.002413
-34.600000	0.002101
-34.566667	0.001710
-34.533333	0.001244
-34.500000	0.000699
-34.466667	0.000066
-34.433333	-0.000643
-34.400000	-0.001407
-34.366667	-0.002209
-34.333333	-0.003056
-34.300000	-0.003913
-34.266667	-0.004758
-34.233333	-0.005564
-34.200000	-0.006305
-34.166667	-0.006963
-34.133333	-0.007520
-34.100000	-0.007965
-34.066667	-0.008293
-34.033333	-0.008502
-34.000000	-0.008590
-33.966667	-0.008545
-33.933333	-0.008376
-33.900000	-0.008088
-33.866667	-0.007686
-33.833333	-0.007178
-33.800000	-0.006576
-33.766667	-0.005894
-33.733333	-0.005151
-33.700000	-0.004376
-33.666667	-0.003582
-33.633333	-0.002775
-33.600000	-0.001969
-33.566667	-0.001192
-33.533333	-0.000465
-33.500000	0.000187
-33.466667	0.000784
-33.433333	0.001306
-33.400000	0.001763
-33.366667	0.002137
-33.333333	0.002435
-33.300000	0.002667
-33.266667	0.002842
-33.233333	0.002951
-33.200000	0.003008
-33.166667	0.003010
-33.133333	0.002960
-33.100000	0.002858
-33.066667	0.002714
-33.033333	0.002526
-33.000000	0.002303
-32.966667	0.002052
-32.933333	0.001748
-32.900000	0.001419
-32.866667	0.001093
-32.833333	0.000707
-32.800000	0.000340
-32.766667	-0.000059
-32.733333	-0.000451
-32.700000	-0.000839
-32.666667	-0.001214
-32.633333	-0.001561
-32.600000	-0.001870
-32.566667	-0.002113
-32.533333	-0.002265
-32.500000	-0.002304
-32.466667	-0.002216
-32.433333	-0.002019
-32.400000	-0.001677
-32.366667	-0.001192
-32.333333	-0.000562
-32.300000	0.000202
-32.266667	0.001084
-32.233333	0.002070
-32.200000	0.003166
-32.166667	0.004331
-32.133333	0.005556
-32.100000	0.006815
-32.066667	0.008090
-32.033333	0.009356
-32.000000	0.010587
-31.966667	0.011742
-31.933333	0.012797
-31.900000	0.013743
-31.866667	0.014568
-31.833333	0.015226
-31.800000	0.015781
-31.766667	0.016163
-31.733333	0.016418
-31.700000	0.016527
-31.666667	0.016514
-31.633333	0.016375
-31.600000	0.016133
-31.566667	0.015795
-31.533333	0.015368
-31.500000	0.014850
-31.466667	0.014250
-31.433333	0.013587
-31.400000	0.012872
-31.366667	0.012121
-31.333333	0.011299
-31.300000	0.010451
-31.266667	0.009555
-31.233333	0.008628
-31.200000	0.007667
-31.166667	0.006658
-31.133333	0.005618
-31.100000	0.004544
-31.066667	0.003453
-31.033333	0.002354
-31.000000	0.001256
-30.966667	0.000173
-30.933333	-0.000854
-30.900000	-0.001861
-30.866667	-0.002796
-30.833333	-0.003651
-30.800000	-0.004430
-30.766667	-0.005118
-30.733333	-0.005711
-30.700000	-0.006213
-30.666667	-0.006620
-30.633333	-0.006935
-30.600000	-0.007154
-30.566667	-0.007287
-30.533333	-0.007329
-30.500000	-0.007305
-30.466667	-0.007200
-30.433333	-0.007037
-30.400000	-0.006820
-30.366667	-0.006562
-30.333333	-0.006300
-30.300000	-0.006008
-30.266667	-0.005722
-30.233333	-0.005441
-30.200000	-0.005166
-30.166667	-0.004898
-30.133333	-0.004628
-30.100000	-0.004368
-30.066667	-0.004113
-30.033333	-0.003849
-30.000000	-0.003593
-29.966667	-0.003335
-29.933333	-0.003091
-29.900000	-0.002893
-29.866667	-0.002698
-29.833333	-0.002539
-29.800000	-0.002426
-29.766667	-0.002357
-29.733333	-0.002337
-29.700000	-0.002378
-29.666667	-0.002466
-29.633333	-0.002607
-29.600000	-0.002809
-29.566667	-0.003065
-29.533333	-0.003383
-29.500000	-0.003773
-29.466667	-0.004215
-29.433333	-0.004732
-29.400000	-0.005314
-29.366667	-0.005964
-29.333333	-0.006675
-29.300000	-0.007435
-29.266667	-0.008238
-29.233333	-0.009083
-29.200000	-0.009950
-29.166667	-0.010844
-29.133333	-0.011762
-29.100000	-0.012700
-29.066667	-0.013618
-29.033333	-0.014546
-29.000000	-0.015463
-28.966667	-0.016358
-28.933333	-0.017220
-28.900000	-0.018030
-28.866667	-0.018775
-28.833333	-0.019437
-28.800000	-0.019998
-28.766667	-0.020441
-28.733333	-0.020743
-28.700000	-0.020900
-28.666667	-0.020914
-28.633333	-0.020784
-28.600000	-0.020510
-28.566667	-0.020083
-28.533333	-0.019513
-28.500000	-0.018823
-28.466667	-0.018003
-28.433333	-0.017074
-28.400000	-0.016058
-28.366667	-0.014971
-28.333333	-0.013827
-28.300000	-0.012667
-28.266667	-0.011501
-28.233333	-0.010358
-28.200000	-0.009263
-28.166667	-0.008236
-28.133333	-0.007293
-28.100000	-0.006417
-28.066667	-0.005627
-28.033333	-0.004944
-28.000000	-0.004329
-27.966667	-0.003804
-27.933333	-0.003347
-27.900000	-0.002957
-27.866667	-0.002632
-27.833333	-0.002365
-27.800000	-0.002145
-27.766667	-0.001965
-27.733333	-0.001825
-27.700000	-0.001726
-27.666667	-0.001666
-27.633333	-0.001628
-27.600000	-0.001588
-27.566667	-0.001575
-27.533333	-0.001564
-27.500000	-0.001564
-27.466667	-0.001567
-27.433333	-0.001576
-27.400000	-0.001582
-27.366667	-0.001606
-27.333333	-0.001625
-27.300000	-0.001624
-27.266667	-0.001592
-27.233333	-0.001517
-27.200000	-0.001377
-27.166667	-0.001166
-27.133333	-0.000866
-27.100000	-0.000442
-27.066667	0.000076
-27.033333	0.000709
-27.000000	0.001441
-26.966667	0.002270
-26.933333	0.003194
-26.900000	0.004202
-26.866667	0.005288
-26.833333	0.006440
-26.800000	0.007651
-26.766667	0.008893
-26.733333	0.010135
-26.700000	0.011380
-26.666667	0.012589
-26.633333	0.013749
-26.600000	0.014830
-26.566667	0.015796
-26.533333	0.016671
-26.500000	0.017407
-26.466667	0.017997
-26.433333	0.018475
-26.400000	0.018797
-26.366667	0.018971
-26.333333	0.018995
-26.300000	0.018910
-26.266667	0.018682
-26.233333	0.018342
-26.200000	0.017860
-26.166667	0.017273
-26.133333	0.016577
-26.100000	0.015785
-26.066667	0.014868
-26.033333	0.013880
-26.000000	0.012798
-25.966667	0.011643
-25.933333	0.010413
-25.900000	0.009129
-25.866667	0.007798
-25.833333	0.006382
-25.800000	0.004933
-25.766667	0.003408
-25.733333	0.001834
-25.700000	0.000218
-25.666667	-0.001459
-25.633333	-0.003178
-25.600000	-0.004930
-25.566667	-0.006731
-25.533333	-0.008560
-25.500000	-0.010420
-25.466667	-0.012289
-25.433333	-0.014157
-25.400000	-0.016044
-25.366667	-0.017925
-25.333333	-0.019820
-25.300000	-0.021681
-25.266667	-0.023539
-25.233333	-0.025353
-25.200000	-0.027150
-25.166667	-0.028887
-25.133333	-0.030591
-25.100000	-0.032238
-25.066667	-0.033834
-25.033333	-0.035351
-25.000000	-0.036811
-24.966667	-0.038194
-24.933333	-0.039503
-24.900000	-0.040721
-24.866667	-0.041858
-24.833333	-0.042922
-24.800000	-0.043874
-24.766667	-0.044754
-24.733333	-0.045527
-24.700000	-0.046211
-24.666667	-0.046799
-24.633333	-0.047289
-24.600000	-0.047685
-24.566667	-0.047996
-24.533333	-0.048201
-24.500000	-0.048308
-24.466667	-0.048314
-24.433333	-0.048230
-24.400000	-0.048046
-24.366667	-0.047774
-24.333333	-0.047425
-24.300000	-0.046995
-24.266667	-0.046472
-24.233333	-0.045861
-24.200000	-0.045190
-24.166667	-0.044436
-24.133333	-0.043605
-24.100000	-0.042708
-24.066667	-0.041738
-24.033333	-0.040706
-24.000000	-0.039634
-23.966667	-0.038477
-23.933333	-0.037285
-23.900000	-0.036040
-23.866667	-0.034748
-23.833333	-0.033408
-23.800000	-0.032020
-23.766667	-0.030587
-23.733333	-0.029115
-23.700000	-0.027601
-23.666667	-0.026036
-23.633333	-0.024448
-23.600000	-0.022813
-23.566667	-0.021139
-23.533333	-0.019428
-23.500000	-0.017676
-23.466667	-0.015886
-23.433333	-0.014055
-23.400000	-0.012179
-23.366667	-0.010278
-23.333333	-0.008340
-23.300000	-0.006368
-23.266667	-0.004351
-23.233333	-0.002302
-23.200000	-0.000225
-23.166667	0.001882
-23.133333	0.004019
-23.100000	0.006172
-23.066667	0.008315
-23.033333	0.010475
-23.000000	0.012636
-22.966667	0.014795
-22.933333	0.016922
-22.900000	0.019042
-22.866667	0.021136
-22.833333	0.023194
-22.800000	0.025195
-22.766667	0.027122
-22.733333	0.028968
-22.700000	0.030727
-22.666667	0.032388
-22.633333	0.033931
-22.600000	0.035369
-22.566667	0.036680
-22.533333	0.037869
-22.500000	0.038939
-22.466667	0.039899
-22.433333	0.040736
-22.400000	0.041469
-22.366667	0.042089
-22.333333	0.042609
-22.300000	0.043028
-22.266667	0.043359
-22.233333	0.043604
-22.200000	0.043772
-22.166667	0.043870
-22.133333	0.043898
-22.100000	0.043856
-22.066667	0.043768
-22.033333	0.043674
-22.000000	0.043534
-21.966667	0.043367
-21.933333	0.043214
-21.900000	0.043054
-21.866667	0.042899
-21.833333	0.042743
-21.800000	0.042584
-21.766667	0.042432
-21.733333	0.042300
-21.700000	0.042163
-21.666667	0.042038
-21.633333	0.041920
-21.600000	0.041812
-21.566667	0.041725
-21.533333	0.041666
-21.500000	0.041639
-21.466667	0.041636
-21.433333	0.041643
-21.400000	0.041670
-21.366667	0.041699
-21.333333	0.041730
-21.300000	0.041762
-21.266667	0.041781
-21.233333	0.041787
-21.200000	0.041774
-21.166667	0.041736
-21.133333	0.041671
-21.100000	0.041589
-21.066667	0.041509
-21.033333	0.041388
-21.000000	0.041251
-20.966667	0.041092
-20.933333	0.040906
-20.900000	0.040683
-20.866667	0.040413
-20.833333	0.040089
-20.800000	0.039711
-20.766667	0.039282
-20.733333	0.038804
-20.700000	0.038267
-20.666667	0.037690
-20.633333	0.037085
-20.600000	0.036454
-20.566667	0.035812
-20.533333	0.035161
-20.500000	0.034514
-20.466667	0.033870
-20.433333	0.033240
-20.400000	0.032632
-20.366667	0.032053
-20.333333	0.031511
-20.300000	0.031004
-20.266667	0.030523
-20.233333	0.030064
-20.200000	0.029622
-20.166667	0.029175
-20.133333	0.028719
-20.100000	0.028268
-20.066667	0.027806
-20.033333	0.027307
-20.000000	0.026788
-19.966667	0.026202
-19.933333	0.025540
-19.900000	0.024798
-19.866667	0.023998
-19.833333	0.023152
-19.800000	0.022258
-19.766667	0.021329
-19.733333	0.020388
-19.700000	0.019444
-19.666667	0.018513
-19.633333	0.017625
-19.600000	0.016788
-19.566667	0.016022
-19.533333	0.015319
-19.500000	0.014687
-19.466667	0.014125
-19.433333	0.013639
-19.400000	0.013228
-19.366667	0.012887
-19.333333	0.012601
-19.300000	0.012346
-19.266667	0.012096
-19.233333	0.011855
-19.200000	0.011589
-19.166667	0.011285
-19.133333	0.010937
-19.100000	0.010537
-19.066667	0.010070
-19.033333	0.009530
-19.000000	0.008896
-18.966667	0.008203
-18.933333	0.007440
-18.900000	0.006644
-18.866667	0.005825
-18.833333	0.004981
-18.800000	0.004115
-18.766667	0.003258
-18.733333	0.002442
-18.700000	0.001672
-18.666667	0.000946
-18.633333	0.000288
-18.600000	-0.000313
-18.566667	-0.000865
-18.533333	-0.001373
-18.500000	-0.001808
-18.466667	-0.002168
-18.433333	-0.002470
-18.400000	-0.002703
-18.366667	-0.002886
-18.333333	-0.003031
-18.300000	-0.003144
-18.266667	-0.003228
-18.233333	-0.003274
-18.200000	-0.003302
-18.166667	-0.003301
-18.133333	-0.003274
-18.100000	-0.003213
-18.066667	-0.003111
-18.033333	-0.002968
-18.000000	-0.002770
-17.966667	-0.002500
-17.933333	-0.002169
-17.900000	-0.001754
-17.866667	-0.001268
-17.833333	-0.000705
-17.800000	-0.000061
-17.766667	0.000669
-17.733333	0.001483
-17.700000	0.002362
-17.666667	0.003268
-17.633333	0.004220
-17.600000	0.005177
-17.566667	0.006142
-17.533333	0.007091
-17.500000	0.008021
-17.466667	0.008888
-17.433333	0.009676
-17.400000	0.010383
-17.366667	0.010981
-17.333333	0.011464
-17.300000	0.011824
-17.266667	0.012053
-17.233333	0.012158
-17.200000	0.012129
-17.166667	0.011981
-17.133333	0.011717
-17.100000	0.011351
-17.066667	0.010893
-17.033333	0.010370
-17.000000	0.009794
-16.966667	0.009181
-16.933333	0.008548
-16.900000	0.007893
-16.866667	0.007224
-16.833333	0.006553
-16.800000	0.005885
-16.766667	0.005246
-16.733333	0.004628
-16.700000	0.004038
-16.666667	0.003465
-16.633333	0.002928
-16.600000	0.002425
-16.566667	0.001963
-16.533333	0.001519
-16.500000	0.001101
-16.466667	0.000723
-16.433333	0.000345
-16.400000	0.000010
-16.366667	-0.000299
-16.333333	-0.000585
-16.300000	-0.000848
-16.266667	-0.001091
-16.233333	-0.001286
-16.200000	-0.001474
-16.166667	-0.001616
-16.133333	-0.001716
-16.100000	-0.001788
-16.066667	-0.001851
-16.033333	-0.001912
-16.000000	-0.001974
-15.966667	-0.002048
-15.933333	-0.002157
-15.900000	-0.002305
-15.866667	-0.002489
-15.833333	-0.002720
-15.800000	-0.002986
-15.766667	-0.003281
-15.733333	-0.003624
-15.700000	-0.004003
-15.666667	-0.004419
-15.633333	-0.004863
-15.600000	-0.005330
-15.566667	-0.005838
-15.533333	-0.006395
-15.500000	-0.006974
-15.466667	-0.007560
-15.433333	-0.008169
-15.400000	-0.008760
-15.366667	-0.009355
-15.333333	-0.009939
-15.300000	-0.010504
-15.266667	-0.011045
-15.233333	-0.011548
-15.200000	-0.012031
-15.166667	-0.012456
-15.133333	-0.012847
-15.100000	-0.013208
-15.066667	-0.013535
-15.033333	-0.013812
-15.000000	-0.014025
-14.966667	-0.014181
-14.933333	-0.014276
-14.900000	-0.014295
-14.866667	-0.014233
-14.833333	-0.014088
-14.800000	-0.013840
-14.766667	-0.013492
-14.733333	-0.013038
-14.700000	-0.012492
-14.666667	-0.011895
-14.633333	-0.011246
-14.600000	-0.010508
-14.566667	-0.009699
-14.533333	-0.008878
-14.500000	-0.008048
-14.466667	-0.007197
-14.433333	-0.006355
-14.400000	-0.005557
-14.366667	-0.004806
-14.333333	-0.004118
-14.300000	-0.003508
-14.266667	-0.002985
-14.233333	-0.002552
-14.200000	-0.002207
-14.166667	-0.001955
-14.133333	-0.001796
-14.100000	-0.001723
-14.066667	-0.001738
-14.033333	-0.001832
-14.000000	-0.001999
-13.966667	-0.002236
-13.933333	-0.002544
-13.900000	-0.002908
-13.866667	-0.003300
-13.833333	-0.003739
-13.800000	-0.004186
-13.766667	-0.004647
-13.733333	-0.005126
-13.700000	-0.005630
-13.666667	-0.006155
-13.633333	-0.006658
-13.600000	-0.007133
-13.566667	-0.007630
-13.533333	-0.008168
-13.500000	-0.008698
-13.466667	-0.009212
-13.433333	-0.009729
-13.400000	-0.010248
-13.366667	-0.010745
-13.333333	-0.011212
-13.300000	-0.011641
-13.266667	-0.012022
-13.233333	-0.012348
-13.200000	-0.012616
-13.166667	-0.012829
-13.133333	-0.012993
-13.100000	-0.013103
-13.066667	-0.013148
-13.033333	-0.013129
-13.000000	-0.013062
-12.966667	-0.012952
-12.933333	-0.012793
-12.900000	-0.012582
-12.866667	-0.012330
-12.833333	-0.012070
-12.800000	-0.011779
-12.766667	-0.011497
-12.733333	-0.011220
-12.700000	-0.010956
-12.666667	-0.010714
-12.633333	-0.010497
-12.600000	-0.010302
-12.566667	-0.010131
-12.533333	-0.009986
-12.500000	-0.009862
-12.466667	-0.009761
-12.433333	-0.009674
-12.400000	-0.009591
-12.366667	-0.009512
-12.333333	-0.009450
-12.300000	-0.009399
-12.266667	-0.009339
-12.233333	-0.009304
-12.200000	-0.009264
-12.166667	-0.009234
-12.133333	-0.009210
-12.100000	-0.009181
-12.066667	-0.009155
-12.033333	-0.009143
-12.000000	-0.009145
-11.966667	-0.009152
-11.933333	-0.009164
-11.900000	-0.009194
-11.866667	-0.009250
-11.833333	-0.009345
-11.800000	-0.009463
-11.766667	-0.009603
-11.733333	-0.009767
-11.700000	-0.009957
-11.666667	-0.010170
-11.633333	-0.010396
-11.600000	-0.010635
-11.566667	-0.010886
-11.533333	-0.011149
-11.500000	-0.011409
-11.466667	-0.011650
-11.433333	-0.011864
-11.400000	-0.012065
-11.366667	-0.012253
-11.333333	-0.012409
-11.300000	-0.012529
-11.266667	-0.012602
-11.233333	-0.012654
-11.200000	-0.012645
-11.166667	-0.012604
-11.133333	-0.012519
-11.100000	-0.012394
-11.066667	-0.012247
-11.033333	-0.012081
-11.000000	-0.011912
-10.966667	-0.011755
-10.933333	-0.011617
-10.900000	-0.011508
-10.866667	-0.011437
-10.833333	-0.011408
-10.800000	-0.011409
-10.766667	-0.011458
-10.733333	-0.011547
-10.700000	-0.011667
-10.666667	-0.011810
-10.633333	-0.011971
-10.600000	-0.012144
-10.566667	-0.012309
-10.533333	-0.012439
-10.500000	-0.012547
-10.466667	-0.012597
-10.433333	-0.012602
-10.400000	-0.012554
-10.366667	-0.012432
-10.333333	-0.012228
-10.300000	-0.011957
-10.266667	-0.011601
-10.233333	-0.011178
-10.200000	-0.010699
-10.166667	-0.010154
-10.133333	-0.009581
-10.100000	-0.008992
-10.066667	-0.008412
-10.033333	-0.007854
-10.000000	-0.007325
-9.966667	-0.006823
-9.933333	-0.006347
-9.900000	-0.005900
-9.866667	-0.005487
-9.833333	-0.005105
-9.800000	-0.004745
-9.766667	-0.004415
-9.733333	-0.004101
-9.700000	-0.003805
-9.666667	-0.003526
-9.633333	-0.003266
-9.600000	-0.003015
-9.566667	-0.002771
-9.533333	-0.002538
-9.500000	-0.002325
-9.466667	-0.002102
-9.433333	-0.001890
-9.400000	-0.001676
-9.366667	-0.001467
-9.333333	-0.001267
-9.300000	-0.001083
-9.266667	-0.000917
-9.233333	-0.000786
-9.200000	-0.000706
-9.166667	-0.000628
-9.133333	-0.000612
-9.100000	-0.000630
-9.066667	-0.000697
-9.033333	-0.000806
-9.000000	-0.000941
-8.966667	-0.001084
-8.933333	-0.001239
-8.900000	-0.001395
-8.866667	-0.001539
-8.833333	-0.001666
-8.800000	-0.001785
-8.766667	-0.001896
-8.733333	-0.001962
-8.700000	-0.002010
-8.666667	-0.002028
-8.633333	-0.002021
-8.600000	-0.001990
-8.566667	-0.001941
-8.533333	-0.001878
-8.500000	-0.001774
-8.466667	-0.001663
-8.433333	-0.001532
-8.400000	-0.001370
-8.366667	-0.001229
-8.333333	-0.001084
-8.300000	-0.000952
-8.266667	-0.000840
-8.233333	-0.000763
-8.200000	-0.000730
-8.166667	-0.000724
-8.133333	-0.000778
-8.100000	-0.000904
-8.066667	-0.001097
-8.033333	-0.001359
-8.000000	-0.001681
-7.966667	-0.002070
-7.933333	-0.002547
-7.900000	-0.003087
-7.866667	-0.003662
-7.833333	-0.004271
-7.800000	-0.004923
-7.766667	-0.005613
-7.733333	-0.006300
-7.700000	-0.007000
-7.666667	-0.007720
-7.633333	-0.008449
-7.600000	-0.009146
-7.566667	-0.009840
-7.533333	-0.010477
-7.500000	-0.011052
-7.466667	-0.011586
-7.433333	-0.012048
-7.400000	-0.012447
-7.366667	-0.012803
-7.333333	-0.013070
-7.300000	-0.013288
-7.266667	-0.013450
-7.233333	-0.013566
-7.200000	-0.013636
-7.166667	-0.013659
-7.133333	-0.013638
-7.100000	-0.013606
-7.066667	-0.013531
-7.033333	-0.013445
-7.000000	-0.013343
-6.966667	-0.013242
-6.933333	-0.013147
-6.900000	-0.013003
-6.866667	-0.012842
-6.833333	-0.012679
-6.800000	-0.012531
-6.766667	-0.012391
-6.733333	-0.012238
-6.700000	-0.012098
-6.666667	-0.011981
-6.633333	-0.011857
-6.600000	-0.011739
-6.566667	-0.011650
-6.533333	-0.011534
-6.500000	-0.011430
-6.466667	-0.011360
-6.433333	-0.011326
-6.400000	-0.011319
-6.366667	-0.011339
-6.333333	-0.011395
-6.300000	-0.011501
-6.266667	-0.011647
-6.233333	-0.011835
-6.200000	-0.012059
-6.166667	-0.012316
-6.133333	-0.012607
-6.100000	-0.012932
-6.066667	-0.013268
-6.033333	-0.013642
-6.000000	-0.014022
-5.966667	-0.014409
-5.933333	-0.014783
-5.900000	-0.015117
-5.866667	-0.015447
-5.833333	-0.015726
-5.800000	-0.015965
-5.766667	-0.016155
-5.733333	-0.016292
-5.700000	-0.016374
-5.666667	-0.016404
-5.633333	-0.016386
-5.600000	-0.016317
-5.566667	-0.016187
-5.533333	-0.015995
-5.500000	-0.015767
-5.466667	-0.015519
-5.433333	-0.015232
-5.400000	-0.014904
-5.366667	-0.014559
-5.333333	-0.014223
-5.300000	-0.013863
-5.266667	-0.013510
-5.233333	-0.013165
-5.200000	-0.012840
-5.166667	-0.012530
-5.133333	-0.012213
-5.100000	-0.011940
-5.066667	-0.011663
-5.033333	-0.011410
-5.000000	-0.011155
-4.966667	-0.010909
-4.933333	-0.010667
-4.900000	-0.010428
-4.866667	-0.010191
-4.833333	-0.009953
-4.800000	-0.009725
-4.766667	-0.009501
-4.733333	-0.009276
-4.700000	-0.009069
-4.666667	-0.008864
-4.633333	-0.008666
-4.600000	-0.008471
-4.566667	-0.008282
-4.533333	-0.008102
-4.500000	-0.007934
-4.466667	-0.007783
-4.433333	-0.007643
-4.400000	-0.007509
-4.366667	-0.007391
-4.333333	-0.007298
-4.300000	-0.007203
-4.266667	-0.007144
-4.233333	-0.007087
-4.200000	-0.007031
-4.166667	-0.006982
-4.133333	-0.006932
-4.100000	-0.006900
-4.066667	-0.006842
-4.033333	-0.006791
-4.000000	-0.006731
-3.966667	-0.006680
-3.933333	-0.006641
-3.900000	-0.006611
-3.866667	-0.006573
-3.833333	-0.006558
-3.800000	-0.006533
-3.766667	-0.006502
-3.733333	-0.006466
-3.700000	-0.006439
-3.666667	-0.006409
-3.633333	-0.006385
-3.600000	-0.006343
-3.566667	-0.006324
-3.533333	-0.006294
-3.500000	-0.006267
-3.466667	-0.006243
-3.433333	-0.006205
-3.400000	-0.006164
-3.366667	-0.006118
-3.333333	-0.006058
-3.300000	-0.005968
-3.266667	-0.005849
-3.233333	-0.005680
-3.200000	-0.005449
-3.166667	-0.005215
-3.133333	-0.004918
-3.100000	-0.004587
-3.066667	-0.004231
-3.033333	-0.003855
-3.000000	-0.003486
-2.966667	-0.003120
-2.933333	-0.002764
-2.900000	-0.002416
-2.866667	-0.002078
-2.833333	-0.001778
-2.800000	-0.001490
-2.766667	-0.001256
-2.733333	-0.001077
-2.700000	-0.000959
-2.666667	-0.000893
-2.633333	-0.000887
-2.600000	-0.000942
-2.566667	-0.001085
-2.533333	-0.001265
-2.500000	-0.001507
-2.466667	-0.001793
-2.433333	-0.002105
-2.400000	-0.002442
-2.366667	-0.002774
-2.333333	-0.003087
-2.300000	-0.003380
-2.266667	-0.003636
-2.233333	-0.003848
-2.200000	-0.004031
-2.166667	-0.004200
-2.133333	-0.004289
-2.100000	-0.004358
-2.066667	-0.004366
-2.033333	-0.004334
-2.000000	-0.004268
-1.966667	-0.004155
-1.933333	-0.003999
-1.900000	-0.003789
-1.866667	-0.003543
-1.833333	-0.003267
-1.800000	-0.002958
-1.766667	-0.002622
-1.733333	-0.002268
-1.700000	-0.001888
-1.666667	-0.001497
-1.633333	-0.001111
-1.600000	-0.000718
-1.566667	-0.000334
-1.533333	0.000054
-1.500000	0.000436
-1.466667	0.000813
-1.433333	0.001184
-1.400000	0.001543
-1.366667	0.001885
-1.333333	0.002209
-1.300000	0.002514
-1.266667	0.002791
-1.233333	0.003024
-1.200000	0.003223
-1.166667	0.003389
-1.133333	0.003518
-1.100000	0.003586
-1.066667	0.003607
-1.033333	0.003555
-1.000000	0.003437
-0.966667	0.003267
-0.933333	0.003053
-0.900000	0.002782
-0.866667	0.002439
-0.833333	0.002043
-0.800000	0.001599
-0.766667	0.001105
-0.733333	0.000561
-0.700000	-0.000021
-0.666667	-0.000640
-0.633333	-0.001279
-0.600000	-0.001928
-0.566667	-0.002581
-0.533333	-0.003215
-0.500000	-0.003822
-0.466667	-0.004386
-0.433333	-0.004909
-0.400000	-0.005395
-0.366667	-0.005839
-0.333333	-0.006234
-0.300000	-0.006582
-0.266667	-0.006903
-0.233333	-0.007186
-0.200000	-0.007422
-0.166667	-0.007631
-0.133333	-0.007842
-0.100000	-0.008027
-0.066667	-0.008205
-0.033333	-0.008362
-0.000000	-0.008516
0.033333	-0.008665
0.066667	-0.008805
0.100000	-0.008966
0.133333	-0.009129
0.166667	-0.009286
0.200000	-0.009435
0.233333	-0.009573
0.266667	-0.009702
0.300000	-0.009813
0.333333	-0.009897
0.366667	-0.009959
0.400000	-0.009985
0.433333	-0.009975
0.466667	-0.009926
0.500000	-0.009841
0.533333	-0.009725
0.566667	-0.009588
0.600000	-0.009436
0.633333	-0.009267
0.666667	-0.009089
0.700000	-0.008891
0.733333	-0.008681
0.766667	-0.008456
0.800000	-0.008236
0.833333	-0.008006
0.866667	-0.007787
0.900000	-0.007546
0.933333	-0.007320
0.966667	-0.007100
1.000000	-0.006895
1.033333	-0.006704
1.066667	-0.006551
1.100000	-0.006403
1.133333	-0.006270
1.166667	-0.006160
1.200000	-0.006094
1.233333	-0.006022
1.266667	-0.005989
1.300000	-0.005974
1.333333	-0.005977
1.366667	-0.006001
1.400000	-0.006035
1.433333	-0.006080
1.466667	-0.006131
1.500000	-0.006183
1.533333	-0.006232
1.566667	-0.006264
1.600000	-0.006286
1.633333	-0.006281
1.666667	-0.006212
1.700000	-0.006119
1.733333	-0.005983
1.766667	-0.005790
1.800000	-0.005553
1.833333	-0.005250
1.866667	-0.004928
1.900000	-0.004556
1.933333	-0.004144
1.966667	-0.003688
2.000000	-0.003201
2.033333	-0.002699
2.066667	-0.002178
2.100000	-0.001615
2.133333	-0.001063
2.166667	-0.000505
2.200000	0.000044
2.233333	0.000614
2.266667	0.001162
2.300000	0.001721
2.333333	0.002259
2.366667	0.002777
2.400000	0.003292
2.433333	0.003786
2.466667	0.004267
2.500000	0.004729
2.533333	0.005170
2.566667	0.005588
2.600000	0.005975
2.633333	0.006341
2.666667	0.006673
2.700000	0.006933
2.733333	0.007170
2.766667	0.007357
2.800000	0.007485
2.833333	0.007572
2.866667	0.007584
2.900000	0.007556
2.933333	0.007511
2.966667	0.007386
3.000000	0.007225
3.033333	0.007026
3.066667	0.006809
3.100000	0.006574
3.133333	0.006315
3.166667	0.006039
3.200000	0.005770
3.233333	0.005522
3.266667	0.005305
3.300000	0.005109
3.333333	0.004937
3.366667	0.004807
3.400000	0.004720
3.433333	0.004659
3.466667	0.004637
3.500000	0.004643
3.533333	0.004675
3.566667	0.004729
3.600000	0.004806
3.633333	0.004900
3.666667	0.004999
3.700000	0.005099
3.733333	0.005200
3.766667	0.005296
3.800000	0.005380
3.833333	0.005445
3.866667	0.005474
3.900000	0.005496
3.933333	0.005504
3.966667	0.005459
4.000000	0.005421
4.033333	0.005363
4.066667	0.005289
4.100000	0.005200
4.133333	0.005068
4.166667	0.004933
4.200000	0.004796
4.233333	0.004622
4.266667	0.004435
4.300000	0.004222
4.333333	0.003979
4.366667	0.003714
4.400000	0.003415
4.433333	0.003096
4.466667	0.002746
4.500000	0.002383
4.533333	0.001996
4.566667	0.001593
4.600000	0.001176
4.633333	0.000740
4.666667	0.000290
4.700000	-0.000164
4.733333	-0.000613
4.766667	-0.001055
4.800000	-0.001488
4.833333	-0.001897
4.866667	-0.002266
4.900000	-0.002608
4.933333	-0.002905
4.966667	-0.003165
5.000000	-0.003386
5.033333	-0.003563
5.066667	-0.003698
5.100000	-0.003790
5.133333	-0.003877
5.166667	-0.003885
5.200000	-0.003887
5.233333	-0.003867
5.266667	-0.003809
5.300000	-0.003739
5.333333	-0.003643
5.366667	-0.003528
5.400000	-0.003424
5.433333	-0.003288
5.466667	-0.003164
5.500000	-0.003027
5.533333	-0.002901
5.566667	-0.002772
5.600000	-0.002641
5.633333	-0.002512
5.666667	-0.002363
5.700000	-0.002214
5.733333	-0.002050
5.766667	-0.001880
5.800000	-0.001704
5.833333	-0.001518
5.866667	-0.001323
5.900000	-0.001133
5.933333	-0.000928
5.966667	-0.000727
6.000000	-0.000527
6.033333	-0.000330
6.066667	-0.000132
6.100000	0.000054
6.133333	0.000237
6.166667	0.000435
6.200000	0.000593
6.233333	0.000746
6.266667	0.000880
6.300000	0.001000
6.333333	0.001101
6.366667	0.001167
6.400000	0.001196
6.433333	0.001209
6.466667	0.001174
6.500000	0.001113
6.533333	0.001006
6.566667	0.000903
6.600000	0.000767
6.633333	0.000605
6.666667	0.000413
6.700000	0.000175
6.733333	-0.000067
6.766667	-0.000324
6.800000	-0.000600
6.833333	-0.000891
6.866667	-0.001183
6.900000	-0.001471
6.933333	-0.001751
6.966667	-0.002018
7.000000	-0.002270
7.033333	-0.002501
7.066667	-0.002704
7.100000	-0.002880
7.133333	-0.003031
7.166667	-0.003161
7.200000	-0.003265
7.233333	-0.003338
7.266667	-0.003372
7.300000	-0.003378
7.333333	-0.003377
7.366667	-0.003363
7.400000	-0.003322
7.433333	-0.003251
7.466667	-0.003161
7.500000	-0.003059
7.533333	-0.002935
7.566667	-0.002783
7.600000	-0.002646
7.633333	-0.002505
7.666667	-0.002368
7.700000	-0.002222
7.733333	-0.002064
7.766667	-0.001915
7.800000	-0.001784
7.833333	-0.001660
7.866667	-0.001548
7.900000	-0.001459
7.933333	-0.001402
7.966667	-0.001385
8.000000	-0.001418
8.033333	-0.001507
8.066667	-0.001659
8.100000	-0.001878
8.133333	-0.002169
8.166667	-0.002529
8.200000	-0.002955
8.233333	-0.003446
8.266667	-0.004004
8.300000	-0.004623
8.333333	-0.005288
8.366667	-0.005984
8.400000	-0.006696
8.433333	-0.007424
8.466667	-0.008167
8.500000	-0.008901
8.533333	-0.009608
8.566667	-0.010280
8.600000	-0.010892
8.633333	-0.011444
8.666667	-0.011927
8.700000	-0.012339
8.733333	-0.012674
8.766667	-0.012932
8.800000	-0.013116
8.833333	-0.013231
8.866667	-0.013286
8.900000	-0.013290
8.933333	-0.013253
8.966667	-0.013187
9.000000	-0.013103
9.033333	-0.013013
9.066667	-0.012924
9.100000	-0.012842
9.133333	-0.012769
9.166667	-0.012708
9.200000	-0.012659
9.233333	-0.012618
9.266667	-0.012621
9.300000	-0.012651
9.333333	-0.012679
9.366667	-0.012745
9.400000	-0.012816
9.433333	-0.012897
9.466667	-0.012984
9.500000	-0.013066
9.533333	-0.013145
9.566667	-0.013210
9.600000	-0.013264
9.633333	-0.013308
9.666667	-0.013343
9.700000	-0.013363
9.733333	-0.013360
9.766667	-0.013351
9.800000	-0.013325
9.833333	-0.013286
9.866667	-0.013238
9.900000	-0.013182
9.933333	-0.013121
9.966667	-0.013055
10.000000	-0.012981
10.033333	-0.012894
10.066667	-0.012788
10.100000	-0.012660
10.133333	-0.012506
10.166667	-0.012327
10.200000	-0.012123
10.233333	-0.011897
10.266667	-0.011663
10.300000	-0.011385
10.333333	-0.011064
10.366667	-0.010734
10.400000	-0.010367
10.433333	-0.009976
10.466667	-0.009564
10.500000	-0.009135
10.533333	-0.008692
10.566667	-0.008233
10.600000	-0.007769
10.633333	-0.007300
10.666667	-0.006832
10.700000	-0.006370
10.733333	-0.005918
10.766667	-0.005489
10.800000	-0.005070
10.833333	-0.004674
10.866667	-0.004299
10.900000	-0.003945
10.933333	-0.003613
10.966667	-0.003301
11.000000	-0.003008
11.033333	-0.002734
11.066667	-0.002475
11.100000	-0.002234
11.133333	-0.002008
11.166667	-0.001797
11.200000	-0.001600
11.233333	-0.001416
11.266667	-0.001244
11.300000	-0.001085
11.333333	-0.000937
11.366667	-0.000800
11.400000	-0.000673
11.433333	-0.000556
11.466667	-0.000450
11.500000	-0.000351
11.533333	-0.000264
11.566667	-0.000188
11.600000	-0.000124
11.633333	-0.000071
11.666667	-0.000030
11.700000	-0.000000
11.733333	0.000018
11.766667	0.000024
11.800000	0.000019
11.833333	0.000001
11.866667	-0.000028
11.900000	-0.000069
11.933333	-0.000122
11.966667	-0.000188
