-88.000000	-0.000000
-87.966667	-0.000001
-87.933333	-0.000001
-87.900000	-0.000001
-87.866667	-0.000001
-87.833333	-0.000001
-87.800000	-0.000001
-87.766667	-0.000001
-87.733333	-0.000001
-87.700000	-0.000000
-87.666667	0.000000
-87.633333	0.000001
-87.600000	0.000002
-87.566667	0.000004
-87.533333	0.000005
-87.500000	0.000008
-87.466667	0.000011
-87.433333	0.000014
-87.400000	0.000018
-87.366667	0.000023
-87.333333	0.000029
-87.300000	0.000035
-87.266667	0.000041
-87.233333	0.000049
-87.200000	0.000056
-87.166667	0.000064
-87.133333	0.000072
-87.100000	0.000081
-87.066667	0.000089
-87.033333	0.000097
-87.000000	0.000104
-86.966667	0.000111
-86.933333	0.000117
-86.900000	0.000122
-86.866667	0.000126
-86.833333	0.000128
-86.800000	0.000129
-86.766667	0.000128
-86.733333	0.000126
-86.700000	0.000122
-86.666667	0.000118
-86.633333	0.000111
-86.600000	0.000101
-86.566667	0.000089
-86.533333	0.000080
-86.500000	0.000066
-86.466667	0.000053
-86.433333	0.000039
-86.400000	0.000024
-86.366667	0.000006
-86.333333	-0.000018
-86.300000	-0.000045
-86.266667	-0.000063
-86.233333	-0.000084
-86.200000	-0.000103
-86.166667	-0.000123
-86.133333	-0.000151
-86.100000	-0.000180
-86.066667	-0.000206
-86.033333	-0.000229
-86.000000	-0.000257
-85.966667	-0.000281
-85.933333	-0.000306
-85.900000	-0.000330
-85.866667	-0.000352
-85.833333	-0.000375
-85.800000	-0.000396
-85.766667	-0.000415
-85.733333	-0.000437
-85.700000	-0.000455
-85.666667	-0.000454
-85.633333	-0.000468
-85.600000	-0.000479
-85.566667	-0.000495
-85.533333	-0.000502
-85.500000	-0.000506
-85.466667	-0.000509
-85.433333	-0.000519
-85.400000	-0.000526
-85.366667	-0.000535
-85.333333	-0.000550
-85.300000	-0.000553
-85.266667	-0.000560
-85.233333	-0.000579
-85.200000	-0.000598
-85.166667	-0.000622
-85.133333	-0.000648
-85.100000	-0.000667
-85.066667	-0.000693
-85.033333	-0.000727
-85.000000	-0.000765
-84.966667	-0.000786
-84.933333	-0.000824
-84.900000	-0.000853
-84.866667	-0.000894
-84.833333	-0.000922
-84.800000	-0.000959
-84.766667	-0.000993
-84.733333	-0.001006
-84.700000	-0.001029
-84.666667	-0.001047
-84.633333	-0.001077
-84.600000	-0.001094
-84.566667	-0.001106
-84.533333	-0.001107
-84.500000	-0.001110
-84.466667	-0.001119
-84.433333	-0.001123
-84.400000	-0.001115
-84.366667	-0.001104
-84.333333	-0.001102
-84.300000	-0.001088
-84.266667	-0.001080
-84.233333	-0.001062
-84.200000	-0.001047
-84.166667	-0.001027
-84.133333	-0.000991
-84.100000	-0.000977
-84.066667	-0.000955
-84.033333	-0.000929
-84.000000	-0.000896
-83.966667	-0.000861
-83.933333	-0.000839
-83.900000	-0.000805
-83.866667	-0.000780
-83.833333	-0.000742
-83.800000	-0.000720
-83.766667	-0.000687
-83.733333	-0.000656
-83.700000	-0.000647
-83.666667	-0.000631
-83.633333	-0.000617
-83.600000	-0.000607
-83.566667	-0.000605
-83.533333	-0.000609
-83.500000	-0.000616
-83.466667	-0.000622
-83.433333	-0.000638
-83.400000	-0.000655
-83.366667	-0.000678
-83.333333	-0.000688
-83.300000	-0.000718
-83.266667	-0.000736
-83.233333	-0.000754
-83.200000	-0.000775
-83.166667	-0.000783
-83.133333	-0.000785
-83.100000	-0.000799
-83.066667	-0.000790
-83.033333	-0.000780
-83.000000	-0.000762
-82.966667	-0.000738
-82.933333	-0.000707
-82.900000	-0.000674
-82.866667	-0.000639
-82.833333	-0.000602
-82.800000	-0.000554
-82.766667	-0.000501
-82.733333	-0.000451
-82.700000	-0.000403
-82.666667	-0.000356
-82.633333	-0.000304
-82.600000	-0.000252
-82.566667	-0.000209
-82.533333	-0.000161
-82.500000	-0.000117
-82.466667	-0.000081
-82.433333	-0.000048
-82.400000	-0.000012
-82.366667	0.000027
-82.333333	0.000067
-82.300000	0.000082
-82.266667	0.000125
-82.233333	0.000157
-82.200000	0.000189
-82.166667	0.000226
-82.133333	0.000264
-82.100000	0.000304
-82.066667	0.000346
-82.033333	0.000392
-82.000000	0.000438
-81.966667	0.000487
-81.933333	0.000537
-81.900000	0.000588
-81.866667	0.000639
-81.833333	0.000694
-81.800000	0.000756
-81.766667	0.000815
-81.733333	0.000860
-81.700000	0.000904
-81.666667	0.000969
-81.633333	0.001005
-81.600000	0.001048
-81.566667	0.001084
-81.533333	0.001117
-81.500000	0.001144
-81.466667	0.001163
-81.433333	0.001182
-81.400000	0.001191
-81.366667	0.001196
-81.333333	0.001196
-81.300000	0.001191
-81.266667	0.001181
-81.233333	0.001166
-81.200000	0.001147
-81.166667	0.001128
-81.133333	0.001104
-81.100000	0.001080
-81.066667	0.001055
-81.033333	0.001028
-81.000000	0.000998
-80.966667	0.000968
-80.933333	0.000942
-80.900000	0.000919
-80.866667	0.000892
-80.833333	0.000864
-80.800000	0.000839
-80.766667	0.000814
-80.733333	0.000785
-80.700000	0.000762
-80.666667	0.000741
-80.633333	0.000698
-80.600000	0.000679
-80.566667	0.000648
-80.533333	0.000607
-80.500000	0.000576
-80.466667	0.000536
-80.433333	0.000497
-80.400000	0.000451
-80.366667	0.000404
-80.333333	0.000362
-80.300000	0.000307
-80.266667	0.000256
-80.233333	0.000203
-80.200000	0.000149
-80.166667	0.000094
-80.133333	0.000040
-80.100000	-0.000015
-80.066667	-0.000070
-80.033333	-0.000124
-80.000000	-0.000176
-79.966667	-0.000224
-79.933333	-0.000268
-79.900000	-0.000314
-79.866667	-0.000359
-79.833333	-0.000399
-79.800000	-0.000435
-79.766667	-0.000469
-79.733333	-0.000505
-79.700000	-0.000534
-79.666667	-0.000562
-79.633333	-0.000588
-79.600000	-0.000611
-79.566667	-0.000637
-79.533333	-0.000665
-79.500000	-0.000682
-79.466667	-0.000709
-79.433333	-0.000731
-79.400000	-0.000754
-79.366667	-0.000771
-79.333333	-0.000789
-79.300000	-0.000820
-79.266667	-0.000849
-79.233333	-0.000885
-79.200000	-0.000907
-79.166667	-0.000926
-79.133333	-0.000951
-79.100000	-0.000984
-79.066667	-0.001014
-79.033333	-0.001040
-79.000000	-0.001069
-78.966667	-0.001099
-78.933333	-0.001128
-78.900000	-0.001156
-78.866667	-0.001180
-78.833333	-0.001209
-78.800000	-0.001237
-78.766667	-0.001264
-78.733333	-0.001291
-78.700000	-0.001315
-78.666667	-0.001341
-78.633333	-0.001367
-78.600000	-0.001390
-78.566667	-0.001414
-78.533333	-0.001440
-78.500000	-0.001465
-78.466667	-0.001477
-78.433333	-0.001500
-78.400000	-0.001519
-78.366667	-0.001539
-78.333333	-0.001553
-78.300000	-0.001578
-78.266667	-0.001595
-78.233333	-0.001603
-78.200000	-0.001599
-78.166667	-0.001605
-78.133333	-0.001619
-78.100000	-0.001625
-78.066667	-0.001628
-78.033333	-0.001632
-78.000000	-0.001630
-77.966667	-0.001629
-77.933333	-0.001624
-77.900000	-0.001622
-77.866667	-0.001625
-77.833333	-0.001622
-77.800000	-0.001616
-77.766667	-0.001612
-77.733333	-0.001618
-77.700000	-0.001611
-77.666667	-0.001611
-77.633333	-0.001610
-77.600000	-0.001608
-77.566667	-0.001606
-77.533333	-0.001603
-77.500000	-0.001594
-77.466667	-0.001581
-77.433333	-0.001578
-77.400000	-0.001566
-77.366667	-0.001553
-77.333333	-0.001520
-77.300000	-0.001499
-77.266667	-0.001460
-77.233333	-0.001422
-77.200000	-0.001377
-77.166667	-0.001328
-77.133333	-0.001274
-77.100000	-0.001213
-77.066667	-0.001155
-77.033333	-0.001087
-77.000000	-0.001002
-76.966667	-0.000928
-76.933333	-0.000863
-76.900000	-0.000787
-76.866667	-0.000719
-76.833333	-0.000643
-76.800000	-0.000588
-76.766667	-0.000523
-76.733333	-0.000476
-76.700000	-0.000427
-76.666667	-0.000397
-76.633333	-0.000368
-76.600000	-0.000348
-76.566667	-0.000335
-76.533333	-0.000331
-76.500000	-0.000335
-76.466667	-0.000351
-76.433333	-0.000375
-76.400000	-0.000396
-76.366667	-0.000414
-76.333333	-0.000445
-76.300000	-0.000470
-76.266667	-0.000504
-76.233333	-0.000540
-76.200000	-0.000564
-76.166667	-0.000586
-76.133333	-0.000606
-76.100000	-0.000629
-76.066667	-0.000650
-76.033333	-0.000667
-76.000000	-0.000679
-75.966667	-0.000694
-75.933333	-0.000683
-75.900000	-0.000663
-75.866667	-0.000671
-75.833333	-0.000691
-75.800000	-0.000697
-75.766667	-0.000672
-75.733333	-0.000669
-75.700000	-0.000665
-75.666667	-0.000665
-75.633333	-0.000650
-75.600000	-0.000643
-75.566667	-0.000634
-75.533333	-0.000623
-75.500000	-0.000613
-75.466667	-0.000604
-75.433333	-0.000590
-75.400000	-0.000567
-75.366667	-0.000546
-75.333333	-0.000535
-75.300000	-0.000507
-75.266667	-0.000485
-75.233333	-0.000459
-75.200000	-0.000425
-75.166667	-0.000399
-75.133333	-0.000367
-75.100000	-0.000335
-75.066667	-0.000315
-75.033333	-0.000273
-75.000000	-0.000236
-74.966667	-0.000190
-74.933333	-0.000142
-74.900000	-0.000112
-74.866667	-0.000090
-74.833333	-0.000059
-74.800000	-0.000001
-74.766667	0.000057
-74.733333	0.000093
-74.700000	0.000132
-74.666667	0.000184
-74.633333	0.000241
-74.600000	0.000291
-74.566667	0.000350
-74.533333	0.000412
-74.500000	0.000474
-74.466667	0.000533
-74.433333	0.000596
-74.400000	0.000680
-74.366667	0.000749
-74.333333	0.000801
-74.300000	0.000881
-74.266667	0.000965
-74.233333	0.001023
-74.200000	0.001095
-74.166667	0.001158
-74.133333	0.001228
-74.100000	0.001290
-74.066667	0.001338
-74.033333	0.001395
-74.000000	0.001439
-73.966667	0.001486
-73.933333	0.001531
-73.900000	0.001567
-73.866667	0.001598
-73.833333	0.001625
-73.800000	0.001654
-73.766667	0.001679
-73.733333	0.001701
-73.700000	0.001724
-73.666667	0.001748
-73.633333	0.001767
-73.600000	0.001796
-73.566667	0.001825
-73.533333	0.001849
-73.500000	0.001878
-73.466667	0.001925
-73.433333	0.001963
-73.400000	0.002019
-73.366667	0.002060
-73.333333	0.002116
-73.300000	0.002194
-73.266667	0.002257
-73.233333	0.002322
-73.200000	0.002398
-73.166667	0.002469
-73.133333	0.002542
-73.100000	0.002604
-73.066667	0.002652
-73.033333	0.002723
-73.000000	0.002784
-72.966667	0.002855
-72.933333	0.002914
-72.900000	0.002966
-72.866667	0.003021
-72.833333	0.003071
-72.800000	0.003111
-72.766667	0.003150
-72.733333	0.003184
-72.700000	0.003216
-72.666667	0.003243
-72.633333	0.003268
-72.600000	0.003294
-72.566667	0.003313
-72.533333	0.003321
-72.500000	0.003346
-72.466667	0.003363
-72.433333	0.003360
-72.400000	0.003367
-72.366667	0.003372
-72.333333	0.003374
-72.300000	0.003366
-72.266667	0.003337
-72.233333	0.003299
-72.200000	0.003228
-72.166667	0.003155
-72.133333	0.003050
-72.100000	0.002920
-72.066667	0.002781
-72.033333	0.002614
-72.000000	0.002385
-71.966667	0.002126
-71.933333	0.001811
-71.900000	0.001468
-71.866667	0.001082
-71.833333	0.000645
-71.800000	0.000164
-71.766667	-0.000343
-71.733333	-0.000880
-71.700000	-0.001443
-71.666667	-0.002028
-71.633333	-0.002631
-71.600000	-0.003242
-71.566667	-0.003840
-71.533333	-0.004425
-71.500000	-0.004972
-71.466667	-0.005488
-71.433333	-0.005953
-71.400000	-0.006360
-71.366667	-0.006693
-71.333333	-0.006958
-71.300000	-0.007151
-71.266667	-0.007278
-71.233333	-0.007325
-71.200000	-0.007304
-71.166667	-0.007197
-71.133333	-0.007039
-71.100000	-0.006808
-71.066667	-0.006524
-71.033333	-0.006193
-71.000000	-0.005809
-70.966667	-0.005374
-70.933333	-0.004906
-70.900000	-0.004423
-70.866667	-0.003927
-70.833333	-0.003413
-70.800000	-0.002884
-70.766667	-0.002350
-70.733333	-0.001811
-70.700000	-0.001265
-70.666667	-0.000723
-70.633333	-0.000201
-70.600000	0.000342
-70.566667	0.000891
-70.533333	0.001426
-70.500000	0.001952
-70.466667	0.002464
-70.433333	0.002957
-70.400000	0.003425
-70.366667	0.003864
-70.333333	0.004267
-70.300000	0.004625
-70.266667	0.004934
-70.233333	0.005200
-70.200000	0.005427
-70.166667	0.005611
-70.133333	0.005753
-70.100000	0.005854
-70.066667	0.005915
-70.033333	0.005949
-70.000000	0.005942
-69.966667	0.005905
-69.933333	0.005835
-69.900000	0.005761
-69.866667	0.005688
-69.833333	0.005620
-69.800000	0.005565
-69.766667	0.005529
-69.733333	0.005520
-69.700000	0.005542
-69.666667	0.005585
-69.633333	0.005647
-69.600000	0.005750
-69.566667	0.005854
-69.533333	0.005983
-69.500000	0.006130
-69.466667	0.006283
-69.433333	0.006431
-69.400000	0.006572
-69.366667	0.006704
-69.333333	0.006834
-69.300000	0.006962
-69.266667	0.007077
-69.233333	0.007166
-69.200000	0.007221
-69.166667	0.007242
-69.133333	0.007253
-69.100000	0.007252
-69.066667	0.007219
-69.033333	0.007170
-69.000000	0.007116
-68.966667	0.007045
-68.933333	0.006974
-68.900000	0.006905
-68.866667	0.006834
-68.833333	0.006767
-68.800000	0.006704
-68.766667	0.006646
-68.733333	0.006602
-68.700000	0.006556
-68.666667	0.006529
-68.633333	0.006487
-68.600000	0.006471
-68.566667	0.006456
-68.533333	0.006459
-68.500000	0.006460
-68.466667	0.006453
-68.433333	0.006446
-68.400000	0.006448
-68.366667	0.006461
-68.333333	0.006476
-68.300000	0.006482
-68.266667	0.006474
-68.233333	0.006454
-68.200000	0.006428
-68.166667	0.006408
-68.133333	0.006399
-68.100000	0.006376
-68.066667	0.006329
-68.033333	0.006287
-68.000000	0.006249
-67.966667	0.006194
-67.933333	0.006142
-67.900000	0.006077
-67.866667	0.006008
-67.833333	0.005931
-67.800000	0.005847
-67.766667	0.005758
-67.733333	0.005665
-67.700000	0.005557
-67.666667	0.005451
-67.633333	0.005323
-67.600000	0.005200
-67.566667	0.005055
-67.533333	0.004909
-67.500000	0.004750
-67.466667	0.004583
-67.433333	0.004411
-67.400000	0.004232
-67.366667	0.004043
-67.333333	0.003841
-67.300000	0.003633
-67.266667	0.003425
-67.233333	0.003209
-67.200000	0.002976
-67.166667	0.002739
-67.133333	0.002488
-67.100000	0.002231
-67.066667	0.001985
-67.033333	0.001768
-67.000000	0.001555
-66.966667	0.001338
-66.933333	0.001155
-66.900000	0.001005
-66.866667	0.000893
-66.833333	0.000827
-66.800000	0.000822
-66.766667	0.000891
-66.733333	0.001046
-66.700000	0.001302
-66.666667	0.001679
-66.633333	0.002178
-66.600000	0.002804
-66.566667	0.003593
-66.533333	0.004528
-66.500000	0.005617
-66.466667	0.006867
-66.433333	0.008273
-66.400000	0.009826
-66.366667	0.011539
-66.333333	0.013403
-66.300000	0.015417
-66.266667	0.017563
-66.233333	0.019829
-66.200000	0.022206
-66.166667	0.024693
-66.133333	0.027269
-66.100000	0.029939
-66.066667	0.032690
-66.033333	0.035502
-66.000000	0.038351
-65.966667	0.041262
-65.933333	0.044252
-65.900000	0.047281
-65.866667	0.050381
-65.833333	0.053534
-65.800000	0.056744
-65.766667	0.060034
-65.733333	0.063426
-65.700000	0.066897
-65.666667	0.070496
-65.633333	0.074202
-65.600000	0.078016
-65.566667	0.081953
-65.533333	0.085997
-65.500000	0.090161
-65.466667	0.094424
-65.433333	0.098742
-65.400000	0.103111
-65.366667	0.107506
-65.333333	0.111872
-65.300000	0.116177
-65.266667	0.120381
-65.233333	0.124457
-65.200000	0.128310
-65.166667	0.131878
-65.133333	0.135106
-65.100000	0.137937
-65.066667	0.140288
-65.033333	0.142108
-65.000000	0.143331
-64.966667	0.143911
-64.933333	0.143809
-64.900000	0.142976
-64.866667	0.141400
-64.833333	0.139055
-64.800000	0.135936
-64.766667	0.132062
-64.733333	0.127431
-64.700000	0.122022
-64.666667	0.115862
-64.633333	0.108939
-64.600000	0.101271
-64.566667	0.092833
-64.533333	0.083648
-64.500000	0.073642
-64.466667	0.062722
-64.433333	0.050764
-64.400000	0.037587
-64.366667	0.022932
-64.333333	0.006499
-64.300000	-0.012080
-64.266667	-0.033250
-64.233333	-0.057501
-64.200000	-0.085358
-64.166667	-0.117279
-64.133333	-0.153703
-64.100000	-0.194957
-64.066667	-0.241247
-64.033333	-0.292569
-64.000000	-0.348651
-63.966667	-0.409003
-63.933333	-0.472871
-63.900000	-0.539267
-63.866667	-0.606961
-63.833333	-0.674489
-63.800000	-0.740224
-63.766667	-0.802435
-63.733333	-0.859410
-63.700000	-0.909418
-63.666667	-0.950773
-63.633333	-0.981944
-63.600000	-1.001658
-63.566667	-1.008899
-63.533333	-1.002927
-63.500000	-0.983408
-63.466667	-0.950317
-63.433333	-0.904033
-63.400000	-0.845332
-63.366667	-0.775308
-63.333333	-0.695392
-63.300000	-0.607307
-63.266667	-0.512998
-63.233333	-0.414522
-63.200000	-0.313999
-63.166667	-0.213534
-63.133333	-0.115153
-63.100000	-0.020661
-63.066667	0.068307
-63.033333	0.150446
-63.000000	0.224780
-62.966667	0.290550
-62.933333	0.347311
-62.900000	0.394915
-62.866667	0.433509
-62.833333	0.463429
-62.800000	0.485182
-62.766667	0.499353
-62.733333	0.506657
-62.700000	0.507913
-62.666667	0.503950
-62.633333	0.495554
-62.600000	0.483496
-62.566667	0.468522
-62.533333	0.451326
-62.500000	0.432572
-62.466667	0.412839
-62.433333	0.392624
-62.400000	0.372365
-62.366667	0.352458
-62.333333	0.333217
-62.300000	0.314899
-62.266667	0.297714
-62.233333	0.281844
-62.200000	0.267416
-62.166667	0.254494
-62.133333	0.243092
-62.100000	0.233214
-62.066667	0.224777
-62.033333	0.217717
-62.000000	0.211913
-61.966667	0.207185
-61.933333	0.203341
-61.900000	0.200210
-61.866667	0.197606
-61.833333	0.195304
-61.800000	0.193117
-61.766667	0.190885
-61.733333	0.188495
-61.700000	0.185856
-61.666667	0.182922
-61.633333	0.179660
-61.600000	0.176021
-61.566667	0.172047
-61.533333	0.167764
-61.500000	0.163226
-61.466667	0.158475
-61.433333	0.153566
-61.400000	0.148543
-61.366667	0.143461
-61.333333	0.138375
-61.300000	0.133330
-61.266667	0.128348
-61.233333	0.123433
-61.200000	0.118556
-61.166667	0.113695
-61.133333	0.108804
-61.100000	0.103824
-61.066667	0.098677
-61.033333	0.093278
-61.000000	0.087566
-60.966667	0.081477
-60.933333	0.074995
-60.900000	0.068130
-60.866667	0.060914
-60.833333	0.053396
-60.800000	0.045651
-60.766667	0.037794
-60.733333	0.029955
-60.700000	0.022256
-60.666667	0.014830
-60.633333	0.007776
-60.600000	0.001180
-60.566667	-0.004822
-60.533333	-0.010148
-60.500000	-0.014716
-60.466667	-0.018472
-60.433333	-0.021393
-60.400000	-0.023485
-60.366667	-0.024767
-60.333333	-0.025289
-60.300000	-0.025127
-60.266667	-0.024406
-60.233333	-0.023253
-60.200000	-0.021829
-60.166667	-0.020266
-60.133333	-0.018721
-60.100000	-0.017348
-60.066667	-0.016291
-60.033333	-0.015658
-60.000000	-0.015503
-59.966667	-0.015867
-59.933333	-0.016740
-59.900000	-0.018119
-59.866667	-0.019986
-59.833333	-0.022276
-59.800000	-0.024927
-59.766667	-0.027840
-59.733333	-0.030936
-59.700000	-0.034130
-59.666667	-0.037335
-59.633333	-0.040465
-59.600000	-0.043424
-59.566667	-0.046140
-59.533333	-0.048538
-59.500000	-0.050590
-59.466667	-0.052289
-59.433333	-0.053640
-59.400000	-0.054690
-59.366667	-0.055451
-59.333333	-0.055922
-59.300000	-0.056151
-59.266667	-0.056145
-59.233333	-0.055937
-59.200000	-0.055578
-59.166667	-0.055073
-59.133333	-0.054435
-59.100000	-0.053675
-59.066667	-0.052785
-59.033333	-0.051750
-59.000000	-0.050552
-58.966667	-0.049167
-58.933333	-0.047575
-58.900000	-0.045747
-58.866667	-0.043681
-58.833333	-0.041355
-58.800000	-0.038807
-58.766667	-0.036048
-58.733333	-0.033107
-58.700000	-0.030076
-58.666667	-0.026955
-58.633333	-0.023817
-58.600000	-0.020719
-58.566667	-0.017726
-58.533333	-0.014869
-58.500000	-0.012203
-58.466667	-0.009768
-58.433333	-0.007586
-58.400000	-0.005686
-58.366667	-0.004047
-58.333333	-0.002677
-58.300000	-0.001595
-58.266667	-0.000776
-58.233333	-0.000260
-58.200000	-0.000053
-58.166667	-0.000107
-58.133333	-0.000422
-58.100000	-0.000976
-58.066667	-0.001722
-58.033333	-0.002640
-58.000000	-0.003712
-57.966667	-0.004896
-57.933333	-0.006142
-57.900000	-0.007412
-57.866667	-0.008709
-57.833333	-0.009987
-57.800000	-0.011241
-57.766667	-0.012428
-57.733333	-0.013529
-57.700000	-0.014552
-57.666667	-0.015414
-57.633333	-0.016135
-57.600000	-0.016679
-57.566667	-0.017022
-57.533333	-0.017147
-57.500000	-0.017061
-57.466667	-0.016770
-57.433333	-0.016284
-57.400000	-0.015630
-57.366667	-0.014831
-57.333333	-0.013904
-57.300000	-0.012872
-57.266667	-0.011770
-57.233333	-0.010600
-57.200000	-0.009398
-57.166667	-0.008161
-57.133333	-0.006932
-57.100000	-0.005716
-57.066667	-0.004516
-57.033333	-0.003364
-57.000000	-0.002260
-56.966667	-0.001196
-56.933333	-0.000174
-56.900000	0.000811
-56.866667	0.001734
-56.833333	0.002618
-56.800000	0.003452
-56.766667	0.004244
-56.733333	0.004984
-56.700000	0.005667
-56.666667	0.006284
-56.633333	0.006815
-56.600000	0.007228
-56.566667	0.007499
-56.533333	0.007609
-56.500000	0.007539
-56.466667	0.007241
-56.433333	0.006697
-56.400000	0.005907
-56.366667	0.004873
-56.333333	0.003597
-56.300000	0.002102
-56.266667	0.000378
-56.233333	-0.001535
-56.200000	-0.003634
-56.166667	-0.005871
-56.133333	-0.008211
-56.100000	-0.010610
-56.066667	-0.013015
-56.033333	-0.015374
-56.000000	-0.017636
-55.966667	-0.019749
-55.933333	-0.021661
-55.900000	-0.023340
-55.866667	-0.024782
-55.833333	-0.025960
-55.800000	-0.026878
-55.766667	-0.027543
-55.733333	-0.027952
-55.700000	-0.028130
-55.666667	-0.028086
-55.633333	-0.027865
-55.600000	-0.027516
-55.566667	-0.027058
-55.533333	-0.026510
-55.500000	-0.025915
-55.466667	-0.025323
-55.433333	-0.024741
-55.400000	-0.024187
-55.366667	-0.023693
-55.333333	-0.023281
-55.300000	-0.022952
-55.266667	-0.022715
-55.233333	-0.022550
-55.200000	-0.022460
-55.166667	-0.022435
-55.133333	-0.022448
-55.100000	-0.022477
-55.066667	-0.022499
-55.033333	-0.022490
-55.000000	-0.022432
-54.966667	-0.022293
-54.933333	-0.022064
-54.900000	-0.021733
-54.866667	-0.021277
-54.833333	-0.020708
-54.800000	-0.020011
-54.766667	-0.019177
-54.733333	-0.018230
-54.700000	-0.017171
-54.666667	-0.016029
-54.633333	-0.014834
-54.600000	-0.013603
-54.566667	-0.012326
-54.533333	-0.011065
-54.500000	-0.009860
-54.466667	-0.008751
-54.433333	-0.007765
-54.400000	-0.006924
-54.366667	-0.006250
-54.333333	-0.005761
-54.300000	-0.005453
-54.266667	-0.005325
-54.233333	-0.005406
-54.200000	-0.005680
-54.166667	-0.006144
-54.133333	-0.006777
-54.100000	-0.007566
-54.066667	-0.008489
-54.033333	-0.009516
-54.000000	-0.010608
-53.966667	-0.011710
-53.933333	-0.012810
-53.900000	-0.013858
-53.866667	-0.014824
-53.833333	-0.015695
-53.800000	-0.016432
-53.766667	-0.017034
-53.733333	-0.017487
-53.700000	-0.017765
-53.666667	-0.017884
-53.633333	-0.017831
-53.600000	-0.017608
-53.566667	-0.017229
-53.533333	-0.016735
-53.500000	-0.016119
-53.466667	-0.015394
-53.433333	-0.014572
-53.400000	-0.013664
-53.366667	-0.012708
-53.333333	-0.011705
-53.300000	-0.010676
-53.266667	-0.009643
-53.233333	-0.008624
-53.200000	-0.007614
-53.166667	-0.006633
-53.133333	-0.005673
-53.100000	-0.004745
-53.066667	-0.003861
-53.033333	-0.003012
-53.000000	-0.002173
-52.966667	-0.001377
-52.933333	-0.000638
-52.900000	0.000033
-52.866667	0.000622
-52.833333	0.001106
-52.800000	0.001476
-52.766667	0.001712
-52.733333	0.001798
-52.700000	0.001724
-52.666667	0.001490
-52.633333	0.001101
-52.600000	0.000573
-52.566667	-0.000089
-52.533333	-0.000879
-52.500000	-0.001782
-52.466667	-0.002781
-52.433333	-0.003871
-52.400000	-0.005022
-52.366667	-0.006219
-52.333333	-0.007426
-52.300000	-0.008605
-52.266667	-0.009724
-52.233333	-0.010726
-52.200000	-0.011564
-52.166667	-0.012197
-52.133333	-0.012588
-52.100000	-0.012712
-52.066667	-0.012539
-52.033333	-0.012038
-52.000000	-0.011212
-51.966667	-0.010104
-51.933333	-0.008718
-51.900000	-0.007097
-51.866667	-0.005274
-51.833333	-0.003282
-51.800000	-0.001180
-51.766667	0.000970
-51.733333	0.003109
-51.700000	0.005184
-51.666667	0.007131
-51.633333	0.008897
-51.600000	0.010435
-51.566667	0.011706
-51.533333	0.012686
-51.500000	0.013350
-51.466667	0.013714
-51.433333	0.013786
-51.400000	0.013615
-51.366667	0.013221
-51.333333	0.012640
-51.300000	0.011945
-51.266667	0.011154
-51.233333	0.010337
-51.200000	0.009536
-51.166667	0.008781
-51.133333	0.008109
-51.100000	0.007544
-51.066667	0.007111
-51.033333	0.006823
-51.000000	0.006697
-50.966667	0.006728
-50.933333	0.006881
-50.900000	0.007116
-50.866667	0.007388
-50.833333	0.007674
-50.800000	0.007904
-50.766667	0.008062
-50.733333	0.008078
-50.700000	0.007952
-50.666667	0.007631
-50.633333	0.007116
-50.600000	0.006405
-50.566667	0.005506
-50.533333	0.004434
-50.500000	0.003210
-50.466667	0.001887
-50.433333	0.000497
-50.400000	-0.000913
-50.366667	-0.002325
-50.333333	-0.003707
-50.300000	-0.005014
-50.266667	-0.006221
-50.233333	-0.007294
-50.200000	-0.008213
-50.166667	-0.008974
-50.133333	-0.009562
-50.100000	-0.009971
-50.066667	-0.010183
-50.033333	-0.010202
-50.000000	-0.010053
-49.966667	-0.009795
-49.933333	-0.009496
-49.900000	-0.009136
-49.866667	-0.008769
-49.833333	-0.008382
-49.800000	-0.008012
-49.766667	-0.007652
-49.733333	-0.007326
-49.700000	-0.006999
-49.666667	-0.006694
-49.633333	-0.006359
-49.600000	-0.005961
-49.566667	-0.005511
-49.533333	-0.004963
-49.500000	-0.004305
-49.466667	-0.003505
-49.433333	-0.002569
-49.400000	-0.001490
-49.366667	-0.000289
-49.333333	0.001024
-49.300000	0.002420
-49.266667	0.003869
-49.233333	0.005330
-49.200000	0.006775
-49.166667	0.008164
-49.133333	0.009466
-49.100000	0.010650
-49.066667	0.011668
-49.033333	0.012465
-49.000000	0.012997
-48.966667	0.013226
-48.933333	0.013135
-48.900000	0.012746
-48.866667	0.012014
-48.833333	0.010983
-48.800000	0.009664
-48.766667	0.008101
-48.733333	0.006343
-48.700000	0.004451
-48.666667	0.002488
-48.633333	0.000524
-48.600000	-0.001385
-48.566667	-0.003202
-48.533333	-0.004842
-48.500000	-0.006275
-48.466667	-0.007455
-48.433333	-0.008374
-48.400000	-0.009016
-48.366667	-0.009391
-48.333333	-0.009509
-48.300000	-0.009395
-48.266667	-0.009078
-48.233333	-0.008586
-48.200000	-0.007953
-48.166667	-0.007228
-48.133333	-0.006466
-48.100000	-0.005730
-48.066667	-0.005080
-48.033333	-0.004550
-48.000000	-0.004154
-47.966667	-0.003919
-47.933333	-0.003833
-47.900000	-0.003889
-47.866667	-0.004065
-47.833333	-0.004318
-47.800000	-0.004593
-47.766667	-0.004847
-47.733333	-0.005043
-47.700000	-0.005148
-47.666667	-0.005125
-47.633333	-0.004951
-47.600000	-0.004613
-47.566667	-0.004116
-47.533333	-0.003481
-47.500000	-0.002734
-47.466667	-0.001903
-47.433333	-0.001051
-47.400000	-0.000233
-47.366667	0.000493
-47.333333	0.001084
-47.300000	0.001485
-47.266667	0.001649
-47.233333	0.001541
-47.200000	0.001132
-47.166667	0.000408
-47.133333	-0.000624
-47.100000	-0.001952
-47.066667	-0.003563
-47.033333	-0.005353
-47.000000	-0.007285
-46.966667	-0.009275
-46.933333	-0.011218
-46.900000	-0.013041
-46.866667	-0.014664
-46.833333	-0.015995
-46.800000	-0.016993
-46.766667	-0.017644
-46.733333	-0.017967
-46.700000	-0.017957
-46.666667	-0.017618
-46.633333	-0.016993
-46.600000	-0.016097
-46.566667	-0.014994
-46.533333	-0.013747
-46.500000	-0.012413
-46.466667	-0.011040
-46.433333	-0.009701
-46.400000	-0.008440
-46.366667	-0.007316
-46.333333	-0.006361
-46.300000	-0.005620
-46.266667	-0.005108
-46.233333	-0.004831
-46.200000	-0.004787
-46.166667	-0.004958
-46.133333	-0.005319
-46.100000	-0.005845
-46.066667	-0.006500
-46.033333	-0.007187
-46.000000	-0.007908
-45.966667	-0.008573
-45.933333	-0.009152
-45.900000	-0.009610
-45.866667	-0.009919
-45.833333	-0.010061
-45.800000	-0.010062
-45.766667	-0.009913
-45.733333	-0.009638
-45.700000	-0.009225
-45.666667	-0.008694
-45.633333	-0.008079
-45.600000	-0.007393
-45.566667	-0.006696
-45.533333	-0.006026
-45.500000	-0.005412
-45.466667	-0.004875
-45.433333	-0.004451
-45.400000	-0.004159
-45.366667	-0.004016
-45.333333	-0.004029
-45.300000	-0.004198
-45.266667	-0.004510
-45.233333	-0.004949
-45.200000	-0.005485
-45.166667	-0.006091
-45.133333	-0.006752
-45.100000	-0.007394
-45.066667	-0.008002
-45.033333	-0.008534
-45.000000	-0.008962
-44.966667	-0.009248
-44.933333	-0.009375
-44.900000	-0.009330
-44.866667	-0.009123
-44.833333	-0.008765
-44.800000	-0.008262
-44.766667	-0.007585
-44.733333	-0.006796
-44.700000	-0.005913
-44.666667	-0.004984
-44.633333	-0.004055
-44.600000	-0.003136
-44.566667	-0.002252
-44.533333	-0.001463
-44.500000	-0.000775
-44.466667	-0.000179
-44.433333	0.000323
-44.400000	0.000731
-44.366667	0.001060
-44.333333	0.001323
-44.300000	0.001545
-44.266667	0.001756
-44.233333	0.001983
-44.200000	0.002251
-44.166667	0.002574
-44.133333	0.002972
-44.100000	0.003455
-44.066667	0.003997
-44.033333	0.004597
-44.000000	0.005249
-43.966667	0.005917
-43.933333	0.006577
-43.900000	0.007192
-43.866667	0.007729
-43.833333	0.008165
-43.800000	0.008473
-43.766667	0.008637
-43.733333	0.008593
-43.700000	0.008297
-43.666667	0.007750
-43.633333	0.006935
-43.600000	0.005868
-43.566667	0.004543
-43.533333	0.002949
-43.500000	0.001145
-43.466667	-0.000836
-43.433333	-0.002965
-43.400000	-0.005190
-43.366667	-0.007448
-43.333333	-0.009692
-43.300000	-0.011861
-43.266667	-0.013894
-43.233333	-0.015747
-43.200000	-0.017387
-43.166667	-0.018786
-43.133333	-0.019929
-43.100000	-0.020814
-43.066667	-0.021415
-43.033333	-0.021746
-43.000000	-0.021806
-42.966667	-0.021604
-42.933333	-0.021148
-42.900000	-0.020454
-42.866667	-0.019539
-42.833333	-0.018422
-42.800000	-0.017129
-42.766667	-0.015679
-42.733333	-0.014115
-42.700000	-0.012473
-42.666667	-0.010757
-42.633333	-0.009022
-42.600000	-0.007294
-42.566667	-0.005603
-42.533333	-0.003982
-42.500000	-0.002439
-42.466667	-0.000987
-42.433333	0.000372
-42.400000	0.001635
-42.366667	0.002796
-42.333333	0.003853
-42.300000	0.004804
-42.266667	0.005638
-42.233333	0.006299
-42.200000	0.006818
-42.166667	0.007172
-42.133333	0.007345
-42.100000	0.007330
-42.066667	0.007131
-42.033333	0.006746
-42.000000	0.006174
-41.966667	0.005445
-41.933333	0.004565
-41.900000	0.003550
-41.866667	0.002402
-41.833333	0.001131
-41.800000	-0.000258
-41.766667	-0.001754
-41.733333	-0.003346
-41.700000	-0.005010
-41.666667	-0.006725
-41.633333	-0.008484
-41.600000	-0.010222
-41.566667	-0.011916
-41.533333	-0.013559
-41.500000	-0.015089
-41.466667	-0.016500
-41.433333	-0.017782
-41.400000	-0.018923
-41.366667	-0.019923
-41.333333	-0.020776
-41.300000	-0.021496
-41.266667	-0.022116
-41.233333	-0.022642
-41.200000	-0.023040
-41.166667	-0.023354
-41.133333	-0.023585
-41.100000	-0.023731
-41.066667	-0.023796
-41.033333	-0.023792
-41.000000	-0.023721
-40.966667	-0.023574
-40.933333	-0.023368
-40.900000	-0.023095
-40.866667	-0.022764
-40.833333	-0.022371
-40.800000	-0.021916
-40.766667	-0.021400
-40.733333	-0.020815
-40.700000	-0.020154
-40.666667	-0.019402
-40.633333	-0.018559
-40.600000	-0.017590
-40.566667	-0.016532
-40.533333	-0.015381
-40.500000	-0.014137
-40.466667	-0.012842
-40.433333	-0.011501
-40.400000	-0.010136
-40.366667	-0.008759
-40.333333	-0.007422
-40.300000	-0.006118
-40.266667	-0.004889
-40.233333	-0.003714
-40.200000	-0.002606
-40.166667	-0.001573
-40.133333	-0.000632
-40.100000	0.000206
-40.066667	0.000932
-40.033333	0.001539
-40.000000	0.002036
-39.966667	0.002426
-39.933333	0.002711
-39.900000	0.002899
-39.866667	0.003000
-39.833333	0.002998
-39.800000	0.002905
-39.766667	0.002731
-39.733333	0.002504
-39.700000	0.002189
-39.666667	0.001837
-39.633333	0.001436
-39.600000	0.001005
-39.566667	0.000555
-39.533333	0.000092
-39.500000	-0.000381
-39.466667	-0.000845
-39.433333	-0.001294
-39.400000	-0.001714
-39.366667	-0.002107
-39.333333	-0.002466
-39.300000	-0.002752
-39.266667	-0.002994
-39.233333	-0.003161
-39.200000	-0.003253
-39.166667	-0.003268
-39.133333	-0.003204
-39.100000	-0.003054
-39.066667	-0.002810
-39.033333	-0.002461
-39.000000	-0.001996
-38.966667	-0.001423
-38.933333	-0.000753
-38.900000	-0.000002
-38.866667	0.000830
-38.833333	0.001708
-38.800000	0.002633
-38.766667	0.003580
-38.733333	0.004535
-38.700000	0.005461
-38.666667	0.006397
-38.633333	0.007314
-38.600000	0.008228
-38.566667	0.009131
-38.533333	0.010010
-38.500000	0.010852
-38.466667	0.011644
-38.433333	0.012374
-38.400000	0.013023
-38.366667	0.013557
-38.333333	0.013970
-38.300000	0.014238
-38.266667	0.014366
-38.233333	0.014365
-38.200000	0.014249
-38.166667	0.014016
-38.133333	0.013646
-38.100000	0.013169
-38.066667	0.012609
-38.033333	0.011986
-38.000000	0.011303
-37.966667	0.010573
-37.933333	0.009823
-37.900000	0.009073
-37.866667	0.008350
-37.833333	0.007661
-37.800000	0.007027
-37.766667	0.006470
-37.733333	0.006007
-37.700000	0.005656
-37.666667	0.005433
-37.633333	0.005345
-37.600000	0.005393
-37.566667	0.005571
-37.533333	0.005869
-37.500000	0.006280
-37.466667	0.006799
-37.433333	0.007413
-37.400000	0.008109
-37.366667	0.008874
-37.333333	0.009696
-37.300000	0.010552
-37.266667	0.011440
-37.233333	0.012330
-37.200000	0.013190
-37.166667	0.014002
-37.133333	0.014730
-37.100000	0.015395
-37.066667	0.015972
-37.033333	0.016446
-37.000000	0.016803
-36.966667	0.017050
-36.933333	0.017187
-36.900000	0.017219
-36.866667	0.017141
-36.833333	0.016967
-36.800000	0.016705
-36.766667	0.016359
-36.733333	0.015931
-36.700000	0.015434
-36.666667	0.014886
-36.633333	0.014312
-36.600000	0.013728
-36.566667	0.013149
-36.533333	0.012601
-36.500000	0.012086
-36.466667	0.011590
-36.433333	0.011144
-36.400000	0.010731
-36.366667	0.010357
-36.333333	0.010006
-36.300000	0.009669
-36.266667	0.009356
-36.233333	0.009039
-36.200000	0.008698
-36.166667	0.008332
-36.133333	0.007934
-36.100000	0.007516
-36.066667	0.007065
-36.033333	0.006595
-36.000000	0.006137
-35.966667	0.005640
-35.933333	0.005167
-35.900000	0.004713
-35.866667	0.004283
-35.833333	0.003891
-35.800000	0.003545
-35.766667	0.003255
-35.733333	0.003038
-35.700000	0.002912
-35.666667	0.002890
-35.633333	0.002984
-35.600000	0.003200
-35.566667	0.003511
-35.533333	0.003930
-35.500000	0.004417
-35.466667	0.004953
-35.433333	0.005551
-35.400000	0.006172
-35.366667	0.006805
-35.333333	0.007392
-35.300000	0.007902
-35.266667	0.008296
-35.233333	0.008537
-35.200000	0.008620
-35.166667	0.008561
-35.133333	0.008373
-35.100000	0.008055
-35.066667	0.007621
-35.033333	0.007103
-35.000000	0.006523
-34.966667	0.005875
-34.933333	0.005244
-34.900000	0.004602
-34.866667	0.003981
-34.833333	0.003406
-34.800000	0.002878
-34.766667	0.002409
-34.733333	0.002001
-34.700000	0.001651
-34.666667	0.001365
-34.633333	0.001137
-34.600000	0.000968
-34.566667	0.000826
-34.533333	0.000706
-34.500000	0.000595
-34.466667	0.000459
-34.433333	0.000289
-34.400000	0.000053
-34.366667	-0.000282
-34.333333	-0.000750
-34.300000	-0.001357
-34.266667	-0.002107
-34.233333	-0.002954
-34.200000	-0.003874
-34.166667	-0.004831
-34.133333	-0.005807
-34.100000	-0.006768
-34.066667	-0.007671
-34.033333	-0.008485
-34.000000	-0.009197
-33.966667	-0.009775
-33.933333	-0.010238
-33.900000	-0.010569
-33.866667	-0.010751
-33.833333	-0.010802
-33.800000	-0.010724
-33.766667	-0.010526
-33.733333	-0.010226
-33.700000	-0.009834
-33.666667	-0.009368
-33.633333	-0.008853
-33.600000	-0.008304
-33.566667	-0.007753
-33.533333	-0.007220
-33.500000	-0.006711
-33.466667	-0.006269
-33.433333	-0.005886
-33.400000	-0.005562
-33.366667	-0.005288
-33.333333	-0.005081
-33.300000	-0.004928
-33.266667	-0.004812
-33.233333	-0.004703
-33.200000	-0.004598
-33.166667	-0.004509
-33.133333	-0.004447
-33.100000	-0.004381
-33.066667	-0.004333
-33.033333	-0.004289
-33.000000	-0.004267
-32.966667	-0.004256
-32.933333	-0.004269
-32.900000	-0.004283
-32.866667	-0.004295
-32.833333	-0.004321
-32.800000	-0.004340
-32.766667	-0.004373
-32.733333	-0.004418
-32.700000	-0.004476
-32.666667	-0.004548
-32.633333	-0.004635
-32.600000	-0.004736
-32.566667	-0.004845
-32.533333	-0.004951
-32.500000	-0.005034
-32.466667	-0.005072
-32.433333	-0.005042
-32.400000	-0.004935
-32.366667	-0.004754
-32.333333	-0.004496
-32.300000	-0.004150
-32.266667	-0.003699
-32.233333	-0.003139
-32.200000	-0.002467
-32.166667	-0.001702
-32.133333	-0.000837
-32.100000	0.000126
-32.066667	0.001159
-32.033333	0.002273
-32.000000	0.003433
-31.966667	0.004639
-31.933333	0.005873
-31.900000	0.007116
-31.866667	0.008344
-31.833333	0.009535
-31.800000	0.010662
-31.766667	0.011706
-31.733333	0.012648
-31.700000	0.013473
-31.666667	0.014170
-31.633333	0.014734
-31.600000	0.015157
-31.566667	0.015450
-31.533333	0.015630
-31.500000	0.015697
-31.466667	0.015631
-31.433333	0.015500
-31.400000	0.015262
-31.366667	0.014950
-31.333333	0.014567
-31.300000	0.014117
-31.266667	0.013612
-31.233333	0.013032
-31.200000	0.012398
-31.166667	0.011700
-31.133333	0.010931
-31.100000	0.010100
-31.066667	0.009219
-31.033333	0.008297
-31.000000	0.007332
-30.966667	0.006371
-30.933333	0.005394
-30.900000	0.004424
-30.866667	0.003474
-30.833333	0.002550
-30.800000	0.001655
-30.766667	0.000789
-30.733333	-0.000049
-30.700000	-0.000857
-30.666667	-0.001624
-30.633333	-0.002341
-30.600000	-0.003000
-30.566667	-0.003586
-30.533333	-0.004097
-30.500000	-0.004539
-30.466667	-0.004903
-30.433333	-0.005153
-30.400000	-0.005360
-30.366667	-0.005491
-30.333333	-0.005577
-30.300000	-0.005629
-30.266667	-0.005654
-30.233333	-0.005657
-30.200000	-0.005624
-30.166667	-0.005568
-30.133333	-0.005511
-30.100000	-0.005399
-30.066667	-0.005261
-30.033333	-0.005088
-30.000000	-0.004882
-29.966667	-0.004623
-29.933333	-0.004347
-29.900000	-0.004031
-29.866667	-0.003699
-29.833333	-0.003368
-29.800000	-0.003050
-29.766667	-0.002760
-29.733333	-0.002507
-29.700000	-0.002291
-29.666667	-0.002100
-29.633333	-0.001940
-29.600000	-0.001819
-29.566667	-0.001739
-29.533333	-0.001700
-29.500000	-0.001699
-29.466667	-0.001742
-29.433333	-0.001834
-29.400000	-0.001976
-29.366667	-0.002173
-29.333333	-0.002430
-29.300000	-0.002721
-29.266667	-0.003070
-29.233333	-0.003450
-29.200000	-0.003877
-29.166667	-0.004344
-29.133333	-0.004855
-29.100000	-0.005376
-29.066667	-0.005946
-29.033333	-0.006552
-29.000000	-0.007197
-28.966667	-0.007866
-28.933333	-0.008560
-28.900000	-0.009275
-28.866667	-0.010007
-28.833333	-0.010744
-28.800000	-0.011477
-28.766667	-0.012197
-28.733333	-0.012892
-28.700000	-0.013544
-28.666667	-0.014138
-28.633333	-0.014677
-28.600000	-0.015150
-28.566667	-0.015543
-28.533333	-0.015840
-28.500000	-0.016044
-28.466667	-0.016146
-28.433333	-0.016147
-28.400000	-0.016056
-28.366667	-0.015885
-28.333333	-0.015642
-28.300000	-0.015341
-28.266667	-0.015001
-28.233333	-0.014621
-28.200000	-0.014232
-28.166667	-0.013831
-28.133333	-0.013432
-28.100000	-0.013041
-28.066667	-0.012665
-28.033333	-0.012317
-28.000000	-0.011993
-27.966667	-0.011703
-27.933333	-0.011460
-27.900000	-0.011259
-27.866667	-0.011103
-27.833333	-0.010990
-27.800000	-0.010915
-27.766667	-0.010876
-27.733333	-0.010877
-27.700000	-0.010911
-27.666667	-0.010970
-27.633333	-0.011068
-27.600000	-0.011176
-27.566667	-0.011293
-27.533333	-0.011408
-27.500000	-0.011526
-27.466667	-0.011645
-27.433333	-0.011775
-27.400000	-0.011911
-27.366667	-0.012066
-27.333333	-0.012221
-27.300000	-0.012371
-27.266667	-0.012475
-27.233333	-0.012551
-27.200000	-0.012554
-27.166667	-0.012489
-27.133333	-0.012351
-27.100000	-0.012088
-27.066667	-0.011732
-27.033333	-0.011270
-27.000000	-0.010708
-26.966667	-0.010047
-26.933333	-0.009281
-26.900000	-0.008412
-26.866667	-0.007441
-26.833333	-0.006376
-26.800000	-0.005238
-26.766667	-0.004038
-26.733333	-0.002783
-26.700000	-0.001478
-26.666667	-0.000147
-26.633333	0.001186
-26.600000	0.002531
-26.566667	0.003861
-26.533333	0.005173
-26.500000	0.006453
-26.466667	0.007687
-26.433333	0.008867
-26.400000	0.009997
-26.366667	0.011065
-26.333333	0.012085
-26.300000	0.013047
-26.266667	0.013946
-26.233333	0.014751
-26.200000	0.015463
-26.166667	0.016051
-26.133333	0.016528
-26.100000	0.016886
-26.066667	0.017088
-26.033333	0.017154
-26.000000	0.017074
-25.966667	0.016855
-25.933333	0.016506
-25.900000	0.016029
-25.866667	0.015426
-25.833333	0.014703
-25.800000	0.013863
-25.766667	0.012928
-25.733333	0.011908
-25.700000	0.010798
-25.666667	0.009610
-25.633333	0.008352
-25.600000	0.007053
-25.566667	0.005713
-25.533333	0.004340
-25.500000	0.002963
-25.466667	0.001549
-25.433333	0.000148
-25.400000	-0.001255
-25.366667	-0.002662
-25.333333	-0.004081
-25.300000	-0.005516
-25.266667	-0.006968
-25.233333	-0.008446
-25.200000	-0.009956
-25.166667	-0.011494
-25.133333	-0.013032
-25.100000	-0.014611
-25.066667	-0.016190
-25.033333	-0.017790
-25.000000	-0.019396
-24.966667	-0.021004
-24.933333	-0.022602
-24.900000	-0.024191
-24.866667	-0.025770
-24.833333	-0.027315
-24.800000	-0.028833
-24.766667	-0.030311
-24.733333	-0.031743
-24.700000	-0.033120
-24.666667	-0.034432
-24.633333	-0.035672
-24.600000	-0.036822
-24.566667	-0.037887
-24.533333	-0.038847
-24.500000	-0.039689
-24.466667	-0.040434
-24.433333	-0.041033
-24.400000	-0.041520
-24.366667	-0.041885
-24.333333	-0.042120
-24.300000	-0.042230
-24.266667	-0.042214
-24.233333	-0.042097
-24.200000	-0.041884
-24.166667	-0.041578
-24.133333	-0.041190
-24.100000	-0.040755
-24.066667	-0.040265
-24.033333	-0.039751
-24.000000	-0.039213
-23.966667	-0.038675
-23.933333	-0.038142
-23.900000	-0.037637
-23.866667	-0.037163
-23.833333	-0.036727
-23.800000	-0.036338
-23.766667	-0.035969
-23.733333	-0.035648
-23.700000	-0.035364
-23.666667	-0.035109
-23.633333	-0.034878
-23.600000	-0.034666
-23.566667	-0.034465
-23.533333	-0.034262
-23.500000	-0.034059
-23.466667	-0.033834
-23.433333	-0.033578
-23.400000	-0.033281
-23.366667	-0.032944
-23.333333	-0.032557
-23.300000	-0.032131
-23.266667	-0.031663
-23.233333	-0.031162
-23.200000	-0.030609
-23.166667	-0.030004
-23.133333	-0.029332
-23.100000	-0.028625
-23.066667	-0.027865
-23.033333	-0.027049
-23.000000	-0.026145
-22.966667	-0.025179
-22.933333	-0.024125
-22.900000	-0.022993
-22.866667	-0.021766
-22.833333	-0.020440
-22.800000	-0.019000
-22.766667	-0.017459
-22.733333	-0.015847
-22.700000	-0.014129
-22.666667	-0.012327
-22.633333	-0.010444
-22.600000	-0.008489
-22.566667	-0.006472
-22.533333	-0.004415
-22.500000	-0.002348
-22.466667	-0.000289
-22.433333	0.001735
-22.400000	0.003725
-22.366667	0.005630
-22.333333	0.007454
-22.300000	0.009181
-22.266667	0.010812
-22.233333	0.012318
-22.200000	0.013735
-22.166667	0.015049
-22.133333	0.016252
-22.100000	0.017335
-22.066667	0.018340
-22.033333	0.019271
-22.000000	0.020157
-21.966667	0.020989
-21.933333	0.021811
-21.900000	0.022631
-21.866667	0.023479
-21.833333	0.024367
-21.800000	0.025309
-21.766667	0.026314
-21.733333	0.027393
-21.700000	0.028561
-21.666667	0.029795
-21.633333	0.031107
-21.600000	0.032484
-21.566667	0.033911
-21.533333	0.035370
-21.500000	0.036856
-21.466667	0.038353
-21.433333	0.039864
-21.400000	0.041384
-21.366667	0.042885
-21.333333	0.044384
-21.300000	0.045850
-21.266667	0.047270
-21.233333	0.048642
-21.200000	0.049972
-21.166667	0.051232
-21.133333	0.052421
-21.100000	0.053538
-21.066667	0.054582
-21.033333	0.055556
-21.000000	0.056465
-20.966667	0.057306
-20.933333	0.058072
-20.900000	0.058758
-20.866667	0.059366
-20.833333	0.059865
-20.800000	0.060271
-20.766667	0.060562
-20.733333	0.060723
-20.700000	0.060764
-20.666667	0.060664
-20.633333	0.060430
-20.600000	0.060066
-20.566667	0.059568
-20.533333	0.058940
-20.500000	0.058202
-20.466667	0.057375
-20.433333	0.056453
-20.400000	0.055428
-20.366667	0.054372
-20.333333	0.053239
-20.300000	0.052068
-20.266667	0.050879
-20.233333	0.049704
-20.200000	0.048548
-20.166667	0.047437
-20.133333	0.046370
-20.100000	0.045352
-20.066667	0.044390
-20.033333	0.043484
-20.000000	0.042631
-19.966667	0.041823
-19.933333	0.041054
-19.900000	0.040311
-19.866667	0.039565
-19.833333	0.038775
-19.800000	0.037938
-19.766667	0.037009
-19.733333	0.035995
-19.700000	0.034902
-19.666667	0.033713
-19.633333	0.032447
-19.600000	0.031098
-19.566667	0.029674
-19.533333	0.028194
-19.500000	0.026681
-19.466667	0.025156
-19.433333	0.023622
-19.400000	0.022130
-19.366667	0.020729
-19.333333	0.019355
-19.300000	0.018102
-19.266667	0.016941
-19.233333	0.015890
-19.200000	0.014955
-19.166667	0.014137
-19.133333	0.013440
-19.100000	0.012843
-19.066667	0.012342
-19.033333	0.011904
-19.000000	0.011502
-18.966667	0.011107
-18.933333	0.010691
-18.900000	0.010222
-18.866667	0.009677
-18.833333	0.009056
-18.800000	0.008344
-18.766667	0.007556
-18.733333	0.006724
-18.700000	0.005853
-18.666667	0.004955
-18.633333	0.004055
-18.600000	0.003166
-18.566667	0.002318
-18.533333	0.001527
-18.500000	0.000809
-18.466667	0.000174
-18.433333	-0.000373
-18.400000	-0.000828
-18.366667	-0.001206
-18.333333	-0.001517
-18.300000	-0.001751
-18.266667	-0.001936
-18.233333	-0.002060
-18.200000	-0.002143
-18.166667	-0.002179
-18.133333	-0.002209
-18.100000	-0.002263
-18.066667	-0.002353
-18.033333	-0.002501
-18.000000	-0.002700
-17.966667	-0.002977
-17.933333	-0.003302
-17.900000	-0.003679
-17.866667	-0.004090
-17.833333	-0.004524
-17.800000	-0.004980
-17.766667	-0.005410
-17.733333	-0.005799
-17.700000	-0.006138
-17.666667	-0.006402
-17.633333	-0.006568
-17.600000	-0.006628
-17.566667	-0.006583
-17.533333	-0.006423
-17.500000	-0.006153
-17.466667	-0.005782
-17.433333	-0.005311
-17.400000	-0.004739
-17.366667	-0.004080
-17.333333	-0.003345
-17.300000	-0.002545
-17.266667	-0.001694
-17.233333	-0.000801
-17.200000	0.000108
-17.166667	0.001027
-17.133333	0.001915
-17.100000	0.002768
-17.066667	0.003562
-17.033333	0.004289
-17.000000	0.004929
-16.966667	0.005463
-16.933333	0.005921
-16.900000	0.006290
-16.866667	0.006592
-16.833333	0.006832
-16.800000	0.007018
-16.766667	0.007164
-16.733333	0.007268
-16.700000	0.007348
-16.666667	0.007416
-16.633333	0.007478
-16.600000	0.007537
-16.566667	0.007593
-16.533333	0.007675
-16.500000	0.007771
-16.466667	0.007871
-16.433333	0.007983
-16.400000	0.008113
-16.366667	0.008255
-16.333333	0.008396
-16.300000	0.008533
-16.266667	0.008665
-16.233333	0.008777
-16.200000	0.008856
-16.166667	0.008897
-16.133333	0.008884
-16.100000	0.008815
-16.066667	0.008701
-16.033333	0.008543
-16.000000	0.008339
-15.966667	0.008099
-15.933333	0.007840
-15.900000	0.007565
-15.866667	0.007278
-15.833333	0.006976
-15.800000	0.006657
-15.766667	0.006319
-15.733333	0.005959
-15.700000	0.005573
-15.666667	0.005151
-15.633333	0.004688
-15.600000	0.004177
-15.566667	0.003636
-15.533333	0.003054
-15.500000	0.002420
-15.466667	0.001726
-15.433333	0.000983
-15.400000	0.000200
-15.366667	-0.000642
-15.333333	-0.001565
-15.300000	-0.002532
-15.266667	-0.003562
-15.233333	-0.004637
-15.200000	-0.005758
-15.166667	-0.006924
-15.133333	-0.008113
-15.100000	-0.009302
-15.066667	-0.010471
-15.033333	-0.011610
-15.000000	-0.012702
-14.966667	-0.013720
-14.933333	-0.014652
-14.900000	-0.015488
-14.866667	-0.016217
-14.833333	-0.016834
-14.800000	-0.017333
-14.766667	-0.017712
-14.733333	-0.017972
-14.700000	-0.018114
-14.666667	-0.018141
-14.633333	-0.018051
-14.600000	-0.017832
-14.566667	-0.017529
-14.533333	-0.017142
-14.500000	-0.016652
-14.466667	-0.016090
-14.433333	-0.015485
-14.400000	-0.014828
-14.366667	-0.014166
-14.333333	-0.013504
-14.300000	-0.012828
-14.266667	-0.012175
-14.233333	-0.011531
-14.200000	-0.010922
-14.166667	-0.010334
-14.133333	-0.009767
-14.100000	-0.009221
-14.066667	-0.008693
-14.033333	-0.008184
-14.000000	-0.007705
-13.966667	-0.007263
-13.933333	-0.006865
-13.900000	-0.006517
-13.866667	-0.006229
-13.833333	-0.006001
-13.800000	-0.005829
-13.766667	-0.005739
-13.733333	-0.005704
-13.700000	-0.005731
-13.666667	-0.005809
-13.633333	-0.005941
-13.600000	-0.006148
-13.566667	-0.006451
-13.533333	-0.006786
-13.500000	-0.007155
-13.466667	-0.007566
-13.433333	-0.008004
-13.400000	-0.008451
-13.366667	-0.008905
-13.333333	-0.009334
-13.300000	-0.009715
-13.266667	-0.010035
-13.233333	-0.010281
-13.200000	-0.010445
-13.166667	-0.010526
-13.133333	-0.010526
-13.100000	-0.010453
-13.066667	-0.010287
-13.033333	-0.010078
-13.000000	-0.009814
-12.966667	-0.009490
-12.933333	-0.009119
-12.900000	-0.008701
-12.866667	-0.008282
-12.833333	-0.007862
-12.800000	-0.007431
-12.766667	-0.007034
-12.733333	-0.006645
-12.700000	-0.006304
-12.666667	-0.006012
-12.633333	-0.005784
-12.600000	-0.005628
-12.566667	-0.005527
-12.533333	-0.005468
-12.500000	-0.005447
-12.466667	-0.005473
-12.433333	-0.005536
-12.400000	-0.005609
-12.366667	-0.005705
-12.333333	-0.005795
-12.300000	-0.005879
-12.266667	-0.005944
-12.233333	-0.006001
-12.200000	-0.006039
-12.166667	-0.006049
-12.133333	-0.006043
-12.100000	-0.006013
-12.066667	-0.005951
-12.033333	-0.005892
-12.000000	-0.005803
-11.966667	-0.005682
-11.933333	-0.005563
-11.900000	-0.005442
-11.866667	-0.005348
-11.833333	-0.005259
-11.800000	-0.005193
-11.766667	-0.005156
-11.733333	-0.005172
-11.700000	-0.005228
-11.666667	-0.005330
-11.633333	-0.005480
-11.600000	-0.005682
-11.566667	-0.005934
-11.533333	-0.006230
-11.500000	-0.006563
-11.466667	-0.006938
-11.433333	-0.007336
-11.400000	-0.007758
-11.366667	-0.008219
-11.333333	-0.008649
-11.300000	-0.009089
-11.266667	-0.009500
-11.233333	-0.009889
-11.200000	-0.010213
-11.166667	-0.010507
-11.133333	-0.010742
-11.100000	-0.010916
-11.066667	-0.011032
-11.033333	-0.011089
-11.000000	-0.011077
-10.966667	-0.011005
-10.933333	-0.010871
-10.900000	-0.010695
-10.866667	-0.010470
-10.833333	-0.010218
-10.800000	-0.009952
-10.766667	-0.009674
-10.733333	-0.009426
-10.700000	-0.009190
-10.666667	-0.009000
-10.633333	-0.008855
-10.600000	-0.008774
-10.566667	-0.008754
-10.533333	-0.008791
-10.500000	-0.008890
-10.466667	-0.009063
-10.433333	-0.009305
-10.400000	-0.009597
-10.366667	-0.009932
-10.333333	-0.010296
-10.300000	-0.010694
-10.266667	-0.011077
-10.233333	-0.011440
-10.200000	-0.011764
-10.166667	-0.012040
-10.133333	-0.012224
-10.100000	-0.012329
-10.066667	-0.012333
-10.033333	-0.012229
-10.000000	-0.012020
-9.966667	-0.011746
-9.933333	-0.011395
-9.900000	-0.011021
-9.866667	-0.010603
-9.833333	-0.010179
-9.800000	-0.009786
-9.766667	-0.009400
-9.733333	-0.009066
-9.700000	-0.008777
-9.666667	-0.008533
-9.633333	-0.008337
-9.600000	-0.008209
-9.566667	-0.008128
-9.533333	-0.008113
-9.500000	-0.008167
-9.466667	-0.008283
-9.433333	-0.008442
-9.400000	-0.008638
-9.366667	-0.008860
-9.333333	-0.009108
-9.300000	-0.009373
-9.266667	-0.009648
-9.233333	-0.009922
-9.200000	-0.010170
-9.166667	-0.010378
-9.133333	-0.010571
-9.100000	-0.010711
-9.066667	-0.010832
-9.033333	-0.010939
-9.000000	-0.011054
-8.966667	-0.011196
-8.933333	-0.011352
-8.900000	-0.011527
-8.866667	-0.011703
-8.833333	-0.011885
-8.800000	-0.012077
-8.766667	-0.012240
-8.733333	-0.012401
-8.700000	-0.012521
-8.666667	-0.012607
-8.633333	-0.012649
-8.600000	-0.012648
-8.566667	-0.012586
-8.533333	-0.012466
-8.500000	-0.012268
-8.466667	-0.011995
-8.433333	-0.011639
-8.400000	-0.011212
-8.366667	-0.010709
-8.333333	-0.010155
-8.300000	-0.009547
-8.266667	-0.008898
-8.233333	-0.008206
-8.200000	-0.007468
-8.166667	-0.006709
-8.133333	-0.005961
-8.100000	-0.005226
-8.066667	-0.004554
-8.033333	-0.003950
-8.000000	-0.003439
-7.966667	-0.003032
-7.933333	-0.002743
-7.900000	-0.002578
-7.866667	-0.002543
-7.833333	-0.002643
-7.800000	-0.002879
-7.766667	-0.003238
-7.733333	-0.003717
-7.700000	-0.004314
-7.666667	-0.005021
-7.633333	-0.005813
-7.600000	-0.006662
-7.566667	-0.007581
-7.533333	-0.008509
-7.500000	-0.009444
-7.466667	-0.010365
-7.433333	-0.011224
-7.400000	-0.012023
-7.366667	-0.012733
-7.333333	-0.013353
-7.300000	-0.013878
-7.266667	-0.014304
-7.233333	-0.014629
-7.200000	-0.014829
-7.166667	-0.014927
-7.133333	-0.014957
-7.100000	-0.014915
-7.066667	-0.014801
-7.033333	-0.014641
-7.000000	-0.014440
-6.966667	-0.014210
-6.933333	-0.013951
-6.900000	-0.013663
-6.866667	-0.013349
-6.833333	-0.013003
-6.800000	-0.012642
-6.766667	-0.012273
-6.733333	-0.011911
-6.700000	-0.011556
-6.666667	-0.011208
-6.633333	-0.010857
-6.600000	-0.010494
-6.566667	-0.010141
-6.533333	-0.009762
-6.500000	-0.009402
-6.466667	-0.009066
-6.433333	-0.008723
-6.400000	-0.008425
-6.366667	-0.008168
-6.333333	-0.007976
-6.300000	-0.007850
-6.266667	-0.007774
-6.233333	-0.007770
-6.200000	-0.007824
-6.166667	-0.007967
-6.133333	-0.008197
-6.100000	-0.008496
-6.066667	-0.008869
-6.033333	-0.009323
-6.000000	-0.009832
-5.966667	-0.010384
-5.933333	-0.010958
-5.900000	-0.011544
-5.866667	-0.012127
-5.833333	-0.012694
-5.800000	-0.013241
-5.766667	-0.013749
-5.733333	-0.014213
-5.700000	-0.014626
-5.666667	-0.014992
-5.633333	-0.015296
-5.600000	-0.015523
-5.566667	-0.015706
-5.533333	-0.015841
-5.500000	-0.015942
-5.466667	-0.016001
-5.433333	-0.016008
-5.400000	-0.016012
-5.366667	-0.015987
-5.333333	-0.015921
-5.300000	-0.015863
-5.266667	-0.015796
-5.233333	-0.015725
-5.200000	-0.015671
-5.166667	-0.015621
-5.133333	-0.015574
-5.100000	-0.015535
-5.066667	-0.015515
-5.033333	-0.015482
-5.000000	-0.015446
-4.966667	-0.015401
-4.933333	-0.015349
-4.900000	-0.015290
-4.866667	-0.015225
-4.833333	-0.015155
-4.800000	-0.015084
-4.766667	-0.015021
-4.733333	-0.014970
-4.700000	-0.014937
-4.666667	-0.014921
-4.633333	-0.014905
-4.600000	-0.014898
-4.566667	-0.014917
-4.533333	-0.014940
-4.500000	-0.014983
-4.466667	-0.015039
-4.433333	-0.015114
-4.400000	-0.015204
-4.366667	-0.015287
-4.333333	-0.015380
-4.300000	-0.015511
-4.266667	-0.015621
-4.233333	-0.015717
-4.200000	-0.015817
-4.166667	-0.015887
-4.133333	-0.015959
-4.100000	-0.016002
-4.066667	-0.016027
-4.033333	-0.016024
-4.000000	-0.016012
-3.966667	-0.015982
-3.933333	-0.015934
-3.900000	-0.015875
-3.866667	-0.015797
-3.833333	-0.015704
-3.800000	-0.015596
-3.766667	-0.015468
-3.733333	-0.015323
-3.700000	-0.015158
-3.666667	-0.014976
-3.633333	-0.014776
-3.600000	-0.014563
-3.566667	-0.014345
-3.533333	-0.014131
-3.500000	-0.013927
-3.466667	-0.013729
-3.433333	-0.013539
-3.400000	-0.013358
-3.366667	-0.013187
-3.333333	-0.013027
-3.300000	-0.012858
-3.266667	-0.012670
-3.233333	-0.012457
-3.200000	-0.012220
-3.166667	-0.011949
-3.133333	-0.011652
-3.100000	-0.011289
-3.066667	-0.010895
-3.033333	-0.010461
-3.000000	-0.009986
-2.966667	-0.009477
-2.933333	-0.008931
-2.900000	-0.008358
-2.866667	-0.007747
-2.833333	-0.007122
-2.800000	-0.006515
-2.766667	-0.005938
-2.733333	-0.005378
-2.700000	-0.004824
-2.666667	-0.004337
-2.633333	-0.003925
-2.600000	-0.003595
-2.566667	-0.003358
-2.533333	-0.003218
-2.500000	-0.003184
-2.466667	-0.003279
-2.433333	-0.003444
-2.400000	-0.003721
-2.366667	-0.004078
-2.333333	-0.004505
-2.300000	-0.004981
-2.266667	-0.005480
-2.233333	-0.006007
-2.200000	-0.006529
-2.166667	-0.007029
-2.133333	-0.007502
-2.100000	-0.007922
-2.066667	-0.008300
-2.033333	-0.008591
-2.000000	-0.008817
-1.966667	-0.008962
-1.933333	-0.009023
-1.900000	-0.009005
-1.866667	-0.008913
-1.833333	-0.008764
-1.800000	-0.008557
-1.766667	-0.008268
-1.733333	-0.007897
-1.700000	-0.007469
-1.666667	-0.007023
-1.633333	-0.006526
-1.600000	-0.005986
-1.566667	-0.005417
-1.533333	-0.004825
-1.500000	-0.004224
-1.466667	-0.003614
-1.433333	-0.002959
-1.400000	-0.002309
-1.366667	-0.001643
-1.333333	-0.000963
-1.300000	-0.000273
-1.266667	0.000420
-1.233333	0.001095
-1.200000	0.001757
-1.166667	0.002390
-1.133333	0.003009
-1.100000	0.003605
-1.066667	0.004154
-1.033333	0.004654
-1.000000	0.005079
-0.966667	0.005437
-0.933333	0.005703
-0.900000	0.005874
-0.866667	0.005961
-0.833333	0.005969
-0.800000	0.005900
-0.766667	0.005759
-0.733333	0.005552
-0.700000	0.005275
-0.666667	0.004940
-0.633333	0.004553
-0.600000	0.004137
-0.566667	0.003707
-0.533333	0.003269
-0.500000	0.002846
-0.466667	0.002459
-0.433333	0.002122
-0.400000	0.001831
-0.366667	0.001571
-0.333333	0.001367
-0.300000	0.001202
-0.266667	0.001079
-0.233333	0.000997
-0.200000	0.000958
-0.166667	0.000965
-0.133333	0.000994
-0.100000	0.001016
-0.066667	0.001026
-0.033333	0.001020
-0.000000	0.000991
0.033333	0.000923
0.066667	0.000822
0.100000	0.000695
0.133333	0.000529
0.166667	0.000340
0.200000	0.000102
0.233333	-0.000174
0.266667	-0.000489
0.300000	-0.000845
0.333333	-0.001221
0.366667	-0.001608
0.400000	-0.001992
0.433333	-0.002375
0.466667	-0.002756
0.500000	-0.003119
0.533333	-0.003450
0.566667	-0.003765
0.600000	-0.004052
0.633333	-0.004306
0.666667	-0.004519
0.700000	-0.004695
0.733333	-0.004834
0.766667	-0.004938
0.800000	-0.005015
0.833333	-0.005078
0.866667	-0.005127
0.900000	-0.005168
0.933333	-0.005190
0.966667	-0.005218
1.000000	-0.005254
1.033333	-0.005294
1.066667	-0.005334
1.100000	-0.005404
1.133333	-0.005496
1.166667	-0.005596
1.200000	-0.005734
1.233333	-0.005885
1.266667	-0.006057
1.300000	-0.006247
1.333333	-0.006447
1.366667	-0.006660
1.400000	-0.006908
1.433333	-0.007140
1.466667	-0.007375
1.500000	-0.007596
1.533333	-0.007794
1.566667	-0.007980
1.600000	-0.008136
1.633333	-0.008267
1.666667	-0.008362
1.700000	-0.008412
1.733333	-0.008408
1.766667	-0.008369
1.800000	-0.008269
1.833333	-0.008118
1.866667	-0.007937
1.900000	-0.007733
1.933333	-0.007478
1.966667	-0.007184
2.000000	-0.006859
2.033333	-0.006490
2.066667	-0.006074
2.100000	-0.005627
2.133333	-0.005162
2.166667	-0.004690
2.200000	-0.004182
2.233333	-0.003635
2.266667	-0.003080
2.300000	-0.002515
2.333333	-0.001933
2.366667	-0.001345
2.400000	-0.000749
2.433333	-0.000120
2.466667	0.000495
2.500000	0.001118
2.533333	0.001730
2.566667	0.002324
2.600000	0.002894
2.633333	0.003438
2.666667	0.003948
2.700000	0.004415
2.733333	0.004833
2.766667	0.005178
2.800000	0.005483
2.833333	0.005719
2.866667	0.005893
2.900000	0.006022
2.933333	0.006113
2.966667	0.006150
3.000000	0.006124
3.033333	0.006048
3.066667	0.005932
3.100000	0.005769
3.133333	0.005572
3.166667	0.005379
3.200000	0.005208
3.233333	0.005034
3.266667	0.004844
3.300000	0.004691
3.333333	0.004565
3.366667	0.004469
3.400000	0.004399
3.433333	0.004355
3.466667	0.004341
3.500000	0.004354
3.533333	0.004387
3.566667	0.004439
3.600000	0.004499
3.633333	0.004583
3.666667	0.004678
3.700000	0.004792
3.733333	0.004915
3.766667	0.005046
3.800000	0.005211
3.833333	0.005374
3.866667	0.005547
3.900000	0.005721
3.933333	0.005895
3.966667	0.006060
4.000000	0.006214
4.033333	0.006363
4.066667	0.006520
4.100000	0.006682
4.133333	0.006841
4.166667	0.006990
4.200000	0.007115
4.233333	0.007207
4.266667	0.007266
4.300000	0.007301
4.333333	0.007277
4.366667	0.007206
4.400000	0.007078
4.433333	0.006895
4.466667	0.006664
4.500000	0.006380
4.533333	0.006050
4.566667	0.005670
4.600000	0.005246
4.633333	0.004795
4.666667	0.004316
4.700000	0.003810
4.733333	0.003296
4.766667	0.002787
4.800000	0.002297
4.833333	0.001819
4.866667	0.001368
4.900000	0.000944
4.933333	0.000579
4.966667	0.000227
5.000000	-0.000069
5.033333	-0.000321
5.066667	-0.000526
5.100000	-0.000691
5.133333	-0.000815
5.166667	-0.000918
5.200000	-0.000988
5.233333	-0.001030
5.266667	-0.001042
5.300000	-0.001033
5.333333	-0.001015
5.366667	-0.000986
5.400000	-0.000944
5.433333	-0.000894
5.466667	-0.000841
5.500000	-0.000784
5.533333	-0.000711
5.566667	-0.000642
5.600000	-0.000566
5.633333	-0.000466
5.666667	-0.000371
5.700000	-0.000248
5.733333	-0.000108
5.766667	0.000050
5.800000	0.000229
5.833333	0.000417
5.866667	0.000607
5.900000	0.000811
5.933333	0.001036
5.966667	0.001252
6.000000	0.001492
6.033333	0.001723
6.066667	0.001959
6.100000	0.002199
6.133333	0.002440
6.166667	0.002676
6.200000	0.002896
6.233333	0.003126
6.266667	0.003329
6.300000	0.003512
6.333333	0.003667
6.366667	0.003797
6.400000	0.003898
6.433333	0.003966
6.466667	0.004013
6.500000	0.004028
6.533333	0.003997
6.566667	0.003944
6.600000	0.003851
6.633333	0.003731
6.666667	0.003570
6.700000	0.003403
6.733333	0.003188
6.766667	0.002953
6.800000	0.002697
6.833333	0.002424
6.866667	0.002135
6.900000	0.001845
6.933333	0.001563
6.966667	0.001282
7.000000	0.001003
7.033333	0.000739
7.066667	0.000501
7.100000	0.000287
7.133333	0.000087
7.166667	-0.000097
7.200000	-0.000271
7.233333	-0.000396
7.266667	-0.000529
7.300000	-0.000635
7.333333	-0.000712
7.366667	-0.000787
7.400000	-0.000837
7.433333	-0.000866
7.466667	-0.000877
7.500000	-0.000886
7.533333	-0.000875
7.566667	-0.000832
7.600000	-0.000806
7.633333	-0.000762
7.666667	-0.000706
7.700000	-0.000664
7.733333	-0.000604
7.766667	-0.000531
7.800000	-0.000457
7.833333	-0.000391
7.866667	-0.000337
7.900000	-0.000281
7.933333	-0.000248
7.966667	-0.000240
8.000000	-0.000259
8.033333	-0.000308
8.066667	-0.000396
8.100000	-0.000534
8.133333	-0.000726
8.166667	-0.000965
8.200000	-0.001246
8.233333	-0.001571
8.266667	-0.001946
8.300000	-0.002360
8.333333	-0.002822
8.366667	-0.003328
8.400000	-0.003842
8.433333	-0.004397
8.466667	-0.004970
8.500000	-0.005546
8.533333	-0.006138
8.566667	-0.006736
8.600000	-0.007327
8.633333	-0.007896
8.666667	-0.008442
8.700000	-0.008971
8.733333	-0.009450
8.766667	-0.009911
8.800000	-0.010347
8.833333	-0.010748
8.866667	-0.011110
8.900000	-0.011433
8.933333	-0.011735
8.966667	-0.012001
9.000000	-0.012234
9.033333	-0.012437
9.066667	-0.012612
9.100000	-0.012760
9.133333	-0.012883
9.166667	-0.012986
9.200000	-0.013070
9.233333	-0.013142
9.266667	-0.013211
9.300000	-0.013280
9.333333	-0.013340
9.366667	-0.013398
9.400000	-0.013452
9.433333	-0.013516
9.466667	-0.013575
9.500000	-0.013633
9.533333	-0.013695
9.566667	-0.013757
9.600000	-0.013807
9.633333	-0.013855
9.666667	-0.013899
9.700000	-0.013936
9.733333	-0.013967
9.766667	-0.013991
9.800000	-0.014006
9.833333	-0.014015
9.866667	-0.014020
9.900000	-0.014010
9.933333	-0.013992
9.966667	-0.013961
10.000000	-0.013914
10.033333	-0.013851
10.066667	-0.013768
10.100000	-0.013662
10.133333	-0.013533
10.166667	-0.013379
10.200000	-0.013198
10.233333	-0.012992
10.266667	-0.012759
10.300000	-0.012496
10.333333	-0.012206
10.366667	-0.011898
10.400000	-0.011554
10.433333	-0.011191
10.466667	-0.010804
10.500000	-0.010390
10.533333	-0.009955
10.566667	-0.009509
10.600000	-0.009038
10.633333	-0.008560
10.666667	-0.008075
10.700000	-0.007592
10.733333	-0.007116
10.766667	-0.006653
10.800000	-0.006205
10.833333	-0.005774
10.866667	-0.005362
10.900000	-0.004963
10.933333	-0.004588
10.966667	-0.004226
11.000000	-0.003880
11.033333	-0.003547
11.066667	-0.003227
11.100000	-0.002921
11.133333	-0.002629
11.166667	-0.002352
11.200000	-0.002089
11.233333	-0.001842
11.266667	-0.001612
11.300000	-0.001399
11.333333	-0.001203
11.366667	-0.001024
11.400000	-0.000860
11.433333	-0.000712
11.466667	-0.000580
11.500000	-0.000462
11.533333	-0.000359
11.566667	-0.000270
11.600000	-0.000196
11.633333	-0.000135
11.666667	-0.000089
11.700000	-0.000056
11.733333	-0.000036
11.766667	-0.000029
11.800000	-0.000036
11.833333	-0.000055
11.866667	-0.000086
11.900000	-0.000129
11.933333	-0.000185
11.966667	-0.000252
