-88.000000	0.000005
-87.966667	0.000004
-87.933333	0.000003
-87.900000	0.000002
-87.866667	0.000000
-87.833333	-0.000002
-87.800000	-0.000004
-87.766667	-0.000006
-87.733333	-0.000008
-87.700000	-0.000010
-87.666667	-0.000011
-87.633333	-0.000013
-87.600000	-0.000014
-87.566667	-0.000014
-87.533333	-0.000014
-87.500000	-0.000013
-87.466667	-0.000010
-87.433333	-0.000006
-87.400000	-0.000002
-87.366667	0.000004
-87.333333	0.000012
-87.300000	0.000021
-87.266667	0.000033
-87.233333	0.000047
-87.200000	0.000061
-87.166667	0.000075
-87.133333	0.000087
-87.100000	0.000098
-87.066667	0.000114
-87.033333	0.000135
-87.000000	0.000151
-86.966667	0.000163
-86.933333	0.000175
-86.900000	0.000188
-86.866667	0.000198
-86.833333	0.000206
-86.800000	0.000211
-86.766667	0.000214
-86.733333	0.000216
-86.700000	0.000213
-86.666667	0.000209
-86.633333	0.000204
-86.600000	0.000198
-86.566667	0.000191
-86.533333	0.000179
-86.500000	0.000163
-86.466667	0.000148
-86.433333	0.000129
-86.400000	0.000098
-86.366667	0.000087
-86.333333	0.000083
-86.300000	0.000053
-86.266667	0.000036
-86.233333	0.000014
-86.200000	-0.000017
-86.166667	-0.000051
-86.133333	-0.000075
-86.100000	-0.000090
-86.066667	-0.000109
-86.033333	-0.000141
-86.000000	-0.000172
-85.966667	-0.000198
-85.933333	-0.000226
-85.900000	-0.000246
-85.866667	-0.000272
-85.833333	-0.000299
-85.800000	-0.000331
-85.766667	-0.000363
-85.733333	-0.000388
-85.700000	-0.000406
-85.666667	-0.000423
-85.633333	-0.000437
-85.600000	-0.000460
-85.566667	-0.000490
-85.533333	-0.000516
-85.500000	-0.000537
-85.466667	-0.000555
-85.433333	-0.000578
-85.400000	-0.000600
-85.366667	-0.000608
-85.333333	-0.000636
-85.300000	-0.000679
-85.266667	-0.000703
-85.233333	-0.000742
-85.200000	-0.000783
-85.166667	-0.000819
-85.133333	-0.000849
-85.100000	-0.000890
-85.066667	-0.000938
-85.033333	-0.000989
-85.000000	-0.001034
-84.966667	-0.001084
-84.933333	-0.001130
-84.900000	-0.001164
-84.866667	-0.001213
-84.833333	-0.001262
-84.800000	-0.001293
-84.766667	-0.001324
-84.733333	-0.001336
-84.700000	-0.001345
-84.666667	-0.001355
-84.633333	-0.001361
-84.600000	-0.001369
-84.566667	-0.001369
-84.533333	-0.001345
-84.500000	-0.001316
-84.466667	-0.001288
-84.433333	-0.001261
-84.400000	-0.001229
-84.366667	-0.001194
-84.333333	-0.001165
-84.300000	-0.001137
-84.266667	-0.001105
-84.233333	-0.001071
-84.200000	-0.001047
-84.166667	-0.001033
-84.133333	-0.001020
-84.100000	-0.001009
-84.066667	-0.001004
-84.033333	-0.001013
-84.000000	-0.001023
-83.966667	-0.001033
-83.933333	-0.001033
-83.900000	-0.001055
-83.866667	-0.001073
-83.833333	-0.001085
-83.800000	-0.001101
-83.766667	-0.001109
-83.733333	-0.001110
-83.700000	-0.001111
-83.666667	-0.001109
-83.633333	-0.001100
-83.600000	-0.001076
-83.566667	-0.001051
-83.533333	-0.001006
-83.500000	-0.000963
-83.466667	-0.000917
-83.433333	-0.000865
-83.400000	-0.000807
-83.366667	-0.000747
-83.333333	-0.000682
-83.300000	-0.000612
-83.266667	-0.000554
-83.233333	-0.000480
-83.200000	-0.000428
-83.166667	-0.000375
-83.133333	-0.000321
-83.100000	-0.000274
-83.066667	-0.000238
-83.033333	-0.000206
-83.000000	-0.000179
-82.966667	-0.000157
-82.933333	-0.000139
-82.900000	-0.000137
-82.866667	-0.000124
-82.833333	-0.000136
-82.800000	-0.000131
-82.766667	-0.000132
-82.733333	-0.000139
-82.700000	-0.000143
-82.666667	-0.000151
-82.633333	-0.000155
-82.600000	-0.000148
-82.566667	-0.000156
-82.533333	-0.000151
-82.500000	-0.000148
-82.466667	-0.000132
-82.433333	-0.000122
-82.400000	-0.000110
-82.366667	-0.000094
-82.333333	-0.000062
-82.300000	-0.000055
-82.266667	-0.000029
-82.233333	0.000004
-82.200000	0.000028
-82.166667	0.000055
-82.133333	0.000085
-82.100000	0.000117
-82.066667	0.000153
-82.033333	0.000191
-82.000000	0.000229
-81.966667	0.000267
-81.933333	0.000307
-81.900000	0.000349
-81.866667	0.000392
-81.833333	0.000433
-81.800000	0.000489
-81.766667	0.000524
-81.733333	0.000576
-81.700000	0.000617
-81.666667	0.000656
-81.633333	0.000696
-81.600000	0.000737
-81.566667	0.000768
-81.533333	0.000795
-81.500000	0.000819
-81.466667	0.000837
-81.433333	0.000840
-81.400000	0.000845
-81.366667	0.000845
-81.333333	0.000841
-81.300000	0.000814
-81.266667	0.000802
-81.233333	0.000768
-81.200000	0.000743
-81.166667	0.000702
-81.133333	0.000662
-81.100000	0.000615
-81.066667	0.000567
-81.033333	0.000517
-81.000000	0.000459
-80.966667	0.000401
-80.933333	0.000342
-80.900000	0.000283
-80.866667	0.000226
-80.833333	0.000169
-80.800000	0.000106
-80.766667	0.000038
-80.733333	-0.000029
-80.700000	-0.000094
-80.666667	-0.000160
-80.633333	-0.000227
-80.600000	-0.000291
-80.566667	-0.000359
-80.533333	-0.000431
-80.500000	-0.000496
-80.466667	-0.000559
-80.433333	-0.000617
-80.400000	-0.000682
-80.366667	-0.000739
-80.333333	-0.000801
-80.300000	-0.000861
-80.266667	-0.000913
-80.233333	-0.000958
-80.200000	-0.001003
-80.166667	-0.001050
-80.133333	-0.001093
-80.100000	-0.001132
-80.066667	-0.001168
-80.033333	-0.001205
-80.000000	-0.001240
-79.966667	-0.001267
-79.933333	-0.001290
-79.900000	-0.001308
-79.866667	-0.001333
-79.833333	-0.001362
-79.800000	-0.001387
-79.766667	-0.001404
-79.733333	-0.001422
-79.700000	-0.001434
-79.666667	-0.001449
-79.633333	-0.001460
-79.600000	-0.001471
-79.566667	-0.001482
-79.533333	-0.001484
-79.500000	-0.001489
-79.466667	-0.001498
-79.433333	-0.001481
-79.400000	-0.001502
-79.366667	-0.001487
-79.333333	-0.001491
-79.300000	-0.001484
-79.266667	-0.001473
-79.233333	-0.001465
-79.200000	-0.001464
-79.166667	-0.001452
-79.133333	-0.001446
-79.100000	-0.001440
-79.066667	-0.001423
-79.033333	-0.001426
-79.000000	-0.001415
-78.966667	-0.001407
-78.933333	-0.001402
-78.900000	-0.001403
-78.866667	-0.001407
-78.833333	-0.001408
-78.800000	-0.001409
-78.766667	-0.001416
-78.733333	-0.001422
-78.700000	-0.001435
-78.666667	-0.001450
-78.633333	-0.001463
-78.600000	-0.001477
-78.566667	-0.001489
-78.533333	-0.001513
-78.500000	-0.001536
-78.466667	-0.001557
-78.433333	-0.001564
-78.400000	-0.001604
-78.366667	-0.001608
-78.333333	-0.001636
-78.300000	-0.001652
-78.266667	-0.001670
-78.233333	-0.001686
-78.200000	-0.001696
-78.166667	-0.001704
-78.133333	-0.001724
-78.100000	-0.001725
-78.066667	-0.001728
-78.033333	-0.001744
-78.000000	-0.001734
-77.966667	-0.001735
-77.933333	-0.001745
-77.900000	-0.001736
-77.866667	-0.001744
-77.833333	-0.001735
-77.800000	-0.001717
-77.766667	-0.001699
-77.733333	-0.001685
-77.700000	-0.001692
-77.666667	-0.001673
-77.633333	-0.001642
-77.600000	-0.001618
-77.566667	-0.001601
-77.533333	-0.001582
-77.500000	-0.001546
-77.466667	-0.001517
-77.433333	-0.001483
-77.400000	-0.001439
-77.366667	-0.001404
-77.333333	-0.001360
-77.300000	-0.001313
-77.266667	-0.001265
-77.233333	-0.001213
-77.200000	-0.001157
-77.166667	-0.001104
-77.133333	-0.001047
-77.100000	-0.000977
-77.066667	-0.000927
-77.033333	-0.000870
-77.000000	-0.000787
-76.966667	-0.000743
-76.933333	-0.000682
-76.900000	-0.000610
-76.866667	-0.000554
-76.833333	-0.000478
-76.800000	-0.000418
-76.766667	-0.000373
-76.733333	-0.000330
-76.700000	-0.000289
-76.666667	-0.000231
-76.633333	-0.000188
-76.600000	-0.000159
-76.566667	-0.000133
-76.533333	-0.000095
-76.500000	-0.000083
-76.466667	-0.000055
-76.433333	-0.000042
-76.400000	-0.000023
-76.366667	-0.000021
-76.333333	-0.000011
-76.300000	-0.000008
-76.266667	-0.000005
-76.233333	-0.000002
-76.200000	0.000007
-76.166667	0.000017
-76.133333	0.000018
-76.100000	0.000017
-76.066667	0.000014
-76.033333	0.000029
-76.000000	0.000047
-75.966667	0.000032
-75.933333	0.000048
-75.900000	0.000049
-75.866667	0.000062
-75.833333	0.000062
-75.800000	0.000065
-75.766667	0.000068
-75.733333	0.000077
-75.700000	0.000076
-75.666667	0.000075
-75.633333	0.000075
-75.600000	0.000075
-75.566667	0.000075
-75.533333	0.000073
-75.500000	0.000058
-75.466667	0.000063
-75.433333	0.000047
-75.400000	0.000049
-75.366667	0.000046
-75.333333	0.000036
-75.300000	0.000023
-75.266667	0.000018
-75.233333	0.000017
-75.200000	0.000014
-75.166667	0.000002
-75.133333	-0.000010
-75.100000	-0.000020
-75.066667	-0.000024
-75.033333	-0.000029
-75.000000	-0.000039
-74.966667	-0.000050
-74.933333	-0.000060
-74.900000	-0.000068
-74.866667	-0.000073
-74.833333	-0.000088
-74.800000	-0.000092
-74.766667	-0.000100
-74.733333	-0.000108
-74.700000	-0.000123
-74.666667	-0.000131
-74.633333	-0.000131
-74.600000	-0.000139
-74.566667	-0.000145
-74.533333	-0.000150
-74.500000	-0.000153
-74.466667	-0.000155
-74.433333	-0.000149
-74.400000	-0.000161
-74.366667	-0.000145
-74.333333	-0.000144
-74.300000	-0.000145
-74.266667	-0.000131
-74.233333	-0.000117
-74.200000	-0.000105
-74.166667	-0.000090
-74.133333	-0.000067
-74.100000	-0.000046
-74.066667	-0.000016
-74.033333	0.000015
-74.000000	0.000050
-73.966667	0.000087
-73.933333	0.000130
-73.900000	0.000176
-73.866667	0.000222
-73.833333	0.000276
-73.800000	0.000326
-73.766667	0.000379
-73.733333	0.000434
-73.700000	0.000491
-73.666667	0.000551
-73.633333	0.000607
-73.600000	0.000658
-73.566667	0.000707
-73.533333	0.000752
-73.500000	0.000793
-73.466667	0.000830
-73.433333	0.000866
-73.400000	0.000890
-73.366667	0.000934
-73.333333	0.000948
-73.300000	0.000965
-73.266667	0.000979
-73.233333	0.001001
-73.200000	0.001017
-73.166667	0.001031
-73.133333	0.001040
-73.100000	0.001046
-73.066667	0.001074
-73.033333	0.001100
-73.000000	0.001123
-72.966667	0.001153
-72.933333	0.001187
-72.900000	0.001229
-72.866667	0.001274
-72.833333	0.001326
-72.800000	0.001378
-72.766667	0.001436
-72.733333	0.001496
-72.700000	0.001557
-72.666667	0.001619
-72.633333	0.001680
-72.600000	0.001739
-72.566667	0.001794
-72.533333	0.001846
-72.500000	0.001893
-72.466667	0.001929
-72.433333	0.001958
-72.400000	0.001995
-72.366667	0.002015
-72.333333	0.002019
-72.300000	0.002033
-72.266667	0.002037
-72.233333	0.002043
-72.200000	0.002040
-72.166667	0.002037
-72.133333	0.002034
-72.100000	0.002046
-72.066667	0.002072
-72.033333	0.002088
-72.000000	0.002125
-71.966667	0.002184
-71.933333	0.002246
-71.900000	0.002349
-71.866667	0.002448
-71.833333	0.002563
-71.800000	0.002694
-71.766667	0.002839
-71.733333	0.002997
-71.700000	0.003165
-71.666667	0.003337
-71.633333	0.003507
-71.600000	0.003668
-71.566667	0.003821
-71.533333	0.003972
-71.500000	0.004084
-71.466667	0.004167
-71.433333	0.004233
-71.400000	0.004260
-71.366667	0.004229
-71.333333	0.004164
-71.300000	0.004068
-71.266667	0.003910
-71.233333	0.003710
-71.200000	0.003471
-71.166667	0.003186
-71.133333	0.002861
-71.100000	0.002496
-71.066667	0.002096
-71.033333	0.001659
-71.000000	0.001174
-70.966667	0.000660
-70.933333	0.000118
-70.900000	-0.000429
-70.866667	-0.001037
-70.833333	-0.001646
-70.800000	-0.002271
-70.766667	-0.002898
-70.733333	-0.003532
-70.700000	-0.004166
-70.666667	-0.004796
-70.633333	-0.005416
-70.600000	-0.006025
-70.566667	-0.006604
-70.533333	-0.007121
-70.500000	-0.007620
-70.466667	-0.008028
-70.433333	-0.008355
-70.400000	-0.008592
-70.366667	-0.008714
-70.333333	-0.008720
-70.300000	-0.008591
-70.266667	-0.008332
-70.233333	-0.007937
-70.200000	-0.007416
-70.166667	-0.006773
-70.133333	-0.006017
-70.100000	-0.005154
-70.066667	-0.004190
-70.033333	-0.003144
-70.000000	-0.002040
-69.966667	-0.000881
-69.933333	0.000299
-69.900000	0.001471
-69.866667	0.002604
-69.833333	0.003695
-69.800000	0.004704
-69.766667	0.005623
-69.733333	0.006436
-69.700000	0.007145
-69.666667	0.007753
-69.633333	0.008252
-69.600000	0.008635
-69.566667	0.008918
-69.533333	0.009120
-69.500000	0.009238
-69.466667	0.009298
-69.433333	0.009293
-69.400000	0.009251
-69.366667	0.009177
-69.333333	0.009080
-69.300000	0.008984
-69.266667	0.008898
-69.233333	0.008812
-69.200000	0.008749
-69.166667	0.008706
-69.133333	0.008691
-69.100000	0.008703
-69.066667	0.008725
-69.033333	0.008770
-69.000000	0.008811
-68.966667	0.008854
-68.933333	0.008877
-68.900000	0.008909
-68.866667	0.008912
-68.833333	0.008907
-68.800000	0.008889
-68.766667	0.008865
-68.733333	0.008841
-68.700000	0.008818
-68.666667	0.008792
-68.633333	0.008756
-68.600000	0.008708
-68.566667	0.008662
-68.533333	0.008624
-68.500000	0.008592
-68.466667	0.008558
-68.433333	0.008525
-68.400000	0.008509
-68.366667	0.008499
-68.333333	0.008496
-68.300000	0.008505
-68.266667	0.008520
-68.233333	0.008517
-68.200000	0.008520
-68.166667	0.008504
-68.133333	0.008475
-68.100000	0.008428
-68.066667	0.008365
-68.033333	0.008301
-68.000000	0.008211
-67.966667	0.008108
-67.933333	0.007989
-67.900000	0.007879
-67.866667	0.007741
-67.833333	0.007602
-67.800000	0.007443
-67.766667	0.007278
-67.733333	0.007098
-67.700000	0.006908
-67.666667	0.006713
-67.633333	0.006507
-67.600000	0.006298
-67.566667	0.006085
-67.533333	0.005869
-67.500000	0.005660
-67.466667	0.005455
-67.433333	0.005242
-67.400000	0.005047
-67.366667	0.004855
-67.333333	0.004678
-67.300000	0.004523
-67.266667	0.004395
-67.233333	0.004303
-67.200000	0.004251
-67.166667	0.004244
-67.133333	0.004291
-67.100000	0.004392
-67.066667	0.004544
-67.033333	0.004746
-67.000000	0.005001
-66.966667	0.005298
-66.933333	0.005606
-66.900000	0.005981
-66.866667	0.006369
-66.833333	0.006766
-66.800000	0.007158
-66.766667	0.007529
-66.733333	0.007863
-66.700000	0.008153
-66.666667	0.008380
-66.633333	0.008516
-66.600000	0.008564
-66.566667	0.008507
-66.533333	0.008343
-66.500000	0.008071
-66.466667	0.007692
-66.433333	0.007216
-66.400000	0.006652
-66.366667	0.006015
-66.333333	0.005322
-66.300000	0.004597
-66.266667	0.003866
-66.233333	0.003142
-66.200000	0.002460
-66.166667	0.001839
-66.133333	0.001307
-66.100000	0.000883
-66.066667	0.000592
-66.033333	0.000453
-66.000000	0.000494
-65.966667	0.000702
-65.933333	0.001053
-65.900000	0.001603
-65.866667	0.002282
-65.833333	0.003119
-65.800000	0.004088
-65.766667	0.005177
-65.733333	0.006371
-65.700000	0.007643
-65.666667	0.008975
-65.633333	0.010342
-65.600000	0.011719
-65.566667	0.013107
-65.533333	0.014467
-65.500000	0.015795
-65.466667	0.017085
-65.433333	0.018329
-65.400000	0.019527
-65.366667	0.020680
-65.333333	0.021788
-65.300000	0.022855
-65.266667	0.023887
-65.233333	0.024881
-65.200000	0.025854
-65.166667	0.026799
-65.133333	0.027723
-65.100000	0.028629
-65.066667	0.029516
-65.033333	0.030389
-65.000000	0.031243
-64.966667	0.032058
-64.933333	0.032836
-64.900000	0.033615
-64.866667	0.034381
-64.833333	0.035139
-64.800000	0.035884
-64.766667	0.036621
-64.733333	0.037347
-64.700000	0.038066
-64.666667	0.038776
-64.633333	0.039472
-64.600000	0.040158
-64.566667	0.040854
-64.533333	0.041544
-64.500000	0.042265
-64.466667	0.043022
-64.433333	0.043842
-64.400000	0.044763
-64.366667	0.045789
-64.333333	0.046965
-64.300000	0.048314
-64.266667	0.049870
-64.233333	0.051666
-64.200000	0.053743
-64.166667	0.056145
-64.133333	0.058932
-64.100000	0.062204
-64.066667	0.066023
-64.033333	0.070466
-64.000000	0.075637
-63.966667	0.081616
-63.933333	0.088467
-63.900000	0.096267
-63.866667	0.104987
-63.833333	0.114610
-63.800000	0.125063
-63.766667	0.136082
-63.733333	0.147318
-63.700000	0.158311
-63.666667	0.168462
-63.633333	0.176970
-63.600000	0.182938
-63.566667	0.185301
-63.533333	0.182893
-63.500000	0.174511
-63.466667	0.158970
-63.433333	0.135133
-63.400000	0.101959
-63.366667	0.058641
-63.333333	0.004716
-63.300000	-0.060024
-63.266667	-0.135406
-63.233333	-0.220811
-63.200000	-0.315157
-63.166667	-0.416937
-63.133333	-0.524203
-63.100000	-0.634657
-63.066667	-0.745778
-63.033333	-0.854742
-63.000000	-0.958578
-62.966667	-1.054370
-62.933333	-1.139292
-62.900000	-1.210668
-62.866667	-1.266131
-62.833333	-1.303663
-62.800000	-1.321809
-62.766667	-1.319664
-62.733333	-1.296798
-62.700000	-1.253400
-62.666667	-1.190255
-62.633333	-1.108738
-62.600000	-1.010693
-62.566667	-0.898410
-62.533333	-0.774495
-62.500000	-0.641786
-62.466667	-0.503245
-62.433333	-0.361895
-62.400000	-0.220665
-62.366667	-0.082243
-62.333333	0.050925
-62.300000	0.176615
-62.266667	0.293049
-62.233333	0.398859
-62.200000	0.493088
-62.166667	0.575112
-62.133333	0.644647
-62.100000	0.701722
-62.066667	0.746651
-62.033333	0.779969
-62.000000	0.802396
-61.966667	0.814705
-61.933333	0.817790
-61.900000	0.812657
-61.866667	0.800324
-61.833333	0.781762
-61.800000	0.757941
-61.766667	0.729822
-61.733333	0.698288
-61.700000	0.664165
-61.666667	0.628214
-61.633333	0.591162
-61.600000	0.553649
-61.566667	0.516275
-61.533333	0.479574
-61.500000	0.443962
-61.466667	0.409763
-61.433333	0.377235
-61.400000	0.346553
-61.366667	0.317881
-61.333333	0.291322
-61.300000	0.266890
-61.266667	0.244595
-61.233333	0.224366
-61.200000	0.206107
-61.166667	0.189648
-61.133333	0.174814
-61.100000	0.161460
-61.066667	0.149439
-61.033333	0.138566
-61.000000	0.128687
-60.966667	0.119661
-60.933333	0.111412
-60.900000	0.103872
-60.866667	0.097014
-60.833333	0.090794
-60.800000	0.085190
-60.766667	0.080185
-60.733333	0.075774
-60.700000	0.071955
-60.666667	0.068717
-60.633333	0.066053
-60.600000	0.063901
-60.566667	0.062187
-60.533333	0.060842
-60.500000	0.059704
-60.466667	0.058635
-60.433333	0.057494
-60.400000	0.056083
-60.366667	0.054316
-60.333333	0.052023
-60.300000	0.049067
-60.266667	0.045321
-60.233333	0.040671
-60.200000	0.035036
-60.166667	0.028376
-60.133333	0.020709
-60.100000	0.012095
-60.066667	0.002613
-60.033333	-0.007632
-60.000000	-0.018479
-59.966667	-0.029703
-59.933333	-0.041076
-59.900000	-0.052366
-59.866667	-0.063296
-59.833333	-0.073609
-59.800000	-0.083028
-59.766667	-0.091338
-59.733333	-0.098365
-59.700000	-0.103983
-59.666667	-0.108110
-59.633333	-0.110673
-59.600000	-0.111685
-59.566667	-0.111193
-59.533333	-0.109287
-59.500000	-0.106118
-59.466667	-0.101850
-59.433333	-0.096696
-59.400000	-0.090878
-59.366667	-0.084575
-59.333333	-0.078014
-59.300000	-0.071364
-59.266667	-0.064816
-59.233333	-0.058549
-59.200000	-0.052704
-59.166667	-0.047397
-59.133333	-0.042697
-59.100000	-0.038666
-59.066667	-0.035324
-59.033333	-0.032646
-59.000000	-0.030585
-58.966667	-0.029091
-58.933333	-0.028101
-58.900000	-0.027543
-58.866667	-0.027350
-58.833333	-0.027443
-58.800000	-0.027752
-58.766667	-0.028252
-58.733333	-0.028911
-58.700000	-0.029699
-58.666667	-0.030592
-58.633333	-0.031568
-58.600000	-0.032636
-58.566667	-0.033796
-58.533333	-0.035073
-58.500000	-0.036461
-58.466667	-0.037956
-58.433333	-0.039560
-58.400000	-0.041248
-58.366667	-0.042957
-58.333333	-0.044630
-58.300000	-0.046231
-58.266667	-0.047673
-58.233333	-0.048903
-58.200000	-0.049853
-58.166667	-0.050431
-58.133333	-0.050585
-58.100000	-0.050267
-58.066667	-0.049451
-58.033333	-0.048120
-58.000000	-0.046273
-57.966667	-0.043939
-57.933333	-0.041160
-57.900000	-0.037975
-57.866667	-0.034427
-57.833333	-0.030558
-57.800000	-0.026425
-57.766667	-0.022099
-57.733333	-0.017669
-57.700000	-0.013218
-57.666667	-0.008843
-57.633333	-0.004631
-57.600000	-0.000686
-57.566667	0.002886
-57.533333	0.005983
-57.500000	0.008544
-57.466667	0.010527
-57.433333	0.011923
-57.400000	0.012728
-57.366667	0.012963
-57.333333	0.012621
-57.300000	0.011734
-57.266667	0.010371
-57.233333	0.008571
-57.200000	0.006413
-57.166667	0.003973
-57.133333	0.001305
-57.100000	-0.001508
-57.066667	-0.004396
-57.033333	-0.007273
-57.000000	-0.010053
-56.966667	-0.012673
-56.933333	-0.015085
-56.900000	-0.017246
-56.866667	-0.019130
-56.833333	-0.020717
-56.800000	-0.022003
-56.766667	-0.022993
-56.733333	-0.023722
-56.700000	-0.024208
-56.666667	-0.024474
-56.633333	-0.024558
-56.600000	-0.024483
-56.566667	-0.024278
-56.533333	-0.023967
-56.500000	-0.023554
-56.466667	-0.023042
-56.433333	-0.022453
-56.400000	-0.021790
-56.366667	-0.021068
-56.333333	-0.020307
-56.300000	-0.019497
-56.266667	-0.018635
-56.233333	-0.017714
-56.200000	-0.016724
-56.166667	-0.015665
-56.133333	-0.014534
-56.100000	-0.013333
-56.066667	-0.012071
-56.033333	-0.010756
-56.000000	-0.009408
-55.966667	-0.008068
-55.933333	-0.006779
-55.900000	-0.005579
-55.866667	-0.004496
-55.833333	-0.003543
-55.800000	-0.002724
-55.766667	-0.002118
-55.733333	-0.001699
-55.700000	-0.001494
-55.666667	-0.001502
-55.633333	-0.001742
-55.600000	-0.002209
-55.566667	-0.002910
-55.533333	-0.003823
-55.500000	-0.004954
-55.466667	-0.006249
-55.433333	-0.007687
-55.400000	-0.009208
-55.366667	-0.010793
-55.333333	-0.012408
-55.300000	-0.014037
-55.266667	-0.015678
-55.233333	-0.017310
-55.200000	-0.018893
-55.166667	-0.020439
-55.133333	-0.021923
-55.100000	-0.023353
-55.066667	-0.024727
-55.033333	-0.026034
-55.000000	-0.027256
-54.966667	-0.028392
-54.933333	-0.029441
-54.900000	-0.030392
-54.866667	-0.031227
-54.833333	-0.031930
-54.800000	-0.032499
-54.766667	-0.032961
-54.733333	-0.033260
-54.700000	-0.033430
-54.666667	-0.033432
-54.633333	-0.033299
-54.600000	-0.033003
-54.566667	-0.032542
-54.533333	-0.031917
-54.500000	-0.031139
-54.466667	-0.030168
-54.433333	-0.029045
-54.400000	-0.027749
-54.366667	-0.026291
-54.333333	-0.024681
-54.300000	-0.022933
-54.266667	-0.021060
-54.233333	-0.019053
-54.200000	-0.016923
-54.166667	-0.014702
-54.133333	-0.012371
-54.100000	-0.009986
-54.066667	-0.007536
-54.033333	-0.005055
-54.000000	-0.002578
-53.966667	-0.000158
-53.933333	0.002159
-53.900000	0.004324
-53.866667	0.006274
-53.833333	0.007990
-53.800000	0.009383
-53.766667	0.010430
-53.733333	0.011123
-53.700000	0.011414
-53.666667	0.011332
-53.633333	0.010842
-53.600000	0.009980
-53.566667	0.008737
-53.533333	0.007148
-53.500000	0.005257
-53.466667	0.003116
-53.433333	0.000786
-53.400000	-0.001648
-53.366667	-0.004125
-53.333333	-0.006575
-53.300000	-0.008920
-53.266667	-0.011063
-53.233333	-0.013000
-53.200000	-0.014655
-53.166667	-0.016008
-53.133333	-0.017032
-53.100000	-0.017762
-53.066667	-0.018154
-53.033333	-0.018247
-53.000000	-0.018046
-52.966667	-0.017589
-52.933333	-0.016903
-52.900000	-0.016019
-52.866667	-0.014970
-52.833333	-0.013767
-52.800000	-0.012478
-52.766667	-0.011087
-52.733333	-0.009622
-52.700000	-0.008126
-52.666667	-0.006583
-52.633333	-0.005021
-52.600000	-0.003465
-52.566667	-0.001916
-52.533333	-0.000355
-52.500000	0.001219
-52.466667	0.002832
-52.433333	0.004471
-52.400000	0.006148
-52.366667	0.007843
-52.333333	0.009532
-52.300000	0.011233
-52.266667	0.012905
-52.233333	0.014486
-52.200000	0.015990
-52.166667	0.017366
-52.133333	0.018601
-52.100000	0.019668
-52.066667	0.020585
-52.033333	0.021322
-52.000000	0.021867
-51.966667	0.022195
-51.933333	0.022311
-51.900000	0.022202
-51.866667	0.021850
-51.833333	0.021245
-51.800000	0.020365
-51.766667	0.019214
-51.733333	0.017813
-51.700000	0.016144
-51.666667	0.014245
-51.633333	0.012144
-51.600000	0.009865
-51.566667	0.007483
-51.533333	0.005065
-51.500000	0.002646
-51.466667	0.000280
-51.433333	-0.002013
-51.400000	-0.004172
-51.366667	-0.006165
-51.333333	-0.007932
-51.300000	-0.009403
-51.266667	-0.010548
-51.233333	-0.011327
-51.200000	-0.011740
-51.166667	-0.011772
-51.133333	-0.011421
-51.100000	-0.010741
-51.066667	-0.009743
-51.033333	-0.008485
-51.000000	-0.007046
-50.966667	-0.005490
-50.933333	-0.003893
-50.900000	-0.002333
-50.866667	-0.000884
-50.833333	0.000394
-50.800000	0.001471
-50.766667	0.002336
-50.733333	0.002981
-50.700000	0.003398
-50.666667	0.003627
-50.633333	0.003688
-50.600000	0.003634
-50.566667	0.003508
-50.533333	0.003349
-50.500000	0.003189
-50.466667	0.003064
-50.433333	0.003012
-50.400000	0.003070
-50.366667	0.003260
-50.333333	0.003595
-50.300000	0.004072
-50.266667	0.004673
-50.233333	0.005356
-50.200000	0.006075
-50.166667	0.006791
-50.133333	0.007449
-50.100000	0.007984
-50.066667	0.008395
-50.033333	0.008585
-50.000000	0.008533
-49.966667	0.008242
-49.933333	0.007668
-49.900000	0.006863
-49.866667	0.005827
-49.833333	0.004609
-49.800000	0.003248
-49.766667	0.001778
-49.733333	0.000232
-49.700000	-0.001307
-49.666667	-0.002820
-49.633333	-0.004282
-49.600000	-0.005611
-49.566667	-0.006802
-49.533333	-0.007784
-49.500000	-0.008540
-49.466667	-0.009070
-49.433333	-0.009365
-49.400000	-0.009420
-49.366667	-0.009265
-49.333333	-0.008905
-49.300000	-0.008387
-49.266667	-0.007737
-49.233333	-0.007009
-49.200000	-0.006254
-49.166667	-0.005527
-49.133333	-0.004881
-49.100000	-0.004346
-49.066667	-0.003936
-49.033333	-0.003671
-49.000000	-0.003499
-48.966667	-0.003410
-48.933333	-0.003413
-48.900000	-0.003436
-48.866667	-0.003470
-48.833333	-0.003478
-48.800000	-0.003427
-48.766667	-0.003305
-48.733333	-0.003071
-48.700000	-0.002697
-48.666667	-0.002216
-48.633333	-0.001616
-48.600000	-0.000881
-48.566667	-0.000057
-48.533333	0.000877
-48.500000	0.001859
-48.466667	0.002853
-48.433333	0.003833
-48.400000	0.004757
-48.366667	0.005557
-48.333333	0.006206
-48.300000	0.006620
-48.266667	0.006739
-48.233333	0.006509
-48.200000	0.005898
-48.166667	0.004881
-48.133333	0.003440
-48.100000	0.001633
-48.066667	-0.000484
-48.033333	-0.002847
-48.000000	-0.005404
-47.966667	-0.008086
-47.933333	-0.010815
-47.900000	-0.013481
-47.866667	-0.015991
-47.833333	-0.018268
-47.800000	-0.020234
-47.766667	-0.021814
-47.733333	-0.022959
-47.700000	-0.023679
-47.666667	-0.023938
-47.633333	-0.023759
-47.600000	-0.023171
-47.566667	-0.022215
-47.533333	-0.020958
-47.500000	-0.019471
-47.466667	-0.017835
-47.433333	-0.016126
-47.400000	-0.014429
-47.366667	-0.012819
-47.333333	-0.011345
-47.300000	-0.010055
-47.266667	-0.008938
-47.233333	-0.007981
-47.200000	-0.007205
-47.166667	-0.006598
-47.133333	-0.006115
-47.100000	-0.005688
-47.066667	-0.005286
-47.033333	-0.004869
-47.000000	-0.004412
-46.966667	-0.003862
-46.933333	-0.003176
-46.900000	-0.002338
-46.866667	-0.001346
-46.833333	-0.000188
-46.800000	0.001104
-46.766667	0.002520
-46.733333	0.003978
-46.700000	0.005421
-46.666667	0.006790
-46.633333	0.007983
-46.600000	0.008912
-46.566667	0.009495
-46.533333	0.009665
-46.500000	0.009386
-46.466667	0.008630
-46.433333	0.007369
-46.400000	0.005658
-46.366667	0.003487
-46.333333	0.000962
-46.300000	-0.001829
-46.266667	-0.004787
-46.233333	-0.007828
-46.200000	-0.010851
-46.166667	-0.013727
-46.133333	-0.016360
-46.100000	-0.018679
-46.066667	-0.020626
-46.033333	-0.022147
-46.000000	-0.023200
-45.966667	-0.023796
-45.933333	-0.023920
-45.900000	-0.023614
-45.866667	-0.022909
-45.833333	-0.021846
-45.800000	-0.020484
-45.766667	-0.018907
-45.733333	-0.017206
-45.700000	-0.015451
-45.666667	-0.013761
-45.633333	-0.012194
-45.600000	-0.010807
-45.566667	-0.009672
-45.533333	-0.008801
-45.500000	-0.008222
-45.466667	-0.007935
-45.433333	-0.007927
-45.400000	-0.008137
-45.366667	-0.008557
-45.333333	-0.009069
-45.300000	-0.009636
-45.266667	-0.010171
-45.233333	-0.010605
-45.200000	-0.010879
-45.166667	-0.010956
-45.133333	-0.010817
-45.100000	-0.010498
-45.066667	-0.009944
-45.033333	-0.009169
-45.000000	-0.008183
-44.966667	-0.007044
-44.933333	-0.005758
-44.900000	-0.004401
-44.866667	-0.003023
-44.833333	-0.001682
-44.800000	-0.000424
-44.766667	0.000660
-44.733333	0.001540
-44.700000	0.002171
-44.666667	0.002505
-44.633333	0.002555
-44.600000	0.002319
-44.566667	0.001790
-44.533333	0.001027
-44.500000	0.000054
-44.466667	-0.001064
-44.433333	-0.002277
-44.400000	-0.003538
-44.366667	-0.004806
-44.333333	-0.006044
-44.300000	-0.007210
-44.266667	-0.008249
-44.233333	-0.009134
-44.200000	-0.009842
-44.166667	-0.010366
-44.133333	-0.010711
-44.100000	-0.010886
-44.066667	-0.010847
-44.033333	-0.010642
-44.000000	-0.010260
-43.966667	-0.009751
-43.933333	-0.009151
-43.900000	-0.008515
-43.866667	-0.007884
-43.833333	-0.007251
-43.800000	-0.006703
-43.766667	-0.006256
-43.733333	-0.005891
-43.700000	-0.005621
-43.666667	-0.005439
-43.633333	-0.005291
-43.600000	-0.005173
-43.566667	-0.005042
-43.533333	-0.004865
-43.500000	-0.004582
-43.466667	-0.004215
-43.433333	-0.003721
-43.400000	-0.003115
-43.366667	-0.002388
-43.333333	-0.001548
-43.300000	-0.000606
-43.266667	0.000415
-43.233333	0.001478
-43.200000	0.002546
-43.166667	0.003589
-43.133333	0.004543
-43.100000	0.005371
-43.066667	0.006044
-43.033333	0.006543
-43.000000	0.006848
-42.966667	0.006905
-42.933333	0.006670
-42.900000	0.006132
-42.866667	0.005307
-42.833333	0.004194
-42.800000	0.002780
-42.766667	0.001142
-42.733333	-0.000673
-42.700000	-0.002636
-42.666667	-0.004668
-42.633333	-0.006695
-42.600000	-0.008684
-42.566667	-0.010559
-42.533333	-0.012287
-42.500000	-0.013831
-42.466667	-0.015206
-42.433333	-0.016362
-42.400000	-0.017330
-42.366667	-0.018082
-42.333333	-0.018667
-42.300000	-0.019099
-42.266667	-0.019399
-42.233333	-0.019569
-42.200000	-0.019615
-42.166667	-0.019551
-42.133333	-0.019388
-42.100000	-0.019116
-42.066667	-0.018742
-42.033333	-0.018268
-42.000000	-0.017690
-41.966667	-0.017023
-41.933333	-0.016272
-41.900000	-0.015424
-41.866667	-0.014485
-41.833333	-0.013471
-41.800000	-0.012348
-41.766667	-0.011176
-41.733333	-0.009942
-41.700000	-0.008694
-41.666667	-0.007439
-41.633333	-0.006226
-41.600000	-0.005091
-41.566667	-0.004040
-41.533333	-0.003132
-41.500000	-0.002380
-41.466667	-0.001791
-41.433333	-0.001374
-41.400000	-0.001123
-41.366667	-0.001035
-41.333333	-0.001128
-41.300000	-0.001395
-41.266667	-0.001818
-41.233333	-0.002381
-41.200000	-0.003060
-41.166667	-0.003867
-41.133333	-0.004751
-41.100000	-0.005704
-41.066667	-0.006693
-41.033333	-0.007679
-41.000000	-0.008623
-40.966667	-0.009503
-40.933333	-0.010304
-40.900000	-0.011018
-40.866667	-0.011635
-40.833333	-0.012147
-40.800000	-0.012556
-40.766667	-0.012901
-40.733333	-0.013154
-40.700000	-0.013351
-40.666667	-0.013489
-40.633333	-0.013572
-40.600000	-0.013592
-40.566667	-0.013529
-40.533333	-0.013414
-40.500000	-0.013225
-40.466667	-0.012981
-40.433333	-0.012643
-40.400000	-0.012257
-40.366667	-0.011823
-40.333333	-0.011365
-40.300000	-0.010897
-40.266667	-0.010402
-40.233333	-0.009886
-40.200000	-0.009345
-40.166667	-0.008792
-40.133333	-0.008207
-40.100000	-0.007613
-40.066667	-0.007008
-40.033333	-0.006390
-40.000000	-0.005772
-39.966667	-0.005154
-39.933333	-0.004554
-39.900000	-0.003980
-39.866667	-0.003436
-39.833333	-0.002924
-39.800000	-0.002433
-39.766667	-0.001982
-39.733333	-0.001578
-39.700000	-0.001183
-39.666667	-0.000825
-39.633333	-0.000486
-39.600000	-0.000179
-39.566667	0.000094
-39.533333	0.000342
-39.500000	0.000517
-39.466667	0.000645
-39.433333	0.000751
-39.400000	0.000804
-39.366667	0.000825
-39.333333	0.000815
-39.300000	0.000775
-39.266667	0.000709
-39.233333	0.000630
-39.200000	0.000525
-39.166667	0.000395
-39.133333	0.000219
-39.100000	0.000017
-39.066667	-0.000218
-39.033333	-0.000470
-39.000000	-0.000743
-38.966667	-0.001025
-38.933333	-0.001339
-38.900000	-0.001685
-38.866667	-0.002071
-38.833333	-0.002490
-38.800000	-0.002932
-38.766667	-0.003404
-38.733333	-0.003896
-38.700000	-0.004386
-38.666667	-0.004903
-38.633333	-0.005408
-38.600000	-0.005911
-38.566667	-0.006384
-38.533333	-0.006815
-38.500000	-0.007199
-38.466667	-0.007465
-38.433333	-0.007606
-38.400000	-0.007608
-38.366667	-0.007470
-38.333333	-0.007165
-38.300000	-0.006698
-38.266667	-0.006060
-38.233333	-0.005248
-38.200000	-0.004286
-38.166667	-0.003174
-38.133333	-0.001924
-38.100000	-0.000531
-38.066667	0.000985
-38.033333	0.002590
-38.000000	0.004251
-37.966667	0.005916
-37.933333	0.007536
-37.900000	0.009078
-37.866667	0.010519
-37.833333	0.011851
-37.800000	0.013041
-37.766667	0.014044
-37.733333	0.014866
-37.700000	0.015500
-37.666667	0.015933
-37.633333	0.016175
-37.600000	0.016208
-37.566667	0.016044
-37.533333	0.015688
-37.500000	0.015156
-37.466667	0.014471
-37.433333	0.013643
-37.400000	0.012691
-37.366667	0.011637
-37.333333	0.010499
-37.300000	0.009297
-37.266667	0.008062
-37.233333	0.006798
-37.200000	0.005535
-37.166667	0.004287
-37.133333	0.003069
-37.100000	0.001898
-37.066667	0.000783
-37.033333	-0.000285
-37.000000	-0.001291
-36.966667	-0.002235
-36.933333	-0.003095
-36.900000	-0.003812
-36.866667	-0.004373
-36.833333	-0.004760
-36.800000	-0.004961
-36.766667	-0.004954
-36.733333	-0.004702
-36.700000	-0.004220
-36.666667	-0.003516
-36.633333	-0.002593
-36.600000	-0.001488
-36.566667	-0.000221
-36.533333	0.001203
-36.500000	0.002750
-36.466667	0.004403
-36.433333	0.006118
-36.400000	0.007846
-36.366667	0.009536
-36.333333	0.011139
-36.300000	0.012610
-36.266667	0.013904
-36.233333	0.014962
-36.200000	0.015764
-36.166667	0.016267
-36.133333	0.016496
-36.100000	0.016434
-36.066667	0.016092
-36.033333	0.015483
-36.000000	0.014639
-35.966667	0.013576
-35.933333	0.012351
-35.900000	0.011008
-35.866667	0.009569
-35.833333	0.008087
-35.800000	0.006607
-35.766667	0.005156
-35.733333	0.003760
-35.700000	0.002432
-35.666667	0.001182
-35.633333	0.000018
-35.600000	-0.001057
-35.566667	-0.002047
-35.533333	-0.002954
-35.500000	-0.003800
-35.466667	-0.004602
-35.433333	-0.005393
-35.400000	-0.006195
-35.366667	-0.007021
-35.333333	-0.007877
-35.300000	-0.008751
-35.266667	-0.009619
-35.233333	-0.010465
-35.200000	-0.011281
-35.166667	-0.011979
-35.133333	-0.012543
-35.100000	-0.012943
-35.066667	-0.013120
-35.033333	-0.013057
-35.000000	-0.012716
-34.966667	-0.012084
-34.933333	-0.011109
-34.900000	-0.009834
-34.866667	-0.008228
-34.833333	-0.006317
-34.800000	-0.004135
-34.766667	-0.001728
-34.733333	0.000839
-34.700000	0.003501
-34.666667	0.006193
-34.633333	0.008844
-34.600000	0.011382
-34.566667	0.013732
-34.533333	0.015827
-34.500000	0.017668
-34.466667	0.019196
-34.433333	0.020412
-34.400000	0.021302
-34.366667	0.021878
-34.333333	0.022171
-34.300000	0.022202
-34.266667	0.021997
-34.233333	0.021581
-34.200000	0.020984
-34.166667	0.020277
-34.133333	0.019455
-34.100000	0.018600
-34.066667	0.017748
-34.033333	0.016891
-34.000000	0.016079
-33.966667	0.015307
-33.933333	0.014587
-33.900000	0.013867
-33.866667	0.013189
-33.833333	0.012514
-33.800000	0.011799
-33.766667	0.011023
-33.733333	0.010156
-33.700000	0.009178
-33.666667	0.008065
-33.633333	0.006805
-33.600000	0.005409
-33.566667	0.003854
-33.533333	0.002162
-33.500000	0.000412
-33.466667	-0.001438
-33.433333	-0.003322
-33.400000	-0.005218
-33.366667	-0.007083
-33.333333	-0.008880
-33.300000	-0.010586
-33.266667	-0.012161
-33.233333	-0.013576
-33.200000	-0.014813
-33.166667	-0.015847
-33.133333	-0.016664
-33.100000	-0.017252
-33.066667	-0.017598
-33.033333	-0.017725
-33.000000	-0.017635
-32.966667	-0.017326
-32.933333	-0.016830
-32.900000	-0.016179
-32.866667	-0.015387
-32.833333	-0.014489
-32.800000	-0.013497
-32.766667	-0.012465
-32.733333	-0.011398
-32.700000	-0.010306
-32.666667	-0.009257
-32.633333	-0.008212
-32.600000	-0.007235
-32.566667	-0.006342
-32.533333	-0.005504
-32.500000	-0.004745
-32.466667	-0.004070
-32.433333	-0.003466
-32.400000	-0.002967
-32.366667	-0.002516
-32.333333	-0.002161
-32.300000	-0.001879
-32.266667	-0.001671
-32.233333	-0.001543
-32.200000	-0.001500
-32.166667	-0.001529
-32.133333	-0.001627
-32.100000	-0.001778
-32.066667	-0.001978
-32.033333	-0.002228
-32.000000	-0.002513
-31.966667	-0.002847
-31.933333	-0.003196
-31.900000	-0.003560
-31.866667	-0.003968
-31.833333	-0.004400
-31.800000	-0.004831
-31.766667	-0.005284
-31.733333	-0.005719
-31.700000	-0.006139
-31.666667	-0.006546
-31.633333	-0.006880
-31.600000	-0.007173
-31.566667	-0.007354
-31.533333	-0.007392
-31.500000	-0.007282
-31.466667	-0.007005
-31.433333	-0.006580
-31.400000	-0.005987
-31.366667	-0.005193
-31.333333	-0.004261
-31.300000	-0.003158
-31.266667	-0.001910
-31.233333	-0.000536
-31.200000	0.000945
-31.166667	0.002515
-31.133333	0.004134
-31.100000	0.005780
-31.066667	0.007420
-31.033333	0.009027
-31.000000	0.010556
-30.966667	0.011984
-30.933333	0.013302
-30.900000	0.014433
-30.866667	0.015364
-30.833333	0.016096
-30.800000	0.016625
-30.766667	0.016952
-30.733333	0.017065
-30.700000	0.016997
-30.666667	0.016764
-30.633333	0.016384
-30.600000	0.015880
-30.566667	0.015284
-30.533333	0.014612
-30.500000	0.013852
-30.466667	0.013003
-30.433333	0.012096
-30.400000	0.011140
-30.366667	0.010141
-30.333333	0.009104
-30.300000	0.008038
-30.266667	0.006948
-30.233333	0.005837
-30.200000	0.004713
-30.166667	0.003575
-30.133333	0.002428
-30.100000	0.001275
-30.066667	0.000121
-30.033333	-0.001032
-30.000000	-0.002176
-29.966667	-0.003262
-29.933333	-0.004311
-29.900000	-0.005289
-29.866667	-0.006210
-29.833333	-0.007066
-29.800000	-0.007815
-29.766667	-0.008429
-29.733333	-0.008920
-29.700000	-0.009271
-29.666667	-0.009505
-29.633333	-0.009621
-29.600000	-0.009609
-29.566667	-0.009470
-29.533333	-0.009222
-29.500000	-0.008874
-29.466667	-0.008438
-29.433333	-0.007928
-29.400000	-0.007365
-29.366667	-0.006760
-29.333333	-0.006110
-29.300000	-0.005477
-29.266667	-0.004841
-29.233333	-0.004227
-29.200000	-0.003639
-29.166667	-0.003096
-29.133333	-0.002591
-29.100000	-0.002129
-29.066667	-0.001712
-29.033333	-0.001339
-29.000000	-0.001005
-28.966667	-0.000702
-28.933333	-0.000456
-28.900000	-0.000265
-28.866667	-0.000137
-28.833333	-0.000051
-28.800000	0.000000
-28.766667	0.000004
-28.733333	-0.000040
-28.700000	-0.000140
-28.666667	-0.000303
-28.633333	-0.000515
-28.600000	-0.000767
-28.566667	-0.001077
-28.533333	-0.001455
-28.500000	-0.001903
-28.466667	-0.002431
-28.433333	-0.003046
-28.400000	-0.003748
-28.366667	-0.004535
-28.333333	-0.005424
-28.300000	-0.006425
-28.266667	-0.007501
-28.233333	-0.008669
-28.200000	-0.009911
-28.166667	-0.011222
-28.133333	-0.012582
-28.100000	-0.013988
-28.066667	-0.015426
-28.033333	-0.016878
-28.000000	-0.018319
-27.966667	-0.019735
-27.933333	-0.021116
-27.900000	-0.022441
-27.866667	-0.023672
-27.833333	-0.024777
-27.800000	-0.025723
-27.766667	-0.026481
-27.733333	-0.027038
-27.700000	-0.027382
-27.666667	-0.027508
-27.633333	-0.027410
-27.600000	-0.027098
-27.566667	-0.026566
-27.533333	-0.025846
-27.500000	-0.024948
-27.466667	-0.023898
-27.433333	-0.022704
-27.400000	-0.021401
-27.366667	-0.020018
-27.333333	-0.018582
-27.300000	-0.017100
-27.266667	-0.015607
-27.233333	-0.014123
-27.200000	-0.012673
-27.166667	-0.011279
-27.133333	-0.009961
-27.100000	-0.008735
-27.066667	-0.007606
-27.033333	-0.006581
-27.000000	-0.005675
-26.966667	-0.004895
-26.933333	-0.004233
-26.900000	-0.003665
-26.866667	-0.003170
-26.833333	-0.002753
-26.800000	-0.002391
-26.766667	-0.002084
-26.733333	-0.001831
-26.700000	-0.001598
-26.666667	-0.001399
-26.633333	-0.001219
-26.600000	-0.001053
-26.566667	-0.000886
-26.533333	-0.000732
-26.500000	-0.000576
-26.466667	-0.000428
-26.433333	-0.000259
-26.400000	-0.000087
-26.366667	0.000114
-26.333333	0.000350
-26.300000	0.000631
-26.266667	0.000964
-26.233333	0.001366
-26.200000	0.001857
-26.166667	0.002439
-26.133333	0.003152
-26.100000	0.004000
-26.066667	0.004974
-26.033333	0.006074
-26.000000	0.007298
-25.966667	0.008668
-25.933333	0.010155
-25.900000	0.011755
-25.866667	0.013461
-25.833333	0.015261
-25.800000	0.017160
-25.766667	0.019128
-25.733333	0.021135
-25.700000	0.023158
-25.666667	0.025144
-25.633333	0.027068
-25.600000	0.028890
-25.566667	0.030568
-25.533333	0.032056
-25.500000	0.033332
-25.466667	0.034372
-25.433333	0.035185
-25.400000	0.035752
-25.366667	0.036084
-25.333333	0.036169
-25.300000	0.036025
-25.266667	0.035665
-25.233333	0.035109
-25.200000	0.034364
-25.166667	0.033468
-25.133333	0.032439
-25.100000	0.031266
-25.066667	0.029973
-25.033333	0.028602
-25.000000	0.027161
-24.966667	0.025671
-24.933333	0.024115
-24.900000	0.022520
-24.866667	0.020883
-24.833333	0.019201
-24.800000	0.017474
-24.766667	0.015683
-24.733333	0.013810
-24.700000	0.011848
-24.666667	0.009789
-24.633333	0.007618
-24.600000	0.005311
-24.566667	0.002897
-24.533333	0.000355
-24.500000	-0.002291
-24.466667	-0.005060
-24.433333	-0.007938
-24.400000	-0.010915
-24.366667	-0.013987
-24.333333	-0.017153
-24.300000	-0.020385
-24.266667	-0.023681
-24.233333	-0.027021
-24.200000	-0.030385
-24.166667	-0.033731
-24.133333	-0.037061
-24.100000	-0.040336
-24.066667	-0.043523
-24.033333	-0.046596
-24.000000	-0.049546
-23.966667	-0.052348
-23.933333	-0.054991
-23.900000	-0.057459
-23.866667	-0.059742
-23.833333	-0.061828
-23.800000	-0.063715
-23.766667	-0.065401
-23.733333	-0.066871
-23.700000	-0.068133
-23.666667	-0.069219
-23.633333	-0.070077
-23.600000	-0.070763
-23.566667	-0.071242
-23.533333	-0.071565
-23.500000	-0.071726
-23.466667	-0.071750
-23.433333	-0.071633
-23.400000	-0.071383
-23.366667	-0.071018
-23.333333	-0.070548
-23.300000	-0.069970
-23.266667	-0.069271
-23.233333	-0.068484
-23.200000	-0.067584
-23.166667	-0.066571
-23.133333	-0.065448
-23.100000	-0.064209
-23.066667	-0.062858
-23.033333	-0.061396
-23.000000	-0.059825
-22.966667	-0.058158
-22.933333	-0.056386
-22.900000	-0.054524
-22.866667	-0.052586
-22.833333	-0.050559
-22.800000	-0.048460
-22.766667	-0.046281
-22.733333	-0.044020
-22.700000	-0.041696
-22.666667	-0.039307
-22.633333	-0.036824
-22.600000	-0.034314
-22.566667	-0.031732
-22.533333	-0.029096
-22.500000	-0.026403
-22.466667	-0.023654
-22.433333	-0.020846
-22.400000	-0.017982
-22.366667	-0.015050
-22.333333	-0.012022
-22.300000	-0.008888
-22.266667	-0.005659
-22.233333	-0.002352
-22.200000	0.001068
-22.166667	0.004571
-22.133333	0.008171
-22.100000	0.011857
-22.066667	0.015624
-22.033333	0.019452
-22.000000	0.023300
-21.966667	0.027135
-21.933333	0.030938
-21.900000	0.034677
-21.866667	0.038307
-21.833333	0.041810
-21.800000	0.045135
-21.766667	0.048271
-21.733333	0.051189
-21.700000	0.053855
-21.666667	0.056255
-21.633333	0.058382
-21.600000	0.060207
-21.566667	0.061729
-21.533333	0.062957
-21.500000	0.063868
-21.466667	0.064488
-21.433333	0.064825
-21.400000	0.064899
-21.366667	0.064744
-21.333333	0.064389
-21.300000	0.063847
-21.266667	0.063142
-21.233333	0.062314
-21.200000	0.061385
-21.166667	0.060367
-21.133333	0.059284
-21.100000	0.058139
-21.066667	0.056936
-21.033333	0.055672
-21.000000	0.054350
-20.966667	0.052982
-20.933333	0.051563
-20.900000	0.050132
-20.866667	0.048662
-20.833333	0.047186
-20.800000	0.045706
-20.766667	0.044233
-20.733333	0.042773
-20.700000	0.041333
-20.666667	0.039926
-20.633333	0.038560
-20.600000	0.037225
-20.566667	0.035947
-20.533333	0.034728
-20.500000	0.033561
-20.466667	0.032477
-20.433333	0.031464
-20.400000	0.030559
-20.366667	0.029723
-20.333333	0.028973
-20.300000	0.028288
-20.266667	0.027666
-20.233333	0.027089
-20.200000	0.026537
-20.166667	0.025994
-20.133333	0.025451
-20.100000	0.024893
-20.066667	0.024304
-20.033333	0.023676
-20.000000	0.023005
-19.966667	0.022280
-19.933333	0.021498
-19.900000	0.020677
-19.866667	0.019777
-19.833333	0.018828
-19.800000	0.017847
-19.766667	0.016847
-19.733333	0.015832
-19.700000	0.014816
-19.666667	0.013814
-19.633333	0.012850
-19.600000	0.011958
-19.566667	0.011163
-19.533333	0.010480
-19.500000	0.009927
-19.466667	0.009522
-19.433333	0.009274
-19.400000	0.009183
-19.366667	0.009210
-19.333333	0.009385
-19.300000	0.009673
-19.266667	0.010058
-19.233333	0.010522
-19.200000	0.011024
-19.166667	0.011538
-19.133333	0.012028
-19.100000	0.012464
-19.066667	0.012833
-19.033333	0.013125
-19.000000	0.013347
-18.966667	0.013483
-18.933333	0.013512
-18.900000	0.013459
-18.866667	0.013310
-18.833333	0.013097
-18.800000	0.012846
-18.766667	0.012571
-18.733333	0.012276
-18.700000	0.012024
-18.666667	0.011817
-18.633333	0.011691
-18.600000	0.011664
-18.566667	0.011745
-18.533333	0.011956
-18.500000	0.012292
-18.466667	0.012760
-18.433333	0.013359
-18.400000	0.014052
-18.366667	0.014831
-18.333333	0.015658
-18.300000	0.016496
-18.266667	0.017294
-18.233333	0.018027
-18.200000	0.018627
-18.166667	0.019074
-18.133333	0.019346
-18.100000	0.019455
-18.066667	0.019378
-18.033333	0.019144
-18.000000	0.018746
-17.966667	0.018192
-17.933333	0.017507
-17.900000	0.016734
-17.866667	0.015874
-17.833333	0.014978
-17.800000	0.014064
-17.766667	0.013154
-17.733333	0.012257
-17.700000	0.011403
-17.666667	0.010566
-17.633333	0.009773
-17.600000	0.009019
-17.566667	0.008342
-17.533333	0.007722
-17.500000	0.007152
-17.466667	0.006641
-17.433333	0.006163
-17.400000	0.005692
-17.366667	0.005227
-17.333333	0.004741
-17.300000	0.004220
-17.266667	0.003640
-17.233333	0.003014
-17.200000	0.002334
-17.166667	0.001632
-17.133333	0.000933
-17.100000	0.000269
-17.066667	-0.000342
-17.033333	-0.000840
-17.000000	-0.001210
-16.966667	-0.001413
-16.933333	-0.001435
-16.900000	-0.001274
-16.866667	-0.000926
-16.833333	-0.000387
-16.800000	0.000349
-16.766667	0.001245
-16.733333	0.002322
-16.700000	0.003539
-16.666667	0.004848
-16.633333	0.006224
-16.600000	0.007655
-16.566667	0.009048
-16.533333	0.010387
-16.500000	0.011631
-16.466667	0.012730
-16.433333	0.013648
-16.400000	0.014375
-16.366667	0.014902
-16.333333	0.015209
-16.300000	0.015318
-16.266667	0.015212
-16.233333	0.014914
-16.200000	0.014428
-16.166667	0.013787
-16.133333	0.013027
-16.100000	0.012159
-16.066667	0.011229
-16.033333	0.010260
-16.000000	0.009269
-15.966667	0.008267
-15.933333	0.007286
-15.900000	0.006346
-15.866667	0.005462
-15.833333	0.004651
-15.800000	0.003925
-15.766667	0.003257
-15.733333	0.002683
-15.700000	0.002150
-15.666667	0.001650
-15.633333	0.001184
-15.600000	0.000741
-15.566667	0.000281
-15.533333	-0.000138
-15.500000	-0.000563
-15.466667	-0.000974
-15.433333	-0.001384
-15.400000	-0.001767
-15.366667	-0.002128
-15.333333	-0.002475
-15.300000	-0.002791
-15.266667	-0.003095
-15.233333	-0.003383
-15.200000	-0.003640
-15.166667	-0.003860
-15.133333	-0.004038
-15.100000	-0.004188
-15.066667	-0.004296
-15.033333	-0.004384
-15.000000	-0.004456
-14.966667	-0.004514
-14.933333	-0.004567
-14.900000	-0.004633
-14.866667	-0.004726
-14.833333	-0.004850
-14.800000	-0.005011
-14.766667	-0.005225
-14.733333	-0.005485
-14.700000	-0.005801
-14.666667	-0.006166
-14.633333	-0.006600
-14.600000	-0.007063
-14.566667	-0.007562
-14.533333	-0.008096
-14.500000	-0.008657
-14.466667	-0.009240
-14.433333	-0.009844
-14.400000	-0.010443
-14.366667	-0.011047
-14.333333	-0.011645
-14.300000	-0.012215
-14.266667	-0.012769
-14.233333	-0.013300
-14.200000	-0.013792
-14.166667	-0.014252
-14.133333	-0.014674
-14.100000	-0.015060
-14.066667	-0.015411
-14.033333	-0.015725
-14.000000	-0.015994
-13.966667	-0.016210
-13.933333	-0.016362
-13.900000	-0.016447
-13.866667	-0.016465
-13.833333	-0.016405
-13.800000	-0.016250
-13.766667	-0.016004
-13.733333	-0.015694
-13.700000	-0.015289
-13.666667	-0.014823
-13.633333	-0.014287
-13.600000	-0.013648
-13.566667	-0.012969
-13.533333	-0.012225
-13.500000	-0.011424
-13.466667	-0.010583
-13.433333	-0.009719
-13.400000	-0.008853
-13.366667	-0.008004
-13.333333	-0.007190
-13.300000	-0.006424
-13.266667	-0.005743
-13.233333	-0.005149
-13.200000	-0.004646
-13.166667	-0.004241
-13.133333	-0.003941
-13.100000	-0.003747
-13.066667	-0.003651
-13.033333	-0.003652
-13.000000	-0.003742
-12.966667	-0.003912
-12.933333	-0.004148
-12.900000	-0.004448
-12.866667	-0.004813
-12.833333	-0.005198
-12.800000	-0.005637
-12.766667	-0.006109
-12.733333	-0.006575
-12.700000	-0.007046
-12.666667	-0.007539
-12.633333	-0.007995
-12.600000	-0.008456
-12.566667	-0.008918
-12.533333	-0.009342
-12.500000	-0.009755
-12.466667	-0.010172
-12.433333	-0.010577
-12.400000	-0.010973
-12.366667	-0.011349
-12.333333	-0.011700
-12.300000	-0.012021
-12.266667	-0.012313
-12.233333	-0.012560
-12.200000	-0.012747
-12.166667	-0.012876
-12.133333	-0.012949
-12.100000	-0.012958
-12.066667	-0.012895
-12.033333	-0.012775
-12.000000	-0.012610
-11.966667	-0.012384
-11.933333	-0.012107
-11.900000	-0.011785
-11.866667	-0.011429
-11.833333	-0.011037
-11.800000	-0.010651
-11.766667	-0.010239
-11.733333	-0.009830
-11.700000	-0.009475
-11.666667	-0.009149
-11.633333	-0.008866
-11.600000	-0.008649
-11.566667	-0.008465
-11.533333	-0.008320
-11.500000	-0.008215
-11.466667	-0.008148
-11.433333	-0.008099
-11.400000	-0.008068
-11.366667	-0.008044
-11.333333	-0.008019
-11.300000	-0.007993
-11.266667	-0.007976
-11.233333	-0.007961
-11.200000	-0.007939
-11.166667	-0.007912
-11.133333	-0.007872
-11.100000	-0.007845
-11.066667	-0.007793
-11.033333	-0.007750
-11.000000	-0.007742
-10.966667	-0.007739
-10.933333	-0.007766
-10.900000	-0.007821
-10.866667	-0.007934
-10.833333	-0.008103
-10.800000	-0.008317
-10.766667	-0.008607
-10.733333	-0.008933
-10.700000	-0.009312
-10.666667	-0.009731
-10.633333	-0.010164
-10.600000	-0.010601
-10.566667	-0.011029
-10.533333	-0.011426
-10.500000	-0.011778
-10.466667	-0.012067
-10.433333	-0.012279
-10.400000	-0.012403
-10.366667	-0.012409
-10.333333	-0.012301
-10.300000	-0.012080
-10.266667	-0.011757
-10.233333	-0.011332
-10.200000	-0.010814
-10.166667	-0.010218
-10.133333	-0.009560
-10.100000	-0.008874
-10.066667	-0.008148
-10.033333	-0.007451
-10.000000	-0.006802
-9.966667	-0.006201
-9.933333	-0.005678
-9.900000	-0.005262
-9.866667	-0.004960
-9.833333	-0.004770
-9.800000	-0.004694
-9.766667	-0.004746
-9.733333	-0.004874
-9.700000	-0.005099
-9.666667	-0.005385
-9.633333	-0.005710
-9.600000	-0.006054
-9.566667	-0.006368
-9.533333	-0.006625
-9.500000	-0.006795
-9.466667	-0.006860
-9.433333	-0.006819
-9.400000	-0.006685
-9.366667	-0.006457
-9.333333	-0.006153
-9.300000	-0.005780
-9.266667	-0.005367
-9.233333	-0.004888
-9.200000	-0.004409
-9.166667	-0.003924
-9.133333	-0.003441
-9.100000	-0.002977
-9.066667	-0.002552
-9.033333	-0.002177
-9.000000	-0.001860
-8.966667	-0.001613
-8.933333	-0.001455
-8.900000	-0.001398
-8.866667	-0.001432
-8.833333	-0.001562
-8.800000	-0.001776
-8.766667	-0.002051
-8.733333	-0.002375
-8.700000	-0.002725
-8.666667	-0.003096
-8.633333	-0.003464
-8.600000	-0.003816
-8.566667	-0.004145
-8.533333	-0.004447
-8.500000	-0.004726
-8.466667	-0.004990
-8.433333	-0.005261
-8.400000	-0.005558
-8.366667	-0.005866
-8.333333	-0.006194
-8.300000	-0.006550
-8.266667	-0.006933
-8.233333	-0.007331
-8.200000	-0.007784
-8.166667	-0.008251
-8.133333	-0.008725
-8.100000	-0.009201
-8.066667	-0.009660
-8.033333	-0.010098
-8.000000	-0.010511
-7.966667	-0.010899
-7.933333	-0.011252
-7.900000	-0.011574
-7.866667	-0.011829
-7.833333	-0.012031
-7.800000	-0.012164
-7.766667	-0.012208
-7.733333	-0.012169
-7.700000	-0.012031
-7.666667	-0.011799
-7.633333	-0.011465
-7.600000	-0.011048
-7.566667	-0.010540
-7.533333	-0.009961
-7.500000	-0.009320
-7.466667	-0.008650
-7.433333	-0.007951
-7.400000	-0.007255
-7.366667	-0.006587
-7.333333	-0.005956
-7.300000	-0.005380
-7.266667	-0.004873
-7.233333	-0.004438
-7.200000	-0.004094
-7.166667	-0.003848
-7.133333	-0.003695
-7.100000	-0.003640
-7.066667	-0.003671
-7.033333	-0.003800
-7.000000	-0.004026
-6.966667	-0.004345
-6.933333	-0.004744
-6.900000	-0.005226
-6.866667	-0.005763
-6.833333	-0.006373
-6.800000	-0.007015
-6.766667	-0.007676
-6.733333	-0.008347
-6.700000	-0.009004
-6.666667	-0.009640
-6.633333	-0.010249
-6.600000	-0.010821
-6.566667	-0.011340
-6.533333	-0.011817
-6.500000	-0.012245
-6.466667	-0.012634
-6.433333	-0.012969
-6.400000	-0.013271
-6.366667	-0.013537
-6.333333	-0.013752
-6.300000	-0.013939
-6.266667	-0.014099
-6.233333	-0.014215
-6.200000	-0.014311
-6.166667	-0.014370
-6.133333	-0.014392
-6.100000	-0.014368
-6.066667	-0.014291
-6.033333	-0.014173
-6.000000	-0.014028
-5.966667	-0.013846
-5.933333	-0.013647
-5.900000	-0.013437
-5.866667	-0.013220
-5.833333	-0.012996
-5.800000	-0.012767
-5.766667	-0.012537
-5.733333	-0.012308
-5.700000	-0.012072
-5.666667	-0.011813
-5.633333	-0.011560
-5.600000	-0.011306
-5.566667	-0.011067
-5.533333	-0.010838
-5.500000	-0.010666
-5.466667	-0.010519
-5.433333	-0.010433
-5.400000	-0.010400
-5.366667	-0.010431
-5.333333	-0.010524
-5.300000	-0.010679
-5.266667	-0.010888
-5.233333	-0.011135
-5.200000	-0.011429
-5.166667	-0.011748
-5.133333	-0.012087
-5.100000	-0.012437
-5.066667	-0.012796
-5.033333	-0.013167
-5.000000	-0.013553
-4.966667	-0.013938
-4.933333	-0.014329
-4.900000	-0.014709
-4.866667	-0.015066
-4.833333	-0.015393
-4.800000	-0.015682
-4.766667	-0.015909
-4.733333	-0.016082
-4.700000	-0.016163
-4.666667	-0.016163
-4.633333	-0.016110
-4.600000	-0.015981
-4.566667	-0.015784
-4.533333	-0.015532
-4.500000	-0.015249
-4.466667	-0.014906
-4.433333	-0.014555
-4.400000	-0.014176
-4.366667	-0.013790
-4.333333	-0.013399
-4.300000	-0.013008
-4.266667	-0.012612
-4.233333	-0.012225
-4.200000	-0.011882
-4.166667	-0.011535
-4.133333	-0.011222
-4.100000	-0.010928
-4.066667	-0.010657
-4.033333	-0.010410
-4.000000	-0.010192
-3.966667	-0.009999
-3.933333	-0.009822
-3.900000	-0.009663
-3.866667	-0.009523
-3.833333	-0.009407
-3.800000	-0.009310
-3.766667	-0.009232
-3.733333	-0.009189
-3.700000	-0.009158
-3.666667	-0.009149
-3.633333	-0.009200
-3.600000	-0.009250
-3.566667	-0.009350
-3.533333	-0.009476
-3.500000	-0.009633
-3.466667	-0.009820
-3.433333	-0.010033
-3.400000	-0.010270
-3.366667	-0.010527
-3.333333	-0.010799
-3.300000	-0.011077
-3.266667	-0.011350
-3.233333	-0.011639
-3.200000	-0.011932
-3.166667	-0.012178
-3.133333	-0.012429
-3.100000	-0.012644
-3.066667	-0.012836
-3.033333	-0.013000
-3.000000	-0.013134
-2.966667	-0.013232
-2.933333	-0.013295
-2.900000	-0.013327
-2.866667	-0.013337
-2.833333	-0.013326
-2.800000	-0.013296
-2.766667	-0.013259
-2.733333	-0.013221
-2.700000	-0.013184
-2.666667	-0.013154
-2.633333	-0.013152
-2.600000	-0.013140
-2.566667	-0.013166
-2.533333	-0.013173
-2.500000	-0.013177
-2.466667	-0.013162
-2.433333	-0.013096
-2.400000	-0.012985
-2.366667	-0.012810
-2.333333	-0.012558
-2.300000	-0.012221
-2.266667	-0.011797
-2.233333	-0.011297
-2.200000	-0.010719
-2.166667	-0.010069
-2.133333	-0.009360
-2.100000	-0.008596
-2.066667	-0.007791
-2.033333	-0.006962
-2.000000	-0.006129
-1.966667	-0.005316
-1.933333	-0.004535
-1.900000	-0.003808
-1.866667	-0.003169
-1.833333	-0.002639
-1.800000	-0.002239
-1.766667	-0.001982
-1.733333	-0.001869
-1.700000	-0.001892
-1.666667	-0.002035
-1.633333	-0.002288
-1.600000	-0.002648
-1.566667	-0.003076
-1.533333	-0.003563
-1.500000	-0.004062
-1.466667	-0.004565
-1.433333	-0.005061
-1.400000	-0.005537
-1.366667	-0.005976
-1.333333	-0.006375
-1.300000	-0.006699
-1.266667	-0.006966
-1.233333	-0.007162
-1.200000	-0.007289
-1.166667	-0.007346
-1.133333	-0.007334
-1.100000	-0.007264
-1.066667	-0.007145
-1.033333	-0.006988
-1.000000	-0.006804
-0.966667	-0.006601
-0.933333	-0.006386
-0.900000	-0.006156
-0.866667	-0.005919
-0.833333	-0.005671
-0.800000	-0.005404
-0.766667	-0.005108
-0.733333	-0.004774
-0.700000	-0.004398
-0.666667	-0.003986
-0.633333	-0.003554
-0.600000	-0.003113
-0.566667	-0.002656
-0.533333	-0.002203
-0.500000	-0.001744
-0.466667	-0.001312
-0.433333	-0.000911
-0.400000	-0.000539
-0.366667	-0.000189
-0.333333	0.000123
-0.300000	0.000421
-0.266667	0.000684
-0.233333	0.000890
-0.200000	0.001049
-0.166667	0.001143
-0.133333	0.001167
-0.100000	0.001111
-0.066667	0.000965
-0.033333	0.000724
-0.000000	0.000388
0.033333	-0.000036
0.066667	-0.000536
0.100000	-0.001093
0.133333	-0.001715
0.166667	-0.002338
0.200000	-0.002992
0.233333	-0.003647
0.266667	-0.004291
0.300000	-0.004918
0.333333	-0.005531
0.366667	-0.006123
0.400000	-0.006679
0.433333	-0.007206
0.466667	-0.007695
0.500000	-0.008137
0.533333	-0.008531
0.566667	-0.008877
0.600000	-0.009172
0.633333	-0.009400
0.666667	-0.009580
0.700000	-0.009718
0.733333	-0.009815
0.766667	-0.009912
0.800000	-0.009985
0.833333	-0.010074
0.866667	-0.010188
0.900000	-0.010333
0.933333	-0.010515
0.966667	-0.010723
1.000000	-0.010942
1.033333	-0.011165
1.066667	-0.011379
1.100000	-0.011567
1.133333	-0.011700
1.166667	-0.011771
1.200000	-0.011802
1.233333	-0.011758
1.266667	-0.011651
1.300000	-0.011486
1.333333	-0.011263
1.366667	-0.010980
1.400000	-0.010644
1.433333	-0.010271
1.466667	-0.009858
1.500000	-0.009411
1.533333	-0.008938
1.566667	-0.008445
1.600000	-0.007942
1.633333	-0.007438
1.666667	-0.006951
1.700000	-0.006513
1.733333	-0.006103
1.766667	-0.005740
1.800000	-0.005413
1.833333	-0.005150
1.866667	-0.004924
1.900000	-0.004717
1.933333	-0.004526
1.966667	-0.004347
2.000000	-0.004202
2.033333	-0.004101
2.066667	-0.003983
2.100000	-0.003864
2.133333	-0.003757
2.166667	-0.003680
2.200000	-0.003598
2.233333	-0.003532
2.266667	-0.003485
2.300000	-0.003440
2.333333	-0.003405
2.366667	-0.003376
2.400000	-0.003357
2.433333	-0.003340
2.466667	-0.003328
2.500000	-0.003313
2.533333	-0.003283
2.566667	-0.003236
2.600000	-0.003176
2.633333	-0.003094
2.666667	-0.002990
2.700000	-0.002856
2.733333	-0.002667
2.766667	-0.002422
2.800000	-0.002122
2.833333	-0.001781
2.866667	-0.001367
2.900000	-0.000900
2.933333	-0.000396
2.966667	0.000138
3.000000	0.000693
3.033333	0.001293
3.066667	0.001953
3.100000	0.002613
3.133333	0.003263
3.166667	0.003910
3.200000	0.004557
3.233333	0.005178
3.266667	0.005756
3.300000	0.006307
3.333333	0.006813
3.366667	0.007258
3.400000	0.007641
3.433333	0.007982
3.466667	0.008266
3.500000	0.008506
3.533333	0.008692
3.566667	0.008821
3.600000	0.008902
3.633333	0.008940
3.666667	0.008911
3.700000	0.008847
3.733333	0.008736
3.766667	0.008576
3.800000	0.008350
3.833333	0.008096
3.866667	0.007788
3.900000	0.007441
3.933333	0.007059
3.966667	0.006643
4.000000	0.006195
4.033333	0.005718
4.066667	0.005211
4.100000	0.004678
4.133333	0.004134
4.166667	0.003599
4.200000	0.003074
4.233333	0.002567
4.266667	0.002092
4.300000	0.001672
4.333333	0.001303
4.366667	0.000989
4.400000	0.000767
4.433333	0.000634
4.466667	0.000558
4.500000	0.000545
4.533333	0.000597
4.566667	0.000720
4.600000	0.000905
4.633333	0.001134
4.666667	0.001397
4.700000	0.001701
4.733333	0.002012
4.766667	0.002322
4.800000	0.002625
4.833333	0.002920
4.866667	0.003144
4.900000	0.003350
4.933333	0.003488
4.966667	0.003567
5.000000	0.003586
5.033333	0.003545
5.066667	0.003438
5.100000	0.003293
5.133333	0.003110
5.166667	0.002883
5.200000	0.002617
5.233333	0.002321
5.266667	0.002005
5.300000	0.001658
5.333333	0.001295
5.366667	0.000931
5.400000	0.000556
5.433333	0.000166
5.466667	-0.000238
5.500000	-0.000636
5.533333	-0.001023
5.566667	-0.001408
5.600000	-0.001799
5.633333	-0.002193
5.666667	-0.002585
5.700000	-0.002974
5.733333	-0.003366
5.766667	-0.003757
5.800000	-0.004138
5.833333	-0.004514
5.866667	-0.004878
5.900000	-0.005200
5.933333	-0.005517
5.966667	-0.005784
6.000000	-0.006016
6.033333	-0.006209
6.066667	-0.006359
6.100000	-0.006457
6.133333	-0.006524
6.166667	-0.006555
6.200000	-0.006539
6.233333	-0.006500
6.266667	-0.006402
6.300000	-0.006263
6.333333	-0.006094
6.366667	-0.005892
6.400000	-0.005667
6.433333	-0.005412
6.466667	-0.005143
6.500000	-0.004859
6.533333	-0.004570
6.566667	-0.004256
6.600000	-0.003936
6.633333	-0.003605
6.666667	-0.003266
6.700000	-0.002937
6.733333	-0.002608
6.766667	-0.002267
6.800000	-0.001903
6.833333	-0.001526
6.866667	-0.001172
6.900000	-0.000825
6.933333	-0.000485
6.966667	-0.000144
7.000000	0.000176
7.033333	0.000480
7.066667	0.000769
7.100000	0.001034
7.133333	0.001263
7.166667	0.001490
7.200000	0.001688
7.233333	0.001858
7.266667	0.002024
7.300000	0.002145
7.333333	0.002223
7.366667	0.002284
7.400000	0.002329
7.433333	0.002338
7.466667	0.002318
7.500000	0.002275
7.533333	0.002218
7.566667	0.002156
7.600000	0.002062
7.633333	0.001949
7.666667	0.001817
7.700000	0.001671
7.733333	0.001524
7.766667	0.001369
7.800000	0.001204
7.833333	0.001014
7.866667	0.000810
7.900000	0.000623
7.933333	0.000437
7.966667	0.000259
8.000000	0.000079
8.033333	-0.000086
8.066667	-0.000230
8.100000	-0.000377
8.133333	-0.000485
8.166667	-0.000550
8.200000	-0.000619
8.233333	-0.000671
8.266667	-0.000700
8.300000	-0.000706
8.333333	-0.000698
8.366667	-0.000671
8.400000	-0.000623
8.433333	-0.000574
8.466667	-0.000514
8.500000	-0.000455
8.533333	-0.000389
8.566667	-0.000326
8.600000	-0.000274
8.633333	-0.000237
8.666667	-0.000223
8.700000	-0.000223
8.733333	-0.000252
8.766667	-0.000308
8.800000	-0.000388
8.833333	-0.000490
8.866667	-0.000614
8.900000	-0.000774
8.933333	-0.000983
8.966667	-0.001225
9.000000	-0.001521
9.033333	-0.001865
9.066667	-0.002265
9.100000	-0.002727
9.133333	-0.003223
9.166667	-0.003806
9.200000	-0.004465
9.233333	-0.005183
9.266667	-0.005939
9.300000	-0.006763
9.333333	-0.007634
9.366667	-0.008537
9.400000	-0.009478
9.433333	-0.010434
9.466667	-0.011393
9.500000	-0.012321
9.533333	-0.013199
9.566667	-0.014007
9.600000	-0.014724
9.633333	-0.015339
9.666667	-0.015852
9.700000	-0.016246
9.733333	-0.016521
9.766667	-0.016661
9.800000	-0.016666
9.833333	-0.016538
9.866667	-0.016286
9.900000	-0.015923
9.933333	-0.015460
9.966667	-0.014906
10.000000	-0.014286
10.033333	-0.013610
10.066667	-0.012895
10.100000	-0.012160
10.133333	-0.011424
10.166667	-0.010715
10.200000	-0.010038
10.233333	-0.009410
10.266667	-0.008838
10.300000	-0.008342
10.333333	-0.007898
10.366667	-0.007518
10.400000	-0.007198
10.433333	-0.006913
10.466667	-0.006666
10.500000	-0.006441
10.533333	-0.006239
10.566667	-0.006049
10.600000	-0.005870
10.633333	-0.005707
10.666667	-0.005555
10.700000	-0.005394
10.733333	-0.005212
10.766667	-0.005011
10.800000	-0.004794
10.833333	-0.004560
10.866667	-0.004315
10.900000	-0.004059
10.933333	-0.003794
10.966667	-0.003523
11.000000	-0.003252
11.033333	-0.002984
11.066667	-0.002726
11.100000	-0.002480
11.133333	-0.002251
11.166667	-0.002038
11.200000	-0.001844
11.233333	-0.001665
11.266667	-0.001498
11.300000	-0.001344
11.333333	-0.001201
11.366667	-0.001071
11.400000	-0.000957
11.433333	-0.000855
11.466667	-0.000765
11.500000	-0.000687
11.533333	-0.000615
11.566667	-0.000550
11.600000	-0.000490
11.633333	-0.000434
11.666667	-0.000381
11.700000	-0.000329
11.733333	-0.000279
11.766667	-0.000228
11.800000	-0.000176
11.833333	-0.000122
11.866667	-0.000064
11.900000	-0.000003
11.933333	0.000065
11.966667	0.000138
