-88.000000	0.000007
-87.966667	0.000008
-87.933333	0.000008
-87.900000	0.000007
-87.866667	0.000006
-87.833333	0.000004
-87.800000	0.000002
-87.766667	-0.000000
-87.733333	-0.000002
-87.700000	-0.000005
-87.666667	-0.000007
-87.633333	-0.000008
-87.600000	-0.000010
-87.566667	-0.000010
-87.533333	-0.000010
-87.500000	-0.000010
-87.466667	-0.000008
-87.433333	-0.000005
-87.400000	-0.000000
-87.366667	0.000005
-87.333333	0.000013
-87.300000	0.000021
-87.266667	0.000032
-87.233333	0.000043
-87.200000	0.000056
-87.166667	0.000070
-87.133333	0.000085
-87.100000	0.000101
-87.066667	0.000118
-87.033333	0.000136
-87.000000	0.000154
-86.966667	0.000172
-86.933333	0.000190
-86.900000	0.000208
-86.866667	0.000227
-86.833333	0.000245
-86.800000	0.000261
-86.766667	0.000277
-86.733333	0.000292
-86.700000	0.000305
-86.666667	0.000317
-86.633333	0.000330
-86.600000	0.000344
-86.566667	0.000351
-86.533333	0.000360
-86.500000	0.000368
-86.466667	0.000375
-86.433333	0.000379
-86.400000	0.000383
-86.366667	0.000385
-86.333333	0.000384
-86.300000	0.000382
-86.266667	0.000381
-86.233333	0.000377
-86.200000	0.000364
-86.166667	0.000359
-86.133333	0.000347
-86.100000	0.000335
-86.066667	0.000323
-86.033333	0.000311
-86.000000	0.000297
-85.966667	0.000279
-85.933333	0.000254
-85.900000	0.000226
-85.866667	0.000210
-85.833333	0.000191
-85.800000	0.000180
-85.766667	0.000159
-85.733333	0.000142
-85.700000	0.000123
-85.666667	0.000095
-85.633333	0.000063
-85.600000	0.000048
-85.566667	0.000043
-85.533333	0.000033
-85.500000	0.000010
-85.466667	-0.000008
-85.433333	-0.000021
-85.400000	-0.000036
-85.366667	-0.000057
-85.333333	-0.000071
-85.300000	-0.000079
-85.266667	-0.000083
-85.233333	-0.000092
-85.200000	-0.000110
-85.166667	-0.000112
-85.133333	-0.000125
-85.100000	-0.000130
-85.066667	-0.000138
-85.033333	-0.000145
-85.000000	-0.000143
-84.966667	-0.000164
-84.933333	-0.000173
-84.900000	-0.000174
-84.866667	-0.000169
-84.833333	-0.000175
-84.800000	-0.000181
-84.766667	-0.000205
-84.733333	-0.000215
-84.700000	-0.000232
-84.666667	-0.000268
-84.633333	-0.000276
-84.600000	-0.000279
-84.566667	-0.000293
-84.533333	-0.000341
-84.500000	-0.000366
-84.466667	-0.000393
-84.433333	-0.000426
-84.400000	-0.000449
-84.366667	-0.000486
-84.333333	-0.000507
-84.300000	-0.000532
-84.266667	-0.000556
-84.233333	-0.000581
-84.200000	-0.000618
-84.166667	-0.000625
-84.133333	-0.000644
-84.100000	-0.000655
-84.066667	-0.000663
-84.033333	-0.000665
-84.000000	-0.000663
-83.966667	-0.000674
-83.933333	-0.000663
-83.900000	-0.000657
-83.866667	-0.000643
-83.833333	-0.000627
-83.800000	-0.000628
-83.766667	-0.000604
-83.733333	-0.000582
-83.700000	-0.000565
-83.666667	-0.000555
-83.633333	-0.000522
-83.600000	-0.000503
-83.566667	-0.000484
-83.533333	-0.000462
-83.500000	-0.000424
-83.466667	-0.000417
-83.433333	-0.000386
-83.400000	-0.000349
-83.366667	-0.000341
-83.333333	-0.000307
-83.300000	-0.000275
-83.266667	-0.000243
-83.233333	-0.000217
-83.200000	-0.000193
-83.166667	-0.000153
-83.133333	-0.000129
-83.100000	-0.000099
-83.066667	-0.000071
-83.033333	-0.000042
-83.000000	-0.000011
-82.966667	0.000019
-82.933333	0.000041
-82.900000	0.000067
-82.866667	0.000104
-82.833333	0.000124
-82.800000	0.000128
-82.766667	0.000181
-82.733333	0.000193
-82.700000	0.000207
-82.666667	0.000225
-82.633333	0.000254
-82.600000	0.000274
-82.566667	0.000289
-82.533333	0.000310
-82.500000	0.000324
-82.466667	0.000338
-82.433333	0.000365
-82.400000	0.000377
-82.366667	0.000388
-82.333333	0.000419
-82.300000	0.000443
-82.266667	0.000446
-82.233333	0.000476
-82.200000	0.000498
-82.166667	0.000524
-82.133333	0.000551
-82.100000	0.000582
-82.066667	0.000618
-82.033333	0.000657
-82.000000	0.000699
-81.966667	0.000741
-81.933333	0.000790
-81.900000	0.000849
-81.866667	0.000896
-81.833333	0.000951
-81.800000	0.001017
-81.766667	0.001093
-81.733333	0.001137
-81.700000	0.001195
-81.666667	0.001290
-81.633333	0.001347
-81.600000	0.001404
-81.566667	0.001461
-81.533333	0.001539
-81.500000	0.001587
-81.466667	0.001645
-81.433333	0.001695
-81.400000	0.001741
-81.366667	0.001785
-81.333333	0.001833
-81.300000	0.001861
-81.266667	0.001886
-81.233333	0.001929
-81.200000	0.001944
-81.166667	0.001966
-81.133333	0.001981
-81.100000	0.001992
-81.066667	0.002002
-81.033333	0.002006
-81.000000	0.001999
-80.966667	0.001990
-80.933333	0.001996
-80.900000	0.001968
-80.866667	0.001947
-80.833333	0.001937
-80.800000	0.001908
-80.766667	0.001868
-80.733333	0.001833
-80.700000	0.001790
-80.666667	0.001761
-80.633333	0.001686
-80.600000	0.001647
-80.566667	0.001600
-80.533333	0.001545
-80.500000	0.001461
-80.466667	0.001415
-80.433333	0.001347
-80.400000	0.001284
-80.366667	0.001218
-80.333333	0.001153
-80.300000	0.001078
-80.266667	0.001007
-80.233333	0.000935
-80.200000	0.000881
-80.166667	0.000814
-80.133333	0.000742
-80.100000	0.000661
-80.066667	0.000596
-80.033333	0.000524
-80.000000	0.000455
-79.966667	0.000386
-79.933333	0.000325
-79.900000	0.000243
-79.866667	0.000181
-79.833333	0.000107
-79.800000	0.000044
-79.766667	-0.000030
-79.733333	-0.000093
-79.700000	-0.000164
-79.666667	-0.000215
-79.633333	-0.000277
-79.600000	-0.000336
-79.566667	-0.000389
-79.533333	-0.000449
-79.500000	-0.000496
-79.466667	-0.000532
-79.433333	-0.000578
-79.400000	-0.000614
-79.366667	-0.000652
-79.333333	-0.000685
-79.300000	-0.000708
-79.266667	-0.000725
-79.233333	-0.000730
-79.200000	-0.000731
-79.166667	-0.000752
-79.133333	-0.000769
-79.100000	-0.000780
-79.066667	-0.000764
-79.033333	-0.000750
-79.000000	-0.000736
-78.966667	-0.000735
-78.933333	-0.000720
-78.900000	-0.000702
-78.866667	-0.000688
-78.833333	-0.000671
-78.800000	-0.000643
-78.766667	-0.000624
-78.733333	-0.000612
-78.700000	-0.000580
-78.666667	-0.000557
-78.633333	-0.000538
-78.600000	-0.000522
-78.566667	-0.000498
-78.533333	-0.000482
-78.500000	-0.000460
-78.466667	-0.000443
-78.433333	-0.000431
-78.400000	-0.000420
-78.366667	-0.000413
-78.333333	-0.000409
-78.300000	-0.000404
-78.266667	-0.000407
-78.233333	-0.000413
-78.200000	-0.000428
-78.166667	-0.000450
-78.133333	-0.000476
-78.100000	-0.000491
-78.066667	-0.000499
-78.033333	-0.000517
-78.000000	-0.000552
-77.966667	-0.000591
-77.933333	-0.000619
-77.900000	-0.000645
-77.866667	-0.000662
-77.833333	-0.000682
-77.800000	-0.000700
-77.766667	-0.000707
-77.733333	-0.000721
-77.700000	-0.000707
-77.666667	-0.000716
-77.633333	-0.000711
-77.600000	-0.000699
-77.566667	-0.000676
-77.533333	-0.000643
-77.500000	-0.000611
-77.466667	-0.000592
-77.433333	-0.000548
-77.400000	-0.000513
-77.366667	-0.000475
-77.333333	-0.000419
-77.300000	-0.000368
-77.266667	-0.000314
-77.233333	-0.000267
-77.200000	-0.000222
-77.166667	-0.000173
-77.133333	-0.000112
-77.100000	-0.000058
-77.066667	-0.000001
-77.033333	0.000052
-77.000000	0.000102
-76.966667	0.000155
-76.933333	0.000216
-76.900000	0.000281
-76.866667	0.000345
-76.833333	0.000397
-76.800000	0.000457
-76.766667	0.000522
-76.733333	0.000576
-76.700000	0.000632
-76.666667	0.000680
-76.633333	0.000733
-76.600000	0.000795
-76.566667	0.000844
-76.533333	0.000892
-76.500000	0.000932
-76.466667	0.000975
-76.433333	0.001026
-76.400000	0.001058
-76.366667	0.001100
-76.333333	0.001144
-76.300000	0.001168
-76.266667	0.001195
-76.233333	0.001217
-76.200000	0.001239
-76.166667	0.001262
-76.133333	0.001289
-76.100000	0.001307
-76.066667	0.001312
-76.033333	0.001336
-76.000000	0.001345
-75.966667	0.001355
-75.933333	0.001361
-75.900000	0.001365
-75.866667	0.001368
-75.833333	0.001371
-75.800000	0.001374
-75.766667	0.001380
-75.733333	0.001384
-75.700000	0.001381
-75.666667	0.001365
-75.633333	0.001355
-75.600000	0.001363
-75.566667	0.001363
-75.533333	0.001367
-75.500000	0.001358
-75.466667	0.001355
-75.433333	0.001350
-75.400000	0.001349
-75.366667	0.001343
-75.333333	0.001342
-75.300000	0.001342
-75.266667	0.001333
-75.233333	0.001335
-75.200000	0.001327
-75.166667	0.001323
-75.133333	0.001319
-75.100000	0.001304
-75.066667	0.001285
-75.033333	0.001290
-75.000000	0.001275
-74.966667	0.001272
-74.933333	0.001255
-74.900000	0.001236
-74.866667	0.001218
-74.833333	0.001209
-74.800000	0.001196
-74.766667	0.001179
-74.733333	0.001163
-74.700000	0.001145
-74.666667	0.001121
-74.633333	0.001104
-74.600000	0.001107
-74.566667	0.001089
-74.533333	0.001069
-74.500000	0.001047
-74.466667	0.001038
-74.433333	0.001028
-74.400000	0.001013
-74.366667	0.001001
-74.333333	0.000995
-74.300000	0.000987
-74.266667	0.000968
-74.233333	0.000973
-74.200000	0.000962
-74.166667	0.000958
-74.133333	0.000954
-74.100000	0.000955
-74.066667	0.000962
-74.033333	0.000972
-74.000000	0.000985
-73.966667	0.000993
-73.933333	0.000997
-73.900000	0.001014
-73.866667	0.001036
-73.833333	0.001064
-73.800000	0.001089
-73.766667	0.001120
-73.733333	0.001152
-73.700000	0.001181
-73.666667	0.001218
-73.633333	0.001250
-73.600000	0.001298
-73.566667	0.001340
-73.533333	0.001385
-73.500000	0.001431
-73.466667	0.001480
-73.433333	0.001529
-73.400000	0.001577
-73.366667	0.001627
-73.333333	0.001681
-73.300000	0.001735
-73.266667	0.001786
-73.233333	0.001845
-73.200000	0.001894
-73.166667	0.001948
-73.133333	0.002001
-73.100000	0.002052
-73.066667	0.002101
-73.033333	0.002147
-73.000000	0.002193
-72.966667	0.002235
-72.933333	0.002273
-72.900000	0.002309
-72.866667	0.002345
-72.833333	0.002378
-72.800000	0.002401
-72.766667	0.002430
-72.733333	0.002452
-72.700000	0.002476
-72.666667	0.002500
-72.633333	0.002510
-72.600000	0.002537
-72.566667	0.002548
-72.533333	0.002574
-72.500000	0.002587
-72.466667	0.002606
-72.433333	0.002625
-72.400000	0.002650
-72.366667	0.002681
-72.333333	0.002712
-72.300000	0.002754
-72.266667	0.002794
-72.233333	0.002841
-72.200000	0.002896
-72.166667	0.002958
-72.133333	0.003030
-72.100000	0.003118
-72.066667	0.003227
-72.033333	0.003354
-72.000000	0.003492
-71.966667	0.003643
-71.933333	0.003824
-71.900000	0.004034
-71.866667	0.004253
-71.833333	0.004485
-71.800000	0.004760
-71.766667	0.005024
-71.733333	0.005305
-71.700000	0.005591
-71.666667	0.005872
-71.633333	0.006150
-71.600000	0.006426
-71.566667	0.006676
-71.533333	0.006888
-71.500000	0.007032
-71.466667	0.007156
-71.433333	0.007232
-71.400000	0.007236
-71.366667	0.007155
-71.333333	0.006997
-71.300000	0.006770
-71.266667	0.006462
-71.233333	0.006089
-71.200000	0.005642
-71.166667	0.005127
-71.133333	0.004554
-71.100000	0.003926
-71.066667	0.003248
-71.033333	0.002523
-71.000000	0.001761
-70.966667	0.000982
-70.933333	0.000197
-70.900000	-0.000597
-70.866667	-0.001387
-70.833333	-0.002157
-70.800000	-0.002892
-70.766667	-0.003627
-70.733333	-0.004297
-70.700000	-0.004937
-70.666667	-0.005523
-70.633333	-0.006046
-70.600000	-0.006503
-70.566667	-0.006910
-70.533333	-0.007267
-70.500000	-0.007549
-70.466667	-0.007735
-70.433333	-0.007843
-70.400000	-0.007871
-70.366667	-0.007802
-70.333333	-0.007652
-70.300000	-0.007376
-70.266667	-0.007019
-70.233333	-0.006569
-70.200000	-0.006036
-70.166667	-0.005421
-70.133333	-0.004732
-70.100000	-0.003975
-70.066667	-0.003156
-70.033333	-0.002287
-70.000000	-0.001391
-69.966667	-0.000469
-69.933333	0.000452
-69.900000	0.001361
-69.866667	0.002234
-69.833333	0.003063
-69.800000	0.003831
-69.766667	0.004523
-69.733333	0.005133
-69.700000	0.005659
-69.666667	0.006100
-69.633333	0.006457
-69.600000	0.006732
-69.566667	0.006925
-69.533333	0.007045
-69.500000	0.007080
-69.466667	0.007069
-69.433333	0.007038
-69.400000	0.006962
-69.366667	0.006857
-69.333333	0.006738
-69.300000	0.006651
-69.266667	0.006561
-69.233333	0.006511
-69.200000	0.006485
-69.166667	0.006487
-69.133333	0.006526
-69.100000	0.006603
-69.066667	0.006710
-69.033333	0.006836
-69.000000	0.006975
-68.966667	0.007135
-68.933333	0.007293
-68.900000	0.007452
-68.866667	0.007616
-68.833333	0.007778
-68.800000	0.007921
-68.766667	0.008049
-68.733333	0.008153
-68.700000	0.008240
-68.666667	0.008324
-68.633333	0.008405
-68.600000	0.008462
-68.566667	0.008490
-68.533333	0.008504
-68.500000	0.008500
-68.466667	0.008503
-68.433333	0.008513
-68.400000	0.008524
-68.366667	0.008529
-68.333333	0.008556
-68.300000	0.008591
-68.266667	0.008634
-68.233333	0.008678
-68.200000	0.008712
-68.166667	0.008751
-68.133333	0.008812
-68.100000	0.008846
-68.066667	0.008891
-68.033333	0.008935
-68.000000	0.008980
-67.966667	0.009029
-67.933333	0.009078
-67.900000	0.009132
-67.866667	0.009188
-67.833333	0.009235
-67.800000	0.009291
-67.766667	0.009332
-67.733333	0.009381
-67.700000	0.009439
-67.666667	0.009508
-67.633333	0.009573
-67.600000	0.009631
-67.566667	0.009700
-67.533333	0.009792
-67.500000	0.009886
-67.466667	0.009983
-67.433333	0.010086
-67.400000	0.010205
-67.366667	0.010322
-67.333333	0.010464
-67.300000	0.010610
-67.266667	0.010781
-67.233333	0.010965
-67.200000	0.011161
-67.166667	0.011393
-67.133333	0.011651
-67.100000	0.011909
-67.066667	0.012199
-67.033333	0.012513
-67.000000	0.012810
-66.966667	0.013132
-66.933333	0.013454
-66.900000	0.013779
-66.866667	0.014082
-66.833333	0.014370
-66.800000	0.014628
-66.766667	0.014833
-66.733333	0.014975
-66.700000	0.015049
-66.666667	0.015029
-66.633333	0.014914
-66.600000	0.014697
-66.566667	0.014359
-66.533333	0.013908
-66.500000	0.013340
-66.466667	0.012664
-66.433333	0.011887
-66.400000	0.011027
-66.366667	0.010085
-66.333333	0.009063
-66.300000	0.008001
-66.266667	0.006922
-66.233333	0.005845
-66.200000	0.004805
-66.166667	0.003846
-66.133333	0.002965
-66.100000	0.002202
-66.066667	0.001558
-66.033333	0.001089
-66.000000	0.000755
-65.966667	0.000622
-65.933333	0.000643
-65.900000	0.000835
-65.866667	0.001180
-65.833333	0.001685
-65.800000	0.002323
-65.766667	0.003074
-65.733333	0.003918
-65.700000	0.004837
-65.666667	0.005783
-65.633333	0.006761
-65.600000	0.007731
-65.566667	0.008671
-65.533333	0.009571
-65.500000	0.010410
-65.466667	0.011196
-65.433333	0.011891
-65.400000	0.012521
-65.366667	0.013082
-65.333333	0.013583
-65.300000	0.014043
-65.266667	0.014476
-65.233333	0.014898
-65.200000	0.015320
-65.166667	0.015756
-65.133333	0.016201
-65.100000	0.016684
-65.066667	0.017210
-65.033333	0.017808
-65.000000	0.018457
-64.966667	0.019217
-64.933333	0.020078
-64.900000	0.021068
-64.866667	0.022200
-64.833333	0.023491
-64.800000	0.024970
-64.766667	0.026653
-64.733333	0.028540
-64.700000	0.030653
-64.666667	0.033039
-64.633333	0.035736
-64.600000	0.038770
-64.566667	0.042179
-64.533333	0.046026
-64.500000	0.050315
-64.466667	0.055121
-64.433333	0.060451
-64.400000	0.066378
-64.366667	0.072906
-64.333333	0.080064
-64.300000	0.087880
-64.266667	0.096385
-64.233333	0.105571
-64.200000	0.115472
-64.166667	0.126092
-64.133333	0.137495
-64.100000	0.149723
-64.066667	0.162815
-64.033333	0.176770
-64.000000	0.191581
-63.966667	0.207193
-63.933333	0.223447
-63.900000	0.240143
-63.866667	0.256960
-63.833333	0.273468
-63.800000	0.289091
-63.766667	0.303089
-63.733333	0.314527
-63.700000	0.322369
-63.666667	0.325422
-63.633333	0.322382
-63.600000	0.311886
-63.566667	0.292611
-63.533333	0.263342
-63.500000	0.223020
-63.466667	0.170938
-63.433333	0.106664
-63.400000	0.030207
-63.366667	-0.057987
-63.333333	-0.156981
-63.300000	-0.265345
-63.266667	-0.381184
-63.233333	-0.502242
-63.200000	-0.625916
-63.166667	-0.749359
-63.133333	-0.869516
-63.100000	-0.983346
-63.066667	-1.087845
-63.033333	-1.180170
-63.000000	-1.257721
-62.966667	-1.318290
-62.933333	-1.360101
-62.900000	-1.381895
-62.866667	-1.382973
-62.833333	-1.363230
-62.800000	-1.323165
-62.766667	-1.263870
-62.733333	-1.186991
-62.700000	-1.094599
-62.666667	-0.989165
-62.633333	-0.873430
-62.600000	-0.750283
-62.566667	-0.622636
-62.533333	-0.493334
-62.500000	-0.365018
-62.466667	-0.240038
-62.433333	-0.120508
-62.400000	-0.008127
-62.366667	0.095753
-62.333333	0.190175
-62.300000	0.274522
-62.266667	0.348477
-62.233333	0.411970
-62.200000	0.465178
-62.166667	0.508500
-62.133333	0.542476
-62.100000	0.567731
-62.066667	0.584971
-62.033333	0.594977
-62.000000	0.598556
-61.966667	0.596511
-61.933333	0.589655
-61.900000	0.578717
-61.866667	0.564457
-61.833333	0.547568
-61.800000	0.528726
-61.766667	0.508536
-61.733333	0.487539
-61.700000	0.466241
-61.666667	0.445092
-61.633333	0.424470
-61.600000	0.404675
-61.566667	0.385941
-61.533333	0.368439
-61.500000	0.352281
-61.466667	0.337524
-61.433333	0.324094
-61.400000	0.311931
-61.366667	0.300889
-61.333333	0.290829
-61.300000	0.281560
-61.266667	0.272881
-61.233333	0.264601
-61.200000	0.256545
-61.166667	0.248570
-61.133333	0.240578
-61.100000	0.232464
-61.066667	0.224185
-61.033333	0.215760
-61.000000	0.207234
-60.966667	0.198669
-60.933333	0.190142
-60.900000	0.181718
-60.866667	0.173545
-60.833333	0.165701
-60.800000	0.158313
-60.766667	0.151437
-60.733333	0.145115
-60.700000	0.139388
-60.666667	0.134255
-60.633333	0.129607
-60.600000	0.125381
-60.566667	0.121449
-60.533333	0.117713
-60.500000	0.113954
-60.466667	0.110054
-60.433333	0.105838
-60.400000	0.101146
-60.366667	0.095832
-60.333333	0.089825
-60.300000	0.082999
-60.266667	0.075360
-60.233333	0.066915
-60.200000	0.057720
-60.166667	0.047876
-60.133333	0.037519
-60.100000	0.026795
-60.066667	0.015917
-60.033333	0.005100
-60.000000	-0.005450
-59.966667	-0.015503
-59.933333	-0.024831
-59.900000	-0.033244
-59.866667	-0.040590
-59.833333	-0.046744
-59.800000	-0.051607
-59.766667	-0.055154
-59.733333	-0.057387
-59.700000	-0.058357
-59.666667	-0.058185
-59.633333	-0.057033
-59.600000	-0.055015
-59.566667	-0.052353
-59.533333	-0.049250
-59.500000	-0.045960
-59.466667	-0.042597
-59.433333	-0.039359
-59.400000	-0.036398
-59.366667	-0.033833
-59.333333	-0.031730
-59.300000	-0.030179
-59.266667	-0.029146
-59.233333	-0.028635
-59.200000	-0.028617
-59.166667	-0.029013
-59.133333	-0.029729
-59.100000	-0.030700
-59.066667	-0.031836
-59.033333	-0.033080
-59.000000	-0.034388
-58.966667	-0.035696
-58.933333	-0.036961
-58.900000	-0.038182
-58.866667	-0.039383
-58.833333	-0.040545
-58.800000	-0.041684
-58.766667	-0.042808
-58.733333	-0.043926
-58.700000	-0.045065
-58.666667	-0.046245
-58.633333	-0.047485
-58.600000	-0.048774
-58.566667	-0.050123
-58.533333	-0.051516
-58.500000	-0.052908
-58.466667	-0.054255
-58.433333	-0.055524
-58.400000	-0.056651
-58.366667	-0.057579
-58.333333	-0.058237
-58.300000	-0.058583
-58.266667	-0.058543
-58.233333	-0.058084
-58.200000	-0.057199
-58.166667	-0.055841
-58.133333	-0.054006
-58.100000	-0.051813
-58.066667	-0.049234
-58.033333	-0.046357
-58.000000	-0.043222
-57.966667	-0.039899
-57.933333	-0.036439
-57.900000	-0.032909
-57.866667	-0.029359
-57.833333	-0.025811
-57.800000	-0.022320
-57.766667	-0.018913
-57.733333	-0.015635
-57.700000	-0.012545
-57.666667	-0.009683
-57.633333	-0.007107
-57.600000	-0.004839
-57.566667	-0.002930
-57.533333	-0.001399
-57.500000	-0.000290
-57.466667	0.000376
-57.433333	0.000594
-57.400000	0.000390
-57.366667	-0.000211
-57.333333	-0.001173
-57.300000	-0.002461
-57.266667	-0.003991
-57.233333	-0.005720
-57.200000	-0.007578
-57.166667	-0.009502
-57.133333	-0.011448
-57.100000	-0.013399
-57.066667	-0.015218
-57.033333	-0.016915
-57.000000	-0.018440
-56.966667	-0.019784
-56.933333	-0.020906
-56.900000	-0.021793
-56.866667	-0.022443
-56.833333	-0.022855
-56.800000	-0.023028
-56.766667	-0.022969
-56.733333	-0.022695
-56.700000	-0.022221
-56.666667	-0.021543
-56.633333	-0.020722
-56.600000	-0.019775
-56.566667	-0.018704
-56.533333	-0.017569
-56.500000	-0.016405
-56.466667	-0.015231
-56.433333	-0.014062
-56.400000	-0.012880
-56.366667	-0.011688
-56.333333	-0.010481
-56.300000	-0.009261
-56.266667	-0.008007
-56.233333	-0.006727
-56.200000	-0.005424
-56.166667	-0.004102
-56.133333	-0.002763
-56.100000	-0.001423
-56.066667	-0.000111
-56.033333	0.001130
-56.000000	0.002275
-55.966667	0.003284
-55.933333	0.004138
-55.900000	0.004778
-55.866667	0.005210
-55.833333	0.005413
-55.800000	0.005393
-55.766667	0.005139
-55.733333	0.004648
-55.700000	0.003927
-55.666667	0.002971
-55.633333	0.001769
-55.600000	0.000356
-55.566667	-0.001210
-55.533333	-0.002944
-55.500000	-0.004788
-55.466667	-0.006709
-55.433333	-0.008664
-55.400000	-0.010611
-55.366667	-0.012531
-55.333333	-0.014404
-55.300000	-0.016217
-55.266667	-0.017950
-55.233333	-0.019613
-55.200000	-0.021201
-55.166667	-0.022721
-55.133333	-0.024170
-55.100000	-0.025564
-55.066667	-0.026914
-55.033333	-0.028220
-55.000000	-0.029475
-54.966667	-0.030694
-54.933333	-0.031857
-54.900000	-0.032975
-54.866667	-0.034001
-54.833333	-0.034948
-54.800000	-0.035787
-54.766667	-0.036522
-54.733333	-0.037147
-54.700000	-0.037641
-54.666667	-0.037971
-54.633333	-0.038148
-54.600000	-0.038153
-54.566667	-0.037973
-54.533333	-0.037604
-54.500000	-0.037035
-54.466667	-0.036256
-54.433333	-0.035266
-54.400000	-0.034058
-54.366667	-0.032629
-54.333333	-0.030981
-54.300000	-0.029112
-54.266667	-0.027026
-54.233333	-0.024723
-54.200000	-0.022212
-54.166667	-0.019518
-54.133333	-0.016665
-54.100000	-0.013700
-54.066667	-0.010670
-54.033333	-0.007634
-54.000000	-0.004652
-53.966667	-0.001811
-53.933333	0.000786
-53.900000	0.003127
-53.866667	0.005118
-53.833333	0.006722
-53.800000	0.007882
-53.766667	0.008582
-53.733333	0.008802
-53.700000	0.008552
-53.666667	0.007841
-53.633333	0.006662
-53.600000	0.005064
-53.566667	0.003092
-53.533333	0.000814
-53.500000	-0.001726
-53.466667	-0.004446
-53.433333	-0.007271
-53.400000	-0.010118
-53.366667	-0.012909
-53.333333	-0.015542
-53.300000	-0.017977
-53.266667	-0.020118
-53.233333	-0.021926
-53.200000	-0.023369
-53.166667	-0.024439
-53.133333	-0.025146
-53.100000	-0.025495
-53.066667	-0.025514
-53.033333	-0.025237
-53.000000	-0.024704
-52.966667	-0.023963
-52.933333	-0.023035
-52.900000	-0.021902
-52.866667	-0.020633
-52.833333	-0.019221
-52.800000	-0.017718
-52.766667	-0.016133
-52.733333	-0.014490
-52.700000	-0.012797
-52.666667	-0.011065
-52.633333	-0.009309
-52.600000	-0.007542
-52.566667	-0.005752
-52.533333	-0.003932
-52.500000	-0.002103
-52.466667	-0.000238
-52.433333	0.001650
-52.400000	0.003547
-52.366667	0.005436
-52.333333	0.007300
-52.300000	0.009088
-52.266667	0.010813
-52.233333	0.012416
-52.200000	0.013867
-52.166667	0.015135
-52.133333	0.016195
-52.100000	0.017034
-52.066667	0.017631
-52.033333	0.017973
-52.000000	0.018046
-51.966667	0.017847
-51.933333	0.017373
-51.900000	0.016620
-51.866667	0.015588
-51.833333	0.014265
-51.800000	0.012648
-51.766667	0.010781
-51.733333	0.008701
-51.700000	0.006460
-51.666667	0.004114
-51.633333	0.001723
-51.600000	-0.000648
-51.566667	-0.002905
-51.533333	-0.004967
-51.500000	-0.006809
-51.466667	-0.008305
-51.433333	-0.009438
-51.400000	-0.010157
-51.366667	-0.010439
-51.333333	-0.010285
-51.300000	-0.009710
-51.266667	-0.008751
-51.233333	-0.007471
-51.200000	-0.005904
-51.166667	-0.004126
-51.133333	-0.002215
-51.100000	-0.000253
-51.066667	0.001683
-51.033333	0.003492
-51.000000	0.005105
-50.966667	0.006454
-50.933333	0.007497
-50.900000	0.008205
-50.866667	0.008574
-50.833333	0.008606
-50.800000	0.008328
-50.766667	0.007806
-50.733333	0.007095
-50.700000	0.006272
-50.666667	0.005401
-50.633333	0.004563
-50.600000	0.003838
-50.566667	0.003301
-50.533333	0.002987
-50.500000	0.002914
-50.466667	0.003106
-50.433333	0.003532
-50.400000	0.004159
-50.366667	0.004972
-50.333333	0.005873
-50.300000	0.006808
-50.266667	0.007730
-50.233333	0.008593
-50.200000	0.009370
-50.166667	0.009988
-50.133333	0.010396
-50.100000	0.010558
-50.066667	0.010449
-50.033333	0.010051
-50.000000	0.009385
-49.966667	0.008431
-49.933333	0.007244
-49.900000	0.005849
-49.866667	0.004296
-49.833333	0.002643
-49.800000	0.000964
-49.766667	-0.000675
-49.733333	-0.002229
-49.700000	-0.003613
-49.666667	-0.004801
-49.633333	-0.005739
-49.600000	-0.006407
-49.566667	-0.006805
-49.533333	-0.006948
-49.500000	-0.006863
-49.466667	-0.006609
-49.433333	-0.006200
-49.400000	-0.005669
-49.366667	-0.005111
-49.333333	-0.004571
-49.300000	-0.004075
-49.266667	-0.003635
-49.233333	-0.003277
-49.200000	-0.003019
-49.166667	-0.002848
-49.133333	-0.002749
-49.100000	-0.002689
-49.066667	-0.002659
-49.033333	-0.002632
-49.000000	-0.002579
-48.966667	-0.002479
-48.933333	-0.002266
-48.900000	-0.001933
-48.866667	-0.001424
-48.833333	-0.000716
-48.800000	0.000196
-48.766667	0.001304
-48.733333	0.002603
-48.700000	0.004101
-48.666667	0.005739
-48.633333	0.007495
-48.600000	0.009299
-48.566667	0.011087
-48.533333	0.012783
-48.500000	0.014284
-48.466667	0.015520
-48.433333	0.016416
-48.400000	0.016889
-48.366667	0.016848
-48.333333	0.016326
-48.300000	0.015266
-48.266667	0.013700
-48.233333	0.011643
-48.200000	0.009151
-48.166667	0.006290
-48.133333	0.003149
-48.100000	-0.000212
-48.066667	-0.003665
-48.033333	-0.007081
-48.000000	-0.010366
-47.966667	-0.013412
-47.933333	-0.016125
-47.900000	-0.018437
-47.866667	-0.020284
-47.833333	-0.021619
-47.800000	-0.022449
-47.766667	-0.022768
-47.733333	-0.022609
-47.700000	-0.022028
-47.666667	-0.021102
-47.633333	-0.019912
-47.600000	-0.018529
-47.566667	-0.017034
-47.533333	-0.015520
-47.500000	-0.014067
-47.466667	-0.012716
-47.433333	-0.011528
-47.400000	-0.010527
-47.366667	-0.009724
-47.333333	-0.009121
-47.300000	-0.008713
-47.266667	-0.008467
-47.233333	-0.008306
-47.200000	-0.008184
-47.166667	-0.008023
-47.133333	-0.007739
-47.100000	-0.007288
-47.066667	-0.006586
-47.033333	-0.005638
-47.000000	-0.004462
-46.966667	-0.003054
-46.933333	-0.001435
-46.900000	0.000342
-46.866667	0.002211
-46.833333	0.004099
-46.800000	0.005881
-46.766667	0.007472
-46.733333	0.008766
-46.700000	0.009654
-46.666667	0.010066
-46.633333	0.009951
-46.600000	0.009275
-46.566667	0.008021
-46.533333	0.006211
-46.500000	0.003905
-46.466667	0.001183
-46.433333	-0.001864
-46.400000	-0.005116
-46.366667	-0.008493
-46.333333	-0.011823
-46.300000	-0.014996
-46.266667	-0.017905
-46.233333	-0.020440
-46.200000	-0.022544
-46.166667	-0.024150
-46.133333	-0.025227
-46.100000	-0.025755
-46.066667	-0.025737
-46.033333	-0.025214
-46.000000	-0.024255
-45.966667	-0.022906
-45.933333	-0.021249
-45.900000	-0.019389
-45.866667	-0.017443
-45.833333	-0.015469
-45.800000	-0.013602
-45.766667	-0.011916
-45.733333	-0.010493
-45.700000	-0.009379
-45.666667	-0.008601
-45.633333	-0.008165
-45.600000	-0.008047
-45.566667	-0.008221
-45.533333	-0.008667
-45.500000	-0.009269
-45.466667	-0.009988
-45.433333	-0.010755
-45.400000	-0.011477
-45.366667	-0.012113
-45.333333	-0.012570
-45.300000	-0.012862
-45.266667	-0.012974
-45.233333	-0.012856
-45.200000	-0.012489
-45.166667	-0.011849
-45.133333	-0.010931
-45.100000	-0.009755
-45.066667	-0.008370
-45.033333	-0.006851
-45.000000	-0.005270
-44.966667	-0.003678
-44.933333	-0.002142
-44.900000	-0.000733
-44.866667	0.000495
-44.833333	0.001505
-44.800000	0.002216
-44.766667	0.002633
-44.733333	0.002726
-44.700000	0.002534
-44.666667	0.002047
-44.633333	0.001316
-44.600000	0.000372
-44.566667	-0.000747
-44.533333	-0.001982
-44.500000	-0.003233
-44.466667	-0.004495
-44.433333	-0.005694
-44.400000	-0.006785
-44.366667	-0.007753
-44.333333	-0.008573
-44.300000	-0.009226
-44.266667	-0.009686
-44.233333	-0.009913
-44.200000	-0.009908
-44.166667	-0.009678
-44.133333	-0.009263
-44.100000	-0.008714
-44.066667	-0.008089
-44.033333	-0.007440
-44.000000	-0.006819
-43.966667	-0.006259
-43.933333	-0.005782
-43.900000	-0.005426
-43.866667	-0.005196
-43.833333	-0.005089
-43.800000	-0.005072
-43.766667	-0.005125
-43.733333	-0.005218
-43.700000	-0.005296
-43.666667	-0.005318
-43.633333	-0.005220
-43.600000	-0.004984
-43.566667	-0.004558
-43.533333	-0.003924
-43.500000	-0.003080
-43.466667	-0.002047
-43.433333	-0.000854
-43.400000	0.000474
-43.366667	0.001908
-43.333333	0.003406
-43.300000	0.004925
-43.266667	0.006434
-43.233333	0.007875
-43.200000	0.009183
-43.166667	0.010295
-43.133333	0.011153
-43.100000	0.011704
-43.066667	0.011896
-43.033333	0.011698
-43.000000	0.011099
-42.966667	0.010085
-42.933333	0.008716
-42.900000	0.007013
-42.866667	0.005030
-42.833333	0.002827
-42.800000	0.000486
-42.766667	-0.001937
-42.733333	-0.004373
-42.700000	-0.006742
-42.666667	-0.008979
-42.633333	-0.011039
-42.600000	-0.012893
-42.566667	-0.014502
-42.533333	-0.015884
-42.500000	-0.017050
-42.466667	-0.018019
-42.433333	-0.018794
-42.400000	-0.019377
-42.366667	-0.019769
-42.333333	-0.019990
-42.300000	-0.020049
-42.266667	-0.019965
-42.233333	-0.019726
-42.200000	-0.019365
-42.166667	-0.018889
-42.133333	-0.018311
-42.100000	-0.017655
-42.066667	-0.016926
-42.033333	-0.016170
-42.000000	-0.015350
-41.966667	-0.014516
-41.933333	-0.013641
-41.900000	-0.012731
-41.866667	-0.011806
-41.833333	-0.010855
-41.800000	-0.009866
-41.766667	-0.008856
-41.733333	-0.007843
-41.700000	-0.006842
-41.666667	-0.005876
-41.633333	-0.004969
-41.600000	-0.004144
-41.566667	-0.003434
-41.533333	-0.002869
-41.500000	-0.002462
-41.466667	-0.002225
-41.433333	-0.002155
-41.400000	-0.002248
-41.366667	-0.002497
-41.333333	-0.002911
-41.300000	-0.003487
-41.266667	-0.004208
-41.233333	-0.005038
-41.200000	-0.005983
-41.166667	-0.007005
-41.133333	-0.008067
-41.100000	-0.009140
-41.066667	-0.010196
-41.033333	-0.011205
-41.000000	-0.012076
-40.966667	-0.012879
-40.933333	-0.013532
-40.900000	-0.014036
-40.866667	-0.014411
-40.833333	-0.014634
-40.800000	-0.014723
-40.766667	-0.014692
-40.733333	-0.014558
-40.700000	-0.014334
-40.666667	-0.014035
-40.633333	-0.013677
-40.600000	-0.013277
-40.566667	-0.012841
-40.533333	-0.012362
-40.500000	-0.011884
-40.466667	-0.011398
-40.433333	-0.010929
-40.400000	-0.010476
-40.366667	-0.010054
-40.333333	-0.009677
-40.300000	-0.009345
-40.266667	-0.009046
-40.233333	-0.008766
-40.200000	-0.008488
-40.166667	-0.008198
-40.133333	-0.007880
-40.100000	-0.007518
-40.066667	-0.007097
-40.033333	-0.006604
-40.000000	-0.006065
-39.966667	-0.005522
-39.933333	-0.004939
-39.900000	-0.004362
-39.866667	-0.003794
-39.833333	-0.003256
-39.800000	-0.002763
-39.766667	-0.002301
-39.733333	-0.001900
-39.700000	-0.001556
-39.666667	-0.001268
-39.633333	-0.001035
-39.600000	-0.000854
-39.566667	-0.000720
-39.533333	-0.000640
-39.500000	-0.000634
-39.466667	-0.000650
-39.433333	-0.000696
-39.400000	-0.000765
-39.366667	-0.000841
-39.333333	-0.000953
-39.300000	-0.001080
-39.266667	-0.001204
-39.233333	-0.001316
-39.200000	-0.001432
-39.166667	-0.001536
-39.133333	-0.001637
-39.100000	-0.001722
-39.066667	-0.001812
-39.033333	-0.001923
-39.000000	-0.002063
-38.966667	-0.002236
-38.933333	-0.002455
-38.900000	-0.002732
-38.866667	-0.003083
-38.833333	-0.003505
-38.800000	-0.003994
-38.766667	-0.004525
-38.733333	-0.005103
-38.700000	-0.005710
-38.666667	-0.006321
-38.633333	-0.006914
-38.600000	-0.007471
-38.566667	-0.007971
-38.533333	-0.008391
-38.500000	-0.008687
-38.466667	-0.008803
-38.433333	-0.008727
-38.400000	-0.008464
-38.366667	-0.008002
-38.333333	-0.007340
-38.300000	-0.006463
-38.266667	-0.005376
-38.233333	-0.004119
-38.200000	-0.002723
-38.166667	-0.001196
-38.133333	0.000442
-38.100000	0.002164
-38.066667	0.003933
-38.033333	0.005740
-38.000000	0.007562
-37.966667	0.009356
-37.933333	0.011071
-37.900000	0.012677
-37.866667	0.014154
-37.833333	0.015478
-37.800000	0.016616
-37.766667	0.017553
-37.733333	0.018281
-37.700000	0.018758
-37.666667	0.019014
-37.633333	0.019037
-37.600000	0.018830
-37.566667	0.018393
-37.533333	0.017756
-37.500000	0.016949
-37.466667	0.015995
-37.433333	0.014884
-37.400000	0.013605
-37.366667	0.012185
-37.333333	0.010653
-37.300000	0.009001
-37.266667	0.007251
-37.233333	0.005413
-37.200000	0.003513
-37.166667	0.001581
-37.133333	-0.000358
-37.100000	-0.002255
-37.066667	-0.004115
-37.033333	-0.005909
-37.000000	-0.007630
-36.966667	-0.009271
-36.933333	-0.010826
-36.900000	-0.012226
-36.866667	-0.013446
-36.833333	-0.014471
-36.800000	-0.015305
-36.766667	-0.015923
-36.733333	-0.016307
-36.700000	-0.016478
-36.666667	-0.016388
-36.633333	-0.016071
-36.600000	-0.015514
-36.566667	-0.014739
-36.533333	-0.013755
-36.500000	-0.012589
-36.466667	-0.011266
-36.433333	-0.009822
-36.400000	-0.008294
-36.366667	-0.006659
-36.333333	-0.004965
-36.300000	-0.003227
-36.266667	-0.001472
-36.233333	0.000278
-36.200000	0.002001
-36.166667	0.003688
-36.133333	0.005336
-36.100000	0.006955
-36.066667	0.008505
-36.033333	0.010023
-36.000000	0.011493
-35.966667	0.012916
-35.933333	0.014300
-35.900000	0.015663
-35.866667	0.016982
-35.833333	0.018252
-35.800000	0.019452
-35.766667	0.020573
-35.733333	0.021572
-35.700000	0.022430
-35.666667	0.023184
-35.633333	0.023793
-35.600000	0.024242
-35.566667	0.024482
-35.533333	0.024526
-35.500000	0.024368
-35.466667	0.024005
-35.433333	0.023444
-35.400000	0.022702
-35.366667	0.021827
-35.333333	0.020801
-35.300000	0.019685
-35.266667	0.018508
-35.233333	0.017319
-35.200000	0.016171
-35.166667	0.015124
-35.133333	0.014222
-35.100000	0.013510
-35.066667	0.013017
-35.033333	0.012725
-35.000000	0.012648
-34.966667	0.012774
-34.933333	0.013092
-34.900000	0.013576
-34.866667	0.014188
-34.833333	0.014881
-34.800000	0.015604
-34.766667	0.016295
-34.733333	0.016911
-34.700000	0.017441
-34.666667	0.017854
-34.633333	0.018060
-34.600000	0.018033
-34.566667	0.017767
-34.533333	0.017290
-34.500000	0.016599
-34.466667	0.015729
-34.433333	0.014718
-34.400000	0.013606
-34.366667	0.012446
-34.333333	0.011284
-34.300000	0.010158
-34.266667	0.009101
-34.233333	0.008148
-34.200000	0.007345
-34.166667	0.006702
-34.133333	0.006219
-34.100000	0.005886
-34.066667	0.005691
-34.033333	0.005598
-34.000000	0.005594
-33.966667	0.005626
-33.933333	0.005659
-33.900000	0.005642
-33.866667	0.005527
-33.833333	0.005275
-33.800000	0.004849
-33.766667	0.004223
-33.733333	0.003379
-33.700000	0.002310
-33.666667	0.001024
-33.633333	-0.000465
-33.600000	-0.002103
-33.566667	-0.003856
-33.533333	-0.005673
-33.500000	-0.007498
-33.466667	-0.009263
-33.433333	-0.010920
-33.400000	-0.012438
-33.366667	-0.013767
-33.333333	-0.014891
-33.300000	-0.015783
-33.266667	-0.016438
-33.233333	-0.016838
-33.200000	-0.016972
-33.166667	-0.016873
-33.133333	-0.016563
-33.100000	-0.016050
-33.066667	-0.015340
-33.033333	-0.014513
-33.000000	-0.013590
-32.966667	-0.012582
-32.933333	-0.011536
-32.900000	-0.010492
-32.866667	-0.009455
-32.833333	-0.008451
-32.800000	-0.007492
-32.766667	-0.006589
-32.733333	-0.005754
-32.700000	-0.004971
-32.666667	-0.004245
-32.633333	-0.003578
-32.600000	-0.002981
-32.566667	-0.002431
-32.533333	-0.001961
-32.500000	-0.001545
-32.466667	-0.001156
-32.433333	-0.000811
-32.400000	-0.000531
-32.366667	-0.000314
-32.333333	-0.000170
-32.300000	-0.000097
-32.266667	-0.000121
-32.233333	-0.000232
-32.200000	-0.000435
-32.166667	-0.000737
-32.133333	-0.001147
-32.100000	-0.001626
-32.066667	-0.002187
-32.033333	-0.002840
-32.000000	-0.003537
-31.966667	-0.004269
-31.933333	-0.005041
-31.900000	-0.005828
-31.866667	-0.006590
-31.833333	-0.007325
-31.800000	-0.008006
-31.766667	-0.008610
-31.733333	-0.009103
-31.700000	-0.009462
-31.666667	-0.009708
-31.633333	-0.009749
-31.600000	-0.009618
-31.566667	-0.009263
-31.533333	-0.008717
-31.500000	-0.007932
-31.466667	-0.006903
-31.433333	-0.005677
-31.400000	-0.004267
-31.366667	-0.002690
-31.333333	-0.000973
-31.300000	0.000842
-31.266667	0.002714
-31.233333	0.004603
-31.200000	0.006475
-31.166667	0.008285
-31.133333	0.010015
-31.100000	0.011629
-31.066667	0.013096
-31.033333	0.014412
-31.000000	0.015575
-30.966667	0.016585
-30.933333	0.017425
-30.900000	0.018101
-30.866667	0.018620
-30.833333	0.018982
-30.800000	0.019184
-30.766667	0.019235
-30.733333	0.019147
-30.700000	0.018917
-30.666667	0.018558
-30.633333	0.018120
-30.600000	0.017542
-30.566667	0.016866
-30.533333	0.016099
-30.500000	0.015267
-30.466667	0.014381
-30.433333	0.013434
-30.400000	0.012444
-30.366667	0.011401
-30.333333	0.010309
-30.300000	0.009170
-30.266667	0.007995
-30.233333	0.006786
-30.200000	0.005531
-30.166667	0.004228
-30.133333	0.002898
-30.100000	0.001545
-30.066667	0.000226
-30.033333	-0.001047
-30.000000	-0.002255
-29.966667	-0.003398
-29.933333	-0.004466
-29.900000	-0.005421
-29.866667	-0.006278
-29.833333	-0.007034
-29.800000	-0.007679
-29.766667	-0.008217
-29.733333	-0.008672
-29.700000	-0.008997
-29.666667	-0.009255
-29.633333	-0.009423
-29.600000	-0.009494
-29.566667	-0.009463
-29.533333	-0.009302
-29.500000	-0.009032
-29.466667	-0.008677
-29.433333	-0.008247
-29.400000	-0.007730
-29.366667	-0.007134
-29.333333	-0.006486
-29.300000	-0.005801
-29.266667	-0.005091
-29.233333	-0.004387
-29.200000	-0.003717
-29.166667	-0.003079
-29.133333	-0.002463
-29.100000	-0.001855
-29.066667	-0.001277
-29.033333	-0.000735
-29.000000	-0.000229
-28.966667	0.000244
-28.933333	0.000682
-28.900000	0.001078
-28.866667	0.001405
-28.833333	0.001676
-28.800000	0.001883
-28.766667	0.002011
-28.733333	0.002063
-28.700000	0.002065
-28.666667	0.001957
-28.633333	0.001790
-28.600000	0.001548
-28.566667	0.001222
-28.533333	0.000808
-28.500000	0.000286
-28.466667	-0.000346
-28.433333	-0.001070
-28.400000	-0.001888
-28.366667	-0.002810
-28.333333	-0.003853
-28.300000	-0.004996
-28.266667	-0.006234
-28.233333	-0.007569
-28.200000	-0.008990
-28.166667	-0.010461
-28.133333	-0.011932
-28.100000	-0.013380
-28.066667	-0.014807
-28.033333	-0.016162
-28.000000	-0.017407
-27.966667	-0.018521
-27.933333	-0.019484
-27.900000	-0.020279
-27.866667	-0.020894
-27.833333	-0.021324
-27.800000	-0.021575
-27.766667	-0.021647
-27.733333	-0.021541
-27.700000	-0.021264
-27.666667	-0.020817
-27.633333	-0.020201
-27.600000	-0.019454
-27.566667	-0.018593
-27.533333	-0.017654
-27.500000	-0.016643
-27.466667	-0.015586
-27.433333	-0.014524
-27.400000	-0.013470
-27.366667	-0.012435
-27.333333	-0.011466
-27.300000	-0.010565
-27.266667	-0.009760
-27.233333	-0.009048
-27.200000	-0.008399
-27.166667	-0.007832
-27.133333	-0.007312
-27.100000	-0.006841
-27.066667	-0.006439
-27.033333	-0.006087
-27.000000	-0.005789
-26.966667	-0.005557
-26.933333	-0.005391
-26.900000	-0.005296
-26.866667	-0.005276
-26.833333	-0.005335
-26.800000	-0.005473
-26.766667	-0.005665
-26.733333	-0.005879
-26.700000	-0.006102
-26.666667	-0.006324
-26.633333	-0.006544
-26.600000	-0.006758
-26.566667	-0.006943
-26.533333	-0.007103
-26.500000	-0.007212
-26.466667	-0.007265
-26.433333	-0.007297
-26.400000	-0.007254
-26.366667	-0.007151
-26.333333	-0.006989
-26.300000	-0.006749
-26.266667	-0.006426
-26.233333	-0.005992
-26.200000	-0.005435
-26.166667	-0.004782
-26.133333	-0.004011
-26.100000	-0.003142
-26.066667	-0.002178
-26.033333	-0.001110
-26.000000	0.000042
-25.966667	0.001274
-25.933333	0.002580
-25.900000	0.003957
-25.866667	0.005412
-25.833333	0.006909
-25.800000	0.008474
-25.766667	0.010089
-25.733333	0.011729
-25.700000	0.013351
-25.666667	0.014923
-25.633333	0.016401
-25.600000	0.017791
-25.566667	0.019045
-25.533333	0.020130
-25.500000	0.021032
-25.466667	0.021738
-25.433333	0.022215
-25.400000	0.022494
-25.366667	0.022565
-25.333333	0.022443
-25.300000	0.022146
-25.266667	0.021676
-25.233333	0.021051
-25.200000	0.020293
-25.166667	0.019436
-25.133333	0.018482
-25.100000	0.017480
-25.066667	0.016454
-25.033333	0.015409
-25.000000	0.014356
-24.966667	0.013320
-24.933333	0.012320
-24.900000	0.011364
-24.866667	0.010435
-24.833333	0.009499
-24.800000	0.008592
-24.766667	0.007660
-24.733333	0.006687
-24.700000	0.005659
-24.666667	0.004561
-24.633333	0.003379
-24.600000	0.002133
-24.566667	0.000772
-24.533333	-0.000692
-24.500000	-0.002284
-24.466667	-0.003993
-24.433333	-0.005832
-24.400000	-0.007793
-24.366667	-0.009852
-24.333333	-0.012011
-24.300000	-0.014273
-24.266667	-0.016617
-24.233333	-0.019027
-24.200000	-0.021462
-24.166667	-0.023899
-24.133333	-0.026330
-24.100000	-0.028726
-24.066667	-0.031048
-24.033333	-0.033282
-24.000000	-0.035398
-23.966667	-0.037379
-23.933333	-0.039208
-23.900000	-0.040877
-23.866667	-0.042369
-23.833333	-0.043673
-23.800000	-0.044783
-23.766667	-0.045705
-23.733333	-0.046439
-23.700000	-0.046988
-23.666667	-0.047380
-23.633333	-0.047604
-23.600000	-0.047695
-23.566667	-0.047681
-23.533333	-0.047583
-23.500000	-0.047414
-23.466667	-0.047168
-23.433333	-0.046865
-23.400000	-0.046525
-23.366667	-0.046163
-23.333333	-0.045785
-23.300000	-0.045414
-23.266667	-0.045046
-23.233333	-0.044696
-23.200000	-0.044344
-23.166667	-0.043993
-23.133333	-0.043632
-23.100000	-0.043262
-23.066667	-0.042866
-23.033333	-0.042464
-23.000000	-0.042044
-22.966667	-0.041608
-22.933333	-0.041146
-22.900000	-0.040655
-22.866667	-0.040134
-22.833333	-0.039592
-22.800000	-0.039030
-22.766667	-0.038432
-22.733333	-0.037804
-22.700000	-0.037151
-22.666667	-0.036475
-22.633333	-0.035755
-22.600000	-0.035010
-22.566667	-0.034214
-22.533333	-0.033356
-22.500000	-0.032373
-22.466667	-0.031269
-22.433333	-0.030028
-22.400000	-0.028650
-22.366667	-0.027104
-22.333333	-0.025355
-22.300000	-0.023393
-22.266667	-0.021211
-22.233333	-0.018811
-22.200000	-0.016174
-22.166667	-0.013312
-22.133333	-0.010242
-22.100000	-0.007001
-22.066667	-0.003645
-22.033333	-0.000209
-22.000000	0.003281
-21.966667	0.006787
-21.933333	0.010266
-21.900000	0.013675
-21.866667	0.016976
-21.833333	0.020133
-21.800000	0.023108
-21.766667	0.025879
-21.733333	0.028416
-21.700000	0.030693
-21.666667	0.032686
-21.633333	0.034422
-21.600000	0.035891
-21.566667	0.037120
-21.533333	0.038106
-21.500000	0.038906
-21.466667	0.039493
-21.433333	0.039933
-21.400000	0.040219
-21.366667	0.040408
-21.333333	0.040539
-21.300000	0.040623
-21.266667	0.040659
-21.233333	0.040710
-21.200000	0.040772
-21.166667	0.040842
-21.133333	0.040900
-21.100000	0.040932
-21.066667	0.040937
-21.033333	0.040939
-21.000000	0.040939
-20.966667	0.040902
-20.933333	0.040848
-20.900000	0.040782
-20.866667	0.040706
-20.833333	0.040625
-20.800000	0.040543
-20.766667	0.040466
-20.733333	0.040393
-20.700000	0.040334
-20.666667	0.040293
-20.633333	0.040292
-20.600000	0.040303
-20.566667	0.040341
-20.533333	0.040397
-20.500000	0.040498
-20.466667	0.040613
-20.433333	0.040778
-20.400000	0.040961
-20.366667	0.041166
-20.333333	0.041396
-20.300000	0.041621
-20.266667	0.041825
-20.233333	0.042010
-20.200000	0.042102
-20.166667	0.042100
-20.133333	0.041970
-20.100000	0.041708
-20.066667	0.041307
-20.033333	0.040757
-20.000000	0.040045
-19.966667	0.039175
-19.933333	0.038182
-19.900000	0.037068
-19.866667	0.035853
-19.833333	0.034566
-19.800000	0.033232
-19.766667	0.031883
-19.733333	0.030552
-19.700000	0.029267
-19.666667	0.028062
-19.633333	0.026960
-19.600000	0.025978
-19.566667	0.025128
-19.533333	0.024419
-19.500000	0.023847
-19.466667	0.023406
-19.433333	0.023088
-19.400000	0.022868
-19.366667	0.022713
-19.333333	0.022629
-19.300000	0.022575
-19.266667	0.022538
-19.233333	0.022486
-19.200000	0.022371
-19.166667	0.022180
-19.133333	0.021925
-19.100000	0.021531
-19.066667	0.021029
-19.033333	0.020407
-19.000000	0.019686
-18.966667	0.018857
-18.933333	0.017959
-18.900000	0.017012
-18.866667	0.016051
-18.833333	0.015112
-18.800000	0.014233
-18.766667	0.013459
-18.733333	0.012847
-18.700000	0.012423
-18.666667	0.012182
-18.633333	0.012120
-18.600000	0.012230
-18.566667	0.012488
-18.533333	0.012852
-18.500000	0.013335
-18.466667	0.013856
-18.433333	0.014392
-18.400000	0.014908
-18.366667	0.015360
-18.333333	0.015686
-18.300000	0.015886
-18.266667	0.015935
-18.233333	0.015811
-18.200000	0.015531
-18.166667	0.015114
-18.133333	0.014561
-18.100000	0.013841
-18.066667	0.013031
-18.033333	0.012126
-18.000000	0.011187
-17.966667	0.010205
-17.933333	0.009256
-17.900000	0.008344
-17.866667	0.007506
-17.833333	0.006756
-17.800000	0.006100
-17.766667	0.005571
-17.733333	0.005161
-17.700000	0.004848
-17.666667	0.004614
-17.633333	0.004448
-17.600000	0.004312
-17.566667	0.004165
-17.533333	0.003982
-17.500000	0.003743
-17.466667	0.003400
-17.433333	0.002979
-17.400000	0.002465
-17.366667	0.001855
-17.333333	0.001164
-17.300000	0.000451
-17.266667	-0.000283
-17.233333	-0.000974
-17.200000	-0.001616
-17.166667	-0.002196
-17.133333	-0.002696
-17.100000	-0.003081
-17.066667	-0.003305
-17.033333	-0.003340
-17.000000	-0.003187
-16.966667	-0.002848
-16.933333	-0.002297
-16.900000	-0.001558
-16.866667	-0.000645
-16.833333	0.000424
-16.800000	0.001631
-16.766667	0.002972
-16.733333	0.004411
-16.700000	0.005918
-16.666667	0.007440
-16.633333	0.008914
-16.600000	0.010279
-16.566667	0.011508
-16.533333	0.012598
-16.500000	0.013479
-16.466667	0.014186
-16.433333	0.014687
-16.400000	0.014999
-16.366667	0.015074
-16.333333	0.014954
-16.300000	0.014638
-16.266667	0.014146
-16.233333	0.013503
-16.200000	0.012694
-16.166667	0.011768
-16.133333	0.010750
-16.100000	0.009679
-16.066667	0.008585
-16.033333	0.007480
-16.000000	0.006401
-15.966667	0.005393
-15.933333	0.004480
-15.900000	0.003683
-15.866667	0.003009
-15.833333	0.002461
-15.800000	0.002030
-15.766667	0.001726
-15.733333	0.001513
-15.700000	0.001374
-15.666667	0.001283
-15.633333	0.001218
-15.600000	0.001169
-15.566667	0.001145
-15.533333	0.001146
-15.500000	0.001127
-15.466667	0.001130
-15.433333	0.001133
-15.400000	0.001137
-15.366667	0.001123
-15.333333	0.001138
-15.300000	0.001148
-15.266667	0.001164
-15.233333	0.001184
-15.200000	0.001211
-15.166667	0.001248
-15.133333	0.001293
-15.100000	0.001354
-15.066667	0.001412
-15.033333	0.001467
-15.000000	0.001511
-14.966667	0.001526
-14.933333	0.001500
-14.900000	0.001412
-14.866667	0.001242
-14.833333	0.000975
-14.800000	0.000608
-14.766667	0.000155
-14.733333	-0.000406
-14.700000	-0.001053
-14.666667	-0.001797
-14.633333	-0.002623
-14.600000	-0.003512
-14.566667	-0.004465
-14.533333	-0.005476
-14.500000	-0.006510
-14.466667	-0.007572
-14.433333	-0.008632
-14.400000	-0.009680
-14.366667	-0.010691
-14.333333	-0.011651
-14.300000	-0.012560
-14.266667	-0.013385
-14.233333	-0.014127
-14.200000	-0.014784
-14.166667	-0.015346
-14.133333	-0.015809
-14.100000	-0.016189
-14.066667	-0.016502
-14.033333	-0.016739
-14.000000	-0.016884
-13.966667	-0.016981
-13.933333	-0.016995
-13.900000	-0.016933
-13.866667	-0.016800
-13.833333	-0.016591
-13.800000	-0.016317
-13.766667	-0.015954
-13.733333	-0.015529
-13.700000	-0.015040
-13.666667	-0.014492
-13.633333	-0.013884
-13.600000	-0.013221
-13.566667	-0.012516
-13.533333	-0.011761
-13.500000	-0.010946
-13.466667	-0.010125
-13.433333	-0.009283
-13.400000	-0.008451
-13.366667	-0.007647
-13.333333	-0.006890
-13.300000	-0.006197
-13.266667	-0.005572
-13.233333	-0.005045
-13.200000	-0.004616
-13.166667	-0.004283
-13.133333	-0.004052
-13.100000	-0.003930
-13.066667	-0.003901
-13.033333	-0.003964
-13.000000	-0.004110
-12.966667	-0.004356
-12.933333	-0.004645
-12.900000	-0.004989
-12.866667	-0.005374
-12.833333	-0.005781
-12.800000	-0.006197
-12.766667	-0.006595
-12.733333	-0.006981
-12.700000	-0.007322
-12.666667	-0.007608
-12.633333	-0.007837
-12.600000	-0.008017
-12.566667	-0.008149
-12.533333	-0.008226
-12.500000	-0.008255
-12.466667	-0.008250
-12.433333	-0.008215
-12.400000	-0.008154
-12.366667	-0.008069
-12.333333	-0.007957
-12.300000	-0.007827
-12.266667	-0.007690
-12.233333	-0.007541
-12.200000	-0.007367
-12.166667	-0.007191
-12.133333	-0.007007
-12.100000	-0.006830
-12.066667	-0.006666
-12.033333	-0.006521
-12.000000	-0.006392
-11.966667	-0.006281
-11.933333	-0.006184
-11.900000	-0.006104
-11.866667	-0.006040
-11.833333	-0.005990
-11.800000	-0.005954
-11.766667	-0.005928
-11.733333	-0.005904
-11.700000	-0.005878
-11.666667	-0.005847
-11.633333	-0.005815
-11.600000	-0.005783
-11.566667	-0.005735
-11.533333	-0.005663
-11.500000	-0.005573
-11.466667	-0.005462
-11.433333	-0.005326
-11.400000	-0.005168
-11.366667	-0.004985
-11.333333	-0.004793
-11.300000	-0.004600
-11.266667	-0.004410
-11.233333	-0.004241
-11.200000	-0.004092
-11.166667	-0.004008
-11.133333	-0.003980
-11.100000	-0.004034
-11.066667	-0.004164
-11.033333	-0.004375
-11.000000	-0.004666
-10.966667	-0.005036
-10.933333	-0.005485
-10.900000	-0.006012
-10.866667	-0.006611
-10.833333	-0.007269
-10.800000	-0.007963
-10.766667	-0.008676
-10.733333	-0.009389
-10.700000	-0.010076
-10.666667	-0.010703
-10.633333	-0.011299
-10.600000	-0.011812
-10.566667	-0.012233
-10.533333	-0.012522
-10.500000	-0.012668
-10.466667	-0.012683
-10.433333	-0.012564
-10.400000	-0.012302
-10.366667	-0.011900
-10.333333	-0.011385
-10.300000	-0.010766
-10.266667	-0.010070
-10.233333	-0.009345
-10.200000	-0.008603
-10.166667	-0.007892
-10.133333	-0.007228
-10.100000	-0.006635
-10.066667	-0.006133
-10.033333	-0.005751
-10.000000	-0.005507
-9.966667	-0.005409
-9.933333	-0.005442
-9.900000	-0.005600
-9.866667	-0.005884
-9.833333	-0.006277
-9.800000	-0.006750
-9.766667	-0.007284
-9.733333	-0.007851
-9.700000	-0.008413
-9.666667	-0.008938
-9.633333	-0.009418
-9.600000	-0.009778
-9.566667	-0.010025
-9.533333	-0.010127
-9.500000	-0.010096
-9.466667	-0.009929
-9.433333	-0.009610
-9.400000	-0.009141
-9.366667	-0.008551
-9.333333	-0.007863
-9.300000	-0.007110
-9.266667	-0.006327
-9.233333	-0.005551
-9.200000	-0.004798
-9.166667	-0.004098
-9.133333	-0.003473
-9.100000	-0.002933
-9.066667	-0.002498
-9.033333	-0.002178
-9.000000	-0.001970
-8.966667	-0.001862
-8.933333	-0.001832
-8.900000	-0.001879
-8.866667	-0.001992
-8.833333	-0.002143
-8.800000	-0.002309
-8.766667	-0.002491
-8.733333	-0.002702
-8.700000	-0.002881
-8.666667	-0.003065
-8.633333	-0.003241
-8.600000	-0.003420
-8.566667	-0.003606
-8.533333	-0.003808
-8.500000	-0.004036
-8.466667	-0.004301
-8.433333	-0.004615
-8.400000	-0.004987
-8.366667	-0.005409
-8.333333	-0.005890
-8.300000	-0.006425
-8.266667	-0.007014
-8.233333	-0.007650
-8.200000	-0.008320
-8.166667	-0.009015
-8.133333	-0.009717
-8.100000	-0.010402
-8.066667	-0.011060
-8.033333	-0.011661
-8.000000	-0.012182
-7.966667	-0.012588
-7.933333	-0.012849
-7.900000	-0.012953
-7.866667	-0.012896
-7.833333	-0.012685
-7.800000	-0.012330
-7.766667	-0.011849
-7.733333	-0.011235
-7.700000	-0.010473
-7.666667	-0.009643
-7.633333	-0.008705
-7.600000	-0.007746
-7.566667	-0.006784
-7.533333	-0.005841
-7.500000	-0.004960
-7.466667	-0.004157
-7.433333	-0.003458
-7.400000	-0.002873
-7.366667	-0.002409
-7.333333	-0.002087
-7.300000	-0.001913
-7.266667	-0.001912
-7.233333	-0.002058
-7.200000	-0.002352
-7.166667	-0.002783
-7.133333	-0.003354
-7.100000	-0.004018
-7.066667	-0.004757
-7.033333	-0.005584
-7.000000	-0.006437
-6.966667	-0.007314
-6.933333	-0.008197
-6.900000	-0.009063
-6.866667	-0.009869
-6.833333	-0.010659
-6.800000	-0.011360
-6.766667	-0.011982
-6.733333	-0.012508
-6.700000	-0.012947
-6.666667	-0.013304
-6.633333	-0.013575
-6.600000	-0.013802
-6.566667	-0.013952
-6.533333	-0.014036
-6.500000	-0.014068
-6.466667	-0.014033
-6.433333	-0.013944
-6.400000	-0.013815
-6.366667	-0.013646
-6.333333	-0.013423
-6.300000	-0.013158
-6.266667	-0.012866
-6.233333	-0.012521
-6.200000	-0.012150
-6.166667	-0.011744
-6.133333	-0.011309
-6.100000	-0.010819
-6.066667	-0.010301
-6.033333	-0.009763
-6.000000	-0.009174
-5.966667	-0.008571
-5.933333	-0.007946
-5.900000	-0.007304
-5.866667	-0.006648
-5.833333	-0.006036
-5.800000	-0.005415
-5.766667	-0.004848
-5.733333	-0.004319
-5.700000	-0.003850
-5.666667	-0.003461
-5.633333	-0.003159
-5.600000	-0.002944
-5.566667	-0.002824
-5.533333	-0.002815
-5.500000	-0.002884
-5.466667	-0.003069
-5.433333	-0.003360
-5.400000	-0.003740
-5.366667	-0.004207
-5.333333	-0.004730
-5.300000	-0.005321
-5.266667	-0.005966
-5.233333	-0.006637
-5.200000	-0.007326
-5.166667	-0.008020
-5.133333	-0.008703
-5.100000	-0.009365
-5.066667	-0.009997
-5.033333	-0.010591
-5.000000	-0.011117
-4.966667	-0.011610
-4.933333	-0.012034
-4.900000	-0.012405
-4.866667	-0.012712
-4.833333	-0.012971
-4.800000	-0.013170
-4.766667	-0.013320
-4.733333	-0.013427
-4.700000	-0.013502
-4.666667	-0.013551
-4.633333	-0.013573
-4.600000	-0.013575
-4.566667	-0.013557
-4.533333	-0.013528
-4.500000	-0.013471
-4.466667	-0.013427
-4.433333	-0.013360
-4.400000	-0.013272
-4.366667	-0.013198
-4.333333	-0.013093
-4.300000	-0.012992
-4.266667	-0.012880
-4.233333	-0.012773
-4.200000	-0.012659
-4.166667	-0.012544
-4.133333	-0.012409
-4.100000	-0.012263
-4.066667	-0.012118
-4.033333	-0.011974
-4.000000	-0.011829
-3.966667	-0.011715
-3.933333	-0.011599
-3.900000	-0.011502
-3.866667	-0.011429
-3.833333	-0.011389
-3.800000	-0.011399
-3.766667	-0.011425
-3.733333	-0.011508
-3.700000	-0.011624
-3.666667	-0.011758
-3.633333	-0.011947
-3.600000	-0.012163
-3.566667	-0.012417
-3.533333	-0.012715
-3.500000	-0.013052
-3.466667	-0.013430
-3.433333	-0.013826
-3.400000	-0.014250
-3.366667	-0.014698
-3.333333	-0.015124
-3.300000	-0.015558
-3.266667	-0.015988
-3.233333	-0.016363
-3.200000	-0.016693
-3.166667	-0.016971
-3.133333	-0.017184
-3.100000	-0.017350
-3.066667	-0.017479
-3.033333	-0.017578
-3.000000	-0.017635
-2.966667	-0.017668
-2.933333	-0.017687
-2.900000	-0.017704
-2.866667	-0.017745
-2.833333	-0.017797
-2.800000	-0.017850
-2.766667	-0.017887
-2.733333	-0.017940
-2.700000	-0.017939
-2.666667	-0.017917
-2.633333	-0.017884
-2.600000	-0.017809
-2.566667	-0.017702
-2.533333	-0.017519
-2.500000	-0.017305
-2.466667	-0.017000
-2.433333	-0.016603
-2.400000	-0.016110
-2.366667	-0.015493
-2.333333	-0.014753
-2.300000	-0.013915
-2.266667	-0.012973
-2.233333	-0.011928
-2.200000	-0.010861
-2.166667	-0.009773
-2.133333	-0.008705
-2.100000	-0.007690
-2.066667	-0.006773
-2.033333	-0.005982
-2.000000	-0.005326
-1.966667	-0.004833
-1.933333	-0.004499
-1.900000	-0.004325
-1.866667	-0.004317
-1.833333	-0.004451
-1.800000	-0.004716
-1.766667	-0.005112
-1.733333	-0.005602
-1.700000	-0.006164
-1.666667	-0.006809
-1.633333	-0.007492
-1.600000	-0.008186
-1.566667	-0.008846
-1.533333	-0.009446
-1.500000	-0.009990
-1.466667	-0.010412
-1.433333	-0.010743
-1.400000	-0.010961
-1.366667	-0.011083
-1.333333	-0.011106
-1.300000	-0.011047
-1.266667	-0.010912
-1.233333	-0.010723
-1.200000	-0.010492
-1.166667	-0.010230
-1.133333	-0.009929
-1.100000	-0.009607
-1.066667	-0.009261
-1.033333	-0.008879
-1.000000	-0.008452
-0.966667	-0.007979
-0.933333	-0.007472
-0.900000	-0.006946
-0.866667	-0.006397
-0.833333	-0.005818
-0.800000	-0.005216
-0.766667	-0.004594
-0.733333	-0.003935
-0.700000	-0.003249
-0.666667	-0.002539
-0.633333	-0.001804
-0.600000	-0.001049
-0.566667	-0.000282
-0.533333	0.000482
-0.500000	0.001228
-0.466667	0.001933
-0.433333	0.002585
-0.400000	0.003164
-0.366667	0.003651
-0.333333	0.004042
-0.300000	0.004323
-0.266667	0.004502
-0.233333	0.004573
-0.200000	0.004520
-0.166667	0.004343
-0.133333	0.004073
-0.100000	0.003708
-0.066667	0.003271
-0.033333	0.002763
-0.000000	0.002198
0.033333	0.001580
0.066667	0.000926
0.100000	0.000264
0.133333	-0.000384
0.166667	-0.001006
0.200000	-0.001587
0.233333	-0.002099
0.266667	-0.002518
0.300000	-0.002849
0.333333	-0.003119
0.366667	-0.003303
0.400000	-0.003417
0.433333	-0.003458
0.466667	-0.003441
0.500000	-0.003391
0.533333	-0.003345
0.566667	-0.003294
0.600000	-0.003296
0.633333	-0.003349
0.666667	-0.003457
0.700000	-0.003608
0.733333	-0.003798
0.766667	-0.004045
0.800000	-0.004376
0.833333	-0.004769
0.866667	-0.005178
0.900000	-0.005609
0.933333	-0.006090
0.966667	-0.006568
1.000000	-0.007038
1.033333	-0.007499
1.066667	-0.007926
1.100000	-0.008300
1.133333	-0.008615
1.166667	-0.008857
1.200000	-0.009012
1.233333	-0.009076
1.266667	-0.009055
1.300000	-0.008970
1.333333	-0.008831
1.366667	-0.008620
1.400000	-0.008375
1.433333	-0.008100
1.466667	-0.007824
1.500000	-0.007564
1.533333	-0.007327
1.566667	-0.007109
1.600000	-0.006960
1.633333	-0.006829
1.666667	-0.006739
1.700000	-0.006689
1.733333	-0.006688
1.766667	-0.006746
1.800000	-0.006860
1.833333	-0.007016
1.866667	-0.007194
1.900000	-0.007417
1.933333	-0.007687
1.966667	-0.007959
2.000000	-0.008264
2.033333	-0.008593
2.066667	-0.008927
2.100000	-0.009263
2.133333	-0.009579
2.166667	-0.009863
2.200000	-0.010126
2.233333	-0.010364
2.266667	-0.010564
2.300000	-0.010721
2.333333	-0.010843
2.366667	-0.010929
2.400000	-0.010976
2.433333	-0.010982
2.466667	-0.010946
2.500000	-0.010865
2.533333	-0.010742
2.566667	-0.010575
2.600000	-0.010356
2.633333	-0.010080
2.666667	-0.009756
2.700000	-0.009369
2.733333	-0.008923
2.766667	-0.008414
2.800000	-0.007843
2.833333	-0.007219
2.866667	-0.006535
2.900000	-0.005803
2.933333	-0.005021
2.966667	-0.004199
3.000000	-0.003341
3.033333	-0.002452
3.066667	-0.001541
3.100000	-0.000612
3.133333	0.000322
3.166667	0.001253
3.200000	0.002127
3.233333	0.002966
3.266667	0.003765
3.300000	0.004473
3.333333	0.005112
3.366667	0.005676
3.400000	0.006171
3.433333	0.006591
3.466667	0.006919
3.500000	0.007162
3.533333	0.007339
3.566667	0.007458
3.600000	0.007510
3.633333	0.007491
3.666667	0.007422
3.700000	0.007301
3.733333	0.007141
3.766667	0.006953
3.800000	0.006744
3.833333	0.006514
3.866667	0.006260
3.900000	0.005990
3.933333	0.005727
3.966667	0.005460
4.000000	0.005193
4.033333	0.004920
4.066667	0.004641
4.100000	0.004366
4.133333	0.004097
4.166667	0.003846
4.200000	0.003593
4.233333	0.003387
4.266667	0.003225
4.300000	0.003105
4.333333	0.003058
4.366667	0.003062
4.400000	0.003137
4.433333	0.003268
4.466667	0.003448
4.500000	0.003693
4.533333	0.004012
4.566667	0.004370
4.600000	0.004771
4.633333	0.005210
4.666667	0.005681
4.700000	0.006168
4.733333	0.006656
4.766667	0.007131
4.800000	0.007568
4.833333	0.007948
4.866667	0.008257
4.900000	0.008495
4.933333	0.008659
4.966667	0.008729
5.000000	0.008710
5.033333	0.008607
5.066667	0.008423
5.100000	0.008162
5.133333	0.007828
5.166667	0.007436
5.200000	0.006996
5.233333	0.006529
5.266667	0.006020
5.300000	0.005503
5.333333	0.004967
5.366667	0.004437
5.400000	0.003917
5.433333	0.003423
5.466667	0.002948
5.500000	0.002503
5.533333	0.002083
5.566667	0.001701
5.600000	0.001339
5.633333	0.001010
5.666667	0.000691
5.700000	0.000388
5.733333	0.000108
5.766667	-0.000171
5.800000	-0.000437
5.833333	-0.000698
5.866667	-0.000951
5.900000	-0.001195
5.933333	-0.001426
5.966667	-0.001645
6.000000	-0.001847
6.033333	-0.002027
6.066667	-0.002184
6.100000	-0.002318
6.133333	-0.002451
6.166667	-0.002574
6.200000	-0.002652
6.233333	-0.002689
6.266667	-0.002707
6.300000	-0.002682
6.333333	-0.002634
6.366667	-0.002548
6.400000	-0.002429
6.433333	-0.002264
6.466667	-0.002077
6.500000	-0.001858
6.533333	-0.001636
6.566667	-0.001395
6.600000	-0.001133
6.633333	-0.000826
6.666667	-0.000532
6.700000	-0.000205
6.733333	0.000129
6.766667	0.000460
6.800000	0.000802
6.833333	0.001133
6.866667	0.001450
6.900000	0.001748
6.933333	0.002027
6.966667	0.002284
7.000000	0.002510
7.033333	0.002705
7.066667	0.002874
7.100000	0.002967
7.133333	0.003023
7.166667	0.003057
7.200000	0.003075
7.233333	0.003034
7.266667	0.002948
7.300000	0.002825
7.333333	0.002676
7.366667	0.002502
7.400000	0.002305
7.433333	0.002091
7.466667	0.001857
7.500000	0.001603
7.533333	0.001337
7.566667	0.001077
7.600000	0.000838
7.633333	0.000593
7.666667	0.000340
7.700000	0.000111
7.733333	-0.000125
7.766667	-0.000343
7.800000	-0.000560
7.833333	-0.000768
7.866667	-0.000966
7.900000	-0.001149
7.933333	-0.001312
7.966667	-0.001458
8.000000	-0.001585
8.033333	-0.001683
8.066667	-0.001752
8.100000	-0.001809
8.133333	-0.001810
8.166667	-0.001791
8.200000	-0.001745
8.233333	-0.001679
8.266667	-0.001582
8.300000	-0.001463
8.333333	-0.001306
8.366667	-0.001139
8.400000	-0.000964
8.433333	-0.000760
8.466667	-0.000560
8.500000	-0.000359
8.533333	-0.000161
8.566667	0.000014
8.600000	0.000170
8.633333	0.000295
8.666667	0.000388
8.700000	0.000443
8.733333	0.000451
8.766667	0.000433
8.800000	0.000361
8.833333	0.000249
8.866667	0.000090
8.900000	-0.000115
8.933333	-0.000360
8.966667	-0.000672
9.000000	-0.001038
9.033333	-0.001469
9.066667	-0.001963
9.100000	-0.002522
9.133333	-0.003149
9.166667	-0.003836
9.200000	-0.004573
9.233333	-0.005357
9.266667	-0.006166
9.300000	-0.006985
9.333333	-0.007811
9.366667	-0.008647
9.400000	-0.009459
9.433333	-0.010236
9.466667	-0.010987
9.500000	-0.011678
9.533333	-0.012305
9.566667	-0.012857
9.600000	-0.013325
9.633333	-0.013698
9.666667	-0.013973
9.700000	-0.014148
9.733333	-0.014219
9.766667	-0.014183
9.800000	-0.014060
9.833333	-0.013847
9.866667	-0.013560
9.900000	-0.013212
9.933333	-0.012818
9.966667	-0.012405
10.000000	-0.011962
10.033333	-0.011511
10.066667	-0.011055
10.100000	-0.010601
10.133333	-0.010157
10.166667	-0.009723
10.200000	-0.009301
10.233333	-0.008900
10.266667	-0.008512
10.300000	-0.008151
10.333333	-0.007817
10.366667	-0.007508
10.400000	-0.007224
10.433333	-0.006967
10.466667	-0.006725
10.500000	-0.006503
10.533333	-0.006294
10.566667	-0.006095
10.600000	-0.005902
10.633333	-0.005709
10.666667	-0.005513
10.700000	-0.005312
10.733333	-0.005103
10.766667	-0.004887
10.800000	-0.004664
10.833333	-0.004437
10.866667	-0.004211
10.900000	-0.003988
10.933333	-0.003764
10.966667	-0.003538
11.000000	-0.003308
11.033333	-0.003075
11.066667	-0.002841
11.100000	-0.002607
11.133333	-0.002378
11.166667	-0.002153
11.200000	-0.001935
11.233333	-0.001728
11.266667	-0.001534
11.300000	-0.001356
11.333333	-0.001195
11.366667	-0.001052
11.400000	-0.000926
11.433333	-0.000817
11.466667	-0.000723
11.500000	-0.000642
11.533333	-0.000568
11.566667	-0.000501
11.600000	-0.000440
11.633333	-0.000384
11.666667	-0.000332
11.700000	-0.000283
11.733333	-0.000235
11.766667	-0.000187
11.800000	-0.000139
11.833333	-0.000090
11.866667	-0.000038
11.900000	0.000018
11.933333	0.000079
11.966667	0.000146
