-88.000000	-0.000005
-87.966667	-0.000005
-87.933333	-0.000005
-87.900000	-0.000005
-87.866667	-0.000005
-87.833333	-0.000004
-87.800000	-0.000004
-87.766667	-0.000003
-87.733333	-0.000002
-87.700000	-0.000001
-87.666667	0.000000
-87.633333	0.000001
-87.600000	0.000002
-87.566667	0.000004
-87.533333	0.000005
-87.500000	0.000006
-87.466667	0.000007
-87.433333	0.000008
-87.400000	0.000009
-87.366667	0.000010
-87.333333	0.000011
-87.300000	0.000012
-87.266667	0.000012
-87.233333	0.000013
-87.200000	0.000013
-87.166667	0.000013
-87.133333	0.000013
-87.100000	0.000012
-87.066667	0.000011
-87.033333	0.000010
-87.000000	0.000008
-86.966667	0.000006
-86.933333	0.000005
-86.900000	0.000001
-86.866667	-0.000002
-86.833333	-0.000006
-86.800000	-0.000010
-86.766667	-0.000015
-86.733333	-0.000020
-86.700000	-0.000026
-86.666667	-0.000033
-86.633333	-0.000042
-86.600000	-0.000046
-86.566667	-0.000051
-86.533333	-0.000071
-86.500000	-0.000071
-86.466667	-0.000082
-86.433333	-0.000091
-86.400000	-0.000107
-86.366667	-0.000115
-86.333333	-0.000123
-86.300000	-0.000129
-86.266667	-0.000144
-86.233333	-0.000151
-86.200000	-0.000167
-86.166667	-0.000182
-86.133333	-0.000195
-86.100000	-0.000196
-86.066667	-0.000204
-86.033333	-0.000218
-86.000000	-0.000228
-85.966667	-0.000237
-85.933333	-0.000245
-85.900000	-0.000254
-85.866667	-0.000265
-85.833333	-0.000268
-85.800000	-0.000268
-85.766667	-0.000264
-85.733333	-0.000263
-85.700000	-0.000267
-85.666667	-0.000273
-85.633333	-0.000276
-85.600000	-0.000269
-85.566667	-0.000260
-85.533333	-0.000251
-85.500000	-0.000242
-85.466667	-0.000242
-85.433333	-0.000232
-85.400000	-0.000224
-85.366667	-0.000208
-85.333333	-0.000200
-85.300000	-0.000190
-85.266667	-0.000191
-85.233333	-0.000184
-85.200000	-0.000171
-85.166667	-0.000162
-85.133333	-0.000164
-85.100000	-0.000144
-85.066667	-0.000152
-85.033333	-0.000154
-85.000000	-0.000150
-84.966667	-0.000148
-84.933333	-0.000159
-84.900000	-0.000173
-84.866667	-0.000162
-84.833333	-0.000160
-84.800000	-0.000168
-84.766667	-0.000194
-84.733333	-0.000223
-84.700000	-0.000246
-84.666667	-0.000262
-84.633333	-0.000278
-84.600000	-0.000312
-84.566667	-0.000325
-84.533333	-0.000367
-84.500000	-0.000411
-84.466667	-0.000428
-84.433333	-0.000465
-84.400000	-0.000499
-84.366667	-0.000528
-84.333333	-0.000559
-84.300000	-0.000586
-84.266667	-0.000605
-84.233333	-0.000618
-84.200000	-0.000624
-84.166667	-0.000634
-84.133333	-0.000638
-84.100000	-0.000618
-84.066667	-0.000599
-84.033333	-0.000581
-84.000000	-0.000549
-83.966667	-0.000515
-83.933333	-0.000476
-83.900000	-0.000421
-83.866667	-0.000358
-83.833333	-0.000320
-83.800000	-0.000268
-83.766667	-0.000227
-83.733333	-0.000164
-83.700000	-0.000102
-83.666667	-0.000052
-83.633333	-0.000015
-83.600000	0.000016
-83.566667	0.000070
-83.533333	0.000096
-83.500000	0.000135
-83.466667	0.000167
-83.433333	0.000178
-83.400000	0.000194
-83.366667	0.000198
-83.333333	0.000212
-83.300000	0.000240
-83.266667	0.000257
-83.233333	0.000256
-83.200000	0.000265
-83.166667	0.000282
-83.133333	0.000289
-83.100000	0.000305
-83.066667	0.000324
-83.033333	0.000330
-83.000000	0.000355
-82.966667	0.000372
-82.933333	0.000392
-82.900000	0.000410
-82.866667	0.000429
-82.833333	0.000450
-82.800000	0.000464
-82.766667	0.000481
-82.733333	0.000496
-82.700000	0.000509
-82.666667	0.000514
-82.633333	0.000520
-82.600000	0.000528
-82.566667	0.000535
-82.533333	0.000535
-82.500000	0.000531
-82.466667	0.000517
-82.433333	0.000508
-82.400000	0.000496
-82.366667	0.000486
-82.333333	0.000487
-82.300000	0.000476
-82.266667	0.000455
-82.233333	0.000442
-82.200000	0.000437
-82.166667	0.000430
-82.133333	0.000431
-82.100000	0.000437
-82.066667	0.000426
-82.033333	0.000449
-82.000000	0.000460
-81.966667	0.000478
-81.933333	0.000499
-81.900000	0.000524
-81.866667	0.000554
-81.833333	0.000587
-81.800000	0.000626
-81.766667	0.000677
-81.733333	0.000711
-81.700000	0.000755
-81.666667	0.000794
-81.633333	0.000840
-81.600000	0.000890
-81.566667	0.000923
-81.533333	0.000963
-81.500000	0.001000
-81.466667	0.001024
-81.433333	0.001055
-81.400000	0.001084
-81.366667	0.001097
-81.333333	0.001115
-81.300000	0.001130
-81.266667	0.001139
-81.233333	0.001144
-81.200000	0.001145
-81.166667	0.001151
-81.133333	0.001160
-81.100000	0.001152
-81.066667	0.001140
-81.033333	0.001155
-81.000000	0.001143
-80.966667	0.001147
-80.933333	0.001133
-80.900000	0.001135
-80.866667	0.001132
-80.833333	0.001132
-80.800000	0.001132
-80.766667	0.001123
-80.733333	0.001109
-80.700000	0.001097
-80.666667	0.001087
-80.633333	0.001077
-80.600000	0.001062
-80.566667	0.001037
-80.533333	0.001017
-80.500000	0.000981
-80.466667	0.000943
-80.433333	0.000914
-80.400000	0.000876
-80.366667	0.000821
-80.333333	0.000776
-80.300000	0.000720
-80.266667	0.000662
-80.233333	0.000604
-80.200000	0.000540
-80.166667	0.000474
-80.133333	0.000410
-80.100000	0.000343
-80.066667	0.000270
-80.033333	0.000199
-80.000000	0.000133
-79.966667	0.000073
-79.933333	-0.000000
-79.900000	-0.000062
-79.866667	-0.000133
-79.833333	-0.000187
-79.800000	-0.000238
-79.766667	-0.000287
-79.733333	-0.000340
-79.700000	-0.000397
-79.666667	-0.000443
-79.633333	-0.000478
-79.600000	-0.000516
-79.566667	-0.000559
-79.533333	-0.000592
-79.500000	-0.000618
-79.466667	-0.000661
-79.433333	-0.000673
-79.400000	-0.000702
-79.366667	-0.000725
-79.333333	-0.000744
-79.300000	-0.000760
-79.266667	-0.000770
-79.233333	-0.000778
-79.200000	-0.000788
-79.166667	-0.000788
-79.133333	-0.000796
-79.100000	-0.000810
-79.066667	-0.000810
-79.033333	-0.000792
-79.000000	-0.000776
-78.966667	-0.000768
-78.933333	-0.000767
-78.900000	-0.000756
-78.866667	-0.000730
-78.833333	-0.000704
-78.800000	-0.000694
-78.766667	-0.000670
-78.733333	-0.000659
-78.700000	-0.000639
-78.666667	-0.000609
-78.633333	-0.000588
-78.600000	-0.000572
-78.566667	-0.000551
-78.533333	-0.000526
-78.500000	-0.000514
-78.466667	-0.000511
-78.433333	-0.000481
-78.400000	-0.000483
-78.366667	-0.000476
-78.333333	-0.000473
-78.300000	-0.000472
-78.266667	-0.000476
-78.233333	-0.000491
-78.200000	-0.000507
-78.166667	-0.000537
-78.133333	-0.000551
-78.100000	-0.000582
-78.066667	-0.000596
-78.033333	-0.000627
-78.000000	-0.000666
-77.966667	-0.000707
-77.933333	-0.000741
-77.900000	-0.000775
-77.866667	-0.000810
-77.833333	-0.000845
-77.800000	-0.000877
-77.766667	-0.000888
-77.733333	-0.000915
-77.700000	-0.000940
-77.666667	-0.000957
-77.633333	-0.000966
-77.600000	-0.000961
-77.566667	-0.000973
-77.533333	-0.000973
-77.500000	-0.000966
-77.466667	-0.000959
-77.433333	-0.000946
-77.400000	-0.000935
-77.366667	-0.000918
-77.333333	-0.000896
-77.300000	-0.000873
-77.266667	-0.000863
-77.233333	-0.000835
-77.200000	-0.000810
-77.166667	-0.000786
-77.133333	-0.000749
-77.100000	-0.000734
-77.066667	-0.000695
-77.033333	-0.000674
-77.000000	-0.000646
-76.966667	-0.000617
-76.933333	-0.000587
-76.900000	-0.000557
-76.866667	-0.000521
-76.833333	-0.000489
-76.800000	-0.000467
-76.766667	-0.000434
-76.733333	-0.000418
-76.700000	-0.000399
-76.666667	-0.000374
-76.633333	-0.000355
-76.600000	-0.000344
-76.566667	-0.000341
-76.533333	-0.000326
-76.500000	-0.000320
-76.466667	-0.000319
-76.433333	-0.000314
-76.400000	-0.000318
-76.366667	-0.000314
-76.333333	-0.000314
-76.300000	-0.000317
-76.266667	-0.000322
-76.233333	-0.000309
-76.200000	-0.000304
-76.166667	-0.000292
-76.133333	-0.000284
-76.100000	-0.000263
-76.066667	-0.000249
-76.033333	-0.000231
-76.000000	-0.000197
-75.966667	-0.000162
-75.933333	-0.000141
-75.900000	-0.000093
-75.866667	-0.000055
-75.833333	-0.000019
-75.800000	0.000015
-75.766667	0.000060
-75.733333	0.000097
-75.700000	0.000151
-75.666667	0.000196
-75.633333	0.000238
-75.600000	0.000282
-75.566667	0.000326
-75.533333	0.000365
-75.500000	0.000404
-75.466667	0.000445
-75.433333	0.000485
-75.400000	0.000525
-75.366667	0.000571
-75.333333	0.000604
-75.300000	0.000633
-75.266667	0.000665
-75.233333	0.000700
-75.200000	0.000728
-75.166667	0.000751
-75.133333	0.000773
-75.100000	0.000785
-75.066667	0.000804
-75.033333	0.000810
-75.000000	0.000820
-74.966667	0.000819
-74.933333	0.000812
-74.900000	0.000819
-74.866667	0.000799
-74.833333	0.000785
-74.800000	0.000772
-74.766667	0.000756
-74.733333	0.000745
-74.700000	0.000730
-74.666667	0.000710
-74.633333	0.000693
-74.600000	0.000677
-74.566667	0.000669
-74.533333	0.000657
-74.500000	0.000652
-74.466667	0.000652
-74.433333	0.000655
-74.400000	0.000659
-74.366667	0.000662
-74.333333	0.000665
-74.300000	0.000674
-74.266667	0.000687
-74.233333	0.000702
-74.200000	0.000707
-74.166667	0.000716
-74.133333	0.000726
-74.100000	0.000730
-74.066667	0.000746
-74.033333	0.000746
-74.000000	0.000752
-73.966667	0.000746
-73.933333	0.000742
-73.900000	0.000739
-73.866667	0.000735
-73.833333	0.000727
-73.800000	0.000719
-73.766667	0.000705
-73.733333	0.000701
-73.700000	0.000693
-73.666667	0.000692
-73.633333	0.000693
-73.600000	0.000694
-73.566667	0.000701
-73.533333	0.000699
-73.500000	0.000702
-73.466667	0.000718
-73.433333	0.000747
-73.400000	0.000773
-73.366667	0.000796
-73.333333	0.000822
-73.300000	0.000853
-73.266667	0.000900
-73.233333	0.000934
-73.200000	0.000975
-73.166667	0.001023
-73.133333	0.001070
-73.100000	0.001120
-73.066667	0.001172
-73.033333	0.001221
-73.000000	0.001269
-72.966667	0.001321
-72.933333	0.001378
-72.900000	0.001432
-72.866667	0.001481
-72.833333	0.001518
-72.800000	0.001581
-72.766667	0.001635
-72.733333	0.001682
-72.700000	0.001754
-72.666667	0.001806
-72.633333	0.001843
-72.600000	0.001891
-72.566667	0.001944
-72.533333	0.001986
-72.500000	0.002039
-72.466667	0.002098
-72.433333	0.002146
-72.400000	0.002185
-72.366667	0.002224
-72.333333	0.002266
-72.300000	0.002312
-72.266667	0.002368
-72.233333	0.002391
-72.200000	0.002440
-72.166667	0.002478
-72.133333	0.002520
-72.100000	0.002567
-72.066667	0.002614
-72.033333	0.002665
-72.000000	0.002718
-71.966667	0.002773
-71.933333	0.002829
-71.900000	0.002897
-71.866667	0.002965
-71.833333	0.003041
-71.800000	0.003146
-71.766667	0.003225
-71.733333	0.003322
-71.700000	0.003435
-71.666667	0.003523
-71.633333	0.003634
-71.600000	0.003765
-71.566667	0.003895
-71.533333	0.004020
-71.500000	0.004162
-71.466667	0.004315
-71.433333	0.004474
-71.400000	0.004627
-71.366667	0.004802
-71.333333	0.004969
-71.300000	0.005139
-71.266667	0.005306
-71.233333	0.005452
-71.200000	0.005604
-71.166667	0.005738
-71.133333	0.005850
-71.100000	0.005932
-71.066667	0.005988
-71.033333	0.005983
-71.000000	0.005928
-70.966667	0.005803
-70.933333	0.005603
-70.900000	0.005321
-70.866667	0.004940
-70.833333	0.004468
-70.800000	0.003906
-70.766667	0.003241
-70.733333	0.002490
-70.700000	0.001661
-70.666667	0.000763
-70.633333	-0.000212
-70.600000	-0.001236
-70.566667	-0.002302
-70.533333	-0.003388
-70.500000	-0.004468
-70.466667	-0.005523
-70.433333	-0.006536
-70.400000	-0.007483
-70.366667	-0.008323
-70.333333	-0.009072
-70.300000	-0.009688
-70.266667	-0.010171
-70.233333	-0.010515
-70.200000	-0.010720
-70.166667	-0.010792
-70.133333	-0.010727
-70.100000	-0.010533
-70.066667	-0.010215
-70.033333	-0.009801
-70.000000	-0.009281
-69.966667	-0.008686
-69.933333	-0.008023
-69.900000	-0.007309
-69.866667	-0.006557
-69.833333	-0.005781
-69.800000	-0.005004
-69.766667	-0.004224
-69.733333	-0.003461
-69.700000	-0.002707
-69.666667	-0.001984
-69.633333	-0.001290
-69.600000	-0.000615
-69.566667	0.000033
-69.533333	0.000673
-69.500000	0.001298
-69.466667	0.001883
-69.433333	0.002476
-69.400000	0.003036
-69.366667	0.003562
-69.333333	0.004059
-69.300000	0.004513
-69.266667	0.004925
-69.233333	0.005274
-69.200000	0.005572
-69.166667	0.005820
-69.133333	0.006020
-69.100000	0.006165
-69.066667	0.006262
-69.033333	0.006301
-69.000000	0.006285
-68.966667	0.006216
-68.933333	0.006099
-68.900000	0.005946
-68.866667	0.005770
-68.833333	0.005566
-68.800000	0.005346
-68.766667	0.005137
-68.733333	0.004941
-68.700000	0.004781
-68.666667	0.004655
-68.633333	0.004564
-68.600000	0.004502
-68.566667	0.004480
-68.533333	0.004502
-68.500000	0.004530
-68.466667	0.004590
-68.433333	0.004697
-68.400000	0.004788
-68.366667	0.004900
-68.333333	0.005025
-68.300000	0.005153
-68.266667	0.005275
-68.233333	0.005389
-68.200000	0.005490
-68.166667	0.005574
-68.133333	0.005642
-68.100000	0.005680
-68.066667	0.005696
-68.033333	0.005691
-68.000000	0.005669
-67.966667	0.005628
-67.933333	0.005580
-67.900000	0.005531
-67.866667	0.005476
-67.833333	0.005409
-67.800000	0.005342
-67.766667	0.005275
-67.733333	0.005212
-67.700000	0.005145
-67.666667	0.005068
-67.633333	0.004984
-67.600000	0.004894
-67.566667	0.004803
-67.533333	0.004713
-67.500000	0.004610
-67.466667	0.004523
-67.433333	0.004427
-67.400000	0.004334
-67.366667	0.004244
-67.333333	0.004158
-67.300000	0.004081
-67.266667	0.004017
-67.233333	0.003974
-67.200000	0.003939
-67.166667	0.003943
-67.133333	0.003972
-67.100000	0.004031
-67.066667	0.004131
-67.033333	0.004262
-67.000000	0.004424
-66.966667	0.004611
-66.933333	0.004827
-66.900000	0.005066
-66.866667	0.005321
-66.833333	0.005589
-66.800000	0.005854
-66.766667	0.006116
-66.733333	0.006379
-66.700000	0.006604
-66.666667	0.006809
-66.633333	0.006975
-66.600000	0.007095
-66.566667	0.007163
-66.533333	0.007178
-66.500000	0.007136
-66.466667	0.007037
-66.433333	0.006882
-66.400000	0.006670
-66.366667	0.006399
-66.333333	0.006075
-66.300000	0.005707
-66.266667	0.005294
-66.233333	0.004834
-66.200000	0.004315
-66.166667	0.003776
-66.133333	0.003184
-66.100000	0.002563
-66.066667	0.001913
-66.033333	0.001242
-66.000000	0.000561
-65.966667	-0.000119
-65.933333	-0.000782
-65.900000	-0.001417
-65.866667	-0.002013
-65.833333	-0.002562
-65.800000	-0.003053
-65.766667	-0.003463
-65.733333	-0.003773
-65.700000	-0.003982
-65.666667	-0.004050
-65.633333	-0.003956
-65.600000	-0.003710
-65.566667	-0.003274
-65.533333	-0.002603
-65.500000	-0.001757
-65.466667	-0.000670
-65.433333	0.000633
-65.400000	0.002152
-65.366667	0.003873
-65.333333	0.005773
-65.300000	0.007851
-65.266667	0.010100
-65.233333	0.012504
-65.200000	0.015022
-65.166667	0.017647
-65.133333	0.020330
-65.100000	0.023080
-65.066667	0.025840
-65.033333	0.028616
-65.000000	0.031368
-64.966667	0.034089
-64.933333	0.036771
-64.900000	0.039411
-64.866667	0.042011
-64.833333	0.044574
-64.800000	0.047106
-64.766667	0.049619
-64.733333	0.052127
-64.700000	0.054647
-64.666667	0.057206
-64.633333	0.059837
-64.600000	0.062526
-64.566667	0.065332
-64.533333	0.068280
-64.500000	0.071349
-64.466667	0.074621
-64.433333	0.078055
-64.400000	0.081686
-64.366667	0.085504
-64.333333	0.089517
-64.300000	0.093743
-64.266667	0.098193
-64.233333	0.102845
-64.200000	0.107681
-64.166667	0.112741
-64.133333	0.118044
-64.100000	0.123620
-64.066667	0.129491
-64.033333	0.135710
-64.000000	0.142263
-63.966667	0.149195
-63.933333	0.156512
-63.900000	0.164224
-63.866667	0.172325
-63.833333	0.180806
-63.800000	0.189653
-63.766667	0.198863
-63.733333	0.208431
-63.700000	0.218347
-63.666667	0.228561
-63.633333	0.239022
-63.600000	0.249667
-63.566667	0.260354
-63.533333	0.270922
-63.500000	0.281049
-63.466667	0.290301
-63.433333	0.298097
-63.400000	0.303681
-63.366667	0.306143
-63.333333	0.304448
-63.300000	0.297405
-63.266667	0.283707
-63.233333	0.262067
-63.200000	0.231286
-63.166667	0.190282
-63.133333	0.138131
-63.100000	0.074246
-63.066667	-0.001595
-63.033333	-0.089235
-63.000000	-0.188055
-62.966667	-0.296918
-62.933333	-0.414230
-62.900000	-0.537950
-62.866667	-0.665567
-62.833333	-0.794292
-62.800000	-0.921100
-62.766667	-1.042786
-62.733333	-1.156095
-62.700000	-1.257844
-62.666667	-1.345101
-62.633333	-1.415161
-62.600000	-1.465753
-62.566667	-1.495121
-62.533333	-1.502040
-62.500000	-1.485998
-62.466667	-1.447133
-62.433333	-1.386236
-62.400000	-1.304716
-62.366667	-1.204572
-62.333333	-1.088345
-62.300000	-0.958962
-62.266667	-0.819596
-62.233333	-0.673537
-62.200000	-0.524142
-62.166667	-0.374697
-62.133333	-0.228252
-62.100000	-0.087526
-62.066667	0.045118
-62.033333	0.167730
-62.000000	0.278770
-61.966667	0.377210
-61.933333	0.462431
-61.900000	0.534196
-61.866667	0.592616
-61.833333	0.638039
-61.800000	0.671101
-61.766667	0.692635
-61.733333	0.703584
-61.700000	0.704963
-61.666667	0.697819
-61.633333	0.683270
-61.600000	0.662494
-61.566667	0.636601
-61.533333	0.606676
-61.500000	0.573746
-61.466667	0.538772
-61.433333	0.502702
-61.400000	0.466418
-61.366667	0.430634
-61.333333	0.396008
-61.300000	0.363135
-61.266667	0.332501
-61.233333	0.304433
-61.200000	0.279153
-61.166667	0.256777
-61.133333	0.237303
-61.100000	0.220687
-61.066667	0.206821
-61.033333	0.195507
-61.000000	0.186434
-60.966667	0.179336
-60.933333	0.173884
-60.900000	0.169699
-60.866667	0.166404
-60.833333	0.163703
-60.800000	0.161264
-60.766667	0.158832
-60.733333	0.156204
-60.700000	0.153238
-60.666667	0.149843
-60.633333	0.146023
-60.600000	0.141895
-60.566667	0.137512
-60.533333	0.133013
-60.500000	0.128564
-60.466667	0.124322
-60.433333	0.120463
-60.400000	0.117108
-60.366667	0.114309
-60.333333	0.112125
-60.300000	0.110557
-60.266667	0.109553
-60.233333	0.108984
-60.200000	0.108690
-60.166667	0.108429
-60.133333	0.108039
-60.100000	0.107292
-60.066667	0.105960
-60.033333	0.103805
-60.000000	0.100637
-59.966667	0.096330
-59.933333	0.090771
-59.900000	0.083918
-59.866667	0.075824
-59.833333	0.066622
-59.800000	0.056460
-59.766667	0.045592
-59.733333	0.034268
-59.700000	0.022773
-59.666667	0.011428
-59.633333	0.000592
-59.600000	-0.009411
-59.566667	-0.018276
-59.533333	-0.025715
-59.500000	-0.031504
-59.466667	-0.035511
-59.433333	-0.037649
-59.400000	-0.037902
-59.366667	-0.036336
-59.333333	-0.033106
-59.300000	-0.028356
-59.266667	-0.022421
-59.233333	-0.015597
-59.200000	-0.008226
-59.166667	-0.000696
-59.133333	0.006663
-59.100000	0.013487
-59.066667	0.019525
-59.033333	0.024584
-59.000000	0.028523
-58.966667	0.031226
-58.933333	0.032610
-58.900000	0.032701
-58.866667	0.031585
-58.833333	0.029354
-58.800000	0.026133
-58.766667	0.022068
-58.733333	0.017322
-58.700000	0.012074
-58.666667	0.006516
-58.633333	0.000816
-58.600000	-0.004888
-58.566667	-0.010466
-58.533333	-0.015832
-58.500000	-0.020951
-58.466667	-0.025811
-58.433333	-0.030412
-58.400000	-0.034788
-58.366667	-0.038998
-58.333333	-0.043090
-58.300000	-0.047078
-58.266667	-0.051048
-58.233333	-0.054921
-58.200000	-0.058665
-58.166667	-0.062231
-58.133333	-0.065535
-58.100000	-0.068453
-58.066667	-0.070904
-58.033333	-0.072745
-58.000000	-0.073936
-57.966667	-0.074408
-57.933333	-0.074170
-57.900000	-0.073156
-57.866667	-0.071334
-57.833333	-0.068727
-57.800000	-0.065373
-57.766667	-0.061327
-57.733333	-0.056681
-57.700000	-0.051525
-57.666667	-0.045961
-57.633333	-0.040140
-57.600000	-0.034190
-57.566667	-0.028242
-57.533333	-0.022410
-57.500000	-0.016822
-57.466667	-0.011574
-57.433333	-0.006752
-57.400000	-0.002416
-57.366667	0.001371
-57.333333	0.004584
-57.300000	0.007198
-57.266667	0.009209
-57.233333	0.010620
-57.200000	0.011433
-57.166667	0.011647
-57.133333	0.011262
-57.100000	0.010288
-57.066667	0.008745
-57.033333	0.006693
-57.000000	0.004144
-56.966667	0.001177
-56.933333	-0.002166
-56.900000	-0.005766
-56.866667	-0.009533
-56.833333	-0.013390
-56.800000	-0.017256
-56.766667	-0.021050
-56.733333	-0.024693
-56.700000	-0.028106
-56.666667	-0.031235
-56.633333	-0.034024
-56.600000	-0.036410
-56.566667	-0.038352
-56.533333	-0.039825
-56.500000	-0.040815
-56.466667	-0.041318
-56.433333	-0.041348
-56.400000	-0.040917
-56.366667	-0.040069
-56.333333	-0.038838
-56.300000	-0.037282
-56.266667	-0.035457
-56.233333	-0.033426
-56.200000	-0.031253
-56.166667	-0.028988
-56.133333	-0.026662
-56.100000	-0.024299
-56.066667	-0.021909
-56.033333	-0.019505
-56.000000	-0.017117
-55.966667	-0.014748
-55.933333	-0.012398
-55.900000	-0.010072
-55.866667	-0.007770
-55.833333	-0.005497
-55.800000	-0.003268
-55.766667	-0.001081
-55.733333	0.001040
-55.700000	0.003062
-55.666667	0.004948
-55.633333	0.006674
-55.600000	0.008193
-55.566667	0.009464
-55.533333	0.010443
-55.500000	0.011109
-55.466667	0.011438
-55.433333	0.011421
-55.400000	0.011040
-55.366667	0.010277
-55.333333	0.009131
-55.300000	0.007597
-55.266667	0.005671
-55.233333	0.003388
-55.200000	0.000777
-55.166667	-0.002089
-55.133333	-0.005155
-55.100000	-0.008352
-55.066667	-0.011610
-55.033333	-0.014870
-55.000000	-0.018081
-54.966667	-0.021140
-54.933333	-0.024032
-54.900000	-0.026703
-54.866667	-0.029111
-54.833333	-0.031234
-54.800000	-0.033062
-54.766667	-0.034590
-54.733333	-0.035851
-54.700000	-0.036815
-54.666667	-0.037517
-54.633333	-0.037953
-54.600000	-0.038130
-54.566667	-0.038072
-54.533333	-0.037794
-54.500000	-0.037323
-54.466667	-0.036684
-54.433333	-0.035924
-54.400000	-0.035085
-54.366667	-0.034199
-54.333333	-0.033311
-54.300000	-0.032462
-54.266667	-0.031678
-54.233333	-0.030960
-54.200000	-0.030325
-54.166667	-0.029751
-54.133333	-0.029225
-54.100000	-0.028696
-54.066667	-0.028109
-54.033333	-0.027434
-54.000000	-0.026603
-53.966667	-0.025551
-53.933333	-0.024264
-53.900000	-0.022660
-53.866667	-0.020740
-53.833333	-0.018502
-53.800000	-0.015954
-53.766667	-0.013140
-53.733333	-0.010086
-53.700000	-0.006839
-53.666667	-0.003518
-53.633333	-0.000183
-53.600000	0.003070
-53.566667	0.006115
-53.533333	0.008859
-53.500000	0.011194
-53.466667	0.013051
-53.433333	0.014355
-53.400000	0.015060
-53.366667	0.015123
-53.333333	0.014522
-53.300000	0.013258
-53.266667	0.011354
-53.233333	0.008859
-53.200000	0.005857
-53.166667	0.002447
-53.133333	-0.001256
-53.100000	-0.005114
-53.066667	-0.008983
-53.033333	-0.012766
-53.000000	-0.016299
-52.966667	-0.019469
-52.933333	-0.022207
-52.900000	-0.024460
-52.866667	-0.026229
-52.833333	-0.027487
-52.800000	-0.028223
-52.766667	-0.028459
-52.733333	-0.028218
-52.700000	-0.027559
-52.666667	-0.026539
-52.633333	-0.025212
-52.600000	-0.023639
-52.566667	-0.021889
-52.533333	-0.019987
-52.500000	-0.017975
-52.466667	-0.015873
-52.433333	-0.013710
-52.400000	-0.011518
-52.366667	-0.009322
-52.333333	-0.007145
-52.300000	-0.004981
-52.266667	-0.002804
-52.233333	-0.000617
-52.200000	0.001632
-52.166667	0.003936
-52.133333	0.006276
-52.100000	0.008673
-52.066667	0.011077
-52.033333	0.013455
-52.000000	0.015811
-51.966667	0.018088
-51.933333	0.020218
-51.900000	0.022164
-51.866667	0.023872
-51.833333	0.025324
-51.800000	0.026495
-51.766667	0.027336
-51.733333	0.027809
-51.700000	0.027868
-51.666667	0.027488
-51.633333	0.026645
-51.600000	0.025344
-51.566667	0.023583
-51.533333	0.021379
-51.500000	0.018746
-51.466667	0.015707
-51.433333	0.012294
-51.400000	0.008553
-51.366667	0.004546
-51.333333	0.000377
-51.300000	-0.003840
-51.266667	-0.007992
-51.233333	-0.011984
-51.200000	-0.015694
-51.166667	-0.019059
-51.133333	-0.021977
-51.100000	-0.024337
-51.066667	-0.026072
-51.033333	-0.027097
-51.000000	-0.027343
-50.966667	-0.026805
-50.933333	-0.025511
-50.900000	-0.023516
-50.866667	-0.020909
-50.833333	-0.017792
-50.800000	-0.014281
-50.766667	-0.010499
-50.733333	-0.006571
-50.700000	-0.002640
-50.666667	0.001142
-50.633333	0.004651
-50.600000	0.007774
-50.566667	0.010407
-50.533333	0.012481
-50.500000	0.013949
-50.466667	0.014807
-50.433333	0.015073
-50.400000	0.014782
-50.366667	0.014013
-50.333333	0.012882
-50.300000	0.011492
-50.266667	0.009958
-50.233333	0.008416
-50.200000	0.006982
-50.166667	0.005750
-50.133333	0.004773
-50.100000	0.004103
-50.066667	0.003794
-50.033333	0.003834
-50.000000	0.004191
-49.966667	0.004776
-49.933333	0.005514
-49.900000	0.006321
-49.866667	0.007111
-49.833333	0.007816
-49.800000	0.008385
-49.766667	0.008730
-49.733333	0.008792
-49.700000	0.008506
-49.666667	0.007829
-49.633333	0.006766
-49.600000	0.005326
-49.566667	0.003550
-49.533333	0.001489
-49.500000	-0.000787
-49.466667	-0.003203
-49.433333	-0.005686
-49.400000	-0.008144
-49.366667	-0.010442
-49.333333	-0.012491
-49.300000	-0.014211
-49.266667	-0.015504
-49.233333	-0.016326
-49.200000	-0.016691
-49.166667	-0.016647
-49.133333	-0.016253
-49.100000	-0.015505
-49.066667	-0.014475
-49.033333	-0.013253
-49.000000	-0.011935
-48.966667	-0.010585
-48.933333	-0.009270
-48.900000	-0.008075
-48.866667	-0.007029
-48.833333	-0.006162
-48.800000	-0.005486
-48.766667	-0.005013
-48.733333	-0.004682
-48.700000	-0.004464
-48.666667	-0.004326
-48.633333	-0.004213
-48.600000	-0.004051
-48.566667	-0.003796
-48.533333	-0.003410
-48.500000	-0.002859
-48.466667	-0.002118
-48.433333	-0.001150
-48.400000	0.000089
-48.366667	0.001632
-48.333333	0.003463
-48.300000	0.005555
-48.266667	0.007871
-48.233333	0.010300
-48.200000	0.012748
-48.166667	0.015110
-48.133333	0.017291
-48.100000	0.019205
-48.066667	0.020712
-48.033333	0.021721
-48.000000	0.022124
-47.966667	0.021848
-47.933333	0.020836
-47.900000	0.019068
-47.866667	0.016602
-47.833333	0.013493
-47.800000	0.009843
-47.766667	0.005761
-47.733333	0.001355
-47.700000	-0.003270
-47.666667	-0.007978
-47.633333	-0.012616
-47.600000	-0.017023
-47.566667	-0.021055
-47.533333	-0.024568
-47.500000	-0.027442
-47.466667	-0.029601
-47.433333	-0.030971
-47.400000	-0.031506
-47.366667	-0.031223
-47.333333	-0.030190
-47.300000	-0.028514
-47.266667	-0.026326
-47.233333	-0.023778
-47.200000	-0.020981
-47.166667	-0.018084
-47.133333	-0.015240
-47.100000	-0.012577
-47.066667	-0.010184
-47.033333	-0.008132
-47.000000	-0.006444
-46.966667	-0.005123
-46.933333	-0.004136
-46.900000	-0.003418
-46.866667	-0.002897
-46.833333	-0.002493
-46.800000	-0.002116
-46.766667	-0.001684
-46.733333	-0.001121
-46.700000	-0.000359
-46.666667	0.000666
-46.633333	0.001999
-46.600000	0.003671
-46.566667	0.005662
-46.533333	0.007897
-46.500000	0.010285
-46.466667	0.012739
-46.433333	0.015137
-46.400000	0.017304
-46.366667	0.019081
-46.333333	0.020303
-46.300000	0.020839
-46.266667	0.020588
-46.233333	0.019513
-46.200000	0.017613
-46.166667	0.014888
-46.133333	0.011396
-46.100000	0.007264
-46.066667	0.002646
-46.033333	-0.002299
-46.000000	-0.007396
-45.966667	-0.012468
-45.933333	-0.017326
-45.900000	-0.021794
-45.866667	-0.025735
-45.833333	-0.029010
-45.800000	-0.031505
-45.766667	-0.033170
-45.733333	-0.033997
-45.700000	-0.033964
-45.666667	-0.033136
-45.633333	-0.031563
-45.600000	-0.029335
-45.566667	-0.026575
-45.533333	-0.023409
-45.500000	-0.019960
-45.466667	-0.016384
-45.433333	-0.012869
-45.400000	-0.009575
-45.366667	-0.006605
-45.333333	-0.004068
-45.300000	-0.002036
-45.266667	-0.000577
-45.233333	0.000326
-45.200000	0.000673
-45.166667	0.000522
-45.133333	-0.000046
-45.100000	-0.000932
-45.066667	-0.002044
-45.033333	-0.003279
-45.000000	-0.004514
-44.966667	-0.005637
-44.933333	-0.006569
-44.900000	-0.007241
-44.866667	-0.007626
-44.833333	-0.007670
-44.800000	-0.007348
-44.766667	-0.006669
-44.733333	-0.005658
-44.700000	-0.004342
-44.666667	-0.002828
-44.633333	-0.001168
-44.600000	0.000553
-44.566667	0.002252
-44.533333	0.003836
-44.500000	0.005221
-44.466667	0.006328
-44.433333	0.007087
-44.400000	0.007432
-44.366667	0.007337
-44.333333	0.006786
-44.300000	0.005757
-44.266667	0.004329
-44.233333	0.002590
-44.200000	0.000603
-44.166667	-0.001518
-44.133333	-0.003699
-44.100000	-0.005867
-44.066667	-0.007945
-44.033333	-0.009840
-44.000000	-0.011470
-43.966667	-0.012791
-43.933333	-0.013762
-43.900000	-0.014361
-43.866667	-0.014610
-43.833333	-0.014522
-43.800000	-0.014143
-43.766667	-0.013537
-43.733333	-0.012755
-43.700000	-0.011861
-43.666667	-0.010920
-43.633333	-0.009984
-43.600000	-0.009105
-43.566667	-0.008324
-43.533333	-0.007665
-43.500000	-0.007169
-43.466667	-0.006805
-43.433333	-0.006569
-43.400000	-0.006417
-43.366667	-0.006296
-43.333333	-0.006170
-43.300000	-0.006004
-43.266667	-0.005690
-43.233333	-0.005225
-43.200000	-0.004565
-43.166667	-0.003715
-43.133333	-0.002655
-43.100000	-0.001385
-43.066667	0.000112
-43.033333	0.001838
-43.000000	0.003785
-42.966667	0.005892
-42.933333	0.008096
-42.900000	0.010301
-42.866667	0.012418
-42.833333	0.014358
-42.800000	0.016046
-42.766667	0.017415
-42.733333	0.018397
-42.700000	0.018919
-42.666667	0.018946
-42.633333	0.018453
-42.600000	0.017441
-42.566667	0.015941
-42.533333	0.013991
-42.500000	0.011645
-42.466667	0.009027
-42.433333	0.006183
-42.400000	0.003205
-42.366667	0.000187
-42.333333	-0.002850
-42.300000	-0.005807
-42.266667	-0.008629
-42.233333	-0.011288
-42.200000	-0.013747
-42.166667	-0.015985
-42.133333	-0.017947
-42.100000	-0.019619
-42.066667	-0.020970
-42.033333	-0.022007
-42.000000	-0.022724
-41.966667	-0.023125
-41.933333	-0.023223
-41.900000	-0.023028
-41.866667	-0.022550
-41.833333	-0.021795
-41.800000	-0.020781
-41.766667	-0.019534
-41.733333	-0.018095
-41.700000	-0.016491
-41.666667	-0.014760
-41.633333	-0.012945
-41.600000	-0.011076
-41.566667	-0.009207
-41.533333	-0.007374
-41.500000	-0.005604
-41.466667	-0.003914
-41.433333	-0.002333
-41.400000	-0.000860
-41.366667	0.000488
-41.333333	0.001653
-41.300000	0.002650
-41.266667	0.003438
-41.233333	0.004016
-41.200000	0.004368
-41.166667	0.004501
-41.133333	0.004412
-41.100000	0.004103
-41.066667	0.003589
-41.033333	0.002889
-41.000000	0.002033
-40.966667	0.001058
-40.933333	-0.000036
-40.900000	-0.001210
-40.866667	-0.002445
-40.833333	-0.003720
-40.800000	-0.005033
-40.766667	-0.006377
-40.733333	-0.007744
-40.700000	-0.009138
-40.666667	-0.010513
-40.633333	-0.011847
-40.600000	-0.013118
-40.566667	-0.014309
-40.533333	-0.015377
-40.500000	-0.016290
-40.466667	-0.017018
-40.433333	-0.017540
-40.400000	-0.017841
-40.366667	-0.017933
-40.333333	-0.017840
-40.300000	-0.017570
-40.266667	-0.017108
-40.233333	-0.016471
-40.200000	-0.015671
-40.166667	-0.014738
-40.133333	-0.013717
-40.100000	-0.012635
-40.066667	-0.011509
-40.033333	-0.010375
-40.000000	-0.009267
-39.966667	-0.008212
-39.933333	-0.007237
-39.900000	-0.006344
-39.866667	-0.005535
-39.833333	-0.004798
-39.800000	-0.004139
-39.766667	-0.003538
-39.733333	-0.002983
-39.700000	-0.002467
-39.666667	-0.001959
-39.633333	-0.001471
-39.600000	-0.000979
-39.566667	-0.000478
-39.533333	0.000015
-39.500000	0.000489
-39.466667	0.000952
-39.433333	0.001394
-39.400000	0.001798
-39.366667	0.002143
-39.333333	0.002432
-39.300000	0.002678
-39.266667	0.002887
-39.233333	0.003045
-39.200000	0.003131
-39.166667	0.003131
-39.133333	0.003032
-39.100000	0.002845
-39.066667	0.002576
-39.033333	0.002216
-39.000000	0.001770
-38.966667	0.001254
-38.933333	0.000689
-38.900000	0.000085
-38.866667	-0.000544
-38.833333	-0.001193
-38.800000	-0.001878
-38.766667	-0.002576
-38.733333	-0.003268
-38.700000	-0.003955
-38.666667	-0.004655
-38.633333	-0.005365
-38.600000	-0.006085
-38.566667	-0.006837
-38.533333	-0.007627
-38.500000	-0.008434
-38.466667	-0.009250
-38.433333	-0.010076
-38.400000	-0.010901
-38.366667	-0.011705
-38.333333	-0.012461
-38.300000	-0.013147
-38.266667	-0.013733
-38.233333	-0.014179
-38.200000	-0.014456
-38.166667	-0.014526
-38.133333	-0.014365
-38.100000	-0.013942
-38.066667	-0.013243
-38.033333	-0.012285
-38.000000	-0.011076
-37.966667	-0.009658
-37.933333	-0.008079
-37.900000	-0.006382
-37.866667	-0.004593
-37.833333	-0.002743
-37.800000	-0.000863
-37.766667	0.001023
-37.733333	0.002873
-37.700000	0.004666
-37.666667	0.006372
-37.633333	0.007998
-37.600000	0.009525
-37.566667	0.010947
-37.533333	0.012270
-37.500000	0.013481
-37.466667	0.014550
-37.433333	0.015454
-37.400000	0.016175
-37.366667	0.016679
-37.333333	0.016930
-37.300000	0.016955
-37.266667	0.016711
-37.233333	0.016219
-37.200000	0.015490
-37.166667	0.014550
-37.133333	0.013434
-37.100000	0.012164
-37.066667	0.010720
-37.033333	0.009102
-37.000000	0.007325
-36.966667	0.005390
-36.933333	0.003327
-36.900000	0.001201
-36.866667	-0.000952
-36.833333	-0.003079
-36.800000	-0.005117
-36.766667	-0.006991
-36.733333	-0.008621
-36.700000	-0.009923
-36.666667	-0.010874
-36.633333	-0.011443
-36.600000	-0.011622
-36.566667	-0.011375
-36.533333	-0.010695
-36.500000	-0.009643
-36.466667	-0.008224
-36.433333	-0.006486
-36.400000	-0.004491
-36.366667	-0.002285
-36.333333	0.000074
-36.300000	0.002562
-36.266667	0.005084
-36.233333	0.007634
-36.200000	0.010164
-36.166667	0.012627
-36.133333	0.014966
-36.100000	0.017104
-36.066667	0.018975
-36.033333	0.020553
-36.000000	0.021812
-35.966667	0.022720
-35.933333	0.023286
-35.900000	0.023532
-35.866667	0.023446
-35.833333	0.023090
-35.800000	0.022510
-35.766667	0.021718
-35.733333	0.020783
-35.700000	0.019716
-35.666667	0.018539
-35.633333	0.017314
-35.600000	0.016054
-35.566667	0.014805
-35.533333	0.013567
-35.500000	0.012391
-35.466667	0.011286
-35.433333	0.010245
-35.400000	0.009282
-35.366667	0.008405
-35.333333	0.007598
-35.300000	0.006849
-35.266667	0.006148
-35.233333	0.005476
-35.200000	0.004804
-35.166667	0.004116
-35.133333	0.003366
-35.100000	0.002564
-35.066667	0.001681
-35.033333	0.000738
-35.000000	-0.000259
-34.966667	-0.001306
-34.933333	-0.002361
-34.900000	-0.003400
-34.866667	-0.004378
-34.833333	-0.005259
-34.800000	-0.005961
-34.766667	-0.006435
-34.733333	-0.006606
-34.700000	-0.006466
-34.666667	-0.006006
-34.633333	-0.005227
-34.600000	-0.004178
-34.566667	-0.002873
-34.533333	-0.001348
-34.500000	0.000366
-34.466667	0.002158
-34.433333	0.003998
-34.400000	0.005822
-34.366667	0.007572
-34.333333	0.009192
-34.300000	0.010633
-34.266667	0.011865
-34.233333	0.012862
-34.200000	0.013629
-34.166667	0.014144
-34.133333	0.014413
-34.100000	0.014477
-34.066667	0.014333
-34.033333	0.014037
-34.000000	0.013625
-33.966667	0.013144
-33.933333	0.012647
-33.900000	0.012193
-33.866667	0.011852
-33.833333	0.011623
-33.800000	0.011597
-33.766667	0.011754
-33.733333	0.012069
-33.700000	0.012510
-33.666667	0.013020
-33.633333	0.013539
-33.600000	0.013994
-33.566667	0.014308
-33.533333	0.014403
-33.500000	0.014208
-33.466667	0.013674
-33.433333	0.012782
-33.400000	0.011526
-33.366667	0.009891
-33.333333	0.007871
-33.300000	0.005485
-33.266667	0.002768
-33.233333	-0.000215
-33.200000	-0.003383
-33.166667	-0.006672
-33.133333	-0.009971
-33.100000	-0.013215
-33.066667	-0.016293
-33.033333	-0.019112
-33.000000	-0.021578
-32.966667	-0.023634
-32.933333	-0.025255
-32.900000	-0.026393
-32.866667	-0.027079
-32.833333	-0.027325
-32.800000	-0.027101
-32.766667	-0.026476
-32.733333	-0.025474
-32.700000	-0.024139
-32.666667	-0.022522
-32.633333	-0.020693
-32.600000	-0.018696
-32.566667	-0.016589
-32.533333	-0.014429
-32.500000	-0.012255
-32.466667	-0.010127
-32.433333	-0.008065
-32.400000	-0.006115
-32.366667	-0.004306
-32.333333	-0.002667
-32.300000	-0.001184
-32.266667	0.000138
-32.233333	0.001322
-32.200000	0.002394
-32.166667	0.003346
-32.133333	0.004167
-32.100000	0.004854
-32.066667	0.005432
-32.033333	0.005884
-32.000000	0.006198
-31.966667	0.006353
-31.933333	0.006325
-31.900000	0.006122
-31.866667	0.005719
-31.833333	0.005152
-31.800000	0.004428
-31.766667	0.003535
-31.733333	0.002490
-31.700000	0.001305
-31.666667	-0.000020
-31.633333	-0.001463
-31.600000	-0.002980
-31.566667	-0.004553
-31.533333	-0.006142
-31.500000	-0.007696
-31.466667	-0.009181
-31.433333	-0.010516
-31.400000	-0.011667
-31.366667	-0.012575
-31.333333	-0.013206
-31.300000	-0.013521
-31.266667	-0.013514
-31.233333	-0.013161
-31.200000	-0.012473
-31.166667	-0.011473
-31.133333	-0.010197
-31.100000	-0.008649
-31.066667	-0.006854
-31.033333	-0.004850
-31.000000	-0.002664
-30.966667	-0.000338
-30.933333	0.002064
-30.900000	0.004494
-30.866667	0.006894
-30.833333	0.009212
-30.800000	0.011408
-30.766667	0.013464
-30.733333	0.015338
-30.700000	0.017025
-30.666667	0.018495
-30.633333	0.019754
-30.600000	0.020800
-30.566667	0.021639
-30.533333	0.022256
-30.500000	0.022661
-30.466667	0.022876
-30.433333	0.022917
-30.400000	0.022788
-30.366667	0.022500
-30.333333	0.022062
-30.300000	0.021458
-30.266667	0.020714
-30.233333	0.019826
-30.200000	0.018795
-30.166667	0.017615
-30.133333	0.016276
-30.100000	0.014821
-30.066667	0.013216
-30.033333	0.011490
-30.000000	0.009671
-29.966667	0.007772
-29.933333	0.005810
-29.900000	0.003821
-29.866667	0.001843
-29.833333	-0.000083
-29.800000	-0.001916
-29.766667	-0.003620
-29.733333	-0.005199
-29.700000	-0.006623
-29.666667	-0.007888
-29.633333	-0.009001
-29.600000	-0.009961
-29.566667	-0.010746
-29.533333	-0.011377
-29.500000	-0.011830
-29.466667	-0.012117
-29.433333	-0.012260
-29.400000	-0.012267
-29.366667	-0.012155
-29.333333	-0.011943
-29.300000	-0.011656
-29.266667	-0.011290
-29.233333	-0.010885
-29.200000	-0.010452
-29.166667	-0.010009
-29.133333	-0.009563
-29.100000	-0.009096
-29.066667	-0.008629
-29.033333	-0.008116
-29.000000	-0.007545
-28.966667	-0.006918
-28.933333	-0.006236
-28.900000	-0.005503
-28.866667	-0.004734
-28.833333	-0.003924
-28.800000	-0.003067
-28.766667	-0.002178
-28.733333	-0.001292
-28.700000	-0.000423
-28.666667	0.000428
-28.633333	0.001245
-28.600000	0.002032
-28.566667	0.002773
-28.533333	0.003459
-28.500000	0.004082
-28.466667	0.004625
-28.433333	0.005081
-28.400000	0.005439
-28.366667	0.005675
-28.333333	0.005777
-28.300000	0.005731
-28.266667	0.005526
-28.233333	0.005167
-28.200000	0.004644
-28.166667	0.003957
-28.133333	0.003118
-28.100000	0.002125
-28.066667	0.000967
-28.033333	-0.000315
-28.000000	-0.001745
-27.966667	-0.003308
-27.933333	-0.005002
-27.900000	-0.006807
-27.866667	-0.008684
-27.833333	-0.010599
-27.800000	-0.012522
-27.766667	-0.014434
-27.733333	-0.016289
-27.700000	-0.018023
-27.666667	-0.019592
-27.633333	-0.020970
-27.600000	-0.022129
-27.566667	-0.023041
-27.533333	-0.023663
-27.500000	-0.023999
-27.466667	-0.024036
-27.433333	-0.023769
-27.400000	-0.023204
-27.366667	-0.022359
-27.333333	-0.021264
-27.300000	-0.019956
-27.266667	-0.018476
-27.233333	-0.016864
-27.200000	-0.015170
-27.166667	-0.013435
-27.133333	-0.011716
-27.100000	-0.010053
-27.066667	-0.008494
-27.033333	-0.007038
-27.000000	-0.005718
-26.966667	-0.004519
-26.933333	-0.003463
-26.900000	-0.002554
-26.866667	-0.001810
-26.833333	-0.001238
-26.800000	-0.000800
-26.766667	-0.000490
-26.733333	-0.000306
-26.700000	-0.000249
-26.666667	-0.000313
-26.633333	-0.000510
-26.600000	-0.000830
-26.566667	-0.001270
-26.533333	-0.001812
-26.500000	-0.002449
-26.466667	-0.003169
-26.433333	-0.003963
-26.400000	-0.004826
-26.366667	-0.005795
-26.333333	-0.006856
-26.300000	-0.008010
-26.266667	-0.009231
-26.233333	-0.010504
-26.200000	-0.011791
-26.166667	-0.013070
-26.133333	-0.014305
-26.100000	-0.015444
-26.066667	-0.016452
-26.033333	-0.017270
-26.000000	-0.017880
-25.966667	-0.018282
-25.933333	-0.018477
-25.900000	-0.018479
-25.866667	-0.018270
-25.833333	-0.017839
-25.800000	-0.017185
-25.766667	-0.016332
-25.733333	-0.015289
-25.700000	-0.014055
-25.666667	-0.012635
-25.633333	-0.011063
-25.600000	-0.009361
-25.566667	-0.007552
-25.533333	-0.005633
-25.500000	-0.003638
-25.466667	-0.001615
-25.433333	0.000398
-25.400000	0.002359
-25.366667	0.004225
-25.333333	0.006010
-25.300000	0.007655
-25.266667	0.009159
-25.233333	0.010507
-25.200000	0.011686
-25.166667	0.012682
-25.133333	0.013492
-25.100000	0.014113
-25.066667	0.014537
-25.033333	0.014757
-25.000000	0.014775
-24.966667	0.014601
-24.933333	0.014245
-24.900000	0.013741
-24.866667	0.013124
-24.833333	0.012407
-24.800000	0.011613
-24.766667	0.010775
-24.733333	0.009937
-24.700000	0.009118
-24.666667	0.008314
-24.633333	0.007526
-24.600000	0.006741
-24.566667	0.005984
-24.533333	0.005263
-24.500000	0.004517
-24.466667	0.003751
-24.433333	0.002950
-24.400000	0.002110
-24.366667	0.001227
-24.333333	0.000295
-24.300000	-0.000702
-24.266667	-0.001749
-24.233333	-0.002850
-24.200000	-0.004012
-24.166667	-0.005223
-24.133333	-0.006483
-24.100000	-0.007787
-24.066667	-0.009122
-24.033333	-0.010474
-24.000000	-0.011838
-23.966667	-0.013196
-23.933333	-0.014530
-23.900000	-0.015831
-23.866667	-0.017101
-23.833333	-0.018327
-23.800000	-0.019500
-23.766667	-0.020607
-23.733333	-0.021657
-23.700000	-0.022630
-23.666667	-0.023538
-23.633333	-0.024386
-23.600000	-0.025156
-23.566667	-0.025832
-23.533333	-0.026418
-23.500000	-0.026918
-23.466667	-0.027290
-23.433333	-0.027546
-23.400000	-0.027666
-23.366667	-0.027648
-23.333333	-0.027502
-23.300000	-0.027245
-23.266667	-0.026905
-23.233333	-0.026482
-23.200000	-0.025995
-23.166667	-0.025454
-23.133333	-0.024869
-23.100000	-0.024253
-23.066667	-0.023627
-23.033333	-0.023015
-23.000000	-0.022442
-22.966667	-0.021914
-22.933333	-0.021440
-22.900000	-0.021041
-22.866667	-0.020735
-22.833333	-0.020533
-22.800000	-0.020416
-22.766667	-0.020390
-22.733333	-0.020450
-22.700000	-0.020543
-22.666667	-0.020700
-22.633333	-0.020893
-22.600000	-0.021076
-22.566667	-0.021252
-22.533333	-0.021415
-22.500000	-0.021539
-22.466667	-0.021634
-22.433333	-0.021690
-22.400000	-0.021702
-22.366667	-0.021668
-22.333333	-0.021587
-22.300000	-0.021466
-22.266667	-0.021304
-22.233333	-0.021078
-22.200000	-0.020789
-22.166667	-0.020447
-22.133333	-0.020034
-22.100000	-0.019549
-22.066667	-0.018978
-22.033333	-0.018313
-22.000000	-0.017542
-21.966667	-0.016643
-21.933333	-0.015596
-21.900000	-0.014405
-21.866667	-0.013072
-21.833333	-0.011572
-21.800000	-0.009895
-21.766667	-0.008066
-21.733333	-0.006108
-21.700000	-0.003984
-21.666667	-0.001773
-21.633333	0.000524
-21.600000	0.002865
-21.566667	0.005202
-21.533333	0.007490
-21.500000	0.009694
-21.466667	0.011766
-21.433333	0.013679
-21.400000	0.015411
-21.366667	0.016911
-21.333333	0.018143
-21.300000	0.019082
-21.266667	0.019721
-21.233333	0.020047
-21.200000	0.020069
-21.166667	0.019792
-21.133333	0.019273
-21.100000	0.018529
-21.066667	0.017603
-21.033333	0.016524
-21.000000	0.015336
-20.966667	0.014087
-20.933333	0.012829
-20.900000	0.011575
-20.866667	0.010340
-20.833333	0.009214
-20.800000	0.008196
-20.766667	0.007324
-20.733333	0.006640
-20.700000	0.006171
-20.666667	0.005858
-20.633333	0.005738
-20.600000	0.005801
-20.566667	0.006040
-20.533333	0.006434
-20.500000	0.006980
-20.466667	0.007686
-20.433333	0.008532
-20.400000	0.009493
-20.366667	0.010535
-20.333333	0.011663
-20.300000	0.012862
-20.266667	0.014121
-20.233333	0.015424
-20.200000	0.016776
-20.166667	0.018166
-20.133333	0.019601
-20.100000	0.021071
-20.066667	0.022569
-20.033333	0.024100
-20.000000	0.025639
-19.966667	0.027177
-19.933333	0.028693
-19.900000	0.030158
-19.866667	0.031577
-19.833333	0.032978
-19.800000	0.034295
-19.766667	0.035541
-19.733333	0.036680
-19.700000	0.037661
-19.666667	0.038459
-19.633333	0.039077
-19.600000	0.039510
-19.566667	0.039747
-19.533333	0.039788
-19.500000	0.039649
-19.466667	0.039332
-19.433333	0.038849
-19.400000	0.038205
-19.366667	0.037428
-19.333333	0.036586
-19.300000	0.035712
-19.266667	0.034865
-19.233333	0.034103
-19.200000	0.033439
-19.166667	0.032911
-19.133333	0.032538
-19.100000	0.032324
-19.066667	0.032268
-19.033333	0.032352
-19.000000	0.032541
-18.966667	0.032800
-18.933333	0.033112
-18.900000	0.033439
-18.866667	0.033747
-18.833333	0.034003
-18.800000	0.034175
-18.766667	0.034232
-18.733333	0.034161
-18.700000	0.033946
-18.666667	0.033575
-18.633333	0.033052
-18.600000	0.032385
-18.566667	0.031589
-18.533333	0.030704
-18.500000	0.029764
-18.466667	0.028808
-18.433333	0.027899
-18.400000	0.027082
-18.366667	0.026408
-18.333333	0.025948
-18.300000	0.025709
-18.266667	0.025699
-18.233333	0.025905
-18.200000	0.026266
-18.166667	0.026771
-18.133333	0.027376
-18.100000	0.028033
-18.066667	0.028682
-18.033333	0.029266
-18.000000	0.029745
-17.966667	0.030064
-17.933333	0.030212
-17.900000	0.030155
-17.866667	0.029882
-17.833333	0.029399
-17.800000	0.028715
-17.766667	0.027833
-17.733333	0.026775
-17.700000	0.025549
-17.666667	0.024181
-17.633333	0.022708
-17.600000	0.021200
-17.566667	0.019715
-17.533333	0.018285
-17.500000	0.016933
-17.466667	0.015683
-17.433333	0.014553
-17.400000	0.013556
-17.366667	0.012676
-17.333333	0.011900
-17.300000	0.011199
-17.266667	0.010538
-17.233333	0.009887
-17.200000	0.009218
-17.166667	0.008515
-17.133333	0.007758
-17.100000	0.006926
-17.066667	0.005999
-17.033333	0.004982
-17.000000	0.003893
-16.966667	0.002741
-16.933333	0.001540
-16.900000	0.000315
-16.866667	-0.000917
-16.833333	-0.002121
-16.800000	-0.003275
-16.766667	-0.004332
-16.733333	-0.005265
-16.700000	-0.006039
-16.666667	-0.006631
-16.633333	-0.007006
-16.600000	-0.007151
-16.566667	-0.007069
-16.533333	-0.006751
-16.500000	-0.006225
-16.466667	-0.005491
-16.433333	-0.004553
-16.400000	-0.003472
-16.366667	-0.002286
-16.333333	-0.001033
-16.300000	0.000232
-16.266667	0.001488
-16.233333	0.002684
-16.200000	0.003773
-16.166667	0.004746
-16.133333	0.005555
-16.100000	0.006181
-16.066667	0.006601
-16.033333	0.006835
-16.000000	0.006863
-15.966667	0.006690
-15.933333	0.006318
-15.900000	0.005768
-15.866667	0.005062
-15.833333	0.004230
-15.800000	0.003303
-15.766667	0.002315
-15.733333	0.001284
-15.700000	0.000252
-15.666667	-0.000732
-15.633333	-0.001665
-15.600000	-0.002532
-15.566667	-0.003293
-15.533333	-0.003951
-15.500000	-0.004517
-15.466667	-0.004956
-15.433333	-0.005305
-15.400000	-0.005559
-15.366667	-0.005734
-15.333333	-0.005819
-15.300000	-0.005838
-15.266667	-0.005775
-15.233333	-0.005650
-15.200000	-0.005451
-15.166667	-0.005177
-15.133333	-0.004842
-15.100000	-0.004442
-15.066667	-0.003993
-15.033333	-0.003502
-15.000000	-0.003009
-14.966667	-0.002511
-14.933333	-0.002017
-14.900000	-0.001542
-14.866667	-0.001071
-14.833333	-0.000634
-14.800000	-0.000215
-14.766667	0.000173
-14.733333	0.000542
-14.700000	0.000890
-14.666667	0.001214
-14.633333	0.001463
-14.600000	0.001660
-14.566667	0.001789
-14.533333	0.001839
-14.500000	0.001802
-14.466667	0.001664
-14.433333	0.001418
-14.400000	0.001085
-14.366667	0.000633
-14.333333	0.000102
-14.300000	-0.000522
-14.266667	-0.001229
-14.233333	-0.002011
-14.200000	-0.002861
-14.166667	-0.003789
-14.133333	-0.004757
-14.100000	-0.005809
-14.066667	-0.006917
-14.033333	-0.008073
-14.000000	-0.009263
-13.966667	-0.010455
-13.933333	-0.011618
-13.900000	-0.012733
-13.866667	-0.013763
-13.833333	-0.014703
-13.800000	-0.015498
-13.766667	-0.016149
-13.733333	-0.016649
-13.700000	-0.016976
-13.666667	-0.017161
-13.633333	-0.017199
-13.600000	-0.017066
-13.566667	-0.016780
-13.533333	-0.016367
-13.500000	-0.015846
-13.466667	-0.015216
-13.433333	-0.014485
-13.400000	-0.013677
-13.366667	-0.012804
-13.333333	-0.011922
-13.300000	-0.011000
-13.266667	-0.010102
-13.233333	-0.009239
-13.200000	-0.008415
-13.166667	-0.007644
-13.133333	-0.006922
-13.100000	-0.006282
-13.066667	-0.005694
-13.033333	-0.005173
-13.000000	-0.004717
-12.966667	-0.004313
-12.933333	-0.003954
-12.900000	-0.003641
-12.866667	-0.003384
-12.833333	-0.003184
-12.800000	-0.003034
-12.766667	-0.002944
-12.733333	-0.002918
-12.700000	-0.002949
-12.666667	-0.003057
-12.633333	-0.003209
-12.600000	-0.003410
-12.566667	-0.003673
-12.533333	-0.003996
-12.500000	-0.004364
-12.466667	-0.004782
-12.433333	-0.005253
-12.400000	-0.005773
-12.366667	-0.006317
-12.333333	-0.006903
-12.300000	-0.007471
-12.266667	-0.008060
-12.233333	-0.008614
-12.200000	-0.009113
-12.166667	-0.009555
-12.133333	-0.009936
-12.100000	-0.010254
-12.066667	-0.010523
-12.033333	-0.010737
-12.000000	-0.010884
-11.966667	-0.010973
-11.933333	-0.010996
-11.900000	-0.010968
-11.866667	-0.010899
-11.833333	-0.010776
-11.800000	-0.010607
-11.766667	-0.010400
-11.733333	-0.010171
-11.700000	-0.009927
-11.666667	-0.009677
-11.633333	-0.009429
-11.600000	-0.009198
-11.566667	-0.008989
-11.533333	-0.008811
-11.500000	-0.008680
-11.466667	-0.008597
-11.433333	-0.008552
-11.400000	-0.008535
-11.366667	-0.008536
-11.333333	-0.008556
-11.300000	-0.008565
-11.266667	-0.008558
-11.233333	-0.008518
-11.200000	-0.008441
-11.166667	-0.008325
-11.133333	-0.008175
-11.100000	-0.007974
-11.066667	-0.007737
-11.033333	-0.007453
-11.000000	-0.007129
-10.966667	-0.006778
-10.933333	-0.006392
-10.900000	-0.005992
-10.866667	-0.005595
-10.833333	-0.005185
-10.800000	-0.004767
-10.766667	-0.004424
-10.733333	-0.004114
-10.700000	-0.003876
-10.666667	-0.003723
-10.633333	-0.003675
-10.600000	-0.003753
-10.566667	-0.003960
-10.533333	-0.004317
-10.500000	-0.004791
-10.466667	-0.005402
-10.433333	-0.006120
-10.400000	-0.006950
-10.366667	-0.007861
-10.333333	-0.008821
-10.300000	-0.009838
-10.266667	-0.010854
-10.233333	-0.011834
-10.200000	-0.012739
-10.166667	-0.013539
-10.133333	-0.014217
-10.100000	-0.014746
-10.066667	-0.015113
-10.033333	-0.015294
-10.000000	-0.015285
-9.966667	-0.015132
-9.933333	-0.014804
-9.900000	-0.014344
-9.866667	-0.013774
-9.833333	-0.013070
-9.800000	-0.012308
-9.766667	-0.011539
-9.733333	-0.010734
-9.700000	-0.009997
-9.666667	-0.009356
-9.633333	-0.008836
-9.600000	-0.008473
-9.566667	-0.008270
-9.533333	-0.008242
-9.500000	-0.008372
-9.466667	-0.008676
-9.433333	-0.009103
-9.400000	-0.009630
-9.366667	-0.010205
-9.333333	-0.010823
-9.300000	-0.011394
-9.266667	-0.011880
-9.233333	-0.012251
-9.200000	-0.012482
-9.166667	-0.012549
-9.133333	-0.012473
-9.100000	-0.012236
-9.066667	-0.011832
-9.033333	-0.011303
-9.000000	-0.010672
-8.966667	-0.009988
-8.933333	-0.009237
-8.900000	-0.008487
-8.866667	-0.007753
-8.833333	-0.007052
-8.800000	-0.006445
-8.766667	-0.005932
-8.733333	-0.005541
-8.700000	-0.005285
-8.666667	-0.005172
-8.633333	-0.005189
-8.600000	-0.005341
-8.566667	-0.005597
-8.533333	-0.005928
-8.500000	-0.006300
-8.466667	-0.006679
-8.433333	-0.007012
-8.400000	-0.007312
-8.366667	-0.007573
-8.333333	-0.007768
-8.300000	-0.007919
-8.266667	-0.008036
-8.233333	-0.008121
-8.200000	-0.008206
-8.166667	-0.008293
-8.133333	-0.008414
-8.100000	-0.008553
-8.066667	-0.008718
-8.033333	-0.008932
-8.000000	-0.009200
-7.966667	-0.009544
-7.933333	-0.009968
-7.900000	-0.010474
-7.866667	-0.011051
-7.833333	-0.011684
-7.800000	-0.012363
-7.766667	-0.013075
-7.733333	-0.013804
-7.700000	-0.014538
-7.666667	-0.015265
-7.633333	-0.015955
-7.600000	-0.016570
-7.566667	-0.017072
-7.533333	-0.017423
-7.500000	-0.017607
-7.466667	-0.017614
-7.433333	-0.017432
-7.400000	-0.017089
-7.366667	-0.016559
-7.333333	-0.015862
-7.300000	-0.015039
-7.266667	-0.014054
-7.233333	-0.012968
-7.200000	-0.011779
-7.166667	-0.010500
-7.133333	-0.009148
-7.100000	-0.007748
-7.066667	-0.006333
-7.033333	-0.004947
-7.000000	-0.003630
-6.966667	-0.002416
-6.933333	-0.001338
-6.900000	-0.000428
-6.866667	0.000282
-6.833333	0.000759
-6.800000	0.000984
-6.766667	0.000953
-6.733333	0.000702
-6.700000	0.000226
-6.666667	-0.000501
-6.633333	-0.001395
-6.600000	-0.002476
-6.566667	-0.003684
-6.533333	-0.004964
-6.500000	-0.006281
-6.466667	-0.007615
-6.433333	-0.008933
-6.400000	-0.010172
-6.366667	-0.011305
-6.333333	-0.012311
-6.300000	-0.013159
-6.266667	-0.013842
-6.233333	-0.014345
-6.200000	-0.014665
-6.166667	-0.014809
-6.133333	-0.014773
-6.100000	-0.014567
-6.066667	-0.014206
-6.033333	-0.013703
-6.000000	-0.013072
-5.966667	-0.012337
-5.933333	-0.011523
-5.900000	-0.010632
-5.866667	-0.009703
-5.833333	-0.008745
-5.800000	-0.007780
-5.766667	-0.006807
-5.733333	-0.005814
-5.700000	-0.004867
-5.666667	-0.003952
-5.633333	-0.003017
-5.600000	-0.002147
-5.566667	-0.001274
-5.533333	-0.000427
-5.500000	0.000379
-5.466667	0.001137
-5.433333	0.001859
-5.400000	0.002552
-5.366667	0.003182
-5.333333	0.003725
-5.300000	0.004163
-5.266667	0.004460
-5.233333	0.004609
-5.200000	0.004605
-5.166667	0.004454
-5.133333	0.004167
-5.100000	0.003738
-5.066667	0.003152
-5.033333	0.002455
-5.000000	0.001619
-4.966667	0.000669
-4.933333	-0.000379
-4.900000	-0.001495
-4.866667	-0.002660
-4.833333	-0.003831
-4.800000	-0.004985
-4.766667	-0.006080
-4.733333	-0.007083
-4.700000	-0.007994
-4.666667	-0.008776
-4.633333	-0.009442
-4.600000	-0.010013
-4.566667	-0.010468
-4.533333	-0.010818
-4.500000	-0.011055
-4.466667	-0.011188
-4.433333	-0.011228
-4.400000	-0.011191
-4.366667	-0.011095
-4.333333	-0.010956
-4.300000	-0.010783
-4.266667	-0.010589
-4.233333	-0.010380
-4.200000	-0.010168
-4.166667	-0.009962
-4.133333	-0.009769
-4.100000	-0.009598
-4.066667	-0.009462
-4.033333	-0.009330
-4.000000	-0.009222
-3.966667	-0.009144
-3.933333	-0.009063
-3.900000	-0.008980
-3.866667	-0.008883
-3.833333	-0.008791
-3.800000	-0.008704
-3.766667	-0.008622
-3.733333	-0.008545
-3.700000	-0.008484
-3.666667	-0.008452
-3.633333	-0.008456
-3.600000	-0.008503
-3.566667	-0.008576
-3.533333	-0.008680
-3.500000	-0.008816
-3.466667	-0.008992
-3.433333	-0.009194
-3.400000	-0.009439
-3.366667	-0.009720
-3.333333	-0.010033
-3.300000	-0.010379
-3.266667	-0.010755
-3.233333	-0.011156
-3.200000	-0.011574
-3.166667	-0.011999
-3.133333	-0.012419
-3.100000	-0.012829
-3.066667	-0.013222
-3.033333	-0.013584
-3.000000	-0.013915
-2.966667	-0.014236
-2.933333	-0.014511
-2.900000	-0.014773
-2.866667	-0.015022
-2.833333	-0.015269
-2.800000	-0.015512
-2.766667	-0.015735
-2.733333	-0.015951
-2.700000	-0.016160
-2.666667	-0.016366
-2.633333	-0.016570
-2.600000	-0.016780
-2.566667	-0.016985
-2.533333	-0.017200
-2.500000	-0.017414
-2.466667	-0.017631
-2.433333	-0.017837
-2.400000	-0.018041
-2.366667	-0.018224
-2.333333	-0.018389
-2.300000	-0.018505
-2.266667	-0.018577
-2.233333	-0.018591
-2.200000	-0.018529
-2.166667	-0.018383
-2.133333	-0.018146
-2.100000	-0.017801
-2.066667	-0.017367
-2.033333	-0.016810
-2.000000	-0.016155
-1.966667	-0.015398
-1.933333	-0.014547
-1.900000	-0.013611
-1.866667	-0.012599
-1.833333	-0.011520
-1.800000	-0.010385
-1.766667	-0.009207
-1.733333	-0.008037
-1.700000	-0.006896
-1.666667	-0.005829
-1.633333	-0.004870
-1.600000	-0.004038
-1.566667	-0.003344
-1.533333	-0.002814
-1.500000	-0.002455
-1.466667	-0.002278
-1.433333	-0.002285
-1.400000	-0.002486
-1.366667	-0.002849
-1.333333	-0.003376
-1.300000	-0.004028
-1.266667	-0.004822
-1.233333	-0.005717
-1.200000	-0.006683
-1.166667	-0.007697
-1.133333	-0.008731
-1.100000	-0.009751
-1.066667	-0.010736
-1.033333	-0.011628
-1.000000	-0.012426
-0.966667	-0.013089
-0.933333	-0.013617
-0.900000	-0.014001
-0.866667	-0.014242
-0.833333	-0.014354
-0.800000	-0.014325
-0.766667	-0.014184
-0.733333	-0.013936
-0.700000	-0.013596
-0.666667	-0.013173
-0.633333	-0.012667
-0.600000	-0.012076
-0.566667	-0.011412
-0.533333	-0.010691
-0.500000	-0.009912
-0.466667	-0.009067
-0.433333	-0.008204
-0.400000	-0.007285
-0.366667	-0.006327
-0.333333	-0.005350
-0.300000	-0.004353
-0.266667	-0.003346
-0.233333	-0.002323
-0.200000	-0.001287
-0.166667	-0.000250
-0.133333	0.000771
-0.100000	0.001762
-0.066667	0.002705
-0.033333	0.003576
-0.000000	0.004354
0.033333	0.005008
0.066667	0.005509
0.100000	0.005846
0.133333	0.006010
0.166667	0.005999
0.200000	0.005817
0.233333	0.005482
0.266667	0.004974
0.300000	0.004334
0.333333	0.003555
0.366667	0.002676
0.400000	0.001719
0.433333	0.000710
0.466667	-0.000328
0.500000	-0.001358
0.533333	-0.002354
0.566667	-0.003301
0.600000	-0.004116
0.633333	-0.004833
0.666667	-0.005403
0.700000	-0.005833
0.733333	-0.006117
0.766667	-0.006257
0.800000	-0.006255
0.833333	-0.006125
0.866667	-0.005882
0.900000	-0.005549
0.933333	-0.005156
0.966667	-0.004727
1.000000	-0.004285
1.033333	-0.003855
1.066667	-0.003454
1.100000	-0.003089
1.133333	-0.002766
1.166667	-0.002502
1.200000	-0.002310
1.233333	-0.002184
1.266667	-0.002152
1.300000	-0.002193
1.333333	-0.002298
1.366667	-0.002459
1.400000	-0.002661
1.433333	-0.002880
1.466667	-0.003119
1.500000	-0.003355
1.533333	-0.003573
1.566667	-0.003758
1.600000	-0.003903
1.633333	-0.004018
1.666667	-0.004076
1.700000	-0.004099
1.733333	-0.004072
1.766667	-0.003993
1.800000	-0.003845
1.833333	-0.003676
1.866667	-0.003474
1.900000	-0.003266
1.933333	-0.003051
1.966667	-0.002836
2.000000	-0.002637
2.033333	-0.002462
2.066667	-0.002316
2.100000	-0.002207
2.133333	-0.002139
2.166667	-0.002144
2.200000	-0.002222
2.233333	-0.002375
2.266667	-0.002593
2.300000	-0.002893
2.333333	-0.003248
2.366667	-0.003666
2.400000	-0.004132
2.433333	-0.004647
2.466667	-0.005213
2.500000	-0.005809
2.533333	-0.006421
2.566667	-0.007037
2.600000	-0.007642
2.633333	-0.008209
2.666667	-0.008740
2.700000	-0.009217
2.733333	-0.009630
2.766667	-0.009966
2.800000	-0.010211
2.833333	-0.010411
2.866667	-0.010497
2.900000	-0.010510
2.933333	-0.010431
2.966667	-0.010265
3.000000	-0.010030
3.033333	-0.009717
3.066667	-0.009333
3.100000	-0.008879
3.133333	-0.008361
3.166667	-0.007794
3.200000	-0.007165
3.233333	-0.006487
3.266667	-0.005762
3.300000	-0.005005
3.333333	-0.004211
3.366667	-0.003377
3.400000	-0.002532
3.433333	-0.001665
3.466667	-0.000792
3.500000	0.000101
3.533333	0.001003
3.566667	0.001903
3.600000	0.002776
3.633333	0.003636
3.666667	0.004455
3.700000	0.005202
3.733333	0.005879
3.766667	0.006471
3.800000	0.006959
3.833333	0.007318
3.866667	0.007570
3.900000	0.007683
3.933333	0.007688
3.966667	0.007584
4.000000	0.007360
4.033333	0.007030
4.066667	0.006595
4.100000	0.006078
4.133333	0.005487
4.166667	0.004842
4.200000	0.004161
4.233333	0.003465
4.266667	0.002775
4.300000	0.002112
4.333333	0.001498
4.366667	0.000951
4.400000	0.000479
4.433333	0.000086
4.466667	-0.000225
4.500000	-0.000444
4.533333	-0.000586
4.566667	-0.000651
4.600000	-0.000647
4.633333	-0.000567
4.666667	-0.000435
4.700000	-0.000261
4.733333	-0.000013
4.766667	0.000271
4.800000	0.000599
4.833333	0.000961
4.866667	0.001359
4.900000	0.001788
4.933333	0.002241
4.966667	0.002710
5.000000	0.003190
5.033333	0.003668
5.066667	0.004166
5.100000	0.004681
5.133333	0.005191
5.166667	0.005703
5.200000	0.006225
5.233333	0.006715
5.266667	0.007185
5.300000	0.007606
5.333333	0.007960
5.366667	0.008229
5.400000	0.008403
5.433333	0.008469
5.466667	0.008403
5.500000	0.008267
5.533333	0.008033
5.566667	0.007679
5.600000	0.007232
5.633333	0.006679
5.666667	0.006029
5.700000	0.005299
5.733333	0.004522
5.766667	0.003702
5.800000	0.002852
5.833333	0.001986
5.866667	0.001137
5.900000	0.000326
5.933333	-0.000434
5.966667	-0.001125
6.000000	-0.001736
6.033333	-0.002269
6.066667	-0.002710
6.100000	-0.003077
6.133333	-0.003365
6.166667	-0.003568
6.200000	-0.003700
6.233333	-0.003794
6.266667	-0.003834
6.300000	-0.003851
6.333333	-0.003836
6.366667	-0.003793
6.400000	-0.003732
6.433333	-0.003663
6.466667	-0.003585
6.500000	-0.003478
6.533333	-0.003407
6.566667	-0.003362
6.600000	-0.003313
6.633333	-0.003283
6.666667	-0.003255
6.700000	-0.003215
6.733333	-0.003158
6.766667	-0.003092
6.800000	-0.003006
6.833333	-0.002898
6.866667	-0.002745
6.900000	-0.002564
6.933333	-0.002366
6.966667	-0.002134
7.000000	-0.001872
7.033333	-0.001605
7.066667	-0.001309
7.100000	-0.000992
7.133333	-0.000651
7.166667	-0.000298
7.200000	0.000059
7.233333	0.000416
7.266667	0.000768
7.300000	0.001114
7.333333	0.001455
7.366667	0.001776
7.400000	0.002058
7.433333	0.002299
7.466667	0.002498
7.500000	0.002649
7.533333	0.002747
7.566667	0.002793
7.600000	0.002796
7.633333	0.002749
7.666667	0.002649
7.700000	0.002490
7.733333	0.002287
7.766667	0.002041
7.800000	0.001752
7.833333	0.001416
7.866667	0.001056
7.900000	0.000665
7.933333	0.000257
7.966667	-0.000147
8.000000	-0.000555
8.033333	-0.000965
8.066667	-0.001343
8.100000	-0.001705
8.133333	-0.002036
8.166667	-0.002337
8.200000	-0.002614
8.233333	-0.002846
8.266667	-0.003044
8.300000	-0.003199
8.333333	-0.003313
8.366667	-0.003390
8.400000	-0.003433
8.433333	-0.003430
8.466667	-0.003370
8.500000	-0.003262
8.533333	-0.003114
8.566667	-0.002893
8.600000	-0.002617
8.633333	-0.002287
8.666667	-0.001919
8.700000	-0.001496
8.733333	-0.001033
8.766667	-0.000536
8.800000	-0.000007
8.833333	0.000551
8.866667	0.001135
8.900000	0.001729
8.933333	0.002310
8.966667	0.002858
9.000000	0.003354
9.033333	0.003808
9.066667	0.004167
9.100000	0.004421
9.133333	0.004555
9.166667	0.004553
9.200000	0.004412
9.233333	0.004144
9.266667	0.003737
9.300000	0.003208
9.333333	0.002552
9.366667	0.001780
9.400000	0.000912
9.433333	-0.000035
9.466667	-0.001041
9.500000	-0.002087
9.533333	-0.003147
9.566667	-0.004174
9.600000	-0.005175
9.633333	-0.006108
9.666667	-0.006952
9.700000	-0.007680
9.733333	-0.008299
9.766667	-0.008784
9.800000	-0.009143
9.833333	-0.009377
9.866667	-0.009491
9.900000	-0.009498
9.933333	-0.009413
9.966667	-0.009240
10.000000	-0.008990
10.033333	-0.008674
10.066667	-0.008331
10.100000	-0.007956
10.133333	-0.007562
10.166667	-0.007162
10.200000	-0.006767
10.233333	-0.006385
10.266667	-0.006022
10.300000	-0.005689
10.333333	-0.005389
10.366667	-0.005114
10.400000	-0.004861
10.433333	-0.004627
10.466667	-0.004404
10.500000	-0.004184
10.533333	-0.003964
10.566667	-0.003740
10.600000	-0.003513
10.633333	-0.003282
10.666667	-0.003047
10.700000	-0.002816
10.733333	-0.002595
10.766667	-0.002387
10.800000	-0.002192
10.833333	-0.002008
10.866667	-0.001832
10.900000	-0.001667
10.933333	-0.001517
10.966667	-0.001385
11.000000	-0.001272
11.033333	-0.001179
11.066667	-0.001104
11.100000	-0.001055
11.133333	-0.001021
11.166667	-0.001005
11.200000	-0.001002
11.233333	-0.001003
11.266667	-0.000999
11.300000	-0.000988
11.333333	-0.000967
11.366667	-0.000936
11.400000	-0.000896
11.433333	-0.000846
11.466667	-0.000787
11.500000	-0.000715
11.533333	-0.000640
11.566667	-0.000564
11.600000	-0.000487
11.633333	-0.000410
11.666667	-0.000335
11.700000	-0.000261
11.733333	-0.000191
11.766667	-0.000124
11.800000	-0.000062
11.833333	-0.000006
11.866667	0.000044
11.900000	0.000087
11.933333	0.000121
11.966667	0.000146
