-88.000000	0.000006
-87.966667	0.000006
-87.933333	0.000006
-87.900000	0.000005
-87.866667	0.000004
-87.833333	0.000003
-87.800000	0.000001
-87.766667	-0.000001
-87.733333	-0.000002
-87.700000	-0.000004
-87.666667	-0.000006
-87.633333	-0.000008
-87.600000	-0.000009
-87.566667	-0.000011
-87.533333	-0.000012
-87.500000	-0.000013
-87.466667	-0.000013
-87.433333	-0.000013
-87.400000	-0.000012
-87.366667	-0.000010
-87.333333	-0.000008
-87.300000	-0.000004
-87.266667	-0.000001
-87.233333	0.000003
-87.200000	0.000008
-87.166667	0.000013
-87.133333	0.000018
-87.100000	0.000023
-87.066667	0.000028
-87.033333	0.000033
-87.000000	0.000037
-86.966667	0.000040
-86.933333	0.000042
-86.900000	0.000043
-86.866667	0.000045
-86.833333	0.000045
-86.800000	0.000042
-86.766667	0.000036
-86.733333	0.000028
-86.700000	0.000015
-86.666667	-0.000002
-86.633333	-0.000009
-86.600000	-0.000017
-86.566667	-0.000027
-86.533333	-0.000047
-86.500000	-0.000076
-86.466667	-0.000099
-86.433333	-0.000117
-86.400000	-0.000139
-86.366667	-0.000166
-86.333333	-0.000198
-86.300000	-0.000230
-86.266667	-0.000255
-86.233333	-0.000291
-86.200000	-0.000322
-86.166667	-0.000358
-86.133333	-0.000394
-86.100000	-0.000431
-86.066667	-0.000473
-86.033333	-0.000516
-86.000000	-0.000557
-85.966667	-0.000596
-85.933333	-0.000641
-85.900000	-0.000678
-85.866667	-0.000716
-85.833333	-0.000773
-85.800000	-0.000819
-85.766667	-0.000862
-85.733333	-0.000906
-85.700000	-0.000952
-85.666667	-0.000987
-85.633333	-0.001019
-85.600000	-0.001058
-85.566667	-0.001100
-85.533333	-0.001147
-85.500000	-0.001186
-85.466667	-0.001211
-85.433333	-0.001235
-85.400000	-0.001259
-85.366667	-0.001277
-85.333333	-0.001290
-85.300000	-0.001303
-85.266667	-0.001317
-85.233333	-0.001338
-85.200000	-0.001328
-85.166667	-0.001310
-85.133333	-0.001295
-85.100000	-0.001291
-85.066667	-0.001274
-85.033333	-0.001248
-85.000000	-0.001216
-84.966667	-0.001186
-84.933333	-0.001155
-84.900000	-0.001117
-84.866667	-0.001088
-84.833333	-0.001064
-84.800000	-0.001023
-84.766667	-0.000990
-84.733333	-0.000962
-84.700000	-0.000935
-84.666667	-0.000912
-84.633333	-0.000904
-84.600000	-0.000890
-84.566667	-0.000883
-84.533333	-0.000878
-84.500000	-0.000876
-84.466667	-0.000873
-84.433333	-0.000869
-84.400000	-0.000870
-84.366667	-0.000879
-84.333333	-0.000900
-84.300000	-0.000924
-84.266667	-0.000934
-84.233333	-0.000927
-84.200000	-0.000915
-84.166667	-0.000918
-84.133333	-0.000934
-84.100000	-0.000937
-84.066667	-0.000927
-84.033333	-0.000923
-84.000000	-0.000916
-83.966667	-0.000908
-83.933333	-0.000897
-83.900000	-0.000888
-83.866667	-0.000871
-83.833333	-0.000872
-83.800000	-0.000864
-83.766667	-0.000853
-83.733333	-0.000846
-83.700000	-0.000851
-83.666667	-0.000851
-83.633333	-0.000859
-83.600000	-0.000860
-83.566667	-0.000869
-83.533333	-0.000883
-83.500000	-0.000900
-83.466667	-0.000911
-83.433333	-0.000938
-83.400000	-0.000963
-83.366667	-0.000992
-83.333333	-0.001028
-83.300000	-0.001060
-83.266667	-0.001067
-83.233333	-0.001101
-83.200000	-0.001146
-83.166667	-0.001179
-83.133333	-0.001218
-83.100000	-0.001259
-83.066667	-0.001302
-83.033333	-0.001339
-83.000000	-0.001369
-82.966667	-0.001399
-82.933333	-0.001441
-82.900000	-0.001490
-82.866667	-0.001531
-82.833333	-0.001574
-82.800000	-0.001602
-82.766667	-0.001639
-82.733333	-0.001676
-82.700000	-0.001712
-82.666667	-0.001738
-82.633333	-0.001771
-82.600000	-0.001794
-82.566667	-0.001818
-82.533333	-0.001833
-82.500000	-0.001850
-82.466667	-0.001850
-82.433333	-0.001862
-82.400000	-0.001854
-82.366667	-0.001852
-82.333333	-0.001843
-82.300000	-0.001820
-82.266667	-0.001788
-82.233333	-0.001773
-82.200000	-0.001737
-82.166667	-0.001693
-82.133333	-0.001649
-82.100000	-0.001588
-82.066667	-0.001528
-82.033333	-0.001453
-82.000000	-0.001367
-81.966667	-0.001296
-81.933333	-0.001217
-81.900000	-0.001127
-81.866667	-0.001024
-81.833333	-0.000918
-81.800000	-0.000807
-81.766667	-0.000704
-81.733333	-0.000588
-81.700000	-0.000474
-81.666667	-0.000363
-81.633333	-0.000255
-81.600000	-0.000148
-81.566667	-0.000040
-81.533333	0.000066
-81.500000	0.000167
-81.466667	0.000260
-81.433333	0.000328
-81.400000	0.000404
-81.366667	0.000477
-81.333333	0.000538
-81.300000	0.000593
-81.266667	0.000642
-81.233333	0.000684
-81.200000	0.000720
-81.166667	0.000751
-81.133333	0.000778
-81.100000	0.000796
-81.066667	0.000808
-81.033333	0.000830
-81.000000	0.000850
-80.966667	0.000858
-80.933333	0.000869
-80.900000	0.000876
-80.866667	0.000880
-80.833333	0.000889
-80.800000	0.000899
-80.766667	0.000894
-80.733333	0.000898
-80.700000	0.000896
-80.666667	0.000901
-80.633333	0.000887
-80.600000	0.000866
-80.566667	0.000847
-80.533333	0.000831
-80.500000	0.000819
-80.466667	0.000783
-80.433333	0.000742
-80.400000	0.000716
-80.366667	0.000681
-80.333333	0.000636
-80.300000	0.000593
-80.266667	0.000545
-80.233333	0.000496
-80.200000	0.000442
-80.166667	0.000386
-80.133333	0.000331
-80.100000	0.000276
-80.066667	0.000225
-80.033333	0.000178
-80.000000	0.000126
-79.966667	0.000066
-79.933333	0.000006
-79.900000	-0.000040
-79.866667	-0.000089
-79.833333	-0.000135
-79.800000	-0.000180
-79.766667	-0.000225
-79.733333	-0.000267
-79.700000	-0.000309
-79.666667	-0.000353
-79.633333	-0.000411
-79.600000	-0.000454
-79.566667	-0.000485
-79.533333	-0.000508
-79.500000	-0.000534
-79.466667	-0.000588
-79.433333	-0.000625
-79.400000	-0.000669
-79.366667	-0.000722
-79.333333	-0.000762
-79.300000	-0.000792
-79.266667	-0.000825
-79.233333	-0.000870
-79.200000	-0.000924
-79.166667	-0.000965
-79.133333	-0.001011
-79.100000	-0.001054
-79.066667	-0.001097
-79.033333	-0.001143
-79.000000	-0.001193
-78.966667	-0.001241
-78.933333	-0.001283
-78.900000	-0.001327
-78.866667	-0.001373
-78.833333	-0.001417
-78.800000	-0.001457
-78.766667	-0.001499
-78.733333	-0.001552
-78.700000	-0.001595
-78.666667	-0.001641
-78.633333	-0.001670
-78.600000	-0.001705
-78.566667	-0.001741
-78.533333	-0.001775
-78.500000	-0.001812
-78.466667	-0.001850
-78.433333	-0.001881
-78.400000	-0.001918
-78.366667	-0.001934
-78.333333	-0.001938
-78.300000	-0.001945
-78.266667	-0.001962
-78.233333	-0.001978
-78.200000	-0.001985
-78.166667	-0.001977
-78.133333	-0.001971
-78.100000	-0.001967
-78.066667	-0.001943
-78.033333	-0.001933
-78.000000	-0.001914
-77.966667	-0.001895
-77.933333	-0.001870
-77.900000	-0.001851
-77.866667	-0.001827
-77.833333	-0.001802
-77.800000	-0.001773
-77.766667	-0.001745
-77.733333	-0.001724
-77.700000	-0.001701
-77.666667	-0.001688
-77.633333	-0.001667
-77.600000	-0.001655
-77.566667	-0.001631
-77.533333	-0.001607
-77.500000	-0.001588
-77.466667	-0.001573
-77.433333	-0.001564
-77.400000	-0.001546
-77.366667	-0.001528
-77.333333	-0.001509
-77.300000	-0.001491
-77.266667	-0.001475
-77.233333	-0.001454
-77.200000	-0.001434
-77.166667	-0.001412
-77.133333	-0.001387
-77.100000	-0.001367
-77.066667	-0.001332
-77.033333	-0.001316
-77.000000	-0.001287
-76.966667	-0.001263
-76.933333	-0.001230
-76.900000	-0.001199
-76.866667	-0.001173
-76.833333	-0.001129
-76.800000	-0.001093
-76.766667	-0.001061
-76.733333	-0.001033
-76.700000	-0.001003
-76.666667	-0.000963
-76.633333	-0.000915
-76.600000	-0.000862
-76.566667	-0.000812
-76.533333	-0.000773
-76.500000	-0.000736
-76.466667	-0.000682
-76.433333	-0.000638
-76.400000	-0.000586
-76.366667	-0.000536
-76.333333	-0.000489
-76.300000	-0.000444
-76.266667	-0.000402
-76.233333	-0.000360
-76.200000	-0.000313
-76.166667	-0.000284
-76.133333	-0.000248
-76.100000	-0.000219
-76.066667	-0.000193
-76.033333	-0.000170
-76.000000	-0.000150
-75.966667	-0.000132
-75.933333	-0.000117
-75.900000	-0.000109
-75.866667	-0.000101
-75.833333	-0.000081
-75.800000	-0.000085
-75.766667	-0.000077
-75.733333	-0.000063
-75.700000	-0.000060
-75.666667	-0.000054
-75.633333	-0.000050
-75.600000	-0.000042
-75.566667	-0.000020
-75.533333	-0.000014
-75.500000	-0.000012
-75.466667	0.000006
-75.433333	0.000021
-75.400000	0.000042
-75.366667	0.000051
-75.333333	0.000065
-75.300000	0.000080
-75.266667	0.000092
-75.233333	0.000106
-75.200000	0.000121
-75.166667	0.000123
-75.133333	0.000137
-75.100000	0.000143
-75.066667	0.000148
-75.033333	0.000152
-75.000000	0.000155
-74.966667	0.000155
-74.933333	0.000154
-74.900000	0.000154
-74.866667	0.000154
-74.833333	0.000148
-74.800000	0.000143
-74.766667	0.000144
-74.733333	0.000145
-74.700000	0.000136
-74.666667	0.000129
-74.633333	0.000132
-74.600000	0.000136
-74.566667	0.000141
-74.533333	0.000127
-74.500000	0.000127
-74.466667	0.000147
-74.433333	0.000152
-74.400000	0.000149
-74.366667	0.000151
-74.333333	0.000171
-74.300000	0.000182
-74.266667	0.000190
-74.233333	0.000203
-74.200000	0.000218
-74.166667	0.000236
-74.133333	0.000255
-74.100000	0.000275
-74.066667	0.000297
-74.033333	0.000322
-74.000000	0.000349
-73.966667	0.000378
-73.933333	0.000409
-73.900000	0.000441
-73.866667	0.000475
-73.833333	0.000507
-73.800000	0.000552
-73.766667	0.000590
-73.733333	0.000627
-73.700000	0.000668
-73.666667	0.000710
-73.633333	0.000755
-73.600000	0.000794
-73.566667	0.000834
-73.533333	0.000873
-73.500000	0.000914
-73.466667	0.000953
-73.433333	0.000979
-73.400000	0.001024
-73.366667	0.001054
-73.333333	0.001091
-73.300000	0.001115
-73.266667	0.001145
-73.233333	0.001176
-73.200000	0.001203
-73.166667	0.001231
-73.133333	0.001258
-73.100000	0.001285
-73.066667	0.001311
-73.033333	0.001340
-73.000000	0.001368
-72.966667	0.001398
-72.933333	0.001428
-72.900000	0.001459
-72.866667	0.001492
-72.833333	0.001526
-72.800000	0.001567
-72.766667	0.001595
-72.733333	0.001631
-72.700000	0.001672
-72.666667	0.001702
-72.633333	0.001732
-72.600000	0.001785
-72.566667	0.001825
-72.533333	0.001845
-72.500000	0.001883
-72.466667	0.001910
-72.433333	0.001947
-72.400000	0.001986
-72.366667	0.002009
-72.333333	0.002047
-72.300000	0.002081
-72.266667	0.002119
-72.233333	0.002160
-72.200000	0.002207
-72.166667	0.002262
-72.133333	0.002322
-72.100000	0.002395
-72.066667	0.002486
-72.033333	0.002605
-72.000000	0.002736
-71.966667	0.002886
-71.933333	0.003050
-71.900000	0.003236
-71.866667	0.003457
-71.833333	0.003708
-71.800000	0.003957
-71.766667	0.004208
-71.733333	0.004482
-71.700000	0.004748
-71.666667	0.005019
-71.633333	0.005282
-71.600000	0.005524
-71.566667	0.005709
-71.533333	0.005846
-71.500000	0.005942
-71.466667	0.005959
-71.433333	0.005904
-71.400000	0.005751
-71.366667	0.005495
-71.333333	0.005149
-71.300000	0.004704
-71.266667	0.004167
-71.233333	0.003540
-71.200000	0.002829
-71.166667	0.002039
-71.133333	0.001180
-71.100000	0.000272
-71.066667	-0.000675
-71.033333	-0.001645
-71.000000	-0.002627
-70.966667	-0.003595
-70.933333	-0.004527
-70.900000	-0.005398
-70.866667	-0.006197
-70.833333	-0.006927
-70.800000	-0.007577
-70.766667	-0.008136
-70.733333	-0.008569
-70.700000	-0.008932
-70.666667	-0.009181
-70.633333	-0.009341
-70.600000	-0.009409
-70.566667	-0.009393
-70.533333	-0.009298
-70.500000	-0.009124
-70.466667	-0.008871
-70.433333	-0.008562
-70.400000	-0.008195
-70.366667	-0.007766
-70.333333	-0.007259
-70.300000	-0.006719
-70.266667	-0.006139
-70.233333	-0.005529
-70.200000	-0.004883
-70.166667	-0.004198
-70.133333	-0.003479
-70.100000	-0.002748
-70.066667	-0.001981
-70.033333	-0.001191
-70.000000	-0.000388
-69.966667	0.000419
-69.933333	0.001216
-69.900000	0.001989
-69.866667	0.002728
-69.833333	0.003417
-69.800000	0.004033
-69.766667	0.004563
-69.733333	0.005040
-69.700000	0.005406
-69.666667	0.005710
-69.633333	0.005925
-69.600000	0.006061
-69.566667	0.006118
-69.533333	0.006101
-69.500000	0.006019
-69.466667	0.005875
-69.433333	0.005692
-69.400000	0.005479
-69.366667	0.005249
-69.333333	0.005017
-69.300000	0.004773
-69.266667	0.004563
-69.233333	0.004393
-69.200000	0.004279
-69.166667	0.004213
-69.133333	0.004173
-69.100000	0.004185
-69.066667	0.004248
-69.033333	0.004344
-69.000000	0.004471
-68.966667	0.004620
-68.933333	0.004782
-68.900000	0.004950
-68.866667	0.005114
-68.833333	0.005273
-68.800000	0.005430
-68.766667	0.005591
-68.733333	0.005734
-68.700000	0.005836
-68.666667	0.005931
-68.633333	0.005998
-68.600000	0.006038
-68.566667	0.006050
-68.533333	0.006049
-68.500000	0.006035
-68.466667	0.006004
-68.433333	0.005973
-68.400000	0.005933
-68.366667	0.005897
-68.333333	0.005862
-68.300000	0.005829
-68.266667	0.005797
-68.233333	0.005766
-68.200000	0.005732
-68.166667	0.005689
-68.133333	0.005631
-68.100000	0.005593
-68.066667	0.005537
-68.033333	0.005488
-68.000000	0.005435
-67.966667	0.005379
-67.933333	0.005319
-67.900000	0.005257
-67.866667	0.005199
-67.833333	0.005151
-67.800000	0.005110
-67.766667	0.005070
-67.733333	0.005031
-67.700000	0.005007
-67.666667	0.005001
-67.633333	0.005012
-67.600000	0.005056
-67.566667	0.005114
-67.533333	0.005198
-67.500000	0.005308
-67.466667	0.005426
-67.433333	0.005568
-67.400000	0.005730
-67.366667	0.005907
-67.333333	0.006102
-67.300000	0.006317
-67.266667	0.006542
-67.233333	0.006779
-67.200000	0.007032
-67.166667	0.007293
-67.133333	0.007543
-67.100000	0.007819
-67.066667	0.008081
-67.033333	0.008348
-67.000000	0.008612
-66.966667	0.008868
-66.933333	0.009108
-66.900000	0.009325
-66.866667	0.009516
-66.833333	0.009683
-66.800000	0.009836
-66.766667	0.009938
-66.733333	0.009985
-66.700000	0.009956
-66.666667	0.009859
-66.633333	0.009693
-66.600000	0.009444
-66.566667	0.009093
-66.533333	0.008667
-66.500000	0.008164
-66.466667	0.007577
-66.433333	0.006932
-66.400000	0.006238
-66.366667	0.005508
-66.333333	0.004750
-66.300000	0.003985
-66.266667	0.003248
-66.233333	0.002582
-66.200000	0.002020
-66.166667	0.001589
-66.133333	0.001320
-66.100000	0.001237
-66.066667	0.001373
-66.033333	0.001724
-66.000000	0.002320
-65.966667	0.003153
-65.933333	0.004221
-65.900000	0.005524
-65.866667	0.007059
-65.833333	0.008812
-65.800000	0.010755
-65.766667	0.012837
-65.733333	0.015045
-65.700000	0.017339
-65.666667	0.019694
-65.633333	0.022055
-65.600000	0.024383
-65.566667	0.026646
-65.533333	0.028809
-65.500000	0.030843
-65.466667	0.032728
-65.433333	0.034475
-65.400000	0.036059
-65.366667	0.037502
-65.333333	0.038794
-65.300000	0.039967
-65.266667	0.041042
-65.233333	0.042021
-65.200000	0.042928
-65.166667	0.043773
-65.133333	0.044558
-65.100000	0.045293
-65.066667	0.046024
-65.033333	0.046726
-65.000000	0.047469
-64.966667	0.048250
-64.933333	0.049093
-64.900000	0.050029
-64.866667	0.051094
-64.833333	0.052298
-64.800000	0.053659
-64.766667	0.055209
-64.733333	0.056970
-64.700000	0.058980
-64.666667	0.061299
-64.633333	0.063966
-64.600000	0.067063
-64.566667	0.070648
-64.533333	0.074779
-64.500000	0.079523
-64.466667	0.084949
-64.433333	0.091125
-64.400000	0.098092
-64.366667	0.105920
-64.333333	0.114634
-64.300000	0.124255
-64.266667	0.134811
-64.233333	0.146284
-64.200000	0.158669
-64.166667	0.171923
-64.133333	0.186016
-64.100000	0.200893
-64.066667	0.216472
-64.033333	0.232613
-64.000000	0.249102
-63.966667	0.265675
-63.933333	0.282015
-63.900000	0.297704
-63.866667	0.312203
-63.833333	0.324845
-63.800000	0.334852
-63.766667	0.341281
-63.733333	0.343020
-63.700000	0.338826
-63.666667	0.327327
-63.633333	0.307055
-63.600000	0.276531
-63.566667	0.234367
-63.533333	0.179404
-63.500000	0.110898
-63.466667	0.028544
-63.433333	-0.067380
-63.400000	-0.175969
-63.366667	-0.295700
-63.333333	-0.424427
-63.300000	-0.559426
-63.266667	-0.697505
-63.233333	-0.835193
-63.200000	-0.968855
-63.166667	-1.094673
-63.133333	-1.208993
-63.100000	-1.308403
-63.066667	-1.389867
-63.033333	-1.450828
-63.000000	-1.489285
-62.966667	-1.503830
-62.933333	-1.493745
-62.900000	-1.459054
-62.866667	-1.400498
-62.833333	-1.319547
-62.800000	-1.218375
-62.766667	-1.099784
-62.733333	-0.967094
-62.700000	-0.824015
-62.666667	-0.674486
-62.633333	-0.522518
-62.600000	-0.371999
-62.566667	-0.226455
-62.533333	-0.088958
-62.500000	0.038018
-62.466667	0.152581
-62.433333	0.253484
-62.400000	0.340049
-62.366667	0.412156
-62.333333	0.470185
-62.300000	0.514876
-62.266667	0.547211
-62.233333	0.568354
-62.200000	0.579576
-62.166667	0.582207
-62.133333	0.577490
-62.100000	0.566595
-62.066667	0.550603
-62.033333	0.530527
-62.000000	0.507313
-61.966667	0.481829
-61.933333	0.454861
-61.900000	0.427118
-61.866667	0.399241
-61.833333	0.371801
-61.800000	0.345318
-61.766667	0.320241
-61.733333	0.296935
-61.700000	0.275713
-61.666667	0.256834
-61.633333	0.240453
-61.600000	0.226657
-61.566667	0.215440
-61.533333	0.206676
-61.500000	0.200148
-61.466667	0.195558
-61.433333	0.192521
-61.400000	0.190631
-61.366667	0.189496
-61.333333	0.188731
-61.300000	0.187956
-61.266667	0.186850
-61.233333	0.185121
-61.200000	0.182538
-61.166667	0.178961
-61.133333	0.174391
-61.100000	0.168815
-61.066667	0.162309
-61.033333	0.155100
-61.000000	0.147437
-60.966667	0.139598
-60.933333	0.131861
-60.900000	0.124496
-60.866667	0.117729
-60.833333	0.111788
-60.800000	0.106886
-60.766667	0.103112
-60.733333	0.100475
-60.700000	0.098945
-60.666667	0.098409
-60.633333	0.098671
-60.600000	0.099474
-60.566667	0.100515
-60.533333	0.101417
-60.500000	0.101852
-60.466667	0.101495
-60.433333	0.100067
-60.400000	0.097357
-60.366667	0.093212
-60.333333	0.087545
-60.300000	0.080365
-60.266667	0.071808
-60.233333	0.062056
-60.200000	0.051366
-60.166667	0.040065
-60.133333	0.028507
-60.100000	0.017048
-60.066667	0.006089
-60.033333	-0.003963
-60.000000	-0.012827
-59.966667	-0.020207
-59.933333	-0.025859
-59.900000	-0.029607
-59.866667	-0.031355
-59.833333	-0.031034
-59.800000	-0.028684
-59.766667	-0.024425
-59.733333	-0.018490
-59.700000	-0.011121
-59.666667	-0.002662
-59.633333	0.006508
-59.600000	0.015989
-59.566667	0.025362
-59.533333	0.034211
-59.500000	0.042200
-59.466667	0.049028
-59.433333	0.054493
-59.400000	0.058494
-59.366667	0.060958
-59.333333	0.061873
-59.300000	0.061343
-59.266667	0.059535
-59.233333	0.056579
-59.200000	0.052724
-59.166667	0.048193
-59.133333	0.043206
-59.100000	0.037979
-59.066667	0.032704
-59.033333	0.027505
-59.000000	0.022487
-58.966667	0.017739
-58.933333	0.013278
-58.900000	0.009036
-58.866667	0.004924
-58.833333	0.000877
-58.800000	-0.003150
-58.766667	-0.007233
-58.733333	-0.011442
-58.700000	-0.015859
-58.666667	-0.020513
-58.633333	-0.025395
-58.600000	-0.030441
-58.566667	-0.035565
-58.533333	-0.040649
-58.500000	-0.045568
-58.466667	-0.050158
-58.433333	-0.054259
-58.400000	-0.057742
-58.366667	-0.060534
-58.333333	-0.062562
-58.300000	-0.063750
-58.266667	-0.064011
-58.233333	-0.063321
-58.200000	-0.061618
-58.166667	-0.058989
-58.133333	-0.055569
-58.100000	-0.051466
-58.066667	-0.046806
-58.033333	-0.041782
-58.000000	-0.036554
-57.966667	-0.031302
-57.933333	-0.026187
-57.900000	-0.021374
-57.866667	-0.016883
-57.833333	-0.012748
-57.800000	-0.008982
-57.766667	-0.005631
-57.733333	-0.002710
-57.700000	-0.000242
-57.666667	0.001780
-57.633333	0.003334
-57.600000	0.004402
-57.566667	0.004932
-57.533333	0.004874
-57.500000	0.004207
-57.466667	0.002969
-57.433333	0.001121
-57.400000	-0.001310
-57.366667	-0.004272
-57.333333	-0.007654
-57.300000	-0.011336
-57.266667	-0.015167
-57.233333	-0.019026
-57.200000	-0.022766
-57.166667	-0.026328
-57.133333	-0.029624
-57.100000	-0.032528
-57.066667	-0.034953
-57.033333	-0.036923
-57.000000	-0.038334
-56.966667	-0.039212
-56.933333	-0.039576
-56.900000	-0.039461
-56.866667	-0.038868
-56.833333	-0.037893
-56.800000	-0.036558
-56.766667	-0.034925
-56.733333	-0.033079
-56.700000	-0.031012
-56.666667	-0.028820
-56.633333	-0.026536
-56.600000	-0.024239
-56.566667	-0.021969
-56.533333	-0.019759
-56.500000	-0.017628
-56.466667	-0.015614
-56.433333	-0.013774
-56.400000	-0.012065
-56.366667	-0.010455
-56.333333	-0.008888
-56.300000	-0.007329
-56.266667	-0.005725
-56.233333	-0.004018
-56.200000	-0.002182
-56.166667	-0.000231
-56.133333	0.001859
-56.100000	0.004043
-56.066667	0.006240
-56.033333	0.008360
-56.000000	0.010398
-55.966667	0.012203
-55.933333	0.013657
-55.900000	0.014682
-55.866667	0.015243
-55.833333	0.015321
-55.800000	0.014896
-55.766667	0.013988
-55.733333	0.012572
-55.700000	0.010724
-55.666667	0.008458
-55.633333	0.005821
-55.600000	0.002887
-55.566667	-0.000257
-55.533333	-0.003529
-55.500000	-0.006849
-55.466667	-0.010166
-55.433333	-0.013405
-55.400000	-0.016517
-55.366667	-0.019460
-55.333333	-0.022180
-55.300000	-0.024653
-55.266667	-0.026878
-55.233333	-0.028861
-55.200000	-0.030615
-55.166667	-0.032122
-55.133333	-0.033400
-55.100000	-0.034485
-55.066667	-0.035411
-55.033333	-0.036198
-55.000000	-0.036855
-54.966667	-0.037454
-54.933333	-0.038008
-54.900000	-0.038507
-54.866667	-0.038959
-54.833333	-0.039384
-54.800000	-0.039773
-54.766667	-0.040096
-54.733333	-0.040379
-54.700000	-0.040562
-54.666667	-0.040615
-54.633333	-0.040508
-54.600000	-0.040201
-54.566667	-0.039660
-54.533333	-0.038905
-54.500000	-0.037967
-54.466667	-0.036856
-54.433333	-0.035563
-54.400000	-0.034057
-54.366667	-0.032286
-54.333333	-0.030202
-54.300000	-0.027782
-54.266667	-0.025007
-54.233333	-0.021854
-54.200000	-0.018322
-54.166667	-0.014432
-54.133333	-0.010262
-54.100000	-0.005906
-54.066667	-0.001498
-54.033333	0.002824
-54.000000	0.006914
-53.966667	0.010596
-53.933333	0.013720
-53.900000	0.016140
-53.866667	0.017770
-53.833333	0.018579
-53.800000	0.018516
-53.766667	0.017613
-53.733333	0.015859
-53.700000	0.013326
-53.666667	0.010100
-53.633333	0.006269
-53.600000	0.001935
-53.566667	-0.002778
-53.533333	-0.007755
-53.500000	-0.012855
-53.466667	-0.017899
-53.433333	-0.022745
-53.400000	-0.027230
-53.366667	-0.031223
-53.333333	-0.034600
-53.300000	-0.037271
-53.266667	-0.039166
-53.233333	-0.040265
-53.200000	-0.040611
-53.166667	-0.040271
-53.133333	-0.039332
-53.100000	-0.037897
-53.066667	-0.036073
-53.033333	-0.033970
-53.000000	-0.031699
-52.966667	-0.029341
-52.933333	-0.026964
-52.900000	-0.024590
-52.866667	-0.022223
-52.833333	-0.019870
-52.800000	-0.017563
-52.766667	-0.015282
-52.733333	-0.013054
-52.700000	-0.010840
-52.666667	-0.008638
-52.633333	-0.006459
-52.600000	-0.004321
-52.566667	-0.002216
-52.533333	-0.000114
-52.500000	0.001973
-52.466667	0.004060
-52.433333	0.006131
-52.400000	0.008170
-52.366667	0.010152
-52.333333	0.012048
-52.300000	0.013805
-52.266667	0.015355
-52.233333	0.016646
-52.200000	0.017591
-52.166667	0.018170
-52.133333	0.018362
-52.100000	0.018156
-52.066667	0.017558
-52.033333	0.016564
-52.000000	0.015169
-51.966667	0.013403
-51.933333	0.011278
-51.900000	0.008826
-51.866667	0.006058
-51.833333	0.002982
-51.800000	-0.000320
-51.766667	-0.003801
-51.733333	-0.007394
-51.700000	-0.011017
-51.666667	-0.014561
-51.633333	-0.017933
-51.600000	-0.021035
-51.566667	-0.023712
-51.533333	-0.025847
-51.500000	-0.027332
-51.466667	-0.028070
-51.433333	-0.028003
-51.400000	-0.027122
-51.366667	-0.025433
-51.333333	-0.022985
-51.300000	-0.019863
-51.266667	-0.016186
-51.233333	-0.012097
-51.200000	-0.007758
-51.166667	-0.003320
-51.133333	0.001034
-51.100000	0.005159
-51.066667	0.008872
-51.033333	0.012052
-51.000000	0.014572
-50.966667	0.016370
-50.933333	0.017393
-50.900000	0.017644
-50.866667	0.017181
-50.833333	0.016083
-50.800000	0.014484
-50.766667	0.012483
-50.733333	0.010247
-50.700000	0.007961
-50.666667	0.005762
-50.633333	0.003786
-50.600000	0.002155
-50.566667	0.000994
-50.533333	0.000371
-50.500000	0.000335
-50.466667	0.000874
-50.433333	0.001924
-50.400000	0.003381
-50.366667	0.005123
-50.333333	0.006993
-50.300000	0.008842
-50.266667	0.010572
-50.233333	0.012014
-50.200000	0.013137
-50.166667	0.013819
-50.133333	0.013986
-50.100000	0.013613
-50.066667	0.012674
-50.033333	0.011226
-50.000000	0.009298
-49.966667	0.006986
-49.933333	0.004388
-49.900000	0.001615
-49.866667	-0.001202
-49.833333	-0.003969
-49.800000	-0.006565
-49.766667	-0.008876
-49.733333	-0.010804
-49.700000	-0.012285
-49.666667	-0.013294
-49.633333	-0.013795
-49.600000	-0.013794
-49.566667	-0.013303
-49.533333	-0.012377
-49.500000	-0.011093
-49.466667	-0.009557
-49.433333	-0.007911
-49.400000	-0.006280
-49.366667	-0.004783
-49.333333	-0.003497
-49.300000	-0.002474
-49.266667	-0.001768
-49.233333	-0.001439
-49.200000	-0.001393
-49.166667	-0.001658
-49.133333	-0.002130
-49.100000	-0.002712
-49.066667	-0.003308
-49.033333	-0.003800
-49.000000	-0.004049
-48.966667	-0.003949
-48.933333	-0.003440
-48.900000	-0.002466
-48.866667	-0.000986
-48.833333	0.000985
-48.800000	0.003421
-48.766667	0.006234
-48.733333	0.009331
-48.700000	0.012609
-48.666667	0.015984
-48.633333	0.019354
-48.600000	0.022607
-48.566667	0.025642
-48.533333	0.028296
-48.500000	0.030440
-48.466667	0.031935
-48.433333	0.032632
-48.400000	0.032493
-48.366667	0.031430
-48.333333	0.029427
-48.300000	0.026482
-48.266667	0.022675
-48.233333	0.018144
-48.200000	0.013050
-48.166667	0.007548
-48.133333	0.001852
-48.100000	-0.003869
-48.066667	-0.009418
-48.033333	-0.014583
-48.000000	-0.019182
-47.966667	-0.023113
-47.933333	-0.026308
-47.900000	-0.028687
-47.866667	-0.030198
-47.833333	-0.030832
-47.800000	-0.030612
-47.766667	-0.029605
-47.733333	-0.027883
-47.700000	-0.025574
-47.666667	-0.022795
-47.633333	-0.019717
-47.600000	-0.016502
-47.566667	-0.013348
-47.533333	-0.010484
-47.500000	-0.008043
-47.466667	-0.006104
-47.433333	-0.004725
-47.400000	-0.003884
-47.366667	-0.003574
-47.333333	-0.003684
-47.300000	-0.004080
-47.266667	-0.004585
-47.233333	-0.005056
-47.200000	-0.005370
-47.166667	-0.005401
-47.133333	-0.005040
-47.100000	-0.004235
-47.066667	-0.002986
-47.033333	-0.001282
-47.000000	0.000881
-46.966667	0.003401
-46.933333	0.006169
-46.900000	0.009084
-46.866667	0.012033
-46.833333	0.014815
-46.800000	0.017304
-46.766667	0.019307
-46.733333	0.020643
-46.700000	0.021164
-46.666667	0.020743
-46.633333	0.019252
-46.600000	0.016670
-46.566667	0.012988
-46.533333	0.008315
-46.500000	0.002857
-46.466667	-0.003129
-46.433333	-0.009398
-46.400000	-0.015668
-46.366667	-0.021609
-46.333333	-0.026940
-46.300000	-0.031412
-46.266667	-0.034868
-46.233333	-0.037234
-46.200000	-0.038492
-46.166667	-0.038652
-46.133333	-0.037770
-46.100000	-0.035971
-46.066667	-0.033414
-46.033333	-0.030227
-46.000000	-0.026577
-45.966667	-0.022680
-45.933333	-0.018696
-45.900000	-0.014784
-45.866667	-0.011105
-45.833333	-0.007830
-45.800000	-0.005059
-45.766667	-0.002936
-45.733333	-0.001517
-45.700000	-0.000836
-45.666667	-0.000895
-45.633333	-0.001620
-45.600000	-0.002940
-45.566667	-0.004746
-45.533333	-0.006872
-45.500000	-0.009158
-45.466667	-0.011444
-45.433333	-0.013566
-45.400000	-0.015370
-45.366667	-0.016717
-45.333333	-0.017566
-45.300000	-0.017892
-45.266667	-0.017719
-45.233333	-0.017046
-45.200000	-0.015904
-45.166667	-0.014336
-45.133333	-0.012430
-45.100000	-0.010257
-45.066667	-0.007955
-45.033333	-0.005601
-45.000000	-0.003332
-44.966667	-0.001209
-44.933333	0.000645
-44.900000	0.002153
-44.866667	0.003255
-44.833333	0.003888
-44.800000	0.003988
-44.766667	0.003602
-44.733333	0.002730
-44.700000	0.001435
-44.666667	-0.000214
-44.633333	-0.002146
-44.600000	-0.004302
-44.566667	-0.006544
-44.533333	-0.008770
-44.500000	-0.010885
-44.466667	-0.012789
-44.433333	-0.014397
-44.400000	-0.015649
-44.366667	-0.016514
-44.333333	-0.016975
-44.300000	-0.017029
-44.266667	-0.016683
-44.233333	-0.015958
-44.200000	-0.014912
-44.166667	-0.013616
-44.133333	-0.012185
-44.100000	-0.010686
-44.066667	-0.009248
-44.033333	-0.007945
-44.000000	-0.006842
-43.966667	-0.005960
-43.933333	-0.005375
-43.900000	-0.005058
-43.866667	-0.004988
-43.833333	-0.005136
-43.800000	-0.005426
-43.766667	-0.005734
-43.733333	-0.006007
-43.700000	-0.006115
-43.666667	-0.005983
-43.633333	-0.005537
-43.600000	-0.004728
-43.566667	-0.003534
-43.533333	-0.001968
-43.500000	-0.000057
-43.466667	0.002150
-43.433333	0.004570
-43.400000	0.007098
-43.366667	0.009646
-43.333333	0.012146
-43.300000	0.014511
-43.266667	0.016662
-43.233333	0.018519
-43.200000	0.019988
-43.166667	0.020994
-43.133333	0.021475
-43.100000	0.021390
-43.066667	0.020676
-43.033333	0.019293
-43.000000	0.017227
-42.966667	0.014518
-42.933333	0.011240
-42.900000	0.007527
-42.866667	0.003509
-42.833333	-0.000674
-42.800000	-0.004881
-42.766667	-0.008977
-42.733333	-0.012815
-42.700000	-0.016330
-42.666667	-0.019422
-42.633333	-0.022062
-42.600000	-0.024236
-42.566667	-0.025957
-42.533333	-0.027247
-42.500000	-0.028147
-42.466667	-0.028731
-42.433333	-0.028992
-42.400000	-0.029002
-42.366667	-0.028736
-42.333333	-0.028195
-42.300000	-0.027400
-42.266667	-0.026371
-42.233333	-0.025122
-42.200000	-0.023681
-42.166667	-0.022063
-42.133333	-0.020305
-42.100000	-0.018479
-42.066667	-0.016650
-42.033333	-0.014852
-42.000000	-0.013101
-41.966667	-0.011381
-41.933333	-0.009710
-41.900000	-0.008086
-41.866667	-0.006521
-41.833333	-0.005020
-41.800000	-0.003576
-41.766667	-0.002191
-41.733333	-0.000899
-41.700000	0.000227
-41.666667	0.001183
-41.633333	0.001912
-41.600000	0.002420
-41.566667	0.002697
-41.533333	0.002725
-41.500000	0.002493
-41.466667	0.002017
-41.433333	0.001347
-41.400000	0.000447
-41.366667	-0.000604
-41.333333	-0.001824
-41.300000	-0.003196
-41.266667	-0.004699
-41.233333	-0.006314
-41.200000	-0.008016
-41.166667	-0.009775
-41.133333	-0.011564
-41.100000	-0.013339
-41.066667	-0.015034
-41.033333	-0.016585
-41.000000	-0.017939
-40.966667	-0.019082
-40.933333	-0.019952
-40.900000	-0.020549
-40.866667	-0.020880
-40.833333	-0.020962
-40.800000	-0.020806
-40.766667	-0.020449
-40.733333	-0.019921
-40.700000	-0.019280
-40.666667	-0.018529
-40.633333	-0.017668
-40.600000	-0.016711
-40.566667	-0.015686
-40.533333	-0.014623
-40.500000	-0.013540
-40.466667	-0.012458
-40.433333	-0.011404
-40.400000	-0.010395
-40.366667	-0.009446
-40.333333	-0.008601
-40.300000	-0.007855
-40.266667	-0.007215
-40.233333	-0.006678
-40.200000	-0.006222
-40.166667	-0.005823
-40.133333	-0.005440
-40.100000	-0.005017
-40.066667	-0.004510
-40.033333	-0.003916
-40.000000	-0.003257
-39.966667	-0.002557
-39.933333	-0.001807
-39.900000	-0.001105
-39.866667	-0.000426
-39.833333	0.000198
-39.800000	0.000745
-39.766667	0.001202
-39.733333	0.001566
-39.700000	0.001819
-39.666667	0.002011
-39.633333	0.002134
-39.600000	0.002181
-39.566667	0.002149
-39.533333	0.002019
-39.500000	0.001791
-39.466667	0.001475
-39.433333	0.001072
-39.400000	0.000579
-39.366667	-0.000005
-39.333333	-0.000644
-39.300000	-0.001344
-39.266667	-0.002051
-39.233333	-0.002749
-39.200000	-0.003426
-39.166667	-0.004070
-39.133333	-0.004679
-39.100000	-0.005247
-39.066667	-0.005788
-39.033333	-0.006327
-39.000000	-0.006885
-38.966667	-0.007471
-38.933333	-0.008105
-38.900000	-0.008806
-38.866667	-0.009536
-38.833333	-0.010323
-38.800000	-0.011132
-38.766667	-0.011950
-38.733333	-0.012726
-38.700000	-0.013439
-38.666667	-0.014057
-38.633333	-0.014562
-38.600000	-0.014931
-38.566667	-0.015135
-38.533333	-0.015135
-38.500000	-0.014883
-38.466667	-0.014335
-38.433333	-0.013479
-38.400000	-0.012320
-38.366667	-0.010856
-38.333333	-0.009098
-38.300000	-0.007105
-38.266667	-0.004900
-38.233333	-0.002612
-38.200000	-0.000293
-38.166667	0.002002
-38.133333	0.004259
-38.100000	0.006469
-38.066667	0.008615
-38.033333	0.010689
-38.000000	0.012675
-37.966667	0.014552
-37.933333	0.016305
-37.900000	0.017922
-37.866667	0.019380
-37.833333	0.020616
-37.800000	0.021625
-37.766667	0.022343
-37.733333	0.022757
-37.700000	0.022842
-37.666667	0.022620
-37.633333	0.022073
-37.600000	0.021222
-37.566667	0.020095
-37.533333	0.018752
-37.500000	0.017190
-37.466667	0.015462
-37.433333	0.013565
-37.400000	0.011510
-37.366667	0.009336
-37.333333	0.007063
-37.300000	0.004712
-37.266667	0.002332
-37.233333	-0.000043
-37.200000	-0.002329
-37.166667	-0.004430
-37.133333	-0.006267
-37.100000	-0.007784
-37.066667	-0.008913
-37.033333	-0.009617
-37.000000	-0.009881
-36.966667	-0.009676
-36.933333	-0.009016
-36.900000	-0.007926
-36.866667	-0.006461
-36.833333	-0.004677
-36.800000	-0.002559
-36.766667	-0.000233
-36.733333	0.002308
-36.700000	0.004999
-36.666667	0.007771
-36.633333	0.010528
-36.600000	0.013221
-36.566667	0.015782
-36.533333	0.018152
-36.500000	0.020253
-36.466667	0.022086
-36.433333	0.023584
-36.400000	0.024707
-36.366667	0.025427
-36.333333	0.025712
-36.300000	0.025569
-36.266667	0.025028
-36.233333	0.024106
-36.200000	0.022854
-36.166667	0.021343
-36.133333	0.019607
-36.100000	0.017730
-36.066667	0.015797
-36.033333	0.013863
-36.000000	0.011981
-35.966667	0.010213
-35.933333	0.008579
-35.900000	0.007126
-35.866667	0.005883
-35.833333	0.004881
-35.800000	0.004137
-35.766667	0.003614
-35.733333	0.003339
-35.700000	0.003236
-35.666667	0.003277
-35.633333	0.003421
-35.600000	0.003629
-35.566667	0.003862
-35.533333	0.004086
-35.500000	0.004273
-35.466667	0.004390
-35.433333	0.004392
-35.400000	0.004255
-35.366667	0.003989
-35.333333	0.003624
-35.300000	0.003209
-35.266667	0.002793
-35.233333	0.002437
-35.200000	0.002194
-35.166667	0.002120
-35.133333	0.002293
-35.100000	0.002711
-35.066667	0.003426
-35.033333	0.004380
-35.000000	0.005541
-34.966667	0.006917
-34.933333	0.008458
-34.900000	0.010122
-34.866667	0.011879
-34.833333	0.013650
-34.800000	0.015345
-34.766667	0.016875
-34.733333	0.018155
-34.700000	0.019105
-34.666667	0.019713
-34.633333	0.019949
-34.600000	0.019809
-34.566667	0.019307
-34.533333	0.018479
-34.500000	0.017377
-34.466667	0.016080
-34.433333	0.014675
-34.400000	0.013235
-34.366667	0.011855
-34.333333	0.010630
-34.300000	0.009621
-34.266667	0.008862
-34.233333	0.008369
-34.200000	0.008133
-34.166667	0.008142
-34.133333	0.008394
-34.100000	0.008817
-34.066667	0.009399
-34.033333	0.010023
-34.000000	0.010680
-33.966667	0.011276
-33.933333	0.011743
-33.900000	0.011996
-33.866667	0.011974
-33.833333	0.011594
-33.800000	0.010824
-33.766667	0.009606
-33.733333	0.007956
-33.700000	0.005901
-33.666667	0.003519
-33.633333	0.000841
-33.600000	-0.002005
-33.566667	-0.004927
-33.533333	-0.007782
-33.500000	-0.010460
-33.466667	-0.012866
-33.433333	-0.014932
-33.400000	-0.016618
-33.366667	-0.017878
-33.333333	-0.018705
-33.300000	-0.019134
-33.266667	-0.019221
-33.233333	-0.019000
-33.200000	-0.018495
-33.166667	-0.017722
-33.133333	-0.016702
-33.100000	-0.015493
-33.066667	-0.014155
-33.033333	-0.012750
-33.000000	-0.011307
-32.966667	-0.009899
-32.933333	-0.008519
-32.900000	-0.007229
-32.866667	-0.006035
-32.833333	-0.004945
-32.800000	-0.003976
-32.766667	-0.003140
-32.733333	-0.002373
-32.700000	-0.001684
-32.666667	-0.001066
-32.633333	-0.000515
-32.600000	0.000005
-32.566667	0.000470
-32.533333	0.000898
-32.500000	0.001274
-32.466667	0.001595
-32.433333	0.001825
-32.400000	0.001952
-32.366667	0.001964
-32.333333	0.001853
-32.300000	0.001586
-32.266667	0.001168
-32.233333	0.000616
-32.200000	-0.000051
-32.166667	-0.000846
-32.133333	-0.001751
-32.100000	-0.002759
-32.066667	-0.003844
-32.033333	-0.004980
-32.000000	-0.006145
-31.966667	-0.007315
-31.933333	-0.008458
-31.900000	-0.009541
-31.866667	-0.010521
-31.833333	-0.011361
-31.800000	-0.012050
-31.766667	-0.012500
-31.733333	-0.012736
-31.700000	-0.012734
-31.666667	-0.012498
-31.633333	-0.012009
-31.600000	-0.011257
-31.566667	-0.010240
-31.533333	-0.008951
-31.500000	-0.007400
-31.466667	-0.005633
-31.433333	-0.003699
-31.400000	-0.001621
-31.366667	0.000561
-31.333333	0.002812
-31.300000	0.005060
-31.266667	0.007287
-31.233333	0.009453
-31.200000	0.011513
-31.166667	0.013431
-31.133333	0.015201
-31.100000	0.016798
-31.066667	0.018201
-31.033333	0.019388
-31.000000	0.020356
-30.966667	0.021085
-30.933333	0.021618
-30.900000	0.021948
-30.866667	0.022092
-30.833333	0.022077
-30.800000	0.021891
-30.766667	0.021574
-30.733333	0.021086
-30.700000	0.020475
-30.666667	0.019725
-30.633333	0.018855
-30.600000	0.017868
-30.566667	0.016763
-30.533333	0.015517
-30.500000	0.014113
-30.466667	0.012543
-30.433333	0.010828
-30.400000	0.009010
-30.366667	0.007138
-30.333333	0.005264
-30.300000	0.003425
-30.266667	0.001652
-30.233333	-0.000036
-30.200000	-0.001617
-30.166667	-0.003079
-30.133333	-0.004402
-30.100000	-0.005594
-30.066667	-0.006668
-30.033333	-0.007617
-30.000000	-0.008429
-29.966667	-0.009113
-29.933333	-0.009632
-29.900000	-0.010022
-29.866667	-0.010271
-29.833333	-0.010396
-29.800000	-0.010425
-29.766667	-0.010356
-29.733333	-0.010213
-29.700000	-0.010024
-29.666667	-0.009793
-29.633333	-0.009544
-29.600000	-0.009267
-29.566667	-0.008981
-29.533333	-0.008705
-29.500000	-0.008415
-29.466667	-0.008092
-29.433333	-0.007701
-29.400000	-0.007223
-29.366667	-0.006648
-29.333333	-0.005975
-29.300000	-0.005230
-29.266667	-0.004447
-29.233333	-0.003628
-29.200000	-0.002790
-29.166667	-0.001962
-29.133333	-0.001150
-29.100000	-0.000387
-29.066667	0.000310
-29.033333	0.000944
-29.000000	0.001511
-28.966667	0.002000
-28.933333	0.002404
-28.900000	0.002716
-28.866667	0.002921
-28.833333	0.003012
-28.800000	0.002990
-28.766667	0.002841
-28.733333	0.002557
-28.700000	0.002126
-28.666667	0.001572
-28.633333	0.000888
-28.600000	0.000095
-28.566667	-0.000828
-28.533333	-0.001882
-28.500000	-0.003052
-28.466667	-0.004344
-28.433333	-0.005750
-28.400000	-0.007271
-28.366667	-0.008891
-28.333333	-0.010603
-28.300000	-0.012392
-28.266667	-0.014230
-28.233333	-0.016097
-28.200000	-0.017983
-28.166667	-0.019821
-28.133333	-0.021591
-28.100000	-0.023261
-28.066667	-0.024778
-28.033333	-0.026106
-28.000000	-0.027213
-27.966667	-0.028067
-27.933333	-0.028641
-27.900000	-0.028927
-27.866667	-0.028929
-27.833333	-0.028655
-27.800000	-0.028124
-27.766667	-0.027322
-27.733333	-0.026300
-27.700000	-0.025069
-27.666667	-0.023650
-27.633333	-0.022082
-27.600000	-0.020410
-27.566667	-0.018684
-27.533333	-0.016949
-27.500000	-0.015249
-27.466667	-0.013620
-27.433333	-0.012095
-27.400000	-0.010698
-27.366667	-0.009465
-27.333333	-0.008413
-27.300000	-0.007551
-27.266667	-0.006887
-27.233333	-0.006424
-27.200000	-0.006138
-27.166667	-0.005975
-27.133333	-0.005927
-27.100000	-0.005982
-27.066667	-0.006108
-27.033333	-0.006327
-27.000000	-0.006637
-26.966667	-0.007038
-26.933333	-0.007553
-26.900000	-0.008148
-26.866667	-0.008862
-26.833333	-0.009677
-26.800000	-0.010592
-26.766667	-0.011522
-26.733333	-0.012507
-26.700000	-0.013481
-26.666667	-0.014445
-26.633333	-0.015391
-26.600000	-0.016306
-26.566667	-0.017169
-26.533333	-0.017957
-26.500000	-0.018648
-26.466667	-0.019224
-26.433333	-0.019676
-26.400000	-0.020011
-26.366667	-0.020222
-26.333333	-0.020287
-26.300000	-0.020224
-26.266667	-0.020002
-26.233333	-0.019611
-26.200000	-0.019031
-26.166667	-0.018266
-26.133333	-0.017351
-26.100000	-0.016299
-26.066667	-0.015138
-26.033333	-0.013887
-26.000000	-0.012547
-25.966667	-0.011123
-25.933333	-0.009618
-25.900000	-0.008010
-25.866667	-0.006348
-25.833333	-0.004637
-25.800000	-0.002876
-25.766667	-0.001074
-25.733333	0.000693
-25.700000	0.002401
-25.666667	0.003979
-25.633333	0.005394
-25.600000	0.006630
-25.566667	0.007668
-25.533333	0.008494
-25.500000	0.009092
-25.466667	0.009441
-25.433333	0.009536
-25.400000	0.009388
-25.366667	0.009029
-25.333333	0.008484
-25.300000	0.007778
-25.266667	0.006973
-25.233333	0.006093
-25.200000	0.005169
-25.166667	0.004208
-25.133333	0.003230
-25.100000	0.002284
-25.066667	0.001391
-25.033333	0.000603
-25.000000	-0.000066
-24.966667	-0.000604
-24.933333	-0.001015
-24.900000	-0.001300
-24.866667	-0.001464
-24.833333	-0.001588
-24.800000	-0.001640
-24.766667	-0.001695
-24.733333	-0.001786
-24.700000	-0.001942
-24.666667	-0.002188
-24.633333	-0.002523
-24.600000	-0.002952
-24.566667	-0.003488
-24.533333	-0.004134
-24.500000	-0.004912
-24.466667	-0.005816
-24.433333	-0.006840
-24.400000	-0.007970
-24.366667	-0.009203
-24.333333	-0.010526
-24.300000	-0.011932
-24.266667	-0.013417
-24.233333	-0.014983
-24.200000	-0.016624
-24.166667	-0.018326
-24.133333	-0.020063
-24.100000	-0.021799
-24.066667	-0.023500
-24.033333	-0.025150
-24.000000	-0.026729
-23.966667	-0.028210
-23.933333	-0.029573
-23.900000	-0.030794
-23.866667	-0.031867
-23.833333	-0.032810
-23.800000	-0.033575
-23.766667	-0.034197
-23.733333	-0.034666
-23.700000	-0.034975
-23.666667	-0.035128
-23.633333	-0.035184
-23.600000	-0.035148
-23.566667	-0.035057
-23.533333	-0.034912
-23.500000	-0.034773
-23.466667	-0.034613
-23.433333	-0.034452
-23.400000	-0.034272
-23.366667	-0.034093
-23.333333	-0.033927
-23.300000	-0.033794
-23.266667	-0.033697
-23.233333	-0.033639
-23.200000	-0.033608
-23.166667	-0.033615
-23.133333	-0.033616
-23.100000	-0.033605
-23.066667	-0.033579
-23.033333	-0.033485
-23.000000	-0.033361
-22.966667	-0.033122
-22.933333	-0.032811
-22.900000	-0.032396
-22.866667	-0.031863
-22.833333	-0.031236
-22.800000	-0.030529
-22.766667	-0.029728
-22.733333	-0.028887
-22.700000	-0.028017
-22.666667	-0.027144
-22.633333	-0.026313
-22.600000	-0.025493
-22.566667	-0.024697
-22.533333	-0.023869
-22.500000	-0.023000
-22.466667	-0.022020
-22.433333	-0.020916
-22.400000	-0.019666
-22.366667	-0.018268
-22.333333	-0.016690
-22.300000	-0.014912
-22.266667	-0.012927
-22.233333	-0.010731
-22.200000	-0.008320
-22.166667	-0.005713
-22.133333	-0.002906
-22.100000	0.000045
-22.066667	0.003107
-22.033333	0.006256
-22.000000	0.009413
-21.966667	0.012586
-21.933333	0.015636
-21.900000	0.018547
-21.866667	0.021274
-21.833333	0.023750
-21.800000	0.025953
-21.766667	0.027855
-21.733333	0.029375
-21.700000	0.030517
-21.666667	0.031256
-21.633333	0.031594
-21.600000	0.031562
-21.566667	0.031194
-21.533333	0.030560
-21.500000	0.029683
-21.466667	0.028587
-21.433333	0.027380
-21.400000	0.026104
-21.366667	0.024799
-21.333333	0.023539
-21.300000	0.022366
-21.266667	0.021301
-21.233333	0.020375
-21.200000	0.019629
-21.166667	0.019041
-21.133333	0.018602
-21.100000	0.018338
-21.066667	0.018194
-21.033333	0.018175
-21.000000	0.018268
-20.966667	0.018452
-20.933333	0.018716
-20.900000	0.019073
-20.866667	0.019547
-20.833333	0.020115
-20.800000	0.020770
-20.766667	0.021470
-20.733333	0.022211
-20.700000	0.022979
-20.666667	0.023769
-20.633333	0.024583
-20.600000	0.025422
-20.566667	0.026282
-20.533333	0.027190
-20.500000	0.028133
-20.466667	0.029132
-20.433333	0.030220
-20.400000	0.031335
-20.366667	0.032463
-20.333333	0.033600
-20.300000	0.034711
-20.266667	0.035769
-20.233333	0.036756
-20.200000	0.037634
-20.166667	0.038367
-20.133333	0.038920
-20.100000	0.039288
-20.066667	0.039419
-20.033333	0.039337
-20.000000	0.039041
-19.966667	0.038544
-19.933333	0.037871
-19.900000	0.037053
-19.866667	0.036119
-19.833333	0.035103
-19.800000	0.034041
-19.766667	0.032968
-19.733333	0.031949
-19.700000	0.031019
-19.666667	0.030236
-19.633333	0.029620
-19.600000	0.029205
-19.566667	0.029009
-19.533333	0.029018
-19.500000	0.029217
-19.466667	0.029604
-19.433333	0.030148
-19.400000	0.030809
-19.366667	0.031537
-19.333333	0.032269
-19.300000	0.032949
-19.266667	0.033518
-19.233333	0.033910
-19.200000	0.034091
-19.166667	0.034059
-19.133333	0.033766
-19.100000	0.033239
-19.066667	0.032483
-19.033333	0.031520
-19.000000	0.030402
-18.966667	0.029179
-18.933333	0.027914
-18.900000	0.026669
-18.866667	0.025507
-18.833333	0.024499
-18.800000	0.023708
-18.766667	0.023151
-18.733333	0.022871
-18.700000	0.022896
-18.666667	0.023246
-18.633333	0.023858
-18.600000	0.024749
-18.566667	0.025853
-18.533333	0.027108
-18.500000	0.028473
-18.466667	0.029868
-18.433333	0.031203
-18.400000	0.032398
-18.366667	0.033368
-18.333333	0.034031
-18.300000	0.034350
-18.266667	0.034304
-18.233333	0.033912
-18.200000	0.033222
-18.166667	0.032258
-18.133333	0.031038
-18.100000	0.029642
-18.066667	0.028122
-18.033333	0.026541
-18.000000	0.024930
-17.966667	0.023368
-17.933333	0.021851
-17.900000	0.020410
-17.866667	0.019068
-17.833333	0.017825
-17.800000	0.016665
-17.766667	0.015561
-17.733333	0.014537
-17.700000	0.013581
-17.666667	0.012676
-17.633333	0.011774
-17.600000	0.010865
-17.566667	0.009873
-17.533333	0.008761
-17.500000	0.007509
-17.466667	0.006088
-17.433333	0.004506
-17.400000	0.002768
-17.366667	0.000890
-17.333333	-0.001091
-17.300000	-0.003116
-17.266667	-0.005127
-17.233333	-0.007050
-17.200000	-0.008820
-17.166667	-0.010397
-17.133333	-0.011709
-17.100000	-0.012707
-17.066667	-0.013382
-17.033333	-0.013715
-17.000000	-0.013680
-16.966667	-0.013258
-16.933333	-0.012528
-16.900000	-0.011493
-16.866667	-0.010200
-16.833333	-0.008696
-16.800000	-0.007004
-16.766667	-0.005196
-16.733333	-0.003277
-16.700000	-0.001304
-16.666667	0.000670
-16.633333	0.002569
-16.600000	0.004352
-16.566667	0.005973
-16.533333	0.007372
-16.500000	0.008513
-16.466667	0.009346
-16.433333	0.009856
-16.400000	0.010045
-16.366667	0.009929
-16.333333	0.009530
-16.300000	0.008881
-16.266667	0.008017
-16.233333	0.006979
-16.200000	0.005802
-16.166667	0.004555
-16.133333	0.003262
-16.100000	0.001961
-16.066667	0.000686
-16.033333	-0.000517
-16.000000	-0.001614
-15.966667	-0.002609
-15.933333	-0.003497
-15.900000	-0.004261
-15.866667	-0.004896
-15.833333	-0.005393
-15.800000	-0.005756
-15.766667	-0.006011
-15.733333	-0.006125
-15.700000	-0.006143
-15.666667	-0.006077
-15.633333	-0.005946
-15.600000	-0.005749
-15.566667	-0.005515
-15.533333	-0.005264
-15.500000	-0.004997
-15.466667	-0.004705
-15.433333	-0.004387
-15.400000	-0.004060
-15.366667	-0.003671
-15.333333	-0.003241
-15.300000	-0.002791
-15.266667	-0.002289
-15.233333	-0.001765
-15.200000	-0.001217
-15.166667	-0.000645
-15.133333	-0.000090
-15.100000	0.000455
-15.066667	0.000960
-15.033333	0.001422
-15.000000	0.001844
-14.966667	0.002230
-14.933333	0.002530
-14.900000	0.002730
-14.866667	0.002821
-14.833333	0.002786
-14.800000	0.002602
-14.766667	0.002296
-14.733333	0.001849
-14.700000	0.001259
-14.666667	0.000535
-14.633333	-0.000305
-14.600000	-0.001255
-14.566667	-0.002293
-14.533333	-0.003394
-14.500000	-0.004532
-14.466667	-0.005677
-14.433333	-0.006811
-14.400000	-0.007898
-14.366667	-0.008872
-14.333333	-0.009763
-14.300000	-0.010529
-14.266667	-0.011155
-14.233333	-0.011677
-14.200000	-0.012081
-14.166667	-0.012390
-14.133333	-0.012593
-14.100000	-0.012687
-14.066667	-0.012681
-14.033333	-0.012560
-14.000000	-0.012320
-13.966667	-0.011973
-13.933333	-0.011553
-13.900000	-0.011041
-13.866667	-0.010461
-13.833333	-0.009849
-13.800000	-0.009235
-13.766667	-0.008611
-13.733333	-0.007989
-13.700000	-0.007382
-13.666667	-0.006811
-13.633333	-0.006240
-13.600000	-0.005705
-13.566667	-0.005177
-13.533333	-0.004656
-13.500000	-0.004143
-13.466667	-0.003640
-13.433333	-0.003159
-13.400000	-0.002714
-13.366667	-0.002319
-13.333333	-0.001985
-13.300000	-0.001720
-13.266667	-0.001544
-13.233333	-0.001449
-13.200000	-0.001447
-13.166667	-0.001532
-13.133333	-0.001678
-13.100000	-0.001885
-13.066667	-0.002153
-13.033333	-0.002467
-13.000000	-0.002827
-12.966667	-0.003232
-12.933333	-0.003676
-12.900000	-0.004167
-12.866667	-0.004705
-12.833333	-0.005285
-12.800000	-0.005895
-12.766667	-0.006508
-12.733333	-0.007118
-12.700000	-0.007723
-12.666667	-0.008306
-12.633333	-0.008837
-12.600000	-0.009369
-12.566667	-0.009872
-12.533333	-0.010343
-12.500000	-0.010789
-12.466667	-0.011212
-12.433333	-0.011618
-12.400000	-0.012003
-12.366667	-0.012367
-12.333333	-0.012703
-12.300000	-0.013009
-12.266667	-0.013285
-12.233333	-0.013541
-12.200000	-0.013789
-12.166667	-0.014013
-12.133333	-0.014221
-12.100000	-0.014410
-12.066667	-0.014579
-12.033333	-0.014728
-12.000000	-0.014854
-11.966667	-0.014954
-11.933333	-0.015025
-11.900000	-0.015067
-11.866667	-0.015071
-11.833333	-0.015038
-11.800000	-0.014969
-11.766667	-0.014858
-11.733333	-0.014693
-11.700000	-0.014481
-11.666667	-0.014222
-11.633333	-0.013924
-11.600000	-0.013587
-11.566667	-0.013190
-11.533333	-0.012728
-11.500000	-0.012210
-11.466667	-0.011632
-11.433333	-0.011023
-11.400000	-0.010373
-11.366667	-0.009709
-11.333333	-0.009046
-11.300000	-0.008410
-11.266667	-0.007828
-11.233333	-0.007328
-11.200000	-0.006928
-11.166667	-0.006643
-11.133333	-0.006504
-11.100000	-0.006513
-11.066667	-0.006674
-11.033333	-0.006984
-11.000000	-0.007432
-10.966667	-0.008011
-10.933333	-0.008725
-10.900000	-0.009559
-10.866667	-0.010488
-10.833333	-0.011487
-10.800000	-0.012521
-10.766667	-0.013554
-10.733333	-0.014559
-10.700000	-0.015511
-10.666667	-0.016342
-10.633333	-0.017031
-10.600000	-0.017537
-10.566667	-0.017837
-10.533333	-0.017912
-10.500000	-0.017757
-10.466667	-0.017384
-10.433333	-0.016817
-10.400000	-0.016046
-10.366667	-0.015114
-10.333333	-0.014053
-10.300000	-0.012901
-10.266667	-0.011701
-10.233333	-0.010496
-10.200000	-0.009327
-10.166667	-0.008237
-10.133333	-0.007261
-10.100000	-0.006423
-10.066667	-0.005751
-10.033333	-0.005266
-10.000000	-0.004983
-9.966667	-0.004917
-9.933333	-0.005070
-9.900000	-0.005419
-9.866667	-0.005943
-9.833333	-0.006624
-9.800000	-0.007443
-9.766667	-0.008331
-9.733333	-0.009255
-9.700000	-0.010125
-9.666667	-0.010858
-9.633333	-0.011439
-9.600000	-0.011829
-9.566667	-0.012021
-9.533333	-0.012005
-9.500000	-0.011798
-9.466667	-0.011403
-9.433333	-0.010873
-9.400000	-0.010243
-9.366667	-0.009557
-9.333333	-0.008871
-9.300000	-0.008226
-9.266667	-0.007671
-9.233333	-0.007240
-9.200000	-0.006947
-9.166667	-0.006798
-9.133333	-0.006778
-9.100000	-0.006884
-9.066667	-0.007123
-9.033333	-0.007472
-9.000000	-0.007917
-8.966667	-0.008435
-8.933333	-0.009005
-8.900000	-0.009602
-8.866667	-0.010206
-8.833333	-0.010793
-8.800000	-0.011331
-8.766667	-0.011772
-8.733333	-0.012122
-8.700000	-0.012347
-8.666667	-0.012455
-8.633333	-0.012487
-8.600000	-0.012445
-8.566667	-0.012366
-8.533333	-0.012272
-8.500000	-0.012228
-8.466667	-0.012258
-8.433333	-0.012424
-8.400000	-0.012722
-8.366667	-0.013160
-8.333333	-0.013744
-8.300000	-0.014459
-8.266667	-0.015295
-8.233333	-0.016207
-8.200000	-0.017136
-8.166667	-0.018042
-8.133333	-0.018898
-8.100000	-0.019687
-8.066667	-0.020382
-8.033333	-0.020939
-8.000000	-0.021328
-7.966667	-0.021517
-7.933333	-0.021494
-7.900000	-0.021251
-7.866667	-0.020792
-7.833333	-0.020126
-7.800000	-0.019278
-7.766667	-0.018261
-7.733333	-0.017085
-7.700000	-0.015777
-7.666667	-0.014342
-7.633333	-0.012825
-7.600000	-0.011279
-7.566667	-0.009754
-7.533333	-0.008303
-7.500000	-0.006989
-7.466667	-0.005819
-7.433333	-0.004840
-7.400000	-0.004076
-7.366667	-0.003548
-7.333333	-0.003268
-7.300000	-0.003249
-7.266667	-0.003479
-7.233333	-0.003940
-7.200000	-0.004622
-7.166667	-0.005522
-7.133333	-0.006622
-7.100000	-0.007885
-7.066667	-0.009269
-7.033333	-0.010735
-7.000000	-0.012249
-6.966667	-0.013761
-6.933333	-0.015234
-6.900000	-0.016625
-6.866667	-0.017910
-6.833333	-0.019029
-6.800000	-0.019973
-6.766667	-0.020711
-6.733333	-0.021248
-6.700000	-0.021554
-6.666667	-0.021671
-6.633333	-0.021619
-6.600000	-0.021411
-6.566667	-0.021113
-6.533333	-0.020698
-6.500000	-0.020209
-6.466667	-0.019653
-6.433333	-0.019027
-6.400000	-0.018358
-6.366667	-0.017632
-6.333333	-0.016841
-6.300000	-0.015988
-6.266667	-0.015072
-6.233333	-0.014143
-6.200000	-0.013219
-6.166667	-0.012274
-6.133333	-0.011335
-6.100000	-0.010388
-6.066667	-0.009432
-6.033333	-0.008479
-6.000000	-0.007543
-5.966667	-0.006626
-5.933333	-0.005740
-5.900000	-0.004867
-5.866667	-0.004056
-5.833333	-0.003303
-5.800000	-0.002659
-5.766667	-0.002125
-5.733333	-0.001706
-5.700000	-0.001417
-5.666667	-0.001286
-5.633333	-0.001286
-5.600000	-0.001439
-5.566667	-0.001761
-5.533333	-0.002198
-5.500000	-0.002775
-5.466667	-0.003443
-5.433333	-0.004168
-5.400000	-0.004978
-5.366667	-0.005784
-5.333333	-0.006597
-5.300000	-0.007393
-5.266667	-0.008173
-5.233333	-0.008933
-5.200000	-0.009634
-5.166667	-0.010248
-5.133333	-0.010802
-5.100000	-0.011267
-5.066667	-0.011643
-5.033333	-0.011942
-5.000000	-0.012183
-4.966667	-0.012356
-4.933333	-0.012459
-4.900000	-0.012511
-4.866667	-0.012550
-4.833333	-0.012562
-4.800000	-0.012560
-4.766667	-0.012549
-4.733333	-0.012540
-4.700000	-0.012547
-4.666667	-0.012539
-4.633333	-0.012540
-4.600000	-0.012554
-4.566667	-0.012590
-4.533333	-0.012627
-4.500000	-0.012657
-4.466667	-0.012677
-4.433333	-0.012696
-4.400000	-0.012709
-4.366667	-0.012685
-4.333333	-0.012663
-4.300000	-0.012623
-4.266667	-0.012580
-4.233333	-0.012529
-4.200000	-0.012470
-4.166667	-0.012411
-4.133333	-0.012357
-4.100000	-0.012287
-4.066667	-0.012209
-4.033333	-0.012134
-4.000000	-0.012070
-3.966667	-0.012010
-3.933333	-0.011969
-3.900000	-0.011955
-3.866667	-0.011955
-3.833333	-0.011982
-3.800000	-0.012053
-3.766667	-0.012163
-3.733333	-0.012307
-3.700000	-0.012455
-3.666667	-0.012626
-3.633333	-0.012822
-3.600000	-0.013042
-3.566667	-0.013280
-3.533333	-0.013526
-3.500000	-0.013790
-3.466667	-0.014066
-3.433333	-0.014366
-3.400000	-0.014677
-3.366667	-0.015017
-3.333333	-0.015368
-3.300000	-0.015736
-3.266667	-0.016109
-3.233333	-0.016484
-3.200000	-0.016858
-3.166667	-0.017232
-3.133333	-0.017594
-3.100000	-0.017937
-3.066667	-0.018276
-3.033333	-0.018602
-3.000000	-0.018923
-2.966667	-0.019238
-2.933333	-0.019543
-2.900000	-0.019832
-2.866667	-0.020097
-2.833333	-0.020347
-2.800000	-0.020584
-2.766667	-0.020735
-2.733333	-0.020816
-2.700000	-0.020795
-2.666667	-0.020677
-2.633333	-0.020449
-2.600000	-0.020053
-2.566667	-0.019552
-2.533333	-0.018893
-2.500000	-0.018098
-2.466667	-0.017178
-2.433333	-0.016145
-2.400000	-0.014988
-2.366667	-0.013766
-2.333333	-0.012445
-2.300000	-0.011074
-2.266667	-0.009681
-2.233333	-0.008283
-2.200000	-0.006923
-2.166667	-0.005630
-2.133333	-0.004443
-2.100000	-0.003402
-2.066667	-0.002547
-2.033333	-0.001902
-2.000000	-0.001476
-1.966667	-0.001286
-1.933333	-0.001318
-1.900000	-0.001568
-1.866667	-0.002032
-1.833333	-0.002695
-1.800000	-0.003523
-1.766667	-0.004476
-1.733333	-0.005544
-1.700000	-0.006666
-1.666667	-0.007817
-1.633333	-0.008962
-1.600000	-0.010045
-1.566667	-0.011103
-1.533333	-0.012058
-1.500000	-0.012915
-1.466667	-0.013658
-1.433333	-0.014267
-1.400000	-0.014731
-1.366667	-0.015061
-1.333333	-0.015229
-1.300000	-0.015271
-1.266667	-0.015192
-1.233333	-0.014988
-1.200000	-0.014691
-1.166667	-0.014297
-1.133333	-0.013820
-1.100000	-0.013266
-1.066667	-0.012642
-1.033333	-0.011941
-1.000000	-0.011161
-0.966667	-0.010320
-0.933333	-0.009430
-0.900000	-0.008498
-0.866667	-0.007527
-0.833333	-0.006514
-0.800000	-0.005469
-0.766667	-0.004382
-0.733333	-0.003248
-0.700000	-0.002086
-0.666667	-0.000927
-0.633333	0.000227
-0.600000	0.001334
-0.566667	0.002372
-0.533333	0.003321
-0.500000	0.004169
-0.466667	0.004873
-0.433333	0.005428
-0.400000	0.005820
-0.366667	0.006043
-0.333333	0.006107
-0.300000	0.006012
-0.266667	0.005755
-0.233333	0.005346
-0.200000	0.004802
-0.166667	0.004145
-0.133333	0.003395
-0.100000	0.002590
-0.066667	0.001744
-0.033333	0.000897
-0.000000	0.000081
0.033333	-0.000693
0.066667	-0.001388
0.100000	-0.001959
0.133333	-0.002388
0.166667	-0.002699
0.200000	-0.002860
0.233333	-0.002882
0.266667	-0.002803
0.300000	-0.002615
0.333333	-0.002340
0.366667	-0.001997
0.400000	-0.001619
0.433333	-0.001216
0.466667	-0.000818
0.500000	-0.000433
0.533333	-0.000088
0.566667	0.000204
0.600000	0.000442
0.633333	0.000597
0.666667	0.000682
0.700000	0.000675
0.733333	0.000567
0.766667	0.000382
0.800000	0.000110
0.833333	-0.000215
0.866667	-0.000588
0.900000	-0.000981
0.933333	-0.001387
0.966667	-0.001778
1.000000	-0.002143
1.033333	-0.002470
1.066667	-0.002735
1.100000	-0.002931
1.133333	-0.003054
1.166667	-0.003115
1.200000	-0.003082
1.233333	-0.002992
1.266667	-0.002852
1.300000	-0.002618
1.333333	-0.002343
1.366667	-0.002027
1.400000	-0.001670
1.433333	-0.001291
1.466667	-0.000907
1.500000	-0.000529
1.533333	-0.000186
1.566667	0.000115
1.600000	0.000361
1.633333	0.000531
1.666667	0.000637
1.700000	0.000651
1.733333	0.000574
1.766667	0.000410
1.800000	0.000154
1.833333	-0.000171
1.866667	-0.000581
1.900000	-0.001057
1.933333	-0.001586
1.966667	-0.002180
2.000000	-0.002802
2.033333	-0.003446
2.066667	-0.004097
2.100000	-0.004739
2.133333	-0.005351
2.166667	-0.005923
2.200000	-0.006451
2.233333	-0.006935
2.266667	-0.007356
2.300000	-0.007693
2.333333	-0.007973
2.366667	-0.008174
2.400000	-0.008309
2.433333	-0.008372
2.466667	-0.008366
2.500000	-0.008299
2.533333	-0.008170
2.566667	-0.007980
2.600000	-0.007716
2.633333	-0.007404
2.666667	-0.007024
2.700000	-0.006587
2.733333	-0.006095
2.766667	-0.005535
2.800000	-0.004912
2.833333	-0.004235
2.866667	-0.003518
2.900000	-0.002745
2.933333	-0.001938
2.966667	-0.001103
3.000000	-0.000222
3.033333	0.000678
3.066667	0.001596
3.100000	0.002520
3.133333	0.003436
3.166667	0.004315
3.200000	0.005131
3.233333	0.005901
3.266667	0.006584
3.300000	0.007173
3.333333	0.007663
3.366667	0.008045
3.400000	0.008329
3.433333	0.008515
3.466667	0.008601
3.500000	0.008585
3.533333	0.008483
3.566667	0.008299
3.600000	0.008048
3.633333	0.007725
3.666667	0.007365
3.700000	0.006963
3.733333	0.006540
3.766667	0.006116
3.800000	0.005697
3.833333	0.005299
3.866667	0.004929
3.900000	0.004601
3.933333	0.004296
3.966667	0.004035
4.000000	0.003831
4.033333	0.003645
4.066667	0.003507
4.100000	0.003397
4.133333	0.003319
4.166667	0.003275
4.200000	0.003278
4.233333	0.003342
4.266667	0.003434
4.300000	0.003594
4.333333	0.003812
4.366667	0.004089
4.400000	0.004429
4.433333	0.004822
4.466667	0.005263
4.500000	0.005750
4.533333	0.006281
4.566667	0.006854
4.600000	0.007466
4.633333	0.008108
4.666667	0.008764
4.700000	0.009418
4.733333	0.010052
4.766667	0.010648
4.800000	0.011192
4.833333	0.011662
4.866667	0.012033
4.900000	0.012289
4.933333	0.012427
4.966667	0.012454
5.000000	0.012369
5.033333	0.012152
5.066667	0.011842
5.100000	0.011420
5.133333	0.010910
5.166667	0.010321
5.200000	0.009650
5.233333	0.008945
5.266667	0.008201
5.300000	0.007446
5.333333	0.006666
5.366667	0.005936
5.400000	0.005228
5.433333	0.004572
5.466667	0.003967
5.500000	0.003422
5.533333	0.002941
5.566667	0.002525
5.600000	0.002170
5.633333	0.001859
5.666667	0.001590
5.700000	0.001351
5.733333	0.001139
5.766667	0.000947
5.800000	0.000767
5.833333	0.000589
5.866667	0.000410
5.900000	0.000219
5.933333	0.000022
5.966667	-0.000187
6.000000	-0.000398
6.033333	-0.000614
6.066667	-0.000848
6.100000	-0.001095
6.133333	-0.001346
6.166667	-0.001596
6.200000	-0.001823
6.233333	-0.002031
6.266667	-0.002216
6.300000	-0.002366
6.333333	-0.002480
6.366667	-0.002519
6.400000	-0.002533
6.433333	-0.002488
6.466667	-0.002407
6.500000	-0.002267
6.533333	-0.002083
6.566667	-0.001852
6.600000	-0.001579
6.633333	-0.001271
6.666667	-0.000923
6.700000	-0.000546
6.733333	-0.000144
6.766667	0.000272
6.800000	0.000687
6.833333	0.001094
6.866667	0.001482
6.900000	0.001822
6.933333	0.002131
6.966667	0.002392
7.000000	0.002597
7.033333	0.002736
7.066667	0.002797
7.100000	0.002795
7.133333	0.002727
7.166667	0.002595
7.200000	0.002398
7.233333	0.002123
7.266667	0.001805
7.300000	0.001426
7.333333	0.001004
7.366667	0.000548
7.400000	0.000060
7.433333	-0.000449
7.466667	-0.000957
7.500000	-0.001473
7.533333	-0.001975
7.566667	-0.002458
7.600000	-0.002937
7.633333	-0.003366
7.666667	-0.003781
7.700000	-0.004162
7.733333	-0.004500
7.766667	-0.004819
7.800000	-0.005094
7.833333	-0.005335
7.866667	-0.005552
7.900000	-0.005715
7.933333	-0.005833
7.966667	-0.005902
8.000000	-0.005916
8.033333	-0.005865
8.066667	-0.005752
8.100000	-0.005571
8.133333	-0.005327
8.166667	-0.005021
8.200000	-0.004659
8.233333	-0.004245
8.266667	-0.003778
8.300000	-0.003265
8.333333	-0.002718
8.366667	-0.002130
8.400000	-0.001532
8.433333	-0.000929
8.466667	-0.000341
8.500000	0.000201
8.533333	0.000714
8.566667	0.001145
8.600000	0.001480
8.633333	0.001739
8.666667	0.001866
8.700000	0.001897
8.733333	0.001815
8.766667	0.001619
8.800000	0.001332
8.833333	0.000937
8.866667	0.000445
8.900000	-0.000117
8.933333	-0.000765
8.966667	-0.001465
9.000000	-0.002218
9.033333	-0.003006
9.066667	-0.003814
9.100000	-0.004633
9.133333	-0.005460
9.166667	-0.006262
9.200000	-0.007027
9.233333	-0.007737
9.266667	-0.008399
9.300000	-0.009009
9.333333	-0.009552
9.366667	-0.010016
9.400000	-0.010428
9.433333	-0.010771
9.466667	-0.011052
9.500000	-0.011271
9.533333	-0.011430
9.566667	-0.011539
9.600000	-0.011598
9.633333	-0.011596
9.666667	-0.011545
9.700000	-0.011441
9.733333	-0.011290
9.766667	-0.011091
9.800000	-0.010862
9.833333	-0.010602
9.866667	-0.010320
9.900000	-0.010012
9.933333	-0.009681
9.966667	-0.009336
10.000000	-0.008985
10.033333	-0.008630
10.066667	-0.008278
10.100000	-0.007940
10.133333	-0.007614
10.166667	-0.007288
10.200000	-0.006984
10.233333	-0.006705
10.266667	-0.006461
10.300000	-0.006240
10.333333	-0.006036
10.366667	-0.005858
10.400000	-0.005712
10.433333	-0.005593
10.466667	-0.005503
10.500000	-0.005441
10.533333	-0.005400
10.566667	-0.005374
10.600000	-0.005357
10.633333	-0.005341
10.666667	-0.005321
10.700000	-0.005289
10.733333	-0.005239
10.766667	-0.005165
10.800000	-0.005065
10.833333	-0.004938
10.866667	-0.004786
10.900000	-0.004609
10.933333	-0.004408
10.966667	-0.004186
11.000000	-0.003948
11.033333	-0.003697
11.066667	-0.003437
11.100000	-0.003169
11.133333	-0.002897
11.166667	-0.002626
11.200000	-0.002360
11.233333	-0.002104
11.266667	-0.001863
11.300000	-0.001640
11.333333	-0.001436
11.366667	-0.001254
11.400000	-0.001094
11.433333	-0.000957
11.466667	-0.000839
11.500000	-0.000743
11.533333	-0.000658
11.566667	-0.000583
11.600000	-0.000514
11.633333	-0.000452
11.666667	-0.000395
11.700000	-0.000341
11.733333	-0.000289
11.766667	-0.000238
11.800000	-0.000185
11.833333	-0.000131
11.866667	-0.000072
11.900000	-0.000009
11.933333	0.000062
11.966667	0.000140
