-88.000000	-0.000004
-87.966667	-0.000004
-87.933333	-0.000004
-87.900000	-0.000004
-87.866667	-0.000004
-87.833333	-0.000003
-87.800000	-0.000002
-87.766667	-0.000001
-87.733333	0.000000
-87.700000	0.000002
-87.666667	0.000004
-87.633333	0.000005
-87.600000	0.000007
-87.566667	0.000010
-87.533333	0.000012
-87.500000	0.000014
-87.466667	0.000017
-87.433333	0.000020
-87.400000	0.000023
-87.366667	0.000026
-87.333333	0.000030
-87.300000	0.000033
-87.266667	0.000036
-87.233333	0.000039
-87.200000	0.000041
-87.166667	0.000043
-87.133333	0.000043
-87.100000	0.000042
-87.066667	0.000040
-87.033333	0.000039
-87.000000	0.000038
-86.966667	0.000038
-86.933333	0.000035
-86.900000	0.000030
-86.866667	0.000026
-86.833333	0.000022
-86.800000	0.000013
-86.766667	0.000001
-86.733333	-0.000003
-86.700000	-0.000023
-86.666667	-0.000045
-86.633333	-0.000073
-86.600000	-0.000094
-86.566667	-0.000117
-86.533333	-0.000131
-86.500000	-0.000157
-86.466667	-0.000179
-86.433333	-0.000204
-86.400000	-0.000232
-86.366667	-0.000265
-86.333333	-0.000303
-86.300000	-0.000343
-86.266667	-0.000380
-86.233333	-0.000412
-86.200000	-0.000441
-86.166667	-0.000473
-86.133333	-0.000519
-86.100000	-0.000553
-86.066667	-0.000588
-86.033333	-0.000616
-86.000000	-0.000646
-85.966667	-0.000681
-85.933333	-0.000717
-85.900000	-0.000753
-85.866667	-0.000794
-85.833333	-0.000829
-85.800000	-0.000879
-85.766667	-0.000912
-85.733333	-0.000938
-85.700000	-0.000974
-85.666667	-0.001012
-85.633333	-0.001057
-85.600000	-0.001080
-85.566667	-0.001106
-85.533333	-0.001123
-85.500000	-0.001151
-85.466667	-0.001181
-85.433333	-0.001224
-85.400000	-0.001264
-85.366667	-0.001289
-85.333333	-0.001327
-85.300000	-0.001355
-85.266667	-0.001381
-85.233333	-0.001408
-85.200000	-0.001441
-85.166667	-0.001481
-85.133333	-0.001521
-85.100000	-0.001549
-85.066667	-0.001585
-85.033333	-0.001619
-85.000000	-0.001659
-84.966667	-0.001700
-84.933333	-0.001739
-84.900000	-0.001778
-84.866667	-0.001815
-84.833333	-0.001842
-84.800000	-0.001873
-84.766667	-0.001885
-84.733333	-0.001899
-84.700000	-0.001918
-84.666667	-0.001939
-84.633333	-0.001949
-84.600000	-0.001943
-84.566667	-0.001942
-84.533333	-0.001931
-84.500000	-0.001921
-84.466667	-0.001919
-84.433333	-0.001905
-84.400000	-0.001879
-84.366667	-0.001850
-84.333333	-0.001841
-84.300000	-0.001817
-84.266667	-0.001798
-84.233333	-0.001772
-84.200000	-0.001742
-84.166667	-0.001708
-84.133333	-0.001684
-84.100000	-0.001670
-84.066667	-0.001657
-84.033333	-0.001643
-84.000000	-0.001626
-83.966667	-0.001587
-83.933333	-0.001575
-83.900000	-0.001577
-83.866667	-0.001564
-83.833333	-0.001537
-83.800000	-0.001518
-83.766667	-0.001511
-83.733333	-0.001497
-83.700000	-0.001483
-83.666667	-0.001471
-83.633333	-0.001461
-83.600000	-0.001451
-83.566667	-0.001436
-83.533333	-0.001416
-83.500000	-0.001401
-83.466667	-0.001398
-83.433333	-0.001382
-83.400000	-0.001373
-83.366667	-0.001363
-83.333333	-0.001356
-83.300000	-0.001343
-83.266667	-0.001330
-83.233333	-0.001316
-83.200000	-0.001299
-83.166667	-0.001295
-83.133333	-0.001296
-83.100000	-0.001295
-83.066667	-0.001285
-83.033333	-0.001269
-83.000000	-0.001250
-82.966667	-0.001231
-82.933333	-0.001239
-82.900000	-0.001232
-82.866667	-0.001215
-82.833333	-0.001204
-82.800000	-0.001202
-82.766667	-0.001188
-82.733333	-0.001180
-82.700000	-0.001169
-82.666667	-0.001167
-82.633333	-0.001159
-82.600000	-0.001156
-82.566667	-0.001154
-82.533333	-0.001148
-82.500000	-0.001152
-82.466667	-0.001155
-82.433333	-0.001156
-82.400000	-0.001162
-82.366667	-0.001167
-82.333333	-0.001173
-82.300000	-0.001179
-82.266667	-0.001184
-82.233333	-0.001196
-82.200000	-0.001203
-82.166667	-0.001212
-82.133333	-0.001217
-82.100000	-0.001223
-82.066667	-0.001228
-82.033333	-0.001232
-82.000000	-0.001233
-81.966667	-0.001233
-81.933333	-0.001237
-81.900000	-0.001238
-81.866667	-0.001238
-81.833333	-0.001226
-81.800000	-0.001217
-81.766667	-0.001201
-81.733333	-0.001198
-81.700000	-0.001181
-81.666667	-0.001172
-81.633333	-0.001149
-81.600000	-0.001133
-81.566667	-0.001107
-81.533333	-0.001074
-81.500000	-0.001044
-81.466667	-0.001012
-81.433333	-0.000977
-81.400000	-0.000937
-81.366667	-0.000908
-81.333333	-0.000861
-81.300000	-0.000806
-81.266667	-0.000755
-81.233333	-0.000713
-81.200000	-0.000659
-81.166667	-0.000601
-81.133333	-0.000545
-81.100000	-0.000486
-81.066667	-0.000427
-81.033333	-0.000369
-81.000000	-0.000314
-80.966667	-0.000264
-80.933333	-0.000209
-80.900000	-0.000148
-80.866667	-0.000092
-80.833333	-0.000038
-80.800000	0.000002
-80.766667	0.000057
-80.733333	0.000086
-80.700000	0.000112
-80.666667	0.000154
-80.633333	0.000190
-80.600000	0.000206
-80.566667	0.000229
-80.533333	0.000229
-80.500000	0.000232
-80.466667	0.000214
-80.433333	0.000194
-80.400000	0.000165
-80.366667	0.000125
-80.333333	0.000094
-80.300000	0.000044
-80.266667	-0.000018
-80.233333	-0.000094
-80.200000	-0.000170
-80.166667	-0.000256
-80.133333	-0.000341
-80.100000	-0.000425
-80.066667	-0.000519
-80.033333	-0.000621
-80.000000	-0.000717
-79.966667	-0.000803
-79.933333	-0.000889
-79.900000	-0.000975
-79.866667	-0.001038
-79.833333	-0.001118
-79.800000	-0.001206
-79.766667	-0.001252
-79.733333	-0.001320
-79.700000	-0.001362
-79.666667	-0.001396
-79.633333	-0.001446
-79.600000	-0.001483
-79.566667	-0.001510
-79.533333	-0.001557
-79.500000	-0.001570
-79.466667	-0.001601
-79.433333	-0.001621
-79.400000	-0.001646
-79.366667	-0.001660
-79.333333	-0.001677
-79.300000	-0.001697
-79.266667	-0.001731
-79.233333	-0.001765
-79.200000	-0.001786
-79.166667	-0.001794
-79.133333	-0.001802
-79.100000	-0.001822
-79.066667	-0.001845
-79.033333	-0.001859
-79.000000	-0.001865
-78.966667	-0.001875
-78.933333	-0.001884
-78.900000	-0.001884
-78.866667	-0.001877
-78.833333	-0.001894
-78.800000	-0.001894
-78.766667	-0.001880
-78.733333	-0.001889
-78.700000	-0.001882
-78.666667	-0.001878
-78.633333	-0.001870
-78.600000	-0.001869
-78.566667	-0.001864
-78.533333	-0.001864
-78.500000	-0.001847
-78.466667	-0.001850
-78.433333	-0.001847
-78.400000	-0.001838
-78.366667	-0.001835
-78.333333	-0.001839
-78.300000	-0.001845
-78.266667	-0.001847
-78.233333	-0.001834
-78.200000	-0.001840
-78.166667	-0.001829
-78.133333	-0.001841
-78.100000	-0.001850
-78.066667	-0.001851
-78.033333	-0.001856
-78.000000	-0.001864
-77.966667	-0.001874
-77.933333	-0.001882
-77.900000	-0.001892
-77.866667	-0.001901
-77.833333	-0.001912
-77.800000	-0.001923
-77.766667	-0.001936
-77.733333	-0.001951
-77.700000	-0.001966
-77.666667	-0.001979
-77.633333	-0.002001
-77.600000	-0.002024
-77.566667	-0.002042
-77.533333	-0.002070
-77.500000	-0.002098
-77.466667	-0.002130
-77.433333	-0.002154
-77.400000	-0.002173
-77.366667	-0.002199
-77.333333	-0.002223
-77.300000	-0.002240
-77.266667	-0.002264
-77.233333	-0.002298
-77.200000	-0.002345
-77.166667	-0.002364
-77.133333	-0.002402
-77.100000	-0.002428
-77.066667	-0.002458
-77.033333	-0.002487
-77.000000	-0.002506
-76.966667	-0.002521
-76.933333	-0.002533
-76.900000	-0.002546
-76.866667	-0.002560
-76.833333	-0.002573
-76.800000	-0.002561
-76.766667	-0.002539
-76.733333	-0.002516
-76.700000	-0.002495
-76.666667	-0.002460
-76.633333	-0.002417
-76.600000	-0.002367
-76.566667	-0.002312
-76.533333	-0.002241
-76.500000	-0.002170
-76.466667	-0.002089
-76.433333	-0.002002
-76.400000	-0.001900
-76.366667	-0.001815
-76.333333	-0.001729
-76.300000	-0.001640
-76.266667	-0.001570
-76.233333	-0.001505
-76.200000	-0.001445
-76.166667	-0.001382
-76.133333	-0.001336
-76.100000	-0.001299
-76.066667	-0.001274
-76.033333	-0.001254
-76.000000	-0.001245
-75.966667	-0.001251
-75.933333	-0.001255
-75.900000	-0.001284
-75.866667	-0.001306
-75.833333	-0.001325
-75.800000	-0.001335
-75.766667	-0.001360
-75.733333	-0.001391
-75.700000	-0.001415
-75.666667	-0.001423
-75.633333	-0.001426
-75.600000	-0.001428
-75.566667	-0.001422
-75.533333	-0.001413
-75.500000	-0.001396
-75.466667	-0.001369
-75.433333	-0.001333
-75.400000	-0.001294
-75.366667	-0.001258
-75.333333	-0.001217
-75.300000	-0.001171
-75.266667	-0.001130
-75.233333	-0.001087
-75.200000	-0.001044
-75.166667	-0.001004
-75.133333	-0.000968
-75.100000	-0.000935
-75.066667	-0.000901
-75.033333	-0.000873
-75.000000	-0.000858
-74.966667	-0.000831
-74.933333	-0.000812
-74.900000	-0.000810
-74.866667	-0.000785
-74.833333	-0.000771
-74.800000	-0.000776
-74.766667	-0.000761
-74.733333	-0.000740
-74.700000	-0.000741
-74.666667	-0.000721
-74.633333	-0.000710
-74.600000	-0.000692
-74.566667	-0.000674
-74.533333	-0.000655
-74.500000	-0.000630
-74.466667	-0.000620
-74.433333	-0.000610
-74.400000	-0.000588
-74.366667	-0.000548
-74.333333	-0.000525
-74.300000	-0.000503
-74.266667	-0.000484
-74.233333	-0.000456
-74.200000	-0.000434
-74.166667	-0.000413
-74.133333	-0.000388
-74.100000	-0.000368
-74.066667	-0.000345
-74.033333	-0.000326
-74.000000	-0.000309
-73.966667	-0.000283
-73.933333	-0.000268
-73.900000	-0.000247
-73.866667	-0.000223
-73.833333	-0.000210
-73.800000	-0.000199
-73.766667	-0.000165
-73.733333	-0.000145
-73.700000	-0.000135
-73.666667	-0.000103
-73.633333	-0.000087
-73.600000	-0.000056
-73.566667	-0.000027
-73.533333	-0.000012
-73.500000	0.000020
-73.466667	0.000040
-73.433333	0.000072
-73.400000	0.000120
-73.366667	0.000166
-73.333333	0.000191
-73.300000	0.000220
-73.266667	0.000261
-73.233333	0.000299
-73.200000	0.000329
-73.166667	0.000374
-73.133333	0.000429
-73.100000	0.000482
-73.066667	0.000520
-73.033333	0.000542
-73.000000	0.000590
-72.966667	0.000647
-72.933333	0.000685
-72.900000	0.000728
-72.866667	0.000763
-72.833333	0.000802
-72.800000	0.000844
-72.766667	0.000889
-72.733333	0.000931
-72.700000	0.000966
-72.666667	0.001006
-72.633333	0.001046
-72.600000	0.001090
-72.566667	0.001128
-72.533333	0.001157
-72.500000	0.001213
-72.466667	0.001242
-72.433333	0.001280
-72.400000	0.001318
-72.366667	0.001359
-72.333333	0.001403
-72.300000	0.001440
-72.266667	0.001480
-72.233333	0.001520
-72.200000	0.001560
-72.166667	0.001598
-72.133333	0.001646
-72.100000	0.001694
-72.066667	0.001733
-72.033333	0.001770
-72.000000	0.001836
-71.966667	0.001885
-71.933333	0.001920
-71.900000	0.001973
-71.866667	0.002028
-71.833333	0.002095
-71.800000	0.002159
-71.766667	0.002221
-71.733333	0.002294
-71.700000	0.002358
-71.666667	0.002437
-71.633333	0.002516
-71.600000	0.002603
-71.566667	0.002695
-71.533333	0.002794
-71.500000	0.002908
-71.466667	0.003023
-71.433333	0.003145
-71.400000	0.003282
-71.366667	0.003434
-71.333333	0.003591
-71.300000	0.003742
-71.266667	0.003898
-71.233333	0.004058
-71.200000	0.004226
-71.166667	0.004378
-71.133333	0.004544
-71.100000	0.004686
-71.066667	0.004803
-71.033333	0.004897
-71.000000	0.004980
-70.966667	0.005013
-70.933333	0.005008
-70.900000	0.004954
-70.866667	0.004840
-70.833333	0.004663
-70.800000	0.004440
-70.766667	0.004173
-70.733333	0.003845
-70.700000	0.003441
-70.666667	0.003005
-70.633333	0.002520
-70.600000	0.001981
-70.566667	0.001414
-70.533333	0.000809
-70.500000	0.000183
-70.466667	-0.000462
-70.433333	-0.001123
-70.400000	-0.001778
-70.366667	-0.002429
-70.333333	-0.003069
-70.300000	-0.003682
-70.266667	-0.004264
-70.233333	-0.004805
-70.200000	-0.005298
-70.166667	-0.005753
-70.133333	-0.006138
-70.100000	-0.006470
-70.066667	-0.006775
-70.033333	-0.007008
-70.000000	-0.007214
-69.966667	-0.007367
-69.933333	-0.007450
-69.900000	-0.007483
-69.866667	-0.007453
-69.833333	-0.007355
-69.800000	-0.007190
-69.766667	-0.006976
-69.733333	-0.006719
-69.700000	-0.006411
-69.666667	-0.006020
-69.633333	-0.005614
-69.600000	-0.005161
-69.566667	-0.004660
-69.533333	-0.004128
-69.500000	-0.003571
-69.466667	-0.002987
-69.433333	-0.002387
-69.400000	-0.001775
-69.366667	-0.001161
-69.333333	-0.000549
-69.300000	0.000060
-69.266667	0.000650
-69.233333	0.001219
-69.200000	0.001764
-69.166667	0.002274
-69.133333	0.002746
-69.100000	0.003183
-69.066667	0.003555
-69.033333	0.003939
-69.000000	0.004248
-68.966667	0.004543
-68.933333	0.004839
-68.900000	0.005067
-68.866667	0.005295
-68.833333	0.005497
-68.800000	0.005681
-68.766667	0.005854
-68.733333	0.006030
-68.700000	0.006182
-68.666667	0.006356
-68.633333	0.006510
-68.600000	0.006682
-68.566667	0.006839
-68.533333	0.006987
-68.500000	0.007140
-68.466667	0.007286
-68.433333	0.007420
-68.400000	0.007547
-68.366667	0.007664
-68.333333	0.007774
-68.300000	0.007876
-68.266667	0.007967
-68.233333	0.008050
-68.200000	0.008124
-68.166667	0.008191
-68.133333	0.008250
-68.100000	0.008307
-68.066667	0.008365
-68.033333	0.008425
-68.000000	0.008454
-67.966667	0.008489
-67.933333	0.008535
-67.900000	0.008560
-67.866667	0.008617
-67.833333	0.008655
-67.800000	0.008694
-67.766667	0.008732
-67.733333	0.008769
-67.700000	0.008793
-67.666667	0.008836
-67.633333	0.008862
-67.600000	0.008877
-67.566667	0.008883
-67.533333	0.008888
-67.500000	0.008898
-67.466667	0.008885
-67.433333	0.008877
-67.400000	0.008877
-67.366667	0.008869
-67.333333	0.008867
-67.300000	0.008868
-67.266667	0.008882
-67.233333	0.008902
-67.200000	0.008913
-67.166667	0.008965
-67.133333	0.009021
-67.100000	0.009099
-67.066667	0.009193
-67.033333	0.009282
-67.000000	0.009389
-66.966667	0.009512
-66.933333	0.009662
-66.900000	0.009822
-66.866667	0.009982
-66.833333	0.010150
-66.800000	0.010327
-66.766667	0.010503
-66.733333	0.010666
-66.700000	0.010853
-66.666667	0.011028
-66.633333	0.011199
-66.600000	0.011358
-66.566667	0.011500
-66.533333	0.011628
-66.500000	0.011736
-66.466667	0.011820
-66.433333	0.011882
-66.400000	0.011918
-66.366667	0.011915
-66.333333	0.011889
-66.300000	0.011821
-66.266667	0.011698
-66.233333	0.011509
-66.200000	0.011282
-66.166667	0.011040
-66.133333	0.010716
-66.100000	0.010342
-66.066667	0.009911
-66.033333	0.009428
-66.000000	0.008896
-65.966667	0.008320
-65.933333	0.007699
-65.900000	0.007056
-65.866667	0.006381
-65.833333	0.005688
-65.800000	0.004982
-65.766667	0.004270
-65.733333	0.003570
-65.700000	0.002911
-65.666667	0.002260
-65.633333	0.001664
-65.600000	0.001115
-65.566667	0.000634
-65.533333	0.000236
-65.500000	-0.000083
-65.466667	-0.000317
-65.433333	-0.000463
-65.400000	-0.000514
-65.366667	-0.000471
-65.333333	-0.000333
-65.300000	-0.000107
-65.266667	0.000204
-65.233333	0.000615
-65.200000	0.001124
-65.166667	0.001709
-65.133333	0.002360
-65.100000	0.003068
-65.066667	0.003848
-65.033333	0.004682
-65.000000	0.005562
-64.966667	0.006488
-64.933333	0.007471
-64.900000	0.008500
-64.866667	0.009568
-64.833333	0.010688
-64.800000	0.011865
-64.766667	0.013097
-64.733333	0.014363
-64.700000	0.015714
-64.666667	0.017110
-64.633333	0.018567
-64.600000	0.020069
-64.566667	0.021627
-64.533333	0.023254
-64.500000	0.024914
-64.466667	0.026646
-64.433333	0.028435
-64.400000	0.030277
-64.366667	0.032176
-64.333333	0.034150
-64.300000	0.036201
-64.266667	0.038325
-64.233333	0.040534
-64.200000	0.042852
-64.166667	0.045290
-64.133333	0.047878
-64.100000	0.050636
-64.066667	0.053623
-64.033333	0.056879
-64.000000	0.060485
-63.966667	0.064530
-63.933333	0.069094
-63.900000	0.074268
-63.866667	0.080190
-63.833333	0.086920
-63.800000	0.094595
-63.766667	0.103277
-63.733333	0.113036
-63.700000	0.123940
-63.666667	0.135948
-63.633333	0.149044
-63.600000	0.163063
-63.566667	0.177824
-63.533333	0.193062
-63.500000	0.208408
-63.466667	0.223451
-63.433333	0.237652
-63.400000	0.250433
-63.366667	0.261171
-63.333333	0.269202
-63.300000	0.273802
-63.266667	0.274237
-63.233333	0.269867
-63.200000	0.260094
-63.166667	0.244381
-63.133333	0.222276
-63.100000	0.193494
-63.066667	0.157870
-63.033333	0.115433
-63.000000	0.066383
-62.966667	0.011073
-62.933333	-0.049990
-62.900000	-0.116075
-62.866667	-0.186352
-62.833333	-0.259843
-62.800000	-0.335402
-62.766667	-0.411863
-62.733333	-0.487949
-62.700000	-0.562384
-62.666667	-0.633922
-62.633333	-0.701369
-62.600000	-0.763594
-62.566667	-0.819533
-62.533333	-0.868266
-62.500000	-0.909025
-62.466667	-0.941194
-62.433333	-0.964308
-62.400000	-0.978064
-62.366667	-0.982335
-62.333333	-0.977178
-62.300000	-0.962807
-62.266667	-0.939553
-62.233333	-0.907881
-62.200000	-0.868385
-62.166667	-0.821778
-62.133333	-0.768838
-62.100000	-0.710361
-62.066667	-0.647255
-62.033333	-0.580412
-62.000000	-0.510773
-61.966667	-0.439284
-61.933333	-0.366862
-61.900000	-0.294381
-61.866667	-0.222644
-61.833333	-0.152402
-61.800000	-0.084357
-61.766667	-0.019110
-61.733333	0.042830
-61.700000	0.101019
-61.666667	0.155112
-61.633333	0.204868
-61.600000	0.250123
-61.566667	0.290794
-61.533333	0.326892
-61.500000	0.358487
-61.466667	0.385699
-61.433333	0.408757
-61.400000	0.427862
-61.366667	0.443267
-61.333333	0.455241
-61.300000	0.464065
-61.266667	0.469994
-61.233333	0.473328
-61.200000	0.474294
-61.166667	0.473148
-61.133333	0.470095
-61.100000	0.465339
-61.066667	0.459061
-61.033333	0.451424
-61.000000	0.442548
-60.966667	0.432576
-60.933333	0.421670
-60.900000	0.409955
-60.866667	0.397565
-60.833333	0.384585
-60.800000	0.371145
-60.766667	0.357375
-60.733333	0.343385
-60.700000	0.329278
-60.666667	0.315158
-60.633333	0.301121
-60.600000	0.287258
-60.566667	0.273666
-60.533333	0.260437
-60.500000	0.247635
-60.466667	0.235320
-60.433333	0.223563
-60.400000	0.212361
-60.366667	0.201681
-60.333333	0.191548
-60.300000	0.181904
-60.266667	0.172711
-60.233333	0.163941
-60.200000	0.155477
-60.166667	0.147310
-60.133333	0.139350
-60.100000	0.131571
-60.066667	0.123920
-60.033333	0.116348
-60.000000	0.108832
-59.966667	0.101367
-59.933333	0.093961
-59.900000	0.086586
-59.866667	0.079248
-59.833333	0.071987
-59.800000	0.064836
-59.766667	0.057819
-59.733333	0.050971
-59.700000	0.044350
-59.666667	0.038027
-59.633333	0.032010
-59.600000	0.026378
-59.566667	0.021167
-59.533333	0.016417
-59.500000	0.012141
-59.466667	0.008350
-59.433333	0.005041
-59.400000	0.002184
-59.366667	-0.000270
-59.333333	-0.002288
-59.300000	-0.003972
-59.266667	-0.005348
-59.233333	-0.006474
-59.200000	-0.007399
-59.166667	-0.008174
-59.133333	-0.008852
-59.100000	-0.009477
-59.066667	-0.010101
-59.033333	-0.010759
-59.000000	-0.011486
-58.966667	-0.012339
-58.933333	-0.013307
-58.900000	-0.014412
-58.866667	-0.015649
-58.833333	-0.017017
-58.800000	-0.018518
-58.766667	-0.020149
-58.733333	-0.021896
-58.700000	-0.023741
-58.666667	-0.025678
-58.633333	-0.027706
-58.600000	-0.029777
-58.566667	-0.031897
-58.533333	-0.034042
-58.500000	-0.036200
-58.466667	-0.038348
-58.433333	-0.040474
-58.400000	-0.042566
-58.366667	-0.044610
-58.333333	-0.046601
-58.300000	-0.048532
-58.266667	-0.050371
-58.233333	-0.052104
-58.200000	-0.053705
-58.166667	-0.055165
-58.133333	-0.056471
-58.100000	-0.057611
-58.066667	-0.058564
-58.033333	-0.059315
-58.000000	-0.059853
-57.966667	-0.060174
-57.933333	-0.060254
-57.900000	-0.060094
-57.866667	-0.059687
-57.833333	-0.059036
-57.800000	-0.058152
-57.766667	-0.057034
-57.733333	-0.055695
-57.700000	-0.054149
-57.666667	-0.052408
-57.633333	-0.050470
-57.600000	-0.048341
-57.566667	-0.046035
-57.533333	-0.043597
-57.500000	-0.041042
-57.466667	-0.038377
-57.433333	-0.035630
-57.400000	-0.032834
-57.366667	-0.030023
-57.333333	-0.027237
-57.300000	-0.024490
-57.266667	-0.021813
-57.233333	-0.019253
-57.200000	-0.016840
-57.166667	-0.014617
-57.133333	-0.012614
-57.100000	-0.010849
-57.066667	-0.009326
-57.033333	-0.008077
-57.000000	-0.007097
-56.966667	-0.006392
-56.933333	-0.005963
-56.900000	-0.005794
-56.866667	-0.005869
-56.833333	-0.006175
-56.800000	-0.006687
-56.766667	-0.007381
-56.733333	-0.008229
-56.700000	-0.009200
-56.666667	-0.010272
-56.633333	-0.011407
-56.600000	-0.012571
-56.566667	-0.013740
-56.533333	-0.014908
-56.500000	-0.016023
-56.466667	-0.017054
-56.433333	-0.017988
-56.400000	-0.018800
-56.366667	-0.019502
-56.333333	-0.020058
-56.300000	-0.020460
-56.266667	-0.020712
-56.233333	-0.020845
-56.200000	-0.020834
-56.166667	-0.020701
-56.133333	-0.020426
-56.100000	-0.020008
-56.066667	-0.019462
-56.033333	-0.018803
-56.000000	-0.018009
-55.966667	-0.017103
-55.933333	-0.016099
-55.900000	-0.014988
-55.866667	-0.013777
-55.833333	-0.012473
-55.800000	-0.011093
-55.766667	-0.009666
-55.733333	-0.008189
-55.700000	-0.006687
-55.666667	-0.005185
-55.633333	-0.003692
-55.600000	-0.002225
-55.566667	-0.000808
-55.533333	0.000518
-55.500000	0.001748
-55.466667	0.002860
-55.433333	0.003836
-55.400000	0.004649
-55.366667	0.005268
-55.333333	0.005715
-55.300000	0.005958
-55.266667	0.005996
-55.233333	0.005818
-55.200000	0.005459
-55.166667	0.004902
-55.133333	0.004152
-55.100000	0.003201
-55.066667	0.002074
-55.033333	0.000802
-55.000000	-0.000599
-54.966667	-0.002118
-54.933333	-0.003728
-54.900000	-0.005394
-54.866667	-0.007105
-54.833333	-0.008845
-54.800000	-0.010609
-54.766667	-0.012382
-54.733333	-0.014143
-54.700000	-0.015903
-54.666667	-0.017652
-54.633333	-0.019387
-54.600000	-0.021113
-54.566667	-0.022813
-54.533333	-0.024492
-54.500000	-0.026136
-54.466667	-0.027737
-54.433333	-0.029289
-54.400000	-0.030783
-54.366667	-0.032213
-54.333333	-0.033566
-54.300000	-0.034824
-54.266667	-0.035974
-54.233333	-0.036995
-54.200000	-0.037871
-54.166667	-0.038588
-54.133333	-0.039129
-54.100000	-0.039456
-54.066667	-0.039543
-54.033333	-0.039380
-54.000000	-0.038957
-53.966667	-0.038253
-53.933333	-0.037260
-53.900000	-0.035982
-53.866667	-0.034431
-53.833333	-0.032622
-53.800000	-0.030577
-53.766667	-0.028331
-53.733333	-0.025904
-53.700000	-0.023332
-53.666667	-0.020657
-53.633333	-0.017914
-53.600000	-0.015175
-53.566667	-0.012455
-53.533333	-0.009820
-53.500000	-0.007297
-53.466667	-0.004934
-53.433333	-0.002779
-53.400000	-0.000879
-53.366667	0.000765
-53.333333	0.002102
-53.300000	0.003134
-53.266667	0.003838
-53.233333	0.004217
-53.200000	0.004269
-53.166667	0.004003
-53.133333	0.003433
-53.100000	0.002582
-53.066667	0.001471
-53.033333	0.000141
-53.000000	-0.001376
-52.966667	-0.003046
-52.933333	-0.004820
-52.900000	-0.006672
-52.866667	-0.008553
-52.833333	-0.010426
-52.800000	-0.012258
-52.766667	-0.014021
-52.733333	-0.015678
-52.700000	-0.017217
-52.666667	-0.018617
-52.633333	-0.019860
-52.600000	-0.020950
-52.566667	-0.021845
-52.533333	-0.022551
-52.500000	-0.023051
-52.466667	-0.023354
-52.433333	-0.023472
-52.400000	-0.023369
-52.366667	-0.023047
-52.333333	-0.022538
-52.300000	-0.021808
-52.266667	-0.020884
-52.233333	-0.019765
-52.200000	-0.018460
-52.166667	-0.016979
-52.133333	-0.015333
-52.100000	-0.013536
-52.066667	-0.011605
-52.033333	-0.009547
-52.000000	-0.007391
-51.966667	-0.005155
-51.933333	-0.002857
-51.900000	-0.000538
-51.866667	0.001782
-51.833333	0.004049
-51.800000	0.006209
-51.766667	0.008247
-51.733333	0.010104
-51.700000	0.011745
-51.666667	0.013125
-51.633333	0.014218
-51.600000	0.015013
-51.566667	0.015506
-51.533333	0.015698
-51.500000	0.015590
-51.466667	0.015181
-51.433333	0.014486
-51.400000	0.013548
-51.366667	0.012368
-51.333333	0.011004
-51.300000	0.009495
-51.266667	0.007878
-51.233333	0.006212
-51.200000	0.004551
-51.166667	0.002933
-51.133333	0.001415
-51.100000	0.000041
-51.066667	-0.001169
-51.033333	-0.002194
-51.000000	-0.003035
-50.966667	-0.003682
-50.933333	-0.004110
-50.900000	-0.004377
-50.866667	-0.004488
-50.833333	-0.004443
-50.800000	-0.004297
-50.766667	-0.004044
-50.733333	-0.003740
-50.700000	-0.003394
-50.666667	-0.003024
-50.633333	-0.002627
-50.600000	-0.002197
-50.566667	-0.001764
-50.533333	-0.001332
-50.500000	-0.000926
-50.466667	-0.000559
-50.433333	-0.000230
-50.400000	0.000077
-50.366667	0.000380
-50.333333	0.000698
-50.300000	0.001040
-50.266667	0.001404
-50.233333	0.001798
-50.200000	0.002230
-50.166667	0.002693
-50.133333	0.003180
-50.100000	0.003659
-50.066667	0.004137
-50.033333	0.004630
-50.000000	0.005086
-49.966667	0.005517
-49.933333	0.005923
-49.900000	0.006252
-49.866667	0.006537
-49.833333	0.006757
-49.800000	0.006871
-49.766667	0.006901
-49.733333	0.006844
-49.700000	0.006700
-49.666667	0.006452
-49.633333	0.006150
-49.600000	0.005769
-49.566667	0.005283
-49.533333	0.004730
-49.500000	0.004101
-49.466667	0.003426
-49.433333	0.002718
-49.400000	0.001972
-49.366667	0.001250
-49.333333	0.000514
-49.300000	-0.000219
-49.266667	-0.000956
-49.233333	-0.001679
-49.200000	-0.002400
-49.166667	-0.003122
-49.133333	-0.003821
-49.100000	-0.004483
-49.066667	-0.005085
-49.033333	-0.005658
-49.000000	-0.006248
-48.966667	-0.006759
-48.933333	-0.007230
-48.900000	-0.007643
-48.866667	-0.008002
-48.833333	-0.008302
-48.800000	-0.008532
-48.766667	-0.008681
-48.733333	-0.008740
-48.700000	-0.008726
-48.666667	-0.008609
-48.633333	-0.008353
-48.600000	-0.007988
-48.566667	-0.007490
-48.533333	-0.006843
-48.500000	-0.006037
-48.466667	-0.005077
-48.433333	-0.003972
-48.400000	-0.002728
-48.366667	-0.001333
-48.333333	0.000141
-48.300000	0.001705
-48.266667	0.003320
-48.233333	0.004964
-48.200000	0.006596
-48.166667	0.008197
-48.133333	0.009730
-48.100000	0.011131
-48.066667	0.012352
-48.033333	0.013353
-48.000000	0.014097
-47.966667	0.014618
-47.933333	0.014830
-47.900000	0.014764
-47.866667	0.014392
-47.833333	0.013731
-47.800000	0.012795
-47.766667	0.011603
-47.733333	0.010181
-47.700000	0.008555
-47.666667	0.006782
-47.633333	0.004890
-47.600000	0.002922
-47.566667	0.000913
-47.533333	-0.001097
-47.500000	-0.003058
-47.466667	-0.004960
-47.433333	-0.006764
-47.400000	-0.008460
-47.366667	-0.010033
-47.333333	-0.011469
-47.300000	-0.012761
-47.266667	-0.013916
-47.233333	-0.014934
-47.200000	-0.015814
-47.166667	-0.016572
-47.133333	-0.017232
-47.100000	-0.017758
-47.066667	-0.018168
-47.033333	-0.018468
-47.000000	-0.018643
-46.966667	-0.018672
-46.933333	-0.018559
-46.900000	-0.018283
-46.866667	-0.017845
-46.833333	-0.017227
-46.800000	-0.016424
-46.766667	-0.015453
-46.733333	-0.014308
-46.700000	-0.013002
-46.666667	-0.011536
-46.633333	-0.009942
-46.600000	-0.008220
-46.566667	-0.006420
-46.533333	-0.004566
-46.500000	-0.002715
-46.466667	-0.000908
-46.433333	0.000796
-46.400000	0.002340
-46.366667	0.003690
-46.333333	0.004787
-46.300000	0.005604
-46.266667	0.006130
-46.233333	0.006368
-46.200000	0.006315
-46.166667	0.005970
-46.133333	0.005344
-46.100000	0.004479
-46.066667	0.003366
-46.033333	0.002044
-46.000000	0.000560
-45.966667	-0.001057
-45.933333	-0.002766
-45.900000	-0.004497
-45.866667	-0.006208
-45.833333	-0.007843
-45.800000	-0.009384
-45.766667	-0.010816
-45.733333	-0.012092
-45.700000	-0.013187
-45.666667	-0.014119
-45.633333	-0.014889
-45.600000	-0.015481
-45.566667	-0.015936
-45.533333	-0.016268
-45.500000	-0.016486
-45.466667	-0.016615
-45.433333	-0.016669
-45.400000	-0.016657
-45.366667	-0.016587
-45.333333	-0.016487
-45.300000	-0.016350
-45.266667	-0.016194
-45.233333	-0.016029
-45.200000	-0.015853
-45.166667	-0.015688
-45.133333	-0.015517
-45.100000	-0.015339
-45.066667	-0.015147
-45.033333	-0.014936
-45.000000	-0.014693
-44.966667	-0.014408
-44.933333	-0.014063
-44.900000	-0.013626
-44.866667	-0.013126
-44.833333	-0.012558
-44.800000	-0.011929
-44.766667	-0.011254
-44.733333	-0.010532
-44.700000	-0.009761
-44.666667	-0.009006
-44.633333	-0.008239
-44.600000	-0.007492
-44.566667	-0.006787
-44.533333	-0.006135
-44.500000	-0.005535
-44.466667	-0.005005
-44.433333	-0.004545
-44.400000	-0.004170
-44.366667	-0.003893
-44.333333	-0.003718
-44.300000	-0.003650
-44.266667	-0.003694
-44.233333	-0.003835
-44.200000	-0.004055
-44.166667	-0.004359
-44.133333	-0.004719
-44.100000	-0.005138
-44.066667	-0.005591
-44.033333	-0.006067
-44.000000	-0.006562
-43.966667	-0.007063
-43.933333	-0.007541
-43.900000	-0.008033
-43.866667	-0.008493
-43.833333	-0.008920
-43.800000	-0.009302
-43.766667	-0.009661
-43.733333	-0.009987
-43.700000	-0.010273
-43.666667	-0.010550
-43.633333	-0.010791
-43.600000	-0.011011
-43.566667	-0.011196
-43.533333	-0.011340
-43.500000	-0.011445
-43.466667	-0.011482
-43.433333	-0.011456
-43.400000	-0.011349
-43.366667	-0.011165
-43.333333	-0.010916
-43.300000	-0.010600
-43.266667	-0.010175
-43.233333	-0.009626
-43.200000	-0.008973
-43.166667	-0.008200
-43.133333	-0.007304
-43.100000	-0.006298
-43.066667	-0.005187
-43.033333	-0.003992
-43.000000	-0.002741
-42.966667	-0.001457
-42.933333	-0.000131
-42.900000	0.001146
-42.866667	0.002410
-42.833333	0.003615
-42.800000	0.004726
-42.766667	0.005717
-42.733333	0.006572
-42.700000	0.007282
-42.666667	0.007817
-42.633333	0.008170
-42.600000	0.008321
-42.566667	0.008263
-42.533333	0.007995
-42.500000	0.007513
-42.466667	0.006834
-42.433333	0.005947
-42.400000	0.004855
-42.366667	0.003561
-42.333333	0.002085
-42.300000	0.000472
-42.266667	-0.001215
-42.233333	-0.002980
-42.200000	-0.004815
-42.166667	-0.006660
-42.133333	-0.008486
-42.100000	-0.010274
-42.066667	-0.011989
-42.033333	-0.013614
-42.000000	-0.015135
-41.966667	-0.016532
-41.933333	-0.017773
-41.900000	-0.018883
-41.866667	-0.019807
-41.833333	-0.020530
-41.800000	-0.021076
-41.766667	-0.021421
-41.733333	-0.021573
-41.700000	-0.021534
-41.666667	-0.021317
-41.633333	-0.020930
-41.600000	-0.020387
-41.566667	-0.019711
-41.533333	-0.018888
-41.500000	-0.017980
-41.466667	-0.016984
-41.433333	-0.015939
-41.400000	-0.014867
-41.366667	-0.013782
-41.333333	-0.012699
-41.300000	-0.011628
-41.266667	-0.010569
-41.233333	-0.009563
-41.200000	-0.008624
-41.166667	-0.007748
-41.133333	-0.006946
-41.100000	-0.006243
-41.066667	-0.005650
-41.033333	-0.005181
-41.000000	-0.004845
-40.966667	-0.004648
-40.933333	-0.004587
-40.900000	-0.004652
-40.866667	-0.004827
-40.833333	-0.005110
-40.800000	-0.005525
-40.766667	-0.006009
-40.733333	-0.006582
-40.700000	-0.007218
-40.666667	-0.007901
-40.633333	-0.008612
-40.600000	-0.009323
-40.566667	-0.010045
-40.533333	-0.010709
-40.500000	-0.011367
-40.466667	-0.011942
-40.433333	-0.012460
-40.400000	-0.012907
-40.366667	-0.013284
-40.333333	-0.013595
-40.300000	-0.013839
-40.266667	-0.014000
-40.233333	-0.014080
-40.200000	-0.014114
-40.166667	-0.014091
-40.133333	-0.014015
-40.100000	-0.013887
-40.066667	-0.013716
-40.033333	-0.013508
-40.000000	-0.013268
-39.966667	-0.013000
-39.933333	-0.012710
-39.900000	-0.012398
-39.866667	-0.012069
-39.833333	-0.011731
-39.800000	-0.011381
-39.766667	-0.010999
-39.733333	-0.010618
-39.700000	-0.010209
-39.666667	-0.009784
-39.633333	-0.009325
-39.600000	-0.008841
-39.566667	-0.008347
-39.533333	-0.007813
-39.500000	-0.007281
-39.466667	-0.006724
-39.433333	-0.006163
-39.400000	-0.005614
-39.366667	-0.005079
-39.333333	-0.004559
-39.300000	-0.004046
-39.266667	-0.003544
-39.233333	-0.003077
-39.200000	-0.002654
-39.166667	-0.002247
-39.133333	-0.001872
-39.100000	-0.001523
-39.066667	-0.001221
-39.033333	-0.000944
-39.000000	-0.000707
-38.966667	-0.000512
-38.933333	-0.000371
-38.900000	-0.000283
-38.866667	-0.000232
-38.833333	-0.000222
-38.800000	-0.000277
-38.766667	-0.000367
-38.733333	-0.000515
-38.700000	-0.000718
-38.666667	-0.000982
-38.633333	-0.001321
-38.600000	-0.001715
-38.566667	-0.002162
-38.533333	-0.002665
-38.500000	-0.003216
-38.466667	-0.003800
-38.433333	-0.004406
-38.400000	-0.005040
-38.366667	-0.005680
-38.333333	-0.006319
-38.300000	-0.006949
-38.266667	-0.007557
-38.233333	-0.008133
-38.200000	-0.008667
-38.166667	-0.009148
-38.133333	-0.009561
-38.100000	-0.009899
-38.066667	-0.010151
-38.033333	-0.010298
-38.000000	-0.010356
-37.966667	-0.010308
-37.933333	-0.010134
-37.900000	-0.009849
-37.866667	-0.009418
-37.833333	-0.008865
-37.800000	-0.008189
-37.766667	-0.007367
-37.733333	-0.006440
-37.700000	-0.005391
-37.666667	-0.004232
-37.633333	-0.002981
-37.600000	-0.001610
-37.566667	-0.000157
-37.533333	0.001366
-37.500000	0.002945
-37.466667	0.004557
-37.433333	0.006166
-37.400000	0.007743
-37.366667	0.009254
-37.333333	0.010664
-37.300000	0.011945
-37.266667	0.013077
-37.233333	0.014038
-37.200000	0.014809
-37.166667	0.015386
-37.133333	0.015777
-37.100000	0.015964
-37.066667	0.015961
-37.033333	0.015758
-37.000000	0.015368
-36.966667	0.014808
-36.933333	0.014090
-36.900000	0.013216
-36.866667	0.012240
-36.833333	0.011163
-36.800000	0.010023
-36.766667	0.008842
-36.733333	0.007645
-36.700000	0.006481
-36.666667	0.005371
-36.633333	0.004324
-36.600000	0.003391
-36.566667	0.002575
-36.533333	0.001890
-36.500000	0.001345
-36.466667	0.000942
-36.433333	0.000686
-36.400000	0.000579
-36.366667	0.000607
-36.333333	0.000749
-36.300000	0.001040
-36.266667	0.001468
-36.233333	0.002003
-36.200000	0.002662
-36.166667	0.003433
-36.133333	0.004300
-36.100000	0.005228
-36.066667	0.006208
-36.033333	0.007214
-36.000000	0.008236
-35.966667	0.009260
-35.933333	0.010273
-35.900000	0.011265
-35.866667	0.012226
-35.833333	0.013142
-35.800000	0.013990
-35.766667	0.014774
-35.733333	0.015533
-35.700000	0.016185
-35.666667	0.016789
-35.633333	0.017315
-35.600000	0.017764
-35.566667	0.018136
-35.533333	0.018419
-35.500000	0.018602
-35.466667	0.018701
-35.433333	0.018686
-35.400000	0.018568
-35.366667	0.018332
-35.333333	0.017981
-35.300000	0.017542
-35.266667	0.016986
-35.233333	0.016323
-35.200000	0.015576
-35.166667	0.014730
-35.133333	0.013798
-35.100000	0.012791
-35.066667	0.011727
-35.033333	0.010625
-35.000000	0.009504
-34.966667	0.008384
-34.933333	0.007282
-34.900000	0.006218
-34.866667	0.005207
-34.833333	0.004262
-34.800000	0.003402
-34.766667	0.002661
-34.733333	0.002050
-34.700000	0.001513
-34.666667	0.001153
-34.633333	0.000886
-34.600000	0.000732
-34.566667	0.000689
-34.533333	0.000734
-34.500000	0.000867
-34.466667	0.001084
-34.433333	0.001350
-34.400000	0.001677
-34.366667	0.002038
-34.333333	0.002425
-34.300000	0.002831
-34.266667	0.003251
-34.233333	0.003677
-34.200000	0.004095
-34.166667	0.004502
-34.133333	0.004899
-34.100000	0.005287
-34.066667	0.005662
-34.033333	0.006029
-34.000000	0.006397
-33.966667	0.006766
-33.933333	0.007127
-33.900000	0.007485
-33.866667	0.007849
-33.833333	0.008221
-33.800000	0.008599
-33.766667	0.008981
-33.733333	0.009359
-33.700000	0.009712
-33.666667	0.010038
-33.633333	0.010311
-33.600000	0.010520
-33.566667	0.010652
-33.533333	0.010683
-33.500000	0.010607
-33.466667	0.010427
-33.433333	0.010132
-33.400000	0.009696
-33.366667	0.009154
-33.333333	0.008482
-33.300000	0.007693
-33.266667	0.006776
-33.233333	0.005724
-33.200000	0.004555
-33.166667	0.003281
-33.133333	0.001910
-33.100000	0.000455
-33.066667	-0.001070
-33.033333	-0.002649
-33.000000	-0.004261
-32.966667	-0.005899
-32.933333	-0.007548
-32.900000	-0.009174
-32.866667	-0.010749
-32.833333	-0.012269
-32.800000	-0.013753
-32.766667	-0.015128
-32.733333	-0.016431
-32.700000	-0.017635
-32.666667	-0.018736
-32.633333	-0.019741
-32.600000	-0.020648
-32.566667	-0.021444
-32.533333	-0.022112
-32.500000	-0.022663
-32.466667	-0.023087
-32.433333	-0.023371
-32.400000	-0.023552
-32.366667	-0.023589
-32.333333	-0.023508
-32.300000	-0.023294
-32.266667	-0.022978
-32.233333	-0.022541
-32.200000	-0.021990
-32.166667	-0.021335
-32.133333	-0.020599
-32.100000	-0.019789
-32.066667	-0.018930
-32.033333	-0.018035
-32.000000	-0.017110
-31.966667	-0.016170
-31.933333	-0.015229
-31.900000	-0.014296
-31.866667	-0.013388
-31.833333	-0.012506
-31.800000	-0.011667
-31.766667	-0.010832
-31.733333	-0.010068
-31.700000	-0.009344
-31.666667	-0.008682
-31.633333	-0.008082
-31.600000	-0.007533
-31.566667	-0.007023
-31.533333	-0.006545
-31.500000	-0.006111
-31.466667	-0.005681
-31.433333	-0.005241
-31.400000	-0.004805
-31.366667	-0.004320
-31.333333	-0.003784
-31.300000	-0.003194
-31.266667	-0.002534
-31.233333	-0.001780
-31.200000	-0.000946
-31.166667	-0.000022
-31.133333	0.000976
-31.100000	0.002056
-31.066667	0.003226
-31.033333	0.004457
-31.000000	0.005765
-30.966667	0.007132
-30.933333	0.008549
-30.900000	0.010006
-30.866667	0.011495
-30.833333	0.013018
-30.800000	0.014542
-30.766667	0.016071
-30.733333	0.017588
-30.700000	0.019079
-30.666667	0.020535
-30.633333	0.021943
-30.600000	0.023294
-30.566667	0.024570
-30.533333	0.025755
-30.500000	0.026839
-30.466667	0.027803
-30.433333	0.028640
-30.400000	0.029339
-30.366667	0.029888
-30.333333	0.030272
-30.300000	0.030493
-30.266667	0.030552
-30.233333	0.030440
-30.200000	0.030146
-30.166667	0.029685
-30.133333	0.029051
-30.100000	0.028254
-30.066667	0.027299
-30.033333	0.026176
-30.000000	0.024918
-29.966667	0.023535
-29.933333	0.022050
-29.900000	0.020466
-29.866667	0.018833
-29.833333	0.017167
-29.800000	0.015468
-29.766667	0.013780
-29.733333	0.012099
-29.700000	0.010440
-29.666667	0.008803
-29.633333	0.007195
-29.600000	0.005623
-29.566667	0.004090
-29.533333	0.002597
-29.500000	0.001155
-29.466667	-0.000232
-29.433333	-0.001560
-29.400000	-0.002820
-29.366667	-0.004008
-29.333333	-0.005116
-29.300000	-0.006141
-29.266667	-0.007095
-29.233333	-0.007938
-29.200000	-0.008703
-29.166667	-0.009368
-29.133333	-0.009945
-29.100000	-0.010423
-29.066667	-0.010800
-29.033333	-0.011074
-29.000000	-0.011238
-28.966667	-0.011280
-28.933333	-0.011208
-28.900000	-0.011032
-28.866667	-0.010742
-28.833333	-0.010371
-28.800000	-0.009914
-28.766667	-0.009400
-28.733333	-0.008833
-28.700000	-0.008227
-28.666667	-0.007605
-28.633333	-0.006955
-28.600000	-0.006272
-28.566667	-0.005593
-28.533333	-0.004910
-28.500000	-0.004233
-28.466667	-0.003559
-28.433333	-0.002898
-28.400000	-0.002264
-28.366667	-0.001665
-28.333333	-0.001120
-28.300000	-0.000649
-28.266667	-0.000267
-28.233333	0.000043
-28.200000	0.000243
-28.166667	0.000345
-28.133333	0.000325
-28.100000	0.000182
-28.066667	-0.000074
-28.033333	-0.000447
-28.000000	-0.000954
-27.966667	-0.001593
-27.933333	-0.002353
-27.900000	-0.003242
-27.866667	-0.004245
-27.833333	-0.005348
-27.800000	-0.006534
-27.766667	-0.007803
-27.733333	-0.009102
-27.700000	-0.010438
-27.666667	-0.011784
-27.633333	-0.013107
-27.600000	-0.014395
-27.566667	-0.015667
-27.533333	-0.016865
-27.500000	-0.017992
-27.466667	-0.019021
-27.433333	-0.019975
-27.400000	-0.020841
-27.366667	-0.021606
-27.333333	-0.022259
-27.300000	-0.022812
-27.266667	-0.023267
-27.233333	-0.023581
-27.200000	-0.023783
-27.166667	-0.023887
-27.133333	-0.023882
-27.100000	-0.023770
-27.066667	-0.023555
-27.033333	-0.023262
-27.000000	-0.022900
-26.966667	-0.022466
-26.933333	-0.021965
-26.900000	-0.021407
-26.866667	-0.020791
-26.833333	-0.020129
-26.800000	-0.019428
-26.766667	-0.018711
-26.733333	-0.018000
-26.700000	-0.017294
-26.666667	-0.016618
-26.633333	-0.015977
-26.600000	-0.015388
-26.566667	-0.014863
-26.533333	-0.014394
-26.500000	-0.013998
-26.466667	-0.013673
-26.433333	-0.013431
-26.400000	-0.013250
-26.366667	-0.013138
-26.333333	-0.013092
-26.300000	-0.013114
-26.266667	-0.013183
-26.233333	-0.013283
-26.200000	-0.013440
-26.166667	-0.013615
-26.133333	-0.013792
-26.100000	-0.013971
-26.066667	-0.014152
-26.033333	-0.014282
-26.000000	-0.014381
-25.966667	-0.014423
-25.933333	-0.014397
-25.900000	-0.014293
-25.866667	-0.014111
-25.833333	-0.013846
-25.800000	-0.013500
-25.766667	-0.013069
-25.733333	-0.012535
-25.700000	-0.011889
-25.666667	-0.011157
-25.633333	-0.010326
-25.600000	-0.009387
-25.566667	-0.008334
-25.533333	-0.007186
-25.500000	-0.005939
-25.466667	-0.004624
-25.433333	-0.003221
-25.400000	-0.001780
-25.366667	-0.000307
-25.333333	0.001184
-25.300000	0.002682
-25.266667	0.004167
-25.233333	0.005624
-25.200000	0.007031
-25.166667	0.008403
-25.133333	0.009709
-25.100000	0.010939
-25.066667	0.012078
-25.033333	0.013131
-25.000000	0.014046
-24.966667	0.014846
-24.933333	0.015529
-24.900000	0.016090
-24.866667	0.016509
-24.833333	0.016787
-24.800000	0.016937
-24.766667	0.016972
-24.733333	0.016886
-24.700000	0.016675
-24.666667	0.016345
-24.633333	0.015922
-24.600000	0.015418
-24.566667	0.014825
-24.533333	0.014141
-24.500000	0.013380
-24.466667	0.012538
-24.433333	0.011639
-24.400000	0.010643
-24.366667	0.009590
-24.333333	0.008468
-24.300000	0.007279
-24.266667	0.006018
-24.233333	0.004688
-24.200000	0.003309
-24.166667	0.001892
-24.133333	0.000392
-24.100000	-0.001154
-24.066667	-0.002772
-24.033333	-0.004447
-24.000000	-0.006162
-23.966667	-0.007912
-23.933333	-0.009712
-23.900000	-0.011567
-23.866667	-0.013477
-23.833333	-0.015418
-23.800000	-0.017386
-23.766667	-0.019379
-23.733333	-0.021386
-23.700000	-0.023383
-23.666667	-0.025379
-23.633333	-0.027361
-23.600000	-0.029311
-23.566667	-0.031215
-23.533333	-0.033069
-23.500000	-0.034858
-23.466667	-0.036562
-23.433333	-0.038178
-23.400000	-0.039714
-23.366667	-0.041159
-23.333333	-0.042504
-23.300000	-0.043735
-23.266667	-0.044871
-23.233333	-0.045912
-23.200000	-0.046842
-23.166667	-0.047671
-23.133333	-0.048416
-23.100000	-0.049056
-23.066667	-0.049612
-23.033333	-0.050074
-23.000000	-0.050464
-22.966667	-0.050786
-22.933333	-0.051069
-22.900000	-0.051294
-22.866667	-0.051475
-22.833333	-0.051619
-22.800000	-0.051738
-22.766667	-0.051811
-22.733333	-0.051851
-22.700000	-0.051862
-22.666667	-0.051849
-22.633333	-0.051798
-22.600000	-0.051713
-22.566667	-0.051573
-22.533333	-0.051400
-22.500000	-0.051173
-22.466667	-0.050897
-22.433333	-0.050577
-22.400000	-0.050214
-22.366667	-0.049791
-22.333333	-0.049303
-22.300000	-0.048759
-22.266667	-0.048169
-22.233333	-0.047514
-22.200000	-0.046776
-22.166667	-0.045961
-22.133333	-0.045067
-22.100000	-0.044089
-22.066667	-0.043014
-22.033333	-0.041846
-22.000000	-0.040574
-21.966667	-0.039182
-21.933333	-0.037681
-21.900000	-0.036036
-21.866667	-0.034239
-21.833333	-0.032268
-21.800000	-0.030159
-21.766667	-0.027907
-21.733333	-0.025531
-21.700000	-0.023006
-21.666667	-0.020350
-21.633333	-0.017570
-21.600000	-0.014696
-21.566667	-0.011733
-21.533333	-0.008717
-21.500000	-0.005654
-21.466667	-0.002576
-21.433333	0.000502
-21.400000	0.003554
-21.366667	0.006556
-21.333333	0.009486
-21.300000	0.012319
-21.266667	0.015035
-21.233333	0.017614
-21.200000	0.020048
-21.166667	0.022331
-21.133333	0.024459
-21.100000	0.026420
-21.066667	0.028224
-21.033333	0.029865
-21.000000	0.031350
-20.966667	0.032689
-20.933333	0.033898
-20.900000	0.034993
-20.866667	0.035978
-20.833333	0.036852
-20.800000	0.037597
-20.766667	0.038253
-20.733333	0.038835
-20.700000	0.039362
-20.666667	0.039824
-20.633333	0.040220
-20.600000	0.040545
-20.566667	0.040812
-20.533333	0.041027
-20.500000	0.041186
-20.466667	0.041288
-20.433333	0.041346
-20.400000	0.041361
-20.366667	0.041343
-20.333333	0.041306
-20.300000	0.041257
-20.266667	0.041203
-20.233333	0.041152
-20.200000	0.041114
-20.166667	0.041095
-20.133333	0.041104
-20.100000	0.041146
-20.066667	0.041193
-20.033333	0.041275
-20.000000	0.041379
-19.966667	0.041518
-19.933333	0.041690
-19.900000	0.041891
-19.866667	0.042108
-19.833333	0.042341
-19.800000	0.042574
-19.766667	0.042788
-19.733333	0.042978
-19.700000	0.043125
-19.666667	0.043212
-19.633333	0.043226
-19.600000	0.043167
-19.566667	0.043031
-19.533333	0.042824
-19.500000	0.042545
-19.466667	0.042193
-19.433333	0.041781
-19.400000	0.041311
-19.366667	0.040795
-19.333333	0.040265
-19.300000	0.039712
-19.266667	0.039103
-19.233333	0.038504
-19.200000	0.037887
-19.166667	0.037278
-19.133333	0.036678
-19.100000	0.036086
-19.066667	0.035497
-19.033333	0.034950
-19.000000	0.034400
-18.966667	0.033864
-18.933333	0.033338
-18.900000	0.032814
-18.866667	0.032286
-18.833333	0.031755
-18.800000	0.031211
-18.766667	0.030650
-18.733333	0.030071
-18.700000	0.029478
-18.666667	0.028886
-18.633333	0.028301
-18.600000	0.027710
-18.566667	0.027119
-18.533333	0.026548
-18.500000	0.026007
-18.466667	0.025493
-18.433333	0.025022
-18.400000	0.024593
-18.366667	0.024215
-18.333333	0.023889
-18.300000	0.023590
-18.266667	0.023329
-18.233333	0.023147
-18.200000	0.022980
-18.166667	0.022858
-18.133333	0.022760
-18.100000	0.022681
-18.066667	0.022607
-18.033333	0.022521
-18.000000	0.022407
-17.966667	0.022274
-17.933333	0.022127
-17.900000	0.021952
-17.866667	0.021736
-17.833333	0.021482
-17.800000	0.021208
-17.766667	0.020873
-17.733333	0.020499
-17.700000	0.020091
-17.666667	0.019627
-17.633333	0.019101
-17.600000	0.018516
-17.566667	0.017883
-17.533333	0.017229
-17.500000	0.016535
-17.466667	0.015795
-17.433333	0.015012
-17.400000	0.014180
-17.366667	0.013302
-17.333333	0.012389
-17.300000	0.011448
-17.266667	0.010478
-17.233333	0.009452
-17.200000	0.008386
-17.166667	0.007280
-17.133333	0.006134
-17.100000	0.004952
-17.066667	0.003755
-17.033333	0.002538
-17.000000	0.001346
-16.966667	0.000180
-16.933333	-0.000957
-16.900000	-0.002061
-16.866667	-0.003102
-16.833333	-0.004082
-16.800000	-0.004985
-16.766667	-0.005818
-16.733333	-0.006547
-16.700000	-0.007176
-16.666667	-0.007697
-16.633333	-0.008091
-16.600000	-0.008355
-16.566667	-0.008482
-16.533333	-0.008472
-16.500000	-0.008329
-16.466667	-0.008025
-16.433333	-0.007594
-16.400000	-0.007022
-16.366667	-0.006328
-16.333333	-0.005523
-16.300000	-0.004629
-16.266667	-0.003667
-16.233333	-0.002659
-16.200000	-0.001603
-16.166667	-0.000532
-16.133333	0.000552
-16.100000	0.001633
-16.066667	0.002708
-16.033333	0.003743
-16.000000	0.004733
-15.966667	0.005629
-15.933333	0.006430
-15.900000	0.007141
-15.866667	0.007755
-15.833333	0.008247
-15.800000	0.008639
-15.766667	0.008935
-15.733333	0.009118
-15.700000	0.009199
-15.666667	0.009178
-15.633333	0.009060
-15.600000	0.008853
-15.566667	0.008597
-15.533333	0.008284
-15.500000	0.007954
-15.466667	0.007604
-15.433333	0.007230
-15.400000	0.006883
-15.366667	0.006518
-15.333333	0.006180
-15.300000	0.005856
-15.266667	0.005551
-15.233333	0.005264
-15.200000	0.004998
-15.166667	0.004757
-15.133333	0.004538
-15.100000	0.004335
-15.066667	0.004158
-15.033333	0.003995
-15.000000	0.003851
-14.966667	0.003730
-14.933333	0.003622
-14.900000	0.003527
-14.866667	0.003452
-14.833333	0.003400
-14.800000	0.003352
-14.766667	0.003303
-14.733333	0.003239
-14.700000	0.003166
-14.666667	0.003077
-14.633333	0.002975
-14.600000	0.002871
-14.566667	0.002771
-14.533333	0.002646
-14.500000	0.002510
-14.466667	0.002353
-14.433333	0.002169
-14.400000	0.001957
-14.366667	0.001682
-14.333333	0.001370
-14.300000	0.000987
-14.266667	0.000542
-14.233333	0.000034
-14.200000	-0.000544
-14.166667	-0.001173
-14.133333	-0.001859
-14.100000	-0.002590
-14.066667	-0.003370
-14.033333	-0.004161
-14.000000	-0.004990
-13.966667	-0.005822
-13.933333	-0.006666
-13.900000	-0.007488
-13.866667	-0.008276
-13.833333	-0.009035
-13.800000	-0.009760
-13.766667	-0.010433
-13.733333	-0.011051
-13.700000	-0.011614
-13.666667	-0.012122
-13.633333	-0.012570
-13.600000	-0.012949
-13.566667	-0.013275
-13.533333	-0.013546
-13.500000	-0.013747
-13.466667	-0.013892
-13.433333	-0.013979
-13.400000	-0.014002
-13.366667	-0.013969
-13.333333	-0.013875
-13.300000	-0.013742
-13.266667	-0.013560
-13.233333	-0.013344
-13.200000	-0.013096
-13.166667	-0.012809
-13.133333	-0.012503
-13.100000	-0.012174
-13.066667	-0.011826
-13.033333	-0.011441
-13.000000	-0.011051
-12.966667	-0.010625
-12.933333	-0.010198
-12.900000	-0.009764
-12.866667	-0.009340
-12.833333	-0.008929
-12.800000	-0.008531
-12.766667	-0.008159
-12.733333	-0.007836
-12.700000	-0.007569
-12.666667	-0.007350
-12.633333	-0.007184
-12.600000	-0.007076
-12.566667	-0.007021
-12.533333	-0.007019
-12.500000	-0.007063
-12.466667	-0.007158
-12.433333	-0.007295
-12.400000	-0.007473
-12.366667	-0.007685
-12.333333	-0.007931
-12.300000	-0.008217
-12.266667	-0.008509
-12.233333	-0.008817
-12.200000	-0.009137
-12.166667	-0.009438
-12.133333	-0.009742
-12.100000	-0.010035
-12.066667	-0.010309
-12.033333	-0.010563
-12.000000	-0.010809
-11.966667	-0.011054
-11.933333	-0.011292
-11.900000	-0.011545
-11.866667	-0.011792
-11.833333	-0.012030
-11.800000	-0.012255
-11.766667	-0.012477
-11.733333	-0.012702
-11.700000	-0.012919
-11.666667	-0.013124
-11.633333	-0.013331
-11.600000	-0.013529
-11.566667	-0.013713
-11.533333	-0.013899
-11.500000	-0.014078
-11.466667	-0.014259
-11.433333	-0.014404
-11.400000	-0.014518
-11.366667	-0.014613
-11.333333	-0.014663
-11.300000	-0.014680
-11.266667	-0.014652
-11.233333	-0.014586
-11.200000	-0.014472
-11.166667	-0.014287
-11.133333	-0.014069
-11.100000	-0.013793
-11.066667	-0.013471
-11.033333	-0.013101
-11.000000	-0.012701
-10.966667	-0.012268
-10.933333	-0.011797
-10.900000	-0.011304
-10.866667	-0.010768
-10.833333	-0.010211
-10.800000	-0.009640
-10.766667	-0.009071
-10.733333	-0.008518
-10.700000	-0.007992
-10.666667	-0.007505
-10.633333	-0.007065
-10.600000	-0.006671
-10.566667	-0.006346
-10.533333	-0.006112
-10.500000	-0.005920
-10.466667	-0.005805
-10.433333	-0.005732
-10.400000	-0.005732
-10.366667	-0.005803
-10.333333	-0.005925
-10.300000	-0.006114
-10.266667	-0.006346
-10.233333	-0.006611
-10.200000	-0.006898
-10.166667	-0.007200
-10.133333	-0.007526
-10.100000	-0.007852
-10.066667	-0.008160
-10.033333	-0.008471
-10.000000	-0.008757
-9.966667	-0.009018
-9.933333	-0.009265
-9.900000	-0.009495
-9.866667	-0.009715
-9.833333	-0.009940
-9.800000	-0.010147
-9.766667	-0.010345
-9.733333	-0.010550
-9.700000	-0.010766
-9.666667	-0.010992
-9.633333	-0.011218
-9.600000	-0.011439
-9.566667	-0.011666
-9.533333	-0.011897
-9.500000	-0.012113
-9.466667	-0.012343
-9.433333	-0.012546
-9.400000	-0.012738
-9.366667	-0.012913
-9.333333	-0.013065
-9.300000	-0.013183
-9.266667	-0.013248
-9.233333	-0.013279
-9.200000	-0.013259
-9.166667	-0.013199
-9.133333	-0.013102
-9.100000	-0.012958
-9.066667	-0.012771
-9.033333	-0.012560
-9.000000	-0.012303
-8.966667	-0.012037
-8.933333	-0.011772
-8.900000	-0.011494
-8.866667	-0.011215
-8.833333	-0.010931
-8.800000	-0.010629
-8.766667	-0.010335
-8.733333	-0.010044
-8.700000	-0.009773
-8.666667	-0.009492
-8.633333	-0.009220
-8.600000	-0.008971
-8.566667	-0.008739
-8.533333	-0.008540
-8.500000	-0.008360
-8.466667	-0.008186
-8.433333	-0.008036
-8.400000	-0.007912
-8.366667	-0.007799
-8.333333	-0.007703
-8.300000	-0.007623
-8.266667	-0.007568
-8.233333	-0.007543
-8.200000	-0.007546
-8.166667	-0.007589
-8.133333	-0.007666
-8.100000	-0.007773
-8.066667	-0.007908
-8.033333	-0.008076
-8.000000	-0.008278
-7.966667	-0.008510
-7.933333	-0.008775
-7.900000	-0.009058
-7.866667	-0.009365
-7.833333	-0.009685
-7.800000	-0.010006
-7.766667	-0.010334
-7.733333	-0.010703
-7.700000	-0.011048
-7.666667	-0.011383
-7.633333	-0.011719
-7.600000	-0.012042
-7.566667	-0.012333
-7.533333	-0.012585
-7.500000	-0.012775
-7.466667	-0.012909
-7.433333	-0.012980
-7.400000	-0.012973
-7.366667	-0.012879
-7.333333	-0.012708
-7.300000	-0.012455
-7.266667	-0.012125
-7.233333	-0.011720
-7.200000	-0.011266
-7.166667	-0.010755
-7.133333	-0.010182
-7.100000	-0.009558
-7.066667	-0.008912
-7.033333	-0.008263
-7.000000	-0.007630
-6.966667	-0.007031
-6.933333	-0.006480
-6.900000	-0.006005
-6.866667	-0.005612
-6.833333	-0.005319
-6.800000	-0.005141
-6.766667	-0.005091
-6.733333	-0.005140
-6.700000	-0.005246
-6.666667	-0.005532
-6.633333	-0.005881
-6.600000	-0.006334
-6.566667	-0.006851
-6.533333	-0.007426
-6.500000	-0.008059
-6.466667	-0.008744
-6.433333	-0.009452
-6.400000	-0.010157
-6.366667	-0.010850
-6.333333	-0.011532
-6.300000	-0.012190
-6.266667	-0.012811
-6.233333	-0.013392
-6.200000	-0.013935
-6.166667	-0.014417
-6.133333	-0.014845
-6.100000	-0.015228
-6.066667	-0.015567
-6.033333	-0.015878
-6.000000	-0.016134
-5.966667	-0.016343
-5.933333	-0.016499
-5.900000	-0.016604
-5.866667	-0.016645
-5.833333	-0.016626
-5.800000	-0.016534
-5.766667	-0.016358
-5.733333	-0.016099
-5.700000	-0.015782
-5.666667	-0.015419
-5.633333	-0.014946
-5.600000	-0.014438
-5.566667	-0.013859
-5.533333	-0.013237
-5.500000	-0.012570
-5.466667	-0.011864
-5.433333	-0.011136
-5.400000	-0.010412
-5.366667	-0.009720
-5.333333	-0.009074
-5.300000	-0.008478
-5.266667	-0.007949
-5.233333	-0.007507
-5.200000	-0.007165
-5.166667	-0.006923
-5.133333	-0.006791
-5.100000	-0.006761
-5.066667	-0.006834
-5.033333	-0.007017
-5.000000	-0.007283
-4.966667	-0.007630
-4.933333	-0.008053
-4.900000	-0.008541
-4.866667	-0.009085
-4.833333	-0.009674
-4.800000	-0.010303
-4.766667	-0.010948
-4.733333	-0.011609
-4.700000	-0.012269
-4.666667	-0.012916
-4.633333	-0.013534
-4.600000	-0.014122
-4.566667	-0.014674
-4.533333	-0.015194
-4.500000	-0.015681
-4.466667	-0.016133
-4.433333	-0.016552
-4.400000	-0.016946
-4.366667	-0.017305
-4.333333	-0.017629
-4.300000	-0.017907
-4.266667	-0.018162
-4.233333	-0.018381
-4.200000	-0.018553
-4.166667	-0.018705
-4.133333	-0.018816
-4.100000	-0.018886
-4.066667	-0.018921
-4.033333	-0.018919
-4.000000	-0.018875
-3.966667	-0.018783
-3.933333	-0.018658
-3.900000	-0.018490
-3.866667	-0.018281
-3.833333	-0.018069
-3.800000	-0.017822
-3.766667	-0.017578
-3.733333	-0.017331
-3.700000	-0.017080
-3.666667	-0.016836
-3.633333	-0.016601
-3.600000	-0.016387
-3.566667	-0.016189
-3.533333	-0.016006
-3.500000	-0.015834
-3.466667	-0.015681
-3.433333	-0.015555
-3.400000	-0.015456
-3.366667	-0.015400
-3.333333	-0.015357
-3.300000	-0.015332
-3.266667	-0.015360
-3.233333	-0.015415
-3.200000	-0.015477
-3.166667	-0.015585
-3.133333	-0.015696
-3.100000	-0.015815
-3.066667	-0.015957
-3.033333	-0.016110
-3.000000	-0.016263
-2.966667	-0.016413
-2.933333	-0.016561
-2.900000	-0.016730
-2.866667	-0.016904
-2.833333	-0.017104
-2.800000	-0.017304
-2.766667	-0.017536
-2.733333	-0.017757
-2.700000	-0.017980
-2.666667	-0.018204
-2.633333	-0.018420
-2.600000	-0.018622
-2.566667	-0.018807
-2.533333	-0.018971
-2.500000	-0.019119
-2.466667	-0.019250
-2.433333	-0.019359
-2.400000	-0.019439
-2.366667	-0.019501
-2.333333	-0.019527
-2.300000	-0.019521
-2.266667	-0.019494
-2.233333	-0.019415
-2.200000	-0.019275
-2.166667	-0.019098
-2.133333	-0.018862
-2.100000	-0.018581
-2.066667	-0.018264
-2.033333	-0.017898
-2.000000	-0.017475
-1.966667	-0.017004
-1.933333	-0.016491
-1.900000	-0.015944
-1.866667	-0.015344
-1.833333	-0.014717
-1.800000	-0.014063
-1.766667	-0.013385
-1.733333	-0.012691
-1.700000	-0.012001
-1.666667	-0.011330
-1.633333	-0.010674
-1.600000	-0.010071
-1.566667	-0.009505
-1.533333	-0.009004
-1.500000	-0.008570
-1.466667	-0.008222
-1.433333	-0.007936
-1.400000	-0.007727
-1.366667	-0.007591
-1.333333	-0.007528
-1.300000	-0.007513
-1.266667	-0.007576
-1.233333	-0.007685
-1.200000	-0.007842
-1.166667	-0.008039
-1.133333	-0.008275
-1.100000	-0.008534
-1.066667	-0.008807
-1.033333	-0.009080
-1.000000	-0.009344
-0.966667	-0.009590
-0.933333	-0.009800
-0.900000	-0.009973
-0.866667	-0.010115
-0.833333	-0.010228
-0.800000	-0.010308
-0.766667	-0.010355
-0.733333	-0.010368
-0.700000	-0.010358
-0.666667	-0.010311
-0.633333	-0.010188
-0.600000	-0.010057
-0.566667	-0.009865
-0.533333	-0.009632
-0.500000	-0.009336
-0.466667	-0.008978
-0.433333	-0.008553
-0.400000	-0.008072
-0.366667	-0.007529
-0.333333	-0.006934
-0.300000	-0.006281
-0.266667	-0.005586
-0.233333	-0.004844
-0.200000	-0.004063
-0.166667	-0.003249
-0.133333	-0.002407
-0.100000	-0.001553
-0.066667	-0.000710
-0.033333	0.000102
-0.000000	0.000866
0.033333	0.001578
0.066667	0.002239
0.100000	0.002821
0.133333	0.003287
0.166667	0.003659
0.200000	0.003933
0.233333	0.004127
0.266667	0.004220
0.300000	0.004219
0.333333	0.004152
0.366667	0.004015
0.400000	0.003789
0.433333	0.003532
0.466667	0.003230
0.500000	0.002891
0.533333	0.002527
0.566667	0.002153
0.600000	0.001800
0.633333	0.001436
0.666667	0.001108
0.700000	0.000782
0.733333	0.000486
0.766667	0.000206
0.800000	-0.000065
0.833333	-0.000307
0.866667	-0.000548
0.900000	-0.000794
0.933333	-0.001050
0.966667	-0.001320
1.000000	-0.001595
1.033333	-0.001875
1.066667	-0.002162
1.100000	-0.002475
1.133333	-0.002820
1.166667	-0.003166
1.200000	-0.003520
1.233333	-0.003889
1.266667	-0.004286
1.300000	-0.004681
1.333333	-0.005088
1.366667	-0.005501
1.400000	-0.005901
1.433333	-0.006299
1.466667	-0.006700
1.500000	-0.007072
1.533333	-0.007414
1.566667	-0.007723
1.600000	-0.008016
1.633333	-0.008291
1.666667	-0.008525
1.700000	-0.008755
1.733333	-0.008950
1.766667	-0.009139
1.800000	-0.009304
1.833333	-0.009416
1.866667	-0.009526
1.900000	-0.009610
1.933333	-0.009672
1.966667	-0.009718
2.000000	-0.009744
2.033333	-0.009759
2.066667	-0.009764
2.100000	-0.009765
2.133333	-0.009768
2.166667	-0.009773
2.200000	-0.009776
2.233333	-0.009788
2.266667	-0.009805
2.300000	-0.009826
2.333333	-0.009861
2.366667	-0.009894
2.400000	-0.009929
2.433333	-0.009974
2.466667	-0.010025
2.500000	-0.010060
2.533333	-0.010107
2.566667	-0.010158
2.600000	-0.010214
2.633333	-0.010259
2.666667	-0.010306
2.700000	-0.010349
2.733333	-0.010389
2.766667	-0.010418
2.800000	-0.010426
2.833333	-0.010412
2.866667	-0.010398
2.900000	-0.010360
2.933333	-0.010310
2.966667	-0.010248
3.000000	-0.010160
3.033333	-0.010043
3.066667	-0.009901
3.100000	-0.009733
3.133333	-0.009532
3.166667	-0.009286
3.200000	-0.008980
3.233333	-0.008633
3.266667	-0.008241
3.300000	-0.007778
3.333333	-0.007262
3.366667	-0.006690
3.400000	-0.006074
3.433333	-0.005412
3.466667	-0.004700
3.500000	-0.003948
3.533333	-0.003168
3.566667	-0.002359
3.600000	-0.001528
3.633333	-0.000684
3.666667	0.000163
3.700000	0.001003
3.733333	0.001828
3.766667	0.002611
3.800000	0.003347
3.833333	0.004022
3.866667	0.004633
3.900000	0.005178
3.933333	0.005659
3.966667	0.006088
4.000000	0.006457
4.033333	0.006760
4.066667	0.007003
4.100000	0.007193
4.133333	0.007335
4.166667	0.007434
4.200000	0.007493
4.233333	0.007506
4.266667	0.007493
4.300000	0.007459
4.333333	0.007384
4.366667	0.007291
4.400000	0.007184
4.433333	0.007080
4.466667	0.006966
4.500000	0.006841
4.533333	0.006719
4.566667	0.006595
4.600000	0.006457
4.633333	0.006342
4.666667	0.006240
4.700000	0.006109
4.733333	0.005992
4.766667	0.005872
4.800000	0.005777
4.833333	0.005703
4.866667	0.005659
4.900000	0.005643
4.933333	0.005665
4.966667	0.005724
5.000000	0.005817
5.033333	0.005942
5.066667	0.006077
5.100000	0.006240
5.133333	0.006430
5.166667	0.006652
5.200000	0.006883
5.233333	0.007112
5.266667	0.007338
5.300000	0.007551
5.333333	0.007743
5.366667	0.007912
5.400000	0.008049
5.433333	0.008136
5.466667	0.008162
5.500000	0.008140
5.533333	0.008072
5.566667	0.007950
5.600000	0.007779
5.633333	0.007584
5.666667	0.007326
5.700000	0.007013
5.733333	0.006696
5.766667	0.006343
5.800000	0.005970
5.833333	0.005569
5.866667	0.005150
5.900000	0.004728
5.933333	0.004329
5.966667	0.003919
6.000000	0.003516
6.033333	0.003107
6.066667	0.002701
6.100000	0.002327
6.133333	0.001963
6.166667	0.001609
6.200000	0.001267
6.233333	0.000914
6.266667	0.000576
6.300000	0.000226
6.333333	-0.000111
6.366667	-0.000437
6.400000	-0.000758
6.433333	-0.001070
6.466667	-0.001364
6.500000	-0.001638
6.533333	-0.001892
6.566667	-0.002126
6.600000	-0.002340
6.633333	-0.002532
6.666667	-0.002706
6.700000	-0.002856
6.733333	-0.002969
6.766667	-0.003069
6.800000	-0.003129
6.833333	-0.003155
6.866667	-0.003148
6.900000	-0.003103
6.933333	-0.003037
6.966667	-0.002941
7.000000	-0.002801
7.033333	-0.002650
7.066667	-0.002464
7.100000	-0.002255
7.133333	-0.002024
7.166667	-0.001766
7.200000	-0.001488
7.233333	-0.001214
7.266667	-0.000912
7.300000	-0.000608
7.333333	-0.000280
7.366667	0.000042
7.400000	0.000351
7.433333	0.000652
7.466667	0.000941
7.500000	0.001208
7.533333	0.001450
7.566667	0.001663
7.600000	0.001837
7.633333	0.001971
7.666667	0.002072
7.700000	0.002146
7.733333	0.002186
7.766667	0.002180
7.800000	0.002161
7.833333	0.002099
7.866667	0.002004
7.900000	0.001878
7.933333	0.001733
7.966667	0.001581
8.000000	0.001403
8.033333	0.001209
8.066667	0.001019
8.100000	0.000823
8.133333	0.000631
8.166667	0.000441
8.200000	0.000245
8.233333	0.000055
8.266667	-0.000096
8.300000	-0.000273
8.333333	-0.000428
8.366667	-0.000579
8.400000	-0.000710
8.433333	-0.000820
8.466667	-0.000923
8.500000	-0.000978
8.533333	-0.001015
8.566667	-0.001014
8.600000	-0.000978
8.633333	-0.000896
8.666667	-0.000769
8.700000	-0.000601
8.733333	-0.000402
8.766667	-0.000166
8.800000	0.000108
8.833333	0.000403
8.866667	0.000730
8.900000	0.001078
8.933333	0.001442
8.966667	0.001805
9.000000	0.002165
9.033333	0.002506
9.066667	0.002821
9.100000	0.003096
9.133333	0.003317
9.166667	0.003473
9.200000	0.003571
9.233333	0.003615
9.266667	0.003576
9.300000	0.003458
9.333333	0.003286
9.366667	0.003020
9.400000	0.002702
9.433333	0.002320
9.466667	0.001878
9.500000	0.001405
9.533333	0.000874
9.566667	0.000326
9.600000	-0.000249
9.633333	-0.000838
9.666667	-0.001432
9.700000	-0.002024
9.733333	-0.002610
9.766667	-0.003176
9.800000	-0.003706
9.833333	-0.004224
9.866667	-0.004711
9.900000	-0.005177
9.933333	-0.005606
9.966667	-0.005998
10.000000	-0.006360
10.033333	-0.006689
10.066667	-0.006981
10.100000	-0.007236
10.133333	-0.007453
10.166667	-0.007625
10.200000	-0.007751
10.233333	-0.007842
10.266667	-0.007896
10.300000	-0.007886
10.333333	-0.007866
10.366667	-0.007801
10.400000	-0.007683
10.433333	-0.007531
10.466667	-0.007343
10.500000	-0.007116
10.533333	-0.006854
10.566667	-0.006565
10.600000	-0.006256
10.633333	-0.005930
10.666667	-0.005594
10.700000	-0.005256
10.733333	-0.004923
10.766667	-0.004596
10.800000	-0.004282
10.833333	-0.003999
10.866667	-0.003724
10.900000	-0.003465
10.933333	-0.003215
10.966667	-0.002986
11.000000	-0.002781
11.033333	-0.002591
11.066667	-0.002414
11.100000	-0.002252
11.133333	-0.002105
11.166667	-0.001968
11.200000	-0.001840
11.233333	-0.001717
11.266667	-0.001597
11.300000	-0.001477
11.333333	-0.001356
11.366667	-0.001233
11.400000	-0.001109
11.433333	-0.000985
11.466667	-0.000862
11.500000	-0.000736
11.533333	-0.000617
11.566667	-0.000505
11.600000	-0.000402
11.633333	-0.000308
11.666667	-0.000226
11.700000	-0.000155
11.733333	-0.000098
11.766667	-0.000055
11.800000	-0.000027
11.833333	-0.000015
11.866667	-0.000021
11.900000	-0.000046
11.933333	-0.000090
11.966667	-0.000156
