-88.000000	-0.000004
-87.966667	-0.000004
-87.933333	-0.000004
-87.900000	-0.000004
-87.866667	-0.000003
-87.833333	-0.000002
-87.800000	-0.000001
-87.766667	0.000001
-87.733333	0.000003
-87.700000	0.000004
-87.666667	0.000006
-87.633333	0.000007
-87.600000	0.000009
-87.566667	0.000010
-87.533333	0.000011
-87.500000	0.000011
-87.466667	0.000011
-87.433333	0.000011
-87.400000	0.000010
-87.366667	0.000009
-87.333333	0.000006
-87.300000	0.000003
-87.266667	-0.000000
-87.233333	-0.000004
-87.200000	-0.000010
-87.166667	-0.000015
-87.133333	-0.000022
-87.100000	-0.000029
-87.066667	-0.000037
-87.033333	-0.000046
-87.000000	-0.000055
-86.966667	-0.000066
-86.933333	-0.000077
-86.900000	-0.000089
-86.866667	-0.000102
-86.833333	-0.000116
-86.800000	-0.000130
-86.766667	-0.000145
-86.733333	-0.000160
-86.700000	-0.000174
-86.666667	-0.000193
-86.633333	-0.000212
-86.600000	-0.000220
-86.566667	-0.000243
-86.533333	-0.000259
-86.500000	-0.000275
-86.466667	-0.000288
-86.433333	-0.000303
-86.400000	-0.000315
-86.366667	-0.000328
-86.333333	-0.000336
-86.300000	-0.000341
-86.266667	-0.000345
-86.233333	-0.000349
-86.200000	-0.000353
-86.166667	-0.000357
-86.133333	-0.000355
-86.100000	-0.000348
-86.066667	-0.000344
-86.033333	-0.000341
-86.000000	-0.000340
-85.966667	-0.000336
-85.933333	-0.000332
-85.900000	-0.000331
-85.866667	-0.000337
-85.833333	-0.000339
-85.800000	-0.000350
-85.766667	-0.000363
-85.733333	-0.000375
-85.700000	-0.000391
-85.666667	-0.000432
-85.633333	-0.000448
-85.600000	-0.000478
-85.566667	-0.000522
-85.533333	-0.000555
-85.500000	-0.000595
-85.466667	-0.000637
-85.433333	-0.000685
-85.400000	-0.000731
-85.366667	-0.000781
-85.333333	-0.000825
-85.300000	-0.000872
-85.266667	-0.000921
-85.233333	-0.000971
-85.200000	-0.001017
-85.166667	-0.001057
-85.133333	-0.001096
-85.100000	-0.001134
-85.066667	-0.001166
-85.033333	-0.001211
-85.000000	-0.001236
-84.966667	-0.001272
-84.933333	-0.001299
-84.900000	-0.001329
-84.866667	-0.001365
-84.833333	-0.001383
-84.800000	-0.001411
-84.766667	-0.001431
-84.733333	-0.001448
-84.700000	-0.001470
-84.666667	-0.001493
-84.633333	-0.001493
-84.600000	-0.001515
-84.566667	-0.001526
-84.533333	-0.001536
-84.500000	-0.001544
-84.466667	-0.001548
-84.433333	-0.001550
-84.400000	-0.001555
-84.366667	-0.001564
-84.333333	-0.001564
-84.300000	-0.001564
-84.266667	-0.001566
-84.233333	-0.001570
-84.200000	-0.001572
-84.166667	-0.001575
-84.133333	-0.001581
-84.100000	-0.001586
-84.066667	-0.001593
-84.033333	-0.001611
-84.000000	-0.001616
-83.966667	-0.001636
-83.933333	-0.001642
-83.900000	-0.001657
-83.866667	-0.001673
-83.833333	-0.001682
-83.800000	-0.001697
-83.766667	-0.001703
-83.733333	-0.001710
-83.700000	-0.001718
-83.666667	-0.001726
-83.633333	-0.001731
-83.600000	-0.001729
-83.566667	-0.001719
-83.533333	-0.001707
-83.500000	-0.001694
-83.466667	-0.001677
-83.433333	-0.001660
-83.400000	-0.001643
-83.366667	-0.001628
-83.333333	-0.001587
-83.300000	-0.001559
-83.266667	-0.001560
-83.233333	-0.001532
-83.200000	-0.001508
-83.166667	-0.001493
-83.133333	-0.001488
-83.100000	-0.001467
-83.066667	-0.001462
-83.033333	-0.001451
-83.000000	-0.001446
-82.966667	-0.001445
-82.933333	-0.001453
-82.900000	-0.001455
-82.866667	-0.001459
-82.833333	-0.001464
-82.800000	-0.001471
-82.766667	-0.001483
-82.733333	-0.001495
-82.700000	-0.001501
-82.666667	-0.001506
-82.633333	-0.001509
-82.600000	-0.001506
-82.566667	-0.001503
-82.533333	-0.001500
-82.500000	-0.001490
-82.466667	-0.001472
-82.433333	-0.001458
-82.400000	-0.001441
-82.366667	-0.001421
-82.333333	-0.001389
-82.300000	-0.001377
-82.266667	-0.001367
-82.233333	-0.001321
-82.200000	-0.001296
-82.166667	-0.001267
-82.133333	-0.001249
-82.100000	-0.001201
-82.066667	-0.001181
-82.033333	-0.001150
-82.000000	-0.001130
-81.966667	-0.001107
-81.933333	-0.001086
-81.900000	-0.001056
-81.866667	-0.001029
-81.833333	-0.001005
-81.800000	-0.000996
-81.766667	-0.000968
-81.733333	-0.000940
-81.700000	-0.000911
-81.666667	-0.000893
-81.633333	-0.000863
-81.600000	-0.000839
-81.566667	-0.000808
-81.533333	-0.000771
-81.500000	-0.000732
-81.466667	-0.000710
-81.433333	-0.000669
-81.400000	-0.000629
-81.366667	-0.000587
-81.333333	-0.000541
-81.300000	-0.000496
-81.266667	-0.000446
-81.233333	-0.000386
-81.200000	-0.000335
-81.166667	-0.000287
-81.133333	-0.000230
-81.100000	-0.000176
-81.066667	-0.000131
-81.033333	-0.000080
-81.000000	-0.000029
-80.966667	0.000026
-80.933333	0.000083
-80.900000	0.000142
-80.866667	0.000193
-80.833333	0.000255
-80.800000	0.000281
-80.766667	0.000335
-80.733333	0.000399
-80.700000	0.000421
-80.666667	0.000460
-80.633333	0.000498
-80.600000	0.000524
-80.566667	0.000552
-80.533333	0.000569
-80.500000	0.000579
-80.466667	0.000562
-80.433333	0.000565
-80.400000	0.000542
-80.366667	0.000526
-80.333333	0.000499
-80.300000	0.000452
-80.266667	0.000402
-80.233333	0.000343
-80.200000	0.000276
-80.166667	0.000205
-80.133333	0.000125
-80.100000	0.000035
-80.066667	-0.000043
-80.033333	-0.000127
-80.000000	-0.000204
-79.966667	-0.000282
-79.933333	-0.000378
-79.900000	-0.000457
-79.866667	-0.000540
-79.833333	-0.000603
-79.800000	-0.000679
-79.766667	-0.000720
-79.733333	-0.000772
-79.700000	-0.000861
-79.666667	-0.000897
-79.633333	-0.000939
-79.600000	-0.000979
-79.566667	-0.001026
-79.533333	-0.001069
-79.500000	-0.001112
-79.466667	-0.001156
-79.433333	-0.001182
-79.400000	-0.001218
-79.366667	-0.001256
-79.333333	-0.001291
-79.300000	-0.001332
-79.266667	-0.001378
-79.233333	-0.001404
-79.200000	-0.001443
-79.166667	-0.001482
-79.133333	-0.001520
-79.100000	-0.001550
-79.066667	-0.001590
-79.033333	-0.001622
-79.000000	-0.001643
-78.966667	-0.001669
-78.933333	-0.001722
-78.900000	-0.001735
-78.866667	-0.001770
-78.833333	-0.001789
-78.800000	-0.001810
-78.766667	-0.001847
-78.733333	-0.001879
-78.700000	-0.001904
-78.666667	-0.001915
-78.633333	-0.001930
-78.600000	-0.001957
-78.566667	-0.001987
-78.533333	-0.002015
-78.500000	-0.002043
-78.466667	-0.002067
-78.433333	-0.002093
-78.400000	-0.002130
-78.366667	-0.002151
-78.333333	-0.002178
-78.300000	-0.002216
-78.266667	-0.002244
-78.233333	-0.002270
-78.200000	-0.002305
-78.166667	-0.002332
-78.133333	-0.002374
-78.100000	-0.002399
-78.066667	-0.002431
-78.033333	-0.002459
-78.000000	-0.002487
-77.966667	-0.002529
-77.933333	-0.002577
-77.900000	-0.002598
-77.866667	-0.002637
-77.833333	-0.002657
-77.800000	-0.002680
-77.766667	-0.002708
-77.733333	-0.002731
-77.700000	-0.002756
-77.666667	-0.002754
-77.633333	-0.002784
-77.600000	-0.002803
-77.566667	-0.002825
-77.533333	-0.002830
-77.500000	-0.002831
-77.466667	-0.002858
-77.433333	-0.002849
-77.400000	-0.002854
-77.366667	-0.002843
-77.333333	-0.002848
-77.300000	-0.002849
-77.266667	-0.002841
-77.233333	-0.002838
-77.200000	-0.002827
-77.166667	-0.002822
-77.133333	-0.002802
-77.100000	-0.002778
-77.066667	-0.002767
-77.033333	-0.002753
-77.000000	-0.002733
-76.966667	-0.002705
-76.933333	-0.002678
-76.900000	-0.002650
-76.866667	-0.002621
-76.833333	-0.002585
-76.800000	-0.002546
-76.766667	-0.002512
-76.733333	-0.002473
-76.700000	-0.002423
-76.666667	-0.002370
-76.633333	-0.002343
-76.600000	-0.002276
-76.566667	-0.002228
-76.533333	-0.002166
-76.500000	-0.002112
-76.466667	-0.002061
-76.433333	-0.001974
-76.400000	-0.001918
-76.366667	-0.001853
-76.333333	-0.001798
-76.300000	-0.001739
-76.266667	-0.001677
-76.233333	-0.001620
-76.200000	-0.001571
-76.166667	-0.001516
-76.133333	-0.001463
-76.100000	-0.001426
-76.066667	-0.001373
-76.033333	-0.001317
-76.000000	-0.001256
-75.966667	-0.001202
-75.933333	-0.001149
-75.900000	-0.001119
-75.866667	-0.001080
-75.833333	-0.001049
-75.800000	-0.001011
-75.766667	-0.000976
-75.733333	-0.000933
-75.700000	-0.000894
-75.666667	-0.000855
-75.633333	-0.000813
-75.600000	-0.000766
-75.566667	-0.000727
-75.533333	-0.000686
-75.500000	-0.000638
-75.466667	-0.000594
-75.433333	-0.000551
-75.400000	-0.000512
-75.366667	-0.000474
-75.333333	-0.000440
-75.300000	-0.000411
-75.266667	-0.000385
-75.233333	-0.000363
-75.200000	-0.000343
-75.166667	-0.000324
-75.133333	-0.000304
-75.100000	-0.000283
-75.066667	-0.000265
-75.033333	-0.000259
-75.000000	-0.000265
-74.966667	-0.000276
-74.933333	-0.000284
-74.900000	-0.000324
-74.866667	-0.000338
-74.833333	-0.000368
-74.800000	-0.000387
-74.766667	-0.000408
-74.733333	-0.000426
-74.700000	-0.000443
-74.666667	-0.000470
-74.633333	-0.000498
-74.600000	-0.000505
-74.566667	-0.000520
-74.533333	-0.000526
-74.500000	-0.000523
-74.466667	-0.000524
-74.433333	-0.000515
-74.400000	-0.000504
-74.366667	-0.000487
-74.333333	-0.000469
-74.300000	-0.000446
-74.266667	-0.000421
-74.233333	-0.000392
-74.200000	-0.000361
-74.166667	-0.000329
-74.133333	-0.000297
-74.100000	-0.000268
-74.066667	-0.000238
-74.033333	-0.000213
-74.000000	-0.000185
-73.966667	-0.000155
-73.933333	-0.000125
-73.900000	-0.000105
-73.866667	-0.000076
-73.833333	-0.000055
-73.800000	-0.000037
-73.766667	-0.000019
-73.733333	0.000000
-73.700000	0.000040
-73.666667	0.000057
-73.633333	0.000075
-73.600000	0.000109
-73.566667	0.000133
-73.533333	0.000167
-73.500000	0.000193
-73.466667	0.000224
-73.433333	0.000260
-73.400000	0.000298
-73.366667	0.000339
-73.333333	0.000374
-73.300000	0.000409
-73.266667	0.000461
-73.233333	0.000489
-73.200000	0.000532
-73.166667	0.000576
-73.133333	0.000623
-73.100000	0.000662
-73.066667	0.000704
-73.033333	0.000742
-73.000000	0.000786
-72.966667	0.000833
-72.933333	0.000877
-72.900000	0.000916
-72.866667	0.000951
-72.833333	0.000985
-72.800000	0.001020
-72.766667	0.001063
-72.733333	0.001114
-72.700000	0.001170
-72.666667	0.001195
-72.633333	0.001227
-72.600000	0.001261
-72.566667	0.001290
-72.533333	0.001322
-72.500000	0.001368
-72.466667	0.001403
-72.433333	0.001429
-72.400000	0.001454
-72.366667	0.001480
-72.333333	0.001506
-72.300000	0.001536
-72.266667	0.001554
-72.233333	0.001575
-72.200000	0.001612
-72.166667	0.001639
-72.133333	0.001665
-72.100000	0.001682
-72.066667	0.001705
-72.033333	0.001723
-72.000000	0.001742
-71.966667	0.001760
-71.933333	0.001787
-71.900000	0.001809
-71.866667	0.001841
-71.833333	0.001875
-71.800000	0.001912
-71.766667	0.001953
-71.733333	0.001993
-71.700000	0.002034
-71.666667	0.002073
-71.633333	0.002115
-71.600000	0.002157
-71.566667	0.002227
-71.533333	0.002314
-71.500000	0.002408
-71.466667	0.002481
-71.433333	0.002560
-71.400000	0.002669
-71.366667	0.002798
-71.333333	0.002932
-71.300000	0.003065
-71.266667	0.003196
-71.233333	0.003358
-71.200000	0.003504
-71.166667	0.003647
-71.133333	0.003791
-71.100000	0.003924
-71.066667	0.004045
-71.033333	0.004150
-71.000000	0.004235
-70.966667	0.004297
-70.933333	0.004330
-70.900000	0.004316
-70.866667	0.004266
-70.833333	0.004165
-70.800000	0.004014
-70.766667	0.003814
-70.733333	0.003571
-70.700000	0.003282
-70.666667	0.002941
-70.633333	0.002567
-70.600000	0.002146
-70.566667	0.001703
-70.533333	0.001225
-70.500000	0.000695
-70.466667	0.000142
-70.433333	-0.000420
-70.400000	-0.000979
-70.366667	-0.001548
-70.333333	-0.002134
-70.300000	-0.002709
-70.266667	-0.003280
-70.233333	-0.003826
-70.200000	-0.004362
-70.166667	-0.004880
-70.133333	-0.005371
-70.100000	-0.005834
-70.066667	-0.006271
-70.033333	-0.006674
-70.000000	-0.007038
-69.966667	-0.007356
-69.933333	-0.007620
-69.900000	-0.007822
-69.866667	-0.007957
-69.833333	-0.008011
-69.800000	-0.007993
-69.766667	-0.007877
-69.733333	-0.007679
-69.700000	-0.007401
-69.666667	-0.007047
-69.633333	-0.006607
-69.600000	-0.006094
-69.566667	-0.005498
-69.533333	-0.004838
-69.500000	-0.004136
-69.466667	-0.003365
-69.433333	-0.002563
-69.400000	-0.001743
-69.366667	-0.000921
-69.333333	-0.000102
-69.300000	0.000688
-69.266667	0.001439
-69.233333	0.002146
-69.200000	0.002775
-69.166667	0.003366
-69.133333	0.003884
-69.100000	0.004347
-69.066667	0.004738
-69.033333	0.005069
-69.000000	0.005347
-68.966667	0.005578
-68.933333	0.005762
-68.900000	0.005908
-68.866667	0.006020
-68.833333	0.006107
-68.800000	0.006167
-68.766667	0.006223
-68.733333	0.006258
-68.700000	0.006293
-68.666667	0.006328
-68.633333	0.006368
-68.600000	0.006417
-68.566667	0.006467
-68.533333	0.006513
-68.500000	0.006554
-68.466667	0.006589
-68.433333	0.006610
-68.400000	0.006617
-68.366667	0.006624
-68.333333	0.006615
-68.300000	0.006584
-68.266667	0.006557
-68.233333	0.006519
-68.200000	0.006482
-68.166667	0.006468
-68.133333	0.006438
-68.100000	0.006420
-68.066667	0.006401
-68.033333	0.006382
-68.000000	0.006387
-67.966667	0.006389
-67.933333	0.006386
-67.900000	0.006414
-67.866667	0.006439
-67.833333	0.006474
-67.800000	0.006517
-67.766667	0.006565
-67.733333	0.006615
-67.700000	0.006665
-67.666667	0.006709
-67.633333	0.006741
-67.600000	0.006766
-67.566667	0.006779
-67.533333	0.006781
-67.500000	0.006776
-67.466667	0.006764
-67.433333	0.006750
-67.400000	0.006729
-67.366667	0.006709
-67.333333	0.006694
-67.300000	0.006675
-67.266667	0.006669
-67.233333	0.006664
-67.200000	0.006670
-67.166667	0.006678
-67.133333	0.006702
-67.100000	0.006736
-67.066667	0.006781
-67.033333	0.006844
-67.000000	0.006932
-66.966667	0.007022
-66.933333	0.007131
-66.900000	0.007264
-66.866667	0.007384
-66.833333	0.007521
-66.800000	0.007675
-66.766667	0.007848
-66.733333	0.008028
-66.700000	0.008213
-66.666667	0.008403
-66.633333	0.008616
-66.600000	0.008846
-66.566667	0.009074
-66.533333	0.009313
-66.500000	0.009564
-66.466667	0.009813
-66.433333	0.010064
-66.400000	0.010309
-66.366667	0.010560
-66.333333	0.010804
-66.300000	0.011020
-66.266667	0.011223
-66.233333	0.011393
-66.200000	0.011529
-66.166667	0.011614
-66.133333	0.011654
-66.100000	0.011632
-66.066667	0.011547
-66.033333	0.011399
-66.000000	0.011180
-65.966667	0.010894
-65.933333	0.010541
-65.900000	0.010129
-65.866667	0.009675
-65.833333	0.009174
-65.800000	0.008651
-65.766667	0.008101
-65.733333	0.007537
-65.700000	0.006982
-65.666667	0.006461
-65.633333	0.005996
-65.600000	0.005588
-65.566667	0.005259
-65.533333	0.005051
-65.500000	0.004958
-65.466667	0.004954
-65.433333	0.005081
-65.400000	0.005327
-65.366667	0.005707
-65.333333	0.006200
-65.300000	0.006804
-65.266667	0.007515
-65.233333	0.008322
-65.200000	0.009212
-65.166667	0.010171
-65.133333	0.011188
-65.100000	0.012248
-65.066667	0.013345
-65.033333	0.014466
-65.000000	0.015592
-64.966667	0.016712
-64.933333	0.017827
-64.900000	0.018934
-64.866667	0.020027
-64.833333	0.021095
-64.800000	0.022159
-64.766667	0.023207
-64.733333	0.024250
-64.700000	0.025293
-64.666667	0.026325
-64.633333	0.027366
-64.600000	0.028403
-64.566667	0.029434
-64.533333	0.030441
-64.500000	0.031420
-64.466667	0.032381
-64.433333	0.033354
-64.400000	0.034323
-64.366667	0.035304
-64.333333	0.036305
-64.300000	0.037353
-64.266667	0.038463
-64.233333	0.039648
-64.200000	0.040928
-64.166667	0.042340
-64.133333	0.043926
-64.100000	0.045736
-64.066667	0.047819
-64.033333	0.050219
-64.000000	0.052975
-63.966667	0.056141
-63.933333	0.059760
-63.900000	0.063867
-63.866667	0.068481
-63.833333	0.073628
-63.800000	0.079304
-63.766667	0.085501
-63.733333	0.092198
-63.700000	0.099356
-63.666667	0.106928
-63.633333	0.114902
-63.600000	0.123151
-63.566667	0.131611
-63.533333	0.140186
-63.500000	0.148760
-63.466667	0.157155
-63.433333	0.165168
-63.400000	0.172575
-63.366667	0.179140
-63.333333	0.184570
-63.300000	0.188529
-63.266667	0.190631
-63.233333	0.190476
-63.200000	0.187649
-63.166667	0.181698
-63.133333	0.172140
-63.100000	0.158482
-63.066667	0.140232
-63.033333	0.116903
-63.000000	0.088035
-62.966667	0.053285
-62.933333	0.012445
-62.900000	-0.034597
-62.866667	-0.087830
-62.833333	-0.147027
-62.800000	-0.211772
-62.766667	-0.281442
-62.733333	-0.355216
-62.700000	-0.432069
-62.666667	-0.510783
-62.633333	-0.589999
-62.600000	-0.668252
-62.566667	-0.743952
-62.533333	-0.815528
-62.500000	-0.881397
-62.466667	-0.940000
-62.433333	-0.989899
-62.400000	-1.029834
-62.366667	-1.058716
-62.333333	-1.075709
-62.300000	-1.080236
-62.266667	-1.072020
-62.233333	-1.051019
-62.200000	-1.017521
-62.166667	-0.972118
-62.133333	-0.915639
-62.100000	-0.849165
-62.066667	-0.773999
-62.033333	-0.691585
-62.000000	-0.603450
-61.966667	-0.511159
-61.933333	-0.416321
-61.900000	-0.320536
-61.866667	-0.225301
-61.833333	-0.131973
-61.800000	-0.041783
-61.766667	0.044180
-61.733333	0.125010
-61.700000	0.199990
-61.666667	0.268589
-61.633333	0.330432
-61.600000	0.385301
-61.566667	0.433101
-61.533333	0.473886
-61.500000	0.507846
-61.466667	0.535207
-61.433333	0.556265
-61.400000	0.571357
-61.366667	0.580905
-61.333333	0.585344
-61.300000	0.585146
-61.266667	0.580825
-61.233333	0.572875
-61.200000	0.561764
-61.166667	0.547969
-61.133333	0.531964
-61.100000	0.514161
-61.066667	0.494958
-61.033333	0.474783
-61.000000	0.453948
-60.966667	0.432770
-60.933333	0.411491
-60.900000	0.390338
-60.866667	0.369478
-60.833333	0.349060
-60.800000	0.329225
-60.766667	0.310071
-60.733333	0.291664
-60.700000	0.274060
-60.666667	0.257293
-60.633333	0.241355
-60.600000	0.226217
-60.566667	0.211871
-60.533333	0.198290
-60.500000	0.185473
-60.466667	0.173361
-60.433333	0.161962
-60.400000	0.151240
-60.366667	0.141209
-60.333333	0.131862
-60.300000	0.123247
-60.266667	0.115354
-60.233333	0.108148
-60.200000	0.101635
-60.166667	0.095808
-60.133333	0.090643
-60.100000	0.086104
-60.066667	0.082145
-60.033333	0.078715
-60.000000	0.075688
-59.966667	0.072995
-59.933333	0.070503
-59.900000	0.068092
-59.866667	0.065656
-59.833333	0.063110
-59.800000	0.060376
-59.766667	0.057333
-59.733333	0.053944
-59.700000	0.050162
-59.666667	0.045946
-59.633333	0.041294
-59.600000	0.036246
-59.566667	0.030881
-59.533333	0.025288
-59.500000	0.019560
-59.466667	0.013779
-59.433333	0.008050
-59.400000	0.002477
-59.366667	-0.002811
-59.333333	-0.007723
-59.300000	-0.012136
-59.266667	-0.015985
-59.233333	-0.019198
-59.200000	-0.021731
-59.166667	-0.023567
-59.133333	-0.024718
-59.100000	-0.025209
-59.066667	-0.025099
-59.033333	-0.024470
-59.000000	-0.023432
-58.966667	-0.022090
-58.933333	-0.020556
-58.900000	-0.018961
-58.866667	-0.017410
-58.833333	-0.016014
-58.800000	-0.014862
-58.766667	-0.014032
-58.733333	-0.013544
-58.700000	-0.013456
-58.666667	-0.013764
-58.633333	-0.014458
-58.600000	-0.015508
-58.566667	-0.016886
-58.533333	-0.018541
-58.500000	-0.020450
-58.466667	-0.022545
-58.433333	-0.024799
-58.400000	-0.027129
-58.366667	-0.029482
-58.333333	-0.031828
-58.300000	-0.034117
-58.266667	-0.036332
-58.233333	-0.038443
-58.200000	-0.040458
-58.166667	-0.042362
-58.133333	-0.044151
-58.100000	-0.045823
-58.066667	-0.047377
-58.033333	-0.048820
-58.000000	-0.050156
-57.966667	-0.051382
-57.933333	-0.052503
-57.900000	-0.053486
-57.866667	-0.054335
-57.833333	-0.055015
-57.800000	-0.055499
-57.766667	-0.055757
-57.733333	-0.055755
-57.700000	-0.055469
-57.666667	-0.054880
-57.633333	-0.053979
-57.600000	-0.052739
-57.566667	-0.051156
-57.533333	-0.049236
-57.500000	-0.047009
-57.466667	-0.044482
-57.433333	-0.041702
-57.400000	-0.038701
-57.366667	-0.035526
-57.333333	-0.032217
-57.300000	-0.028818
-57.266667	-0.025372
-57.233333	-0.021916
-57.200000	-0.018521
-57.166667	-0.015221
-57.133333	-0.012070
-57.100000	-0.009119
-57.066667	-0.006419
-57.033333	-0.004027
-57.000000	-0.001997
-56.966667	-0.000364
-56.933333	0.000860
-56.900000	0.001680
-56.866667	0.002054
-56.833333	0.002033
-56.800000	0.001600
-56.766667	0.000788
-56.733333	-0.000377
-56.700000	-0.001843
-56.666667	-0.003575
-56.633333	-0.005485
-56.600000	-0.007535
-56.566667	-0.009657
-56.533333	-0.011782
-56.500000	-0.013862
-56.466667	-0.015846
-56.433333	-0.017669
-56.400000	-0.019322
-56.366667	-0.020758
-56.333333	-0.021972
-56.300000	-0.022952
-56.266667	-0.023693
-56.233333	-0.024195
-56.200000	-0.024460
-56.166667	-0.024518
-56.133333	-0.024363
-56.100000	-0.024018
-56.066667	-0.023492
-56.033333	-0.022806
-56.000000	-0.021981
-55.966667	-0.021032
-55.933333	-0.019979
-55.900000	-0.018845
-55.866667	-0.017634
-55.833333	-0.016347
-55.800000	-0.015032
-55.766667	-0.013664
-55.733333	-0.012252
-55.700000	-0.010781
-55.666667	-0.009253
-55.633333	-0.007653
-55.600000	-0.006024
-55.566667	-0.004359
-55.533333	-0.002700
-55.500000	-0.001091
-55.466667	0.000452
-55.433333	0.001891
-55.400000	0.003156
-55.366667	0.004234
-55.333333	0.005097
-55.300000	0.005733
-55.266667	0.006133
-55.233333	0.006297
-55.200000	0.006178
-55.166667	0.005781
-55.133333	0.005162
-55.100000	0.004324
-55.066667	0.003271
-55.033333	0.002002
-55.000000	0.000515
-54.966667	-0.001167
-54.933333	-0.002991
-54.900000	-0.004914
-54.866667	-0.006903
-54.833333	-0.008928
-54.800000	-0.010968
-54.766667	-0.012988
-54.733333	-0.014977
-54.700000	-0.016921
-54.666667	-0.018805
-54.633333	-0.020628
-54.600000	-0.022394
-54.566667	-0.024096
-54.533333	-0.025741
-54.500000	-0.027320
-54.466667	-0.028831
-54.433333	-0.030274
-54.400000	-0.031641
-54.366667	-0.032930
-54.333333	-0.034125
-54.300000	-0.035230
-54.266667	-0.036241
-54.233333	-0.037151
-54.200000	-0.037970
-54.166667	-0.038647
-54.133333	-0.039159
-54.100000	-0.039530
-54.066667	-0.039778
-54.033333	-0.039879
-54.000000	-0.039815
-53.966667	-0.039541
-53.933333	-0.039027
-53.900000	-0.038274
-53.866667	-0.037273
-53.833333	-0.036015
-53.800000	-0.034512
-53.766667	-0.032754
-53.733333	-0.030733
-53.700000	-0.028482
-53.666667	-0.025988
-53.633333	-0.023288
-53.600000	-0.020407
-53.566667	-0.017404
-53.533333	-0.014292
-53.500000	-0.011132
-53.466667	-0.007981
-53.433333	-0.004905
-53.400000	-0.001962
-53.366667	0.000764
-53.333333	0.003195
-53.300000	0.005277
-53.266667	0.006976
-53.233333	0.008261
-53.200000	0.009101
-53.166667	0.009453
-53.133333	0.009361
-53.100000	0.008810
-53.066667	0.007811
-53.033333	0.006409
-53.000000	0.004639
-52.966667	0.002550
-52.933333	0.000202
-52.900000	-0.002349
-52.866667	-0.005055
-52.833333	-0.007740
-52.800000	-0.010421
-52.766667	-0.012985
-52.733333	-0.015365
-52.700000	-0.017542
-52.666667	-0.019451
-52.633333	-0.021067
-52.600000	-0.022373
-52.566667	-0.023406
-52.533333	-0.024100
-52.500000	-0.024507
-52.466667	-0.024641
-52.433333	-0.024521
-52.400000	-0.024159
-52.366667	-0.023594
-52.333333	-0.022848
-52.300000	-0.021914
-52.266667	-0.020808
-52.233333	-0.019554
-52.200000	-0.018187
-52.166667	-0.016724
-52.133333	-0.015139
-52.100000	-0.013493
-52.066667	-0.011796
-52.033333	-0.010050
-52.000000	-0.008267
-51.966667	-0.006442
-51.933333	-0.004563
-51.900000	-0.002661
-51.866667	-0.000719
-51.833333	0.001275
-51.800000	0.003193
-51.766667	0.005089
-51.733333	0.006906
-51.700000	0.008602
-51.666667	0.010156
-51.633333	0.011541
-51.600000	0.012725
-51.566667	0.013685
-51.533333	0.014460
-51.500000	0.015006
-51.466667	0.015330
-51.433333	0.015430
-51.400000	0.015297
-51.366667	0.014926
-51.333333	0.014325
-51.300000	0.013504
-51.266667	0.012457
-51.233333	0.011216
-51.200000	0.009787
-51.166667	0.008191
-51.133333	0.006470
-51.100000	0.004651
-51.066667	0.002774
-51.033333	0.000901
-51.000000	-0.000930
-50.966667	-0.002657
-50.933333	-0.004234
-50.900000	-0.005645
-50.866667	-0.006858
-50.833333	-0.007863
-50.800000	-0.008612
-50.766667	-0.009088
-50.733333	-0.009289
-50.700000	-0.009210
-50.666667	-0.008846
-50.633333	-0.008234
-50.600000	-0.007377
-50.566667	-0.006314
-50.533333	-0.005086
-50.500000	-0.003746
-50.466667	-0.002358
-50.433333	-0.000975
-50.400000	0.000360
-50.366667	0.001606
-50.333333	0.002712
-50.300000	0.003669
-50.266667	0.004439
-50.233333	0.005042
-50.200000	0.005459
-50.166667	0.005712
-50.133333	0.005839
-50.100000	0.005866
-50.066667	0.005841
-50.033333	0.005804
-50.000000	0.005770
-49.966667	0.005766
-49.933333	0.005795
-49.900000	0.005862
-49.866667	0.005986
-49.833333	0.006188
-49.800000	0.006462
-49.766667	0.006783
-49.733333	0.007127
-49.700000	0.007474
-49.666667	0.007783
-49.633333	0.008004
-49.600000	0.008136
-49.566667	0.008135
-49.533333	0.007982
-49.500000	0.007656
-49.466667	0.007136
-49.433333	0.006424
-49.400000	0.005526
-49.366667	0.004442
-49.333333	0.003199
-49.300000	0.001847
-49.266667	0.000398
-49.233333	-0.001092
-49.200000	-0.002593
-49.166667	-0.004065
-49.133333	-0.005468
-49.100000	-0.006764
-49.066667	-0.007914
-49.033333	-0.008894
-49.000000	-0.009705
-48.966667	-0.010338
-48.933333	-0.010795
-48.900000	-0.011067
-48.866667	-0.011146
-48.833333	-0.011049
-48.800000	-0.010815
-48.766667	-0.010453
-48.733333	-0.009974
-48.700000	-0.009399
-48.666667	-0.008758
-48.633333	-0.008045
-48.600000	-0.007271
-48.566667	-0.006444
-48.533333	-0.005570
-48.500000	-0.004654
-48.466667	-0.003705
-48.433333	-0.002714
-48.400000	-0.001671
-48.366667	-0.000567
-48.333333	0.000616
-48.300000	0.001879
-48.266667	0.003215
-48.233333	0.004626
-48.200000	0.006088
-48.166667	0.007597
-48.133333	0.009148
-48.100000	0.010713
-48.066667	0.012244
-48.033333	0.013710
-48.000000	0.015046
-47.966667	0.016219
-47.933333	0.017182
-47.900000	0.017901
-47.866667	0.018344
-47.833333	0.018476
-47.800000	0.018266
-47.766667	0.017713
-47.733333	0.016798
-47.700000	0.015505
-47.666667	0.013841
-47.633333	0.011815
-47.600000	0.009467
-47.566667	0.006853
-47.533333	0.004056
-47.500000	0.001120
-47.466667	-0.001885
-47.433333	-0.004892
-47.400000	-0.007820
-47.366667	-0.010606
-47.333333	-0.013197
-47.300000	-0.015541
-47.266667	-0.017606
-47.233333	-0.019352
-47.200000	-0.020773
-47.166667	-0.021842
-47.133333	-0.022572
-47.100000	-0.022984
-47.066667	-0.023105
-47.033333	-0.022948
-47.000000	-0.022567
-46.966667	-0.021995
-46.933333	-0.021274
-46.900000	-0.020441
-46.866667	-0.019534
-46.833333	-0.018580
-46.800000	-0.017603
-46.766667	-0.016624
-46.733333	-0.015650
-46.700000	-0.014680
-46.666667	-0.013719
-46.633333	-0.012749
-46.600000	-0.011739
-46.566667	-0.010659
-46.533333	-0.009511
-46.500000	-0.008305
-46.466667	-0.007011
-46.433333	-0.005634
-46.400000	-0.004184
-46.366667	-0.002690
-46.333333	-0.001181
-46.300000	0.000316
-46.266667	0.001779
-46.233333	0.003152
-46.200000	0.004412
-46.166667	0.005510
-46.133333	0.006384
-46.100000	0.006990
-46.066667	0.007286
-46.033333	0.007240
-46.000000	0.006837
-45.966667	0.006077
-45.933333	0.004989
-45.900000	0.003575
-45.866667	0.001885
-45.833333	-0.000029
-45.800000	-0.002092
-45.766667	-0.004256
-45.733333	-0.006441
-45.700000	-0.008594
-45.666667	-0.010655
-45.633333	-0.012553
-45.600000	-0.014250
-45.566667	-0.015685
-45.533333	-0.016847
-45.500000	-0.017698
-45.466667	-0.018239
-45.433333	-0.018493
-45.400000	-0.018485
-45.366667	-0.018247
-45.333333	-0.017824
-45.300000	-0.017237
-45.266667	-0.016529
-45.233333	-0.015763
-45.200000	-0.014972
-45.166667	-0.014221
-45.133333	-0.013545
-45.100000	-0.012970
-45.066667	-0.012516
-45.033333	-0.012202
-45.000000	-0.012021
-44.966667	-0.011969
-44.933333	-0.012024
-44.900000	-0.012181
-44.866667	-0.012388
-44.833333	-0.012619
-44.800000	-0.012831
-44.766667	-0.012999
-44.733333	-0.013071
-44.700000	-0.013026
-44.666667	-0.012862
-44.633333	-0.012570
-44.600000	-0.012162
-44.566667	-0.011651
-44.533333	-0.011033
-44.500000	-0.010323
-44.466667	-0.009548
-44.433333	-0.008733
-44.400000	-0.007915
-44.366667	-0.007136
-44.333333	-0.006434
-44.300000	-0.005807
-44.266667	-0.005254
-44.233333	-0.004823
-44.200000	-0.004538
-44.166667	-0.004414
-44.133333	-0.004437
-44.100000	-0.004608
-44.066667	-0.004932
-44.033333	-0.005403
-44.000000	-0.006009
-43.966667	-0.006703
-43.933333	-0.007466
-43.900000	-0.008249
-43.866667	-0.009009
-43.833333	-0.009709
-43.800000	-0.010332
-43.766667	-0.010853
-43.733333	-0.011251
-43.700000	-0.011520
-43.666667	-0.011667
-43.633333	-0.011683
-43.600000	-0.011578
-43.566667	-0.011353
-43.533333	-0.011007
-43.500000	-0.010568
-43.466667	-0.010053
-43.433333	-0.009480
-43.400000	-0.008874
-43.366667	-0.008243
-43.333333	-0.007590
-43.300000	-0.006904
-43.266667	-0.006191
-43.233333	-0.005497
-43.200000	-0.004799
-43.166667	-0.004094
-43.133333	-0.003374
-43.100000	-0.002629
-43.066667	-0.001880
-43.033333	-0.001110
-43.000000	-0.000308
-42.966667	0.000551
-42.933333	0.001448
-42.900000	0.002404
-42.866667	0.003402
-42.833333	0.004424
-42.800000	0.005450
-42.766667	0.006468
-42.733333	0.007453
-42.700000	0.008368
-42.666667	0.009174
-42.633333	0.009824
-42.600000	0.010278
-42.566667	0.010509
-42.533333	0.010494
-42.500000	0.010227
-42.466667	0.009707
-42.433333	0.008930
-42.400000	0.007893
-42.366667	0.006609
-42.333333	0.005100
-42.300000	0.003389
-42.266667	0.001505
-42.233333	-0.000496
-42.200000	-0.002578
-42.166667	-0.004715
-42.133333	-0.006858
-42.100000	-0.008968
-42.066667	-0.011034
-42.033333	-0.013010
-42.000000	-0.014875
-41.966667	-0.016593
-41.933333	-0.018148
-41.900000	-0.019535
-41.866667	-0.020748
-41.833333	-0.021789
-41.800000	-0.022654
-41.766667	-0.023349
-41.733333	-0.023883
-41.700000	-0.024257
-41.666667	-0.024467
-41.633333	-0.024510
-41.600000	-0.024390
-41.566667	-0.024103
-41.533333	-0.023652
-41.500000	-0.023039
-41.466667	-0.022261
-41.433333	-0.021326
-41.400000	-0.020269
-41.366667	-0.019094
-41.333333	-0.017807
-41.300000	-0.016420
-41.266667	-0.014950
-41.233333	-0.013414
-41.200000	-0.011859
-41.166667	-0.010316
-41.133333	-0.008790
-41.100000	-0.007363
-41.066667	-0.006028
-41.033333	-0.004826
-41.000000	-0.003767
-40.966667	-0.002881
-40.933333	-0.002212
-40.900000	-0.001765
-40.866667	-0.001501
-40.833333	-0.001449
-40.800000	-0.001597
-40.766667	-0.001951
-40.733333	-0.002490
-40.700000	-0.003190
-40.666667	-0.004023
-40.633333	-0.004965
-40.600000	-0.005988
-40.566667	-0.007058
-40.533333	-0.008143
-40.500000	-0.009199
-40.466667	-0.010190
-40.433333	-0.011104
-40.400000	-0.011937
-40.366667	-0.012664
-40.333333	-0.013285
-40.300000	-0.013800
-40.266667	-0.014204
-40.233333	-0.014503
-40.200000	-0.014727
-40.166667	-0.014828
-40.133333	-0.014855
-40.100000	-0.014830
-40.066667	-0.014713
-40.033333	-0.014540
-40.000000	-0.014310
-39.966667	-0.014046
-39.933333	-0.013740
-39.900000	-0.013381
-39.866667	-0.012968
-39.833333	-0.012549
-39.800000	-0.012109
-39.766667	-0.011654
-39.733333	-0.011173
-39.700000	-0.010665
-39.666667	-0.010116
-39.633333	-0.009522
-39.600000	-0.008885
-39.566667	-0.008207
-39.533333	-0.007496
-39.500000	-0.006739
-39.466667	-0.005945
-39.433333	-0.005132
-39.400000	-0.004339
-39.366667	-0.003579
-39.333333	-0.002840
-39.300000	-0.002116
-39.266667	-0.001409
-39.233333	-0.000735
-39.200000	-0.000103
-39.166667	0.000527
-39.133333	0.001091
-39.100000	0.001619
-39.066667	0.002106
-39.033333	0.002536
-39.000000	0.002908
-38.966667	0.003215
-38.933333	0.003454
-38.900000	0.003632
-38.866667	0.003739
-38.833333	0.003782
-38.800000	0.003769
-38.766667	0.003683
-38.733333	0.003538
-38.700000	0.003347
-38.666667	0.003109
-38.633333	0.002809
-38.600000	0.002427
-38.566667	0.001963
-38.533333	0.001443
-38.500000	0.000870
-38.466667	0.000250
-38.433333	-0.000432
-38.400000	-0.001175
-38.366667	-0.001952
-38.333333	-0.002741
-38.300000	-0.003551
-38.266667	-0.004386
-38.233333	-0.005211
-38.200000	-0.006028
-38.166667	-0.006828
-38.133333	-0.007607
-38.100000	-0.008352
-38.066667	-0.009057
-38.033333	-0.009699
-38.000000	-0.010236
-37.966667	-0.010646
-37.933333	-0.010923
-37.900000	-0.011048
-37.866667	-0.011008
-37.833333	-0.010755
-37.800000	-0.010320
-37.766667	-0.009687
-37.733333	-0.008833
-37.700000	-0.007773
-37.666667	-0.006549
-37.633333	-0.005190
-37.600000	-0.003685
-37.566667	-0.002040
-37.533333	-0.000278
-37.500000	0.001571
-37.466667	0.003489
-37.433333	0.005413
-37.400000	0.007306
-37.366667	0.009166
-37.333333	0.010926
-37.300000	0.012559
-37.266667	0.014036
-37.233333	0.015347
-37.200000	0.016445
-37.166667	0.017326
-37.133333	0.017996
-37.100000	0.018445
-37.066667	0.018678
-37.033333	0.018720
-37.000000	0.018578
-36.966667	0.018243
-36.933333	0.017716
-36.900000	0.017020
-36.866667	0.016170
-36.833333	0.015179
-36.800000	0.014034
-36.766667	0.012793
-36.733333	0.011451
-36.700000	0.010026
-36.666667	0.008542
-36.633333	0.007044
-36.600000	0.005576
-36.566667	0.004165
-36.533333	0.002807
-36.500000	0.001565
-36.466667	0.000437
-36.433333	-0.000570
-36.400000	-0.001459
-36.366667	-0.002160
-36.333333	-0.002700
-36.300000	-0.003012
-36.266667	-0.003105
-36.233333	-0.002964
-36.200000	-0.002584
-36.166667	-0.001962
-36.133333	-0.001095
-36.100000	-0.000005
-36.066667	0.001265
-36.033333	0.002692
-36.000000	0.004250
-35.966667	0.005913
-35.933333	0.007635
-35.900000	0.009379
-35.866667	0.011108
-35.833333	0.012788
-35.800000	0.014386
-35.766667	0.015877
-35.733333	0.017232
-35.700000	0.018426
-35.666667	0.019446
-35.633333	0.020275
-35.600000	0.020911
-35.566667	0.021355
-35.533333	0.021588
-35.500000	0.021648
-35.466667	0.021521
-35.433333	0.021223
-35.400000	0.020766
-35.366667	0.020222
-35.333333	0.019550
-35.300000	0.018779
-35.266667	0.017928
-35.233333	0.017015
-35.200000	0.016035
-35.166667	0.015017
-35.133333	0.013969
-35.100000	0.012887
-35.066667	0.011770
-35.033333	0.010637
-35.000000	0.009501
-34.966667	0.008356
-34.933333	0.007194
-34.900000	0.006035
-34.866667	0.004898
-34.833333	0.003787
-34.800000	0.002694
-34.766667	0.001632
-34.733333	0.000636
-34.700000	-0.000291
-34.666667	-0.001143
-34.633333	-0.001863
-34.600000	-0.002440
-34.566667	-0.002872
-34.533333	-0.003112
-34.500000	-0.003194
-34.466667	-0.003101
-34.433333	-0.002834
-34.400000	-0.002413
-34.366667	-0.001837
-34.333333	-0.001147
-34.300000	-0.000325
-34.266667	0.000609
-34.233333	0.001598
-34.200000	0.002616
-34.166667	0.003652
-34.133333	0.004665
-34.100000	0.005631
-34.066667	0.006516
-34.033333	0.007302
-34.000000	0.007973
-33.966667	0.008522
-33.933333	0.008952
-33.900000	0.009268
-33.866667	0.009474
-33.833333	0.009560
-33.800000	0.009535
-33.766667	0.009434
-33.733333	0.009286
-33.700000	0.009095
-33.666667	0.008889
-33.633333	0.008716
-33.600000	0.008540
-33.566667	0.008375
-33.533333	0.008264
-33.500000	0.008110
-33.466667	0.007983
-33.433333	0.007847
-33.400000	0.007684
-33.366667	0.007484
-33.333333	0.007206
-33.300000	0.006841
-33.266667	0.006347
-33.233333	0.005701
-33.200000	0.004909
-33.166667	0.003921
-33.133333	0.002743
-33.100000	0.001381
-33.066667	-0.000171
-33.033333	-0.001888
-33.000000	-0.003749
-32.966667	-0.005730
-32.933333	-0.007811
-32.900000	-0.009971
-32.866667	-0.012175
-32.833333	-0.014395
-32.800000	-0.016577
-32.766667	-0.018685
-32.733333	-0.020680
-32.700000	-0.022515
-32.666667	-0.024172
-32.633333	-0.025630
-32.600000	-0.026870
-32.566667	-0.027864
-32.533333	-0.028595
-32.500000	-0.029088
-32.466667	-0.029295
-32.433333	-0.029251
-32.400000	-0.028944
-32.366667	-0.028392
-32.333333	-0.027614
-32.300000	-0.026617
-32.266667	-0.025428
-32.233333	-0.024055
-32.200000	-0.022518
-32.166667	-0.020858
-32.133333	-0.019068
-32.100000	-0.017183
-32.066667	-0.015239
-32.033333	-0.013247
-32.000000	-0.011241
-31.966667	-0.009253
-31.933333	-0.007315
-31.900000	-0.005443
-31.866667	-0.003651
-31.833333	-0.001954
-31.800000	-0.000351
-31.766667	0.001145
-31.733333	0.002526
-31.700000	0.003793
-31.666667	0.004915
-31.633333	0.005929
-31.600000	0.006802
-31.566667	0.007546
-31.533333	0.008167
-31.500000	0.008635
-31.466667	0.008976
-31.433333	0.009193
-31.400000	0.009298
-31.366667	0.009295
-31.333333	0.009202
-31.300000	0.009032
-31.266667	0.008793
-31.233333	0.008504
-31.200000	0.008193
-31.166667	0.007872
-31.133333	0.007533
-31.100000	0.007199
-31.066667	0.006893
-31.033333	0.006645
-31.000000	0.006471
-30.966667	0.006383
-30.933333	0.006397
-30.900000	0.006531
-30.866667	0.006805
-30.833333	0.007226
-30.800000	0.007791
-30.766667	0.008498
-30.733333	0.009329
-30.700000	0.010274
-30.666667	0.011315
-30.633333	0.012445
-30.600000	0.013609
-30.566667	0.014807
-30.533333	0.016005
-30.500000	0.017170
-30.466667	0.018303
-30.433333	0.019361
-30.400000	0.020330
-30.366667	0.021190
-30.333333	0.021924
-30.300000	0.022512
-30.266667	0.022947
-30.233333	0.023234
-30.200000	0.023375
-30.166667	0.023347
-30.133333	0.023132
-30.100000	0.022806
-30.066667	0.022331
-30.033333	0.021733
-30.000000	0.021011
-29.966667	0.020170
-29.933333	0.019221
-29.900000	0.018182
-29.866667	0.017082
-29.833333	0.015916
-29.800000	0.014688
-29.766667	0.013410
-29.733333	0.012102
-29.700000	0.010759
-29.666667	0.009398
-29.633333	0.008019
-29.600000	0.006632
-29.566667	0.005259
-29.533333	0.003888
-29.500000	0.002556
-29.466667	0.001236
-29.433333	-0.000040
-29.400000	-0.001264
-29.366667	-0.002418
-29.333333	-0.003501
-29.300000	-0.004501
-29.266667	-0.005405
-29.233333	-0.006203
-29.200000	-0.006895
-29.166667	-0.007483
-29.133333	-0.007963
-29.100000	-0.008304
-29.066667	-0.008555
-29.033333	-0.008677
-29.000000	-0.008684
-28.966667	-0.008578
-28.933333	-0.008366
-28.900000	-0.008052
-28.866667	-0.007650
-28.833333	-0.007188
-28.800000	-0.006672
-28.766667	-0.006111
-28.733333	-0.005522
-28.700000	-0.004927
-28.666667	-0.004321
-28.633333	-0.003720
-28.600000	-0.003124
-28.566667	-0.002534
-28.533333	-0.001970
-28.500000	-0.001416
-28.466667	-0.000912
-28.433333	-0.000410
-28.400000	0.000050
-28.366667	0.000464
-28.333333	0.000811
-28.300000	0.001091
-28.266667	0.001304
-28.233333	0.001429
-28.200000	0.001466
-28.166667	0.001408
-28.133333	0.001256
-28.100000	0.001011
-28.066667	0.000657
-28.033333	0.000219
-28.000000	-0.000319
-27.966667	-0.000976
-27.933333	-0.001742
-27.900000	-0.002622
-27.866667	-0.003613
-27.833333	-0.004708
-27.800000	-0.005903
-27.766667	-0.007193
-27.733333	-0.008570
-27.700000	-0.010014
-27.666667	-0.011507
-27.633333	-0.013032
-27.600000	-0.014570
-27.566667	-0.016113
-27.533333	-0.017634
-27.500000	-0.019122
-27.466667	-0.020553
-27.433333	-0.021906
-27.400000	-0.023191
-27.366667	-0.024379
-27.333333	-0.025451
-27.300000	-0.026387
-27.266667	-0.027179
-27.233333	-0.027802
-27.200000	-0.028250
-27.166667	-0.028505
-27.133333	-0.028554
-27.100000	-0.028411
-27.066667	-0.028079
-27.033333	-0.027553
-27.000000	-0.026890
-26.966667	-0.026092
-26.933333	-0.025164
-26.900000	-0.024138
-26.866667	-0.023035
-26.833333	-0.021871
-26.800000	-0.020682
-26.766667	-0.019491
-26.733333	-0.018315
-26.700000	-0.017186
-26.666667	-0.016116
-26.633333	-0.015130
-26.600000	-0.014249
-26.566667	-0.013487
-26.533333	-0.012837
-26.500000	-0.012325
-26.466667	-0.011939
-26.433333	-0.011690
-26.400000	-0.011579
-26.366667	-0.011593
-26.333333	-0.011717
-26.300000	-0.011951
-26.266667	-0.012257
-26.233333	-0.012607
-26.200000	-0.013007
-26.166667	-0.013420
-26.133333	-0.013829
-26.100000	-0.014223
-26.066667	-0.014582
-26.033333	-0.014904
-26.000000	-0.015191
-25.966667	-0.015426
-25.933333	-0.015593
-25.900000	-0.015688
-25.866667	-0.015716
-25.833333	-0.015668
-25.800000	-0.015544
-25.766667	-0.015332
-25.733333	-0.015038
-25.700000	-0.014646
-25.666667	-0.014147
-25.633333	-0.013531
-25.600000	-0.012779
-25.566667	-0.011917
-25.533333	-0.010931
-25.500000	-0.009802
-25.466667	-0.008563
-25.433333	-0.007207
-25.400000	-0.005735
-25.366667	-0.004179
-25.333333	-0.002507
-25.300000	-0.000739
-25.266667	0.001119
-25.233333	0.003036
-25.200000	0.004996
-25.166667	0.006977
-25.133333	0.008955
-25.100000	0.010887
-25.066667	0.012740
-25.033333	0.014471
-25.000000	0.016034
-24.966667	0.017415
-24.933333	0.018608
-24.900000	0.019593
-24.866667	0.020366
-24.833333	0.020935
-24.800000	0.021299
-24.766667	0.021458
-24.733333	0.021425
-24.700000	0.021228
-24.666667	0.020867
-24.633333	0.020372
-24.600000	0.019751
-24.566667	0.019014
-24.533333	0.018204
-24.500000	0.017342
-24.466667	0.016414
-24.433333	0.015475
-24.400000	0.014510
-24.366667	0.013513
-24.333333	0.012516
-24.300000	0.011480
-24.266667	0.010403
-24.233333	0.009283
-24.200000	0.008117
-24.166667	0.006864
-24.133333	0.005522
-24.100000	0.004081
-24.066667	0.002532
-24.033333	0.000855
-24.000000	-0.000974
-23.966667	-0.002912
-23.933333	-0.004971
-23.900000	-0.007163
-23.866667	-0.009486
-23.833333	-0.011925
-23.800000	-0.014481
-23.766667	-0.017133
-23.733333	-0.019870
-23.700000	-0.022680
-23.666667	-0.025547
-23.633333	-0.028441
-23.600000	-0.031322
-23.566667	-0.034162
-23.533333	-0.036953
-23.500000	-0.039663
-23.466667	-0.042262
-23.433333	-0.044737
-23.400000	-0.047078
-23.366667	-0.049265
-23.333333	-0.051280
-23.300000	-0.053117
-23.266667	-0.054778
-23.233333	-0.056260
-23.200000	-0.057553
-23.166667	-0.058673
-23.133333	-0.059603
-23.100000	-0.060360
-23.066667	-0.060949
-23.033333	-0.061386
-23.000000	-0.061680
-22.966667	-0.061822
-22.933333	-0.061855
-22.900000	-0.061780
-22.866667	-0.061599
-22.833333	-0.061317
-22.800000	-0.060950
-22.766667	-0.060502
-22.733333	-0.059992
-22.700000	-0.059416
-22.666667	-0.058764
-22.633333	-0.058043
-22.600000	-0.057231
-22.566667	-0.056354
-22.533333	-0.055431
-22.500000	-0.054451
-22.466667	-0.053397
-22.433333	-0.052284
-22.400000	-0.051140
-22.366667	-0.049949
-22.333333	-0.048706
-22.300000	-0.047471
-22.266667	-0.046204
-22.233333	-0.044910
-22.200000	-0.043567
-22.166667	-0.042208
-22.133333	-0.040825
-22.100000	-0.039420
-22.066667	-0.037975
-22.033333	-0.036494
-22.000000	-0.034979
-21.966667	-0.033398
-21.933333	-0.031743
-21.900000	-0.030016
-21.866667	-0.028202
-21.833333	-0.026288
-21.800000	-0.024248
-21.766667	-0.022071
-21.733333	-0.019762
-21.700000	-0.017311
-21.666667	-0.014718
-21.633333	-0.012000
-21.600000	-0.009152
-21.566667	-0.006206
-21.533333	-0.003176
-21.500000	-0.000074
-21.466667	0.003087
-21.433333	0.006261
-21.400000	0.009422
-21.366667	0.012561
-21.333333	0.015621
-21.300000	0.018572
-21.266667	0.021411
-21.233333	0.024086
-21.200000	0.026585
-21.166667	0.028876
-21.133333	0.030979
-21.100000	0.032874
-21.066667	0.034540
-21.033333	0.035998
-21.000000	0.037223
-20.966667	0.038268
-20.933333	0.039095
-20.900000	0.039734
-20.866667	0.040199
-20.833333	0.040516
-20.800000	0.040719
-20.766667	0.040813
-20.733333	0.040805
-20.700000	0.040721
-20.666667	0.040582
-20.633333	0.040399
-20.600000	0.040182
-20.566667	0.039941
-20.533333	0.039682
-20.500000	0.039425
-20.466667	0.039151
-20.433333	0.038867
-20.400000	0.038587
-20.366667	0.038313
-20.333333	0.038052
-20.300000	0.037824
-20.266667	0.037613
-20.233333	0.037446
-20.200000	0.037326
-20.166667	0.037262
-20.133333	0.037256
-20.100000	0.037294
-20.066667	0.037379
-20.033333	0.037541
-20.000000	0.037742
-19.966667	0.038021
-19.933333	0.038341
-19.900000	0.038727
-19.866667	0.039153
-19.833333	0.039623
-19.800000	0.040118
-19.766667	0.040614
-19.733333	0.041092
-19.700000	0.041539
-19.666667	0.041937
-19.633333	0.042291
-19.600000	0.042562
-19.566667	0.042749
-19.533333	0.042848
-19.500000	0.042853
-19.466667	0.042738
-19.433333	0.042530
-19.400000	0.042231
-19.366667	0.041839
-19.333333	0.041357
-19.300000	0.040800
-19.266667	0.040181
-19.233333	0.039514
-19.200000	0.038812
-19.166667	0.038092
-19.133333	0.037365
-19.100000	0.036662
-19.066667	0.035997
-19.033333	0.035368
-19.000000	0.034803
-18.966667	0.034294
-18.933333	0.033838
-18.900000	0.033425
-18.866667	0.033065
-18.833333	0.032748
-18.800000	0.032449
-18.766667	0.032164
-18.733333	0.031895
-18.700000	0.031614
-18.666667	0.031310
-18.633333	0.030998
-18.600000	0.030616
-18.566667	0.030190
-18.533333	0.029713
-18.500000	0.029177
-18.466667	0.028590
-18.433333	0.027955
-18.400000	0.027276
-18.366667	0.026560
-18.333333	0.025825
-18.300000	0.025082
-18.266667	0.024342
-18.233333	0.023627
-18.200000	0.022938
-18.166667	0.022300
-18.133333	0.021725
-18.100000	0.021224
-18.066667	0.020776
-18.033333	0.020379
-18.000000	0.020062
-17.966667	0.019805
-17.933333	0.019600
-17.900000	0.019437
-17.866667	0.019300
-17.833333	0.019190
-17.800000	0.019047
-17.766667	0.018885
-17.733333	0.018696
-17.700000	0.018445
-17.666667	0.018118
-17.633333	0.017709
-17.600000	0.017207
-17.566667	0.016636
-17.533333	0.015991
-17.500000	0.015279
-17.466667	0.014522
-17.433333	0.013717
-17.400000	0.012852
-17.366667	0.011944
-17.333333	0.011026
-17.300000	0.010097
-17.266667	0.009180
-17.233333	0.008287
-17.200000	0.007410
-17.166667	0.006557
-17.133333	0.005721
-17.100000	0.004895
-17.066667	0.004082
-17.033333	0.003298
-17.000000	0.002544
-16.966667	0.001805
-16.933333	0.001060
-16.900000	0.000315
-16.866667	-0.000411
-16.833333	-0.001099
-16.800000	-0.001798
-16.766667	-0.002455
-16.733333	-0.003049
-16.700000	-0.003628
-16.666667	-0.004143
-16.633333	-0.004586
-16.600000	-0.004933
-16.566667	-0.005179
-16.533333	-0.005316
-16.500000	-0.005321
-16.466667	-0.005164
-16.433333	-0.004895
-16.400000	-0.004473
-16.366667	-0.003897
-16.333333	-0.003173
-16.300000	-0.002310
-16.266667	-0.001326
-16.233333	-0.000237
-16.200000	0.000941
-16.166667	0.002182
-16.133333	0.003456
-16.100000	0.004736
-16.066667	0.005993
-16.033333	0.007194
-16.000000	0.008310
-15.966667	0.009313
-15.933333	0.010178
-15.900000	0.010899
-15.866667	0.011469
-15.833333	0.011868
-15.800000	0.012098
-15.766667	0.012174
-15.733333	0.012073
-15.700000	0.011832
-15.666667	0.011461
-15.633333	0.010966
-15.600000	0.010373
-15.566667	0.009702
-15.533333	0.008975
-15.500000	0.008223
-15.466667	0.007466
-15.433333	0.006701
-15.400000	0.005995
-15.366667	0.005324
-15.333333	0.004707
-15.300000	0.004178
-15.266667	0.003708
-15.233333	0.003319
-15.200000	0.003005
-15.166667	0.002752
-15.133333	0.002539
-15.100000	0.002374
-15.066667	0.002237
-15.033333	0.002125
-15.000000	0.002031
-14.966667	0.001947
-14.933333	0.001864
-14.900000	0.001783
-14.866667	0.001709
-14.833333	0.001640
-14.800000	0.001571
-14.766667	0.001499
-14.733333	0.001415
-14.700000	0.001363
-14.666667	0.001284
-14.633333	0.001220
-14.600000	0.001157
-14.566667	0.001099
-14.533333	0.001048
-14.500000	0.001000
-14.466667	0.000936
-14.433333	0.000860
-14.400000	0.000765
-14.366667	0.000636
-14.333333	0.000452
-14.300000	0.000235
-14.266667	-0.000053
-14.233333	-0.000394
-14.200000	-0.000796
-14.166667	-0.001262
-14.133333	-0.001787
-14.100000	-0.002363
-14.066667	-0.002993
-14.033333	-0.003660
-14.000000	-0.004361
-13.966667	-0.005086
-13.933333	-0.005814
-13.900000	-0.006562
-13.866667	-0.007319
-13.833333	-0.008054
-13.800000	-0.008769
-13.766667	-0.009444
-13.733333	-0.010096
-13.700000	-0.010710
-13.666667	-0.011293
-13.633333	-0.011836
-13.600000	-0.012339
-13.566667	-0.012788
-13.533333	-0.013159
-13.500000	-0.013520
-13.466667	-0.013807
-13.433333	-0.014047
-13.400000	-0.014235
-13.366667	-0.014377
-13.333333	-0.014467
-13.300000	-0.014485
-13.266667	-0.014443
-13.233333	-0.014353
-13.200000	-0.014176
-13.166667	-0.013958
-13.133333	-0.013674
-13.100000	-0.013335
-13.066667	-0.012946
-13.033333	-0.012499
-13.000000	-0.011994
-12.966667	-0.011457
-12.933333	-0.010886
-12.900000	-0.010322
-12.866667	-0.009753
-12.833333	-0.009189
-12.800000	-0.008664
-12.766667	-0.008183
-12.733333	-0.007771
-12.700000	-0.007431
-12.666667	-0.007171
-12.633333	-0.006996
-12.600000	-0.006895
-12.566667	-0.006855
-12.533333	-0.006866
-12.500000	-0.006989
-12.466667	-0.007142
-12.433333	-0.007396
-12.400000	-0.007703
-12.366667	-0.008055
-12.333333	-0.008414
-12.300000	-0.008833
-12.266667	-0.009249
-12.233333	-0.009686
-12.200000	-0.010105
-12.166667	-0.010531
-12.133333	-0.010926
-12.100000	-0.011305
-12.066667	-0.011662
-12.033333	-0.011984
-12.000000	-0.012287
-11.966667	-0.012585
-11.933333	-0.012863
-11.900000	-0.013136
-11.866667	-0.013388
-11.833333	-0.013618
-11.800000	-0.013833
-11.766667	-0.014035
-11.733333	-0.014215
-11.700000	-0.014373
-11.666667	-0.014510
-11.633333	-0.014616
-11.600000	-0.014680
-11.566667	-0.014703
-11.533333	-0.014697
-11.500000	-0.014670
-11.466667	-0.014601
-11.433333	-0.014501
-11.400000	-0.014364
-11.366667	-0.014169
-11.333333	-0.013939
-11.300000	-0.013698
-11.266667	-0.013387
-11.233333	-0.013059
-11.200000	-0.012698
-11.166667	-0.012304
-11.133333	-0.011898
-11.100000	-0.011475
-11.066667	-0.011045
-11.033333	-0.010613
-11.000000	-0.010186
-10.966667	-0.009761
-10.933333	-0.009329
-10.900000	-0.008887
-10.866667	-0.008456
-10.833333	-0.008050
-10.800000	-0.007664
-10.766667	-0.007294
-10.733333	-0.006947
-10.700000	-0.006641
-10.666667	-0.006386
-10.633333	-0.006184
-10.600000	-0.006035
-10.566667	-0.005943
-10.533333	-0.005908
-10.500000	-0.005934
-10.466667	-0.006017
-10.433333	-0.006158
-10.400000	-0.006368
-10.366667	-0.006633
-10.333333	-0.006952
-10.300000	-0.007312
-10.266667	-0.007727
-10.233333	-0.008189
-10.200000	-0.008674
-10.166667	-0.009172
-10.133333	-0.009684
-10.100000	-0.010202
-10.066667	-0.010716
-10.033333	-0.011211
-10.000000	-0.011643
-9.966667	-0.012049
-9.933333	-0.012370
-9.900000	-0.012631
-9.866667	-0.012834
-9.833333	-0.012961
-9.800000	-0.013004
-9.766667	-0.012998
-9.733333	-0.012935
-9.700000	-0.012834
-9.666667	-0.012692
-9.633333	-0.012516
-9.600000	-0.012319
-9.566667	-0.012123
-9.533333	-0.011953
-9.500000	-0.011797
-9.466667	-0.011653
-9.433333	-0.011533
-9.400000	-0.011450
-9.366667	-0.011391
-9.333333	-0.011348
-9.300000	-0.011338
-9.266667	-0.011367
-9.233333	-0.011411
-9.200000	-0.011454
-9.166667	-0.011502
-9.133333	-0.011561
-9.100000	-0.011608
-9.066667	-0.011623
-9.033333	-0.011599
-9.000000	-0.011515
-8.966667	-0.011399
-8.933333	-0.011195
-8.900000	-0.010946
-8.866667	-0.010643
-8.833333	-0.010287
-8.800000	-0.009886
-8.766667	-0.009455
-8.733333	-0.008984
-8.700000	-0.008505
-8.666667	-0.008029
-8.633333	-0.007587
-8.600000	-0.007195
-8.566667	-0.006857
-8.533333	-0.006579
-8.500000	-0.006344
-8.466667	-0.006172
-8.433333	-0.006049
-8.400000	-0.005968
-8.366667	-0.005945
-8.333333	-0.005982
-8.300000	-0.006082
-8.266667	-0.006240
-8.233333	-0.006437
-8.200000	-0.006653
-8.166667	-0.006894
-8.133333	-0.007183
-8.100000	-0.007480
-8.066667	-0.007796
-8.033333	-0.008125
-8.000000	-0.008468
-7.966667	-0.008817
-7.933333	-0.009178
-7.900000	-0.009541
-7.866667	-0.009909
-7.833333	-0.010278
-7.800000	-0.010646
-7.766667	-0.011017
-7.733333	-0.011397
-7.700000	-0.011794
-7.666667	-0.012211
-7.633333	-0.012638
-7.600000	-0.013059
-7.566667	-0.013457
-7.533333	-0.013820
-7.500000	-0.014129
-7.466667	-0.014377
-7.433333	-0.014549
-7.400000	-0.014650
-7.366667	-0.014653
-7.333333	-0.014579
-7.300000	-0.014416
-7.266667	-0.014156
-7.233333	-0.013798
-7.200000	-0.013352
-7.166667	-0.012838
-7.133333	-0.012264
-7.100000	-0.011616
-7.066667	-0.010944
-7.033333	-0.010248
-7.000000	-0.009542
-6.966667	-0.008835
-6.933333	-0.008160
-6.900000	-0.007524
-6.866667	-0.006937
-6.833333	-0.006434
-6.800000	-0.006019
-6.766667	-0.005707
-6.733333	-0.005493
-6.700000	-0.005381
-6.666667	-0.005380
-6.633333	-0.005480
-6.600000	-0.005664
-6.566667	-0.005935
-6.533333	-0.006304
-6.500000	-0.006726
-6.466667	-0.007226
-6.433333	-0.007773
-6.400000	-0.008345
-6.366667	-0.008921
-6.333333	-0.009551
-6.300000	-0.010186
-6.266667	-0.010810
-6.233333	-0.011416
-6.200000	-0.011987
-6.166667	-0.012519
-6.133333	-0.013018
-6.100000	-0.013458
-6.066667	-0.013845
-6.033333	-0.014177
-6.000000	-0.014434
-5.966667	-0.014631
-5.933333	-0.014768
-5.900000	-0.014837
-5.866667	-0.014842
-5.833333	-0.014801
-5.800000	-0.014691
-5.766667	-0.014519
-5.733333	-0.014270
-5.700000	-0.013962
-5.666667	-0.013611
-5.633333	-0.013201
-5.600000	-0.012705
-5.566667	-0.012196
-5.533333	-0.011622
-5.500000	-0.010990
-5.466667	-0.010349
-5.433333	-0.009677
-5.400000	-0.008991
-5.366667	-0.008334
-5.333333	-0.007709
-5.300000	-0.007128
-5.266667	-0.006587
-5.233333	-0.006131
-5.200000	-0.005726
-5.166667	-0.005389
-5.133333	-0.005128
-5.100000	-0.004936
-5.066667	-0.004826
-5.033333	-0.004797
-5.000000	-0.004843
-4.966667	-0.004979
-4.933333	-0.005195
-4.900000	-0.005486
-4.866667	-0.005876
-4.833333	-0.006325
-4.800000	-0.006851
-4.766667	-0.007429
-4.733333	-0.008039
-4.700000	-0.008688
-4.666667	-0.009358
-4.633333	-0.010029
-4.600000	-0.010705
-4.566667	-0.011396
-4.533333	-0.012053
-4.500000	-0.012713
-4.466667	-0.013359
-4.433333	-0.013987
-4.400000	-0.014595
-4.366667	-0.015192
-4.333333	-0.015752
-4.300000	-0.016274
-4.266667	-0.016739
-4.233333	-0.017163
-4.200000	-0.017491
-4.166667	-0.017760
-4.133333	-0.017961
-4.100000	-0.018086
-4.066667	-0.018141
-4.033333	-0.018120
-4.000000	-0.018051
-3.966667	-0.017920
-3.933333	-0.017719
-3.900000	-0.017496
-3.866667	-0.017238
-3.833333	-0.016940
-3.800000	-0.016642
-3.766667	-0.016321
-3.733333	-0.015986
-3.700000	-0.015654
-3.666667	-0.015335
-3.633333	-0.015044
-3.600000	-0.014774
-3.566667	-0.014519
-3.533333	-0.014309
-3.500000	-0.014125
-3.466667	-0.013962
-3.433333	-0.013822
-3.400000	-0.013720
-3.366667	-0.013659
-3.333333	-0.013627
-3.300000	-0.013623
-3.266667	-0.013649
-3.233333	-0.013709
-3.200000	-0.013789
-3.166667	-0.013899
-3.133333	-0.014043
-3.100000	-0.014204
-3.066667	-0.014393
-3.033333	-0.014599
-3.000000	-0.014836
-2.966667	-0.015082
-2.933333	-0.015348
-2.900000	-0.015656
-2.866667	-0.015970
-2.833333	-0.016316
-2.800000	-0.016672
-2.766667	-0.017043
-2.733333	-0.017414
-2.700000	-0.017794
-2.666667	-0.018178
-2.633333	-0.018550
-2.600000	-0.018896
-2.566667	-0.019216
-2.533333	-0.019529
-2.500000	-0.019794
-2.466667	-0.020026
-2.433333	-0.020224
-2.400000	-0.020395
-2.366667	-0.020535
-2.333333	-0.020617
-2.300000	-0.020667
-2.266667	-0.020662
-2.233333	-0.020618
-2.200000	-0.020514
-2.166667	-0.020369
-2.133333	-0.020168
-2.100000	-0.019907
-2.066667	-0.019601
-2.033333	-0.019245
-2.000000	-0.018832
-1.966667	-0.018371
-1.933333	-0.017859
-1.900000	-0.017298
-1.866667	-0.016691
-1.833333	-0.016037
-1.800000	-0.015335
-1.766667	-0.014597
-1.733333	-0.013829
-1.700000	-0.013020
-1.666667	-0.012212
-1.633333	-0.011409
-1.600000	-0.010615
-1.566667	-0.009855
-1.533333	-0.009145
-1.500000	-0.008469
-1.466667	-0.007862
-1.433333	-0.007320
-1.400000	-0.006860
-1.366667	-0.006482
-1.333333	-0.006180
-1.300000	-0.005976
-1.266667	-0.005846
-1.233333	-0.005806
-1.200000	-0.005852
-1.166667	-0.005958
-1.133333	-0.006131
-1.100000	-0.006357
-1.066667	-0.006624
-1.033333	-0.006921
-1.000000	-0.007237
-0.966667	-0.007554
-0.933333	-0.007866
-0.900000	-0.008157
-0.866667	-0.008417
-0.833333	-0.008644
-0.800000	-0.008856
-0.766667	-0.009052
-0.733333	-0.009200
-0.700000	-0.009316
-0.666667	-0.009413
-0.633333	-0.009464
-0.600000	-0.009454
-0.566667	-0.009390
-0.533333	-0.009265
-0.500000	-0.009087
-0.466667	-0.008848
-0.433333	-0.008551
-0.400000	-0.008194
-0.366667	-0.007772
-0.333333	-0.007294
-0.300000	-0.006767
-0.266667	-0.006180
-0.233333	-0.005542
-0.200000	-0.004857
-0.166667	-0.004107
-0.133333	-0.003344
-0.100000	-0.002549
-0.066667	-0.001731
-0.033333	-0.000934
-0.000000	-0.000142
0.033333	0.000623
0.066667	0.001338
0.100000	0.001997
0.133333	0.002582
0.166667	0.003077
0.200000	0.003471
0.233333	0.003794
0.266667	0.004047
0.300000	0.004181
0.333333	0.004263
0.366667	0.004243
0.400000	0.004156
0.433333	0.003997
0.466667	0.003756
0.500000	0.003443
0.533333	0.003067
0.566667	0.002636
0.600000	0.002171
0.633333	0.001654
0.666667	0.001122
0.700000	0.000568
0.733333	0.000022
0.766667	-0.000519
0.800000	-0.001047
0.833333	-0.001581
0.866667	-0.002095
0.900000	-0.002609
0.933333	-0.003120
0.966667	-0.003611
1.000000	-0.004074
1.033333	-0.004527
1.066667	-0.004980
1.100000	-0.005426
1.133333	-0.005840
1.166667	-0.006225
1.200000	-0.006601
1.233333	-0.006972
1.266667	-0.007318
1.300000	-0.007681
1.333333	-0.007999
1.366667	-0.008330
1.400000	-0.008650
1.433333	-0.008974
1.466667	-0.009296
1.500000	-0.009602
1.533333	-0.009897
1.566667	-0.010168
1.600000	-0.010406
1.633333	-0.010624
1.666667	-0.010794
1.700000	-0.010928
1.733333	-0.011005
1.766667	-0.011066
1.800000	-0.011065
1.833333	-0.011060
1.866667	-0.011002
1.900000	-0.010932
1.933333	-0.010822
1.966667	-0.010672
2.000000	-0.010521
2.033333	-0.010355
2.066667	-0.010186
2.100000	-0.010003
2.133333	-0.009809
2.166667	-0.009617
2.200000	-0.009456
2.233333	-0.009305
2.266667	-0.009154
2.300000	-0.009034
2.333333	-0.008908
2.366667	-0.008814
2.400000	-0.008751
2.433333	-0.008699
2.466667	-0.008656
2.500000	-0.008626
2.533333	-0.008600
2.566667	-0.008575
2.600000	-0.008568
2.633333	-0.008570
2.666667	-0.008565
2.700000	-0.008569
2.733333	-0.008569
2.766667	-0.008585
2.800000	-0.008583
2.833333	-0.008612
2.866667	-0.008622
2.900000	-0.008637
2.933333	-0.008631
2.966667	-0.008607
3.000000	-0.008566
3.033333	-0.008530
3.066667	-0.008457
3.100000	-0.008349
3.133333	-0.008209
3.166667	-0.008022
3.200000	-0.007793
3.233333	-0.007502
3.266667	-0.007148
3.300000	-0.006728
3.333333	-0.006239
3.366667	-0.005683
3.400000	-0.005063
3.433333	-0.004378
3.466667	-0.003634
3.500000	-0.002833
3.533333	-0.001982
3.566667	-0.001104
3.600000	-0.000203
3.633333	0.000730
3.666667	0.001675
3.700000	0.002602
3.733333	0.003524
3.766667	0.004404
3.800000	0.005236
3.833333	0.006010
3.866667	0.006729
3.900000	0.007393
3.933333	0.007993
3.966667	0.008517
4.000000	0.008964
4.033333	0.009338
4.066667	0.009670
4.100000	0.009929
4.133333	0.010121
4.166667	0.010257
4.200000	0.010342
4.233333	0.010370
4.266667	0.010344
4.300000	0.010270
4.333333	0.010156
4.366667	0.010004
4.400000	0.009806
4.433333	0.009572
4.466667	0.009325
4.500000	0.009023
4.533333	0.008707
4.566667	0.008365
4.600000	0.008005
4.633333	0.007626
4.666667	0.007231
4.700000	0.006833
4.733333	0.006456
4.766667	0.006084
4.800000	0.005737
4.833333	0.005450
4.866667	0.005219
4.900000	0.005052
4.933333	0.004951
4.966667	0.004922
5.000000	0.004973
5.033333	0.005082
5.066667	0.005260
5.100000	0.005496
5.133333	0.005781
5.166667	0.006107
5.200000	0.006464
5.233333	0.006840
5.266667	0.007235
5.300000	0.007630
5.333333	0.007997
5.366667	0.008328
5.400000	0.008605
5.433333	0.008834
5.466667	0.008999
5.500000	0.009073
5.533333	0.009106
5.566667	0.009062
5.600000	0.008936
5.633333	0.008737
5.666667	0.008494
5.700000	0.008197
5.733333	0.007873
5.766667	0.007494
5.800000	0.007080
5.833333	0.006669
5.866667	0.006221
5.900000	0.005770
5.933333	0.005314
5.966667	0.004859
6.000000	0.004400
6.033333	0.003943
6.066667	0.003494
6.100000	0.003046
6.133333	0.002603
6.166667	0.002167
6.200000	0.001735
6.233333	0.001307
6.266667	0.000886
6.300000	0.000450
6.333333	0.000020
6.366667	-0.000394
6.400000	-0.000812
6.433333	-0.001191
6.466667	-0.001554
6.500000	-0.001882
6.533333	-0.002183
6.566667	-0.002448
6.600000	-0.002692
6.633333	-0.002888
6.666667	-0.003036
6.700000	-0.003159
6.733333	-0.003231
6.766667	-0.003277
6.800000	-0.003296
6.833333	-0.003239
6.866667	-0.003168
6.900000	-0.003046
6.933333	-0.002885
6.966667	-0.002689
7.000000	-0.002468
7.033333	-0.002215
7.066667	-0.001947
7.100000	-0.001651
7.133333	-0.001337
7.166667	-0.001007
7.200000	-0.000661
7.233333	-0.000297
7.266667	0.000074
7.300000	0.000450
7.333333	0.000860
7.366667	0.001237
7.400000	0.001614
7.433333	0.001995
7.466667	0.002345
7.500000	0.002674
7.533333	0.002974
7.566667	0.003249
7.600000	0.003482
7.633333	0.003679
7.666667	0.003833
7.700000	0.003952
7.733333	0.004030
7.766667	0.004064
7.800000	0.004058
7.833333	0.004028
7.866667	0.003944
7.900000	0.003837
7.933333	0.003700
7.966667	0.003533
8.000000	0.003339
8.033333	0.003127
8.066667	0.002901
8.100000	0.002666
8.133333	0.002423
8.166667	0.002181
8.200000	0.001943
8.233333	0.001703
8.266667	0.001453
8.300000	0.001204
8.333333	0.000968
8.366667	0.000716
8.400000	0.000491
8.433333	0.000270
8.466667	0.000068
8.500000	-0.000111
8.533333	-0.000262
8.566667	-0.000386
8.600000	-0.000482
8.633333	-0.000543
8.666667	-0.000548
8.700000	-0.000506
8.733333	-0.000458
8.766667	-0.000365
8.800000	-0.000239
8.833333	-0.000069
8.866667	0.000125
8.900000	0.000342
8.933333	0.000591
8.966667	0.000833
9.000000	0.001076
9.033333	0.001308
9.066667	0.001544
9.100000	0.001767
9.133333	0.001949
9.166667	0.002081
9.200000	0.002171
9.233333	0.002211
9.266667	0.002194
9.300000	0.002132
9.333333	0.002030
9.366667	0.001872
9.400000	0.001664
9.433333	0.001411
9.466667	0.001117
9.500000	0.000778
9.533333	0.000392
9.566667	-0.000036
9.600000	-0.000502
9.633333	-0.000996
9.666667	-0.001516
9.700000	-0.002072
9.733333	-0.002665
9.766667	-0.003244
9.800000	-0.003831
9.833333	-0.004408
9.866667	-0.004987
9.900000	-0.005548
9.933333	-0.006087
9.966667	-0.006618
10.000000	-0.007105
10.033333	-0.007550
10.066667	-0.007942
10.100000	-0.008300
10.133333	-0.008616
10.166667	-0.008866
10.200000	-0.009036
10.233333	-0.009137
10.266667	-0.009170
10.300000	-0.009132
10.333333	-0.009025
10.366667	-0.008854
10.400000	-0.008623
10.433333	-0.008336
10.466667	-0.008001
10.500000	-0.007626
10.533333	-0.007221
10.566667	-0.006796
10.600000	-0.006360
10.633333	-0.005919
10.666667	-0.005480
10.700000	-0.005049
10.733333	-0.004641
10.766667	-0.004253
10.800000	-0.003890
10.833333	-0.003555
10.866667	-0.003250
10.900000	-0.002974
10.933333	-0.002729
10.966667	-0.002515
11.000000	-0.002331
11.033333	-0.002174
11.066667	-0.002041
11.100000	-0.001926
11.133333	-0.001826
11.166667	-0.001737
11.200000	-0.001653
11.233333	-0.001571
11.266667	-0.001489
11.300000	-0.001402
11.333333	-0.001310
11.366667	-0.001212
11.400000	-0.001108
11.433333	-0.000999
11.466667	-0.000887
11.500000	-0.000762
11.533333	-0.000641
11.566667	-0.000524
11.600000	-0.000415
11.633333	-0.000314
11.666667	-0.000223
11.700000	-0.000144
11.733333	-0.000077
11.766667	-0.000025
11.800000	0.000010
11.833333	0.000028
11.866667	0.000027
11.900000	0.000005
11.933333	-0.000040
11.966667	-0.000109
