-88.000000	0.000005
-87.966667	0.000006
-87.933333	0.000005
-87.900000	0.000005
-87.866667	0.000004
-87.833333	0.000002
-87.800000	0.000001
-87.766667	-0.000000
-87.733333	-0.000002
-87.700000	-0.000004
-87.666667	-0.000005
-87.633333	-0.000006
-87.600000	-0.000007
-87.566667	-0.000008
-87.533333	-0.000008
-87.500000	-0.000008
-87.466667	-0.000007
-87.433333	-0.000005
-87.400000	-0.000002
-87.366667	0.000001
-87.333333	0.000006
-87.300000	0.000012
-87.266667	0.000019
-87.233333	0.000028
-87.200000	0.000036
-87.166667	0.000044
-87.133333	0.000054
-87.100000	0.000065
-87.066667	0.000077
-87.033333	0.000088
-87.000000	0.000100
-86.966667	0.000112
-86.933333	0.000124
-86.900000	0.000135
-86.866667	0.000146
-86.833333	0.000157
-86.800000	0.000167
-86.766667	0.000176
-86.733333	0.000184
-86.700000	0.000192
-86.666667	0.000198
-86.633333	0.000204
-86.600000	0.000208
-86.566667	0.000211
-86.533333	0.000213
-86.500000	0.000213
-86.466667	0.000212
-86.433333	0.000208
-86.400000	0.000203
-86.366667	0.000196
-86.333333	0.000187
-86.300000	0.000176
-86.266667	0.000163
-86.233333	0.000147
-86.200000	0.000128
-86.166667	0.000107
-86.133333	0.000086
-86.100000	0.000063
-86.066667	0.000041
-86.033333	0.000017
-86.000000	-0.000015
-85.966667	-0.000049
-85.933333	-0.000060
-85.900000	-0.000100
-85.866667	-0.000124
-85.833333	-0.000148
-85.800000	-0.000170
-85.766667	-0.000189
-85.733333	-0.000203
-85.700000	-0.000222
-85.666667	-0.000239
-85.633333	-0.000257
-85.600000	-0.000270
-85.566667	-0.000273
-85.533333	-0.000258
-85.500000	-0.000260
-85.466667	-0.000265
-85.433333	-0.000273
-85.400000	-0.000251
-85.366667	-0.000252
-85.333333	-0.000237
-85.300000	-0.000224
-85.266667	-0.000206
-85.233333	-0.000184
-85.200000	-0.000163
-85.166667	-0.000137
-85.133333	-0.000130
-85.100000	-0.000105
-85.066667	-0.000085
-85.033333	-0.000048
-85.000000	-0.000023
-84.966667	0.000006
-84.933333	0.000042
-84.900000	0.000054
-84.866667	0.000085
-84.833333	0.000096
-84.800000	0.000103
-84.766667	0.000104
-84.733333	0.000100
-84.700000	0.000088
-84.666667	0.000073
-84.633333	0.000053
-84.600000	0.000036
-84.566667	0.000015
-84.533333	-0.000027
-84.500000	-0.000082
-84.466667	-0.000136
-84.433333	-0.000187
-84.400000	-0.000218
-84.366667	-0.000294
-84.333333	-0.000355
-84.300000	-0.000420
-84.266667	-0.000488
-84.233333	-0.000555
-84.200000	-0.000622
-84.166667	-0.000680
-84.133333	-0.000739
-84.100000	-0.000766
-84.066667	-0.000799
-84.033333	-0.000818
-84.000000	-0.000853
-83.966667	-0.000885
-83.933333	-0.000917
-83.900000	-0.000950
-83.866667	-0.000964
-83.833333	-0.000962
-83.800000	-0.000988
-83.766667	-0.000993
-83.733333	-0.001002
-83.700000	-0.000998
-83.666667	-0.000991
-83.633333	-0.000981
-83.600000	-0.000975
-83.566667	-0.000977
-83.533333	-0.000970
-83.500000	-0.000941
-83.466667	-0.000928
-83.433333	-0.000908
-83.400000	-0.000882
-83.366667	-0.000868
-83.333333	-0.000857
-83.300000	-0.000828
-83.266667	-0.000786
-83.233333	-0.000761
-83.200000	-0.000727
-83.166667	-0.000696
-83.133333	-0.000665
-83.100000	-0.000619
-83.066667	-0.000580
-83.033333	-0.000547
-83.000000	-0.000517
-82.966667	-0.000489
-82.933333	-0.000455
-82.900000	-0.000410
-82.866667	-0.000364
-82.833333	-0.000327
-82.800000	-0.000315
-82.766667	-0.000273
-82.733333	-0.000245
-82.700000	-0.000209
-82.666667	-0.000191
-82.633333	-0.000170
-82.600000	-0.000154
-82.566667	-0.000129
-82.533333	-0.000098
-82.500000	-0.000066
-82.466667	-0.000045
-82.433333	-0.000024
-82.400000	-0.000007
-82.366667	0.000002
-82.333333	0.000015
-82.300000	0.000022
-82.266667	0.000031
-82.233333	0.000014
-82.200000	0.000021
-82.166667	0.000023
-82.133333	0.000022
-82.100000	0.000015
-82.066667	-0.000010
-82.033333	-0.000033
-82.000000	-0.000051
-81.966667	-0.000065
-81.933333	-0.000088
-81.900000	-0.000123
-81.866667	-0.000157
-81.833333	-0.000183
-81.800000	-0.000226
-81.766667	-0.000264
-81.733333	-0.000305
-81.700000	-0.000348
-81.666667	-0.000387
-81.633333	-0.000414
-81.600000	-0.000443
-81.566667	-0.000465
-81.533333	-0.000482
-81.500000	-0.000488
-81.466667	-0.000495
-81.433333	-0.000501
-81.400000	-0.000511
-81.366667	-0.000513
-81.333333	-0.000492
-81.300000	-0.000467
-81.266667	-0.000436
-81.233333	-0.000417
-81.200000	-0.000386
-81.166667	-0.000353
-81.133333	-0.000331
-81.100000	-0.000311
-81.066667	-0.000281
-81.033333	-0.000248
-81.000000	-0.000227
-80.966667	-0.000212
-80.933333	-0.000203
-80.900000	-0.000207
-80.866667	-0.000201
-80.833333	-0.000204
-80.800000	-0.000220
-80.766667	-0.000240
-80.733333	-0.000261
-80.700000	-0.000284
-80.666667	-0.000320
-80.633333	-0.000354
-80.600000	-0.000376
-80.566667	-0.000416
-80.533333	-0.000451
-80.500000	-0.000491
-80.466667	-0.000529
-80.433333	-0.000569
-80.400000	-0.000625
-80.366667	-0.000655
-80.333333	-0.000672
-80.300000	-0.000713
-80.266667	-0.000761
-80.233333	-0.000803
-80.200000	-0.000830
-80.166667	-0.000865
-80.133333	-0.000908
-80.100000	-0.000950
-80.066667	-0.000990
-80.033333	-0.001033
-80.000000	-0.001081
-79.966667	-0.001121
-79.933333	-0.001164
-79.900000	-0.001215
-79.866667	-0.001257
-79.833333	-0.001306
-79.800000	-0.001356
-79.766667	-0.001403
-79.733333	-0.001445
-79.700000	-0.001493
-79.666667	-0.001547
-79.633333	-0.001589
-79.600000	-0.001626
-79.566667	-0.001674
-79.533333	-0.001717
-79.500000	-0.001749
-79.466667	-0.001784
-79.433333	-0.001820
-79.400000	-0.001858
-79.366667	-0.001874
-79.333333	-0.001900
-79.300000	-0.001931
-79.266667	-0.001947
-79.233333	-0.001965
-79.200000	-0.001985
-79.166667	-0.001994
-79.133333	-0.002003
-79.100000	-0.002006
-79.066667	-0.002011
-79.033333	-0.002014
-79.000000	-0.002020
-78.966667	-0.002021
-78.933333	-0.002006
-78.900000	-0.002011
-78.866667	-0.001998
-78.833333	-0.001985
-78.800000	-0.001984
-78.766667	-0.001984
-78.733333	-0.001955
-78.700000	-0.001965
-78.666667	-0.001947
-78.633333	-0.001930
-78.600000	-0.001928
-78.566667	-0.001905
-78.533333	-0.001904
-78.500000	-0.001891
-78.466667	-0.001887
-78.433333	-0.001877
-78.400000	-0.001872
-78.366667	-0.001871
-78.333333	-0.001870
-78.300000	-0.001878
-78.266667	-0.001873
-78.233333	-0.001885
-78.200000	-0.001896
-78.166667	-0.001901
-78.133333	-0.001913
-78.100000	-0.001920
-78.066667	-0.001950
-78.033333	-0.001959
-78.000000	-0.001975
-77.966667	-0.001983
-77.933333	-0.001990
-77.900000	-0.002010
-77.866667	-0.002001
-77.833333	-0.002001
-77.800000	-0.002010
-77.766667	-0.001985
-77.733333	-0.001953
-77.700000	-0.001946
-77.666667	-0.001901
-77.633333	-0.001875
-77.600000	-0.001829
-77.566667	-0.001770
-77.533333	-0.001709
-77.500000	-0.001635
-77.466667	-0.001567
-77.433333	-0.001520
-77.400000	-0.001454
-77.366667	-0.001391
-77.333333	-0.001330
-77.300000	-0.001281
-77.266667	-0.001226
-77.233333	-0.001189
-77.200000	-0.001140
-77.166667	-0.001099
-77.133333	-0.001063
-77.100000	-0.001040
-77.066667	-0.001028
-77.033333	-0.001007
-77.000000	-0.001010
-76.966667	-0.001011
-76.933333	-0.001022
-76.900000	-0.001008
-76.866667	-0.001008
-76.833333	-0.001024
-76.800000	-0.001038
-76.766667	-0.001035
-76.733333	-0.001048
-76.700000	-0.001059
-76.666667	-0.001066
-76.633333	-0.001063
-76.600000	-0.001051
-76.566667	-0.001049
-76.533333	-0.001034
-76.500000	-0.001042
-76.466667	-0.001048
-76.433333	-0.001049
-76.400000	-0.001044
-76.366667	-0.001032
-76.333333	-0.001031
-76.300000	-0.001027
-76.266667	-0.001011
-76.233333	-0.000999
-76.200000	-0.000989
-76.166667	-0.000981
-76.133333	-0.000969
-76.100000	-0.000953
-76.066667	-0.000940
-76.033333	-0.000930
-76.000000	-0.000914
-75.966667	-0.000893
-75.933333	-0.000868
-75.900000	-0.000832
-75.866667	-0.000821
-75.833333	-0.000802
-75.800000	-0.000772
-75.766667	-0.000745
-75.733333	-0.000724
-75.700000	-0.000706
-75.666667	-0.000677
-75.633333	-0.000663
-75.600000	-0.000647
-75.566667	-0.000633
-75.533333	-0.000615
-75.500000	-0.000595
-75.466667	-0.000580
-75.433333	-0.000564
-75.400000	-0.000556
-75.366667	-0.000530
-75.333333	-0.000527
-75.300000	-0.000514
-75.266667	-0.000503
-75.233333	-0.000495
-75.200000	-0.000478
-75.166667	-0.000453
-75.133333	-0.000414
-75.100000	-0.000375
-75.066667	-0.000347
-75.033333	-0.000319
-75.000000	-0.000277
-74.966667	-0.000229
-74.933333	-0.000179
-74.900000	-0.000128
-74.866667	-0.000076
-74.833333	-0.000024
-74.800000	0.000029
-74.766667	0.000082
-74.733333	0.000135
-74.700000	0.000198
-74.666667	0.000238
-74.633333	0.000287
-74.600000	0.000328
-74.566667	0.000363
-74.533333	0.000404
-74.500000	0.000444
-74.466667	0.000474
-74.433333	0.000499
-74.400000	0.000511
-74.366667	0.000527
-74.333333	0.000534
-74.300000	0.000538
-74.266667	0.000549
-74.233333	0.000567
-74.200000	0.000584
-74.166667	0.000607
-74.133333	0.000625
-74.100000	0.000637
-74.066667	0.000649
-74.033333	0.000680
-74.000000	0.000725
-73.966667	0.000770
-73.933333	0.000799
-73.900000	0.000854
-73.866667	0.000902
-73.833333	0.000964
-73.800000	0.001045
-73.766667	0.001130
-73.733333	0.001208
-73.700000	0.001281
-73.666667	0.001362
-73.633333	0.001484
-73.600000	0.001597
-73.566667	0.001731
-73.533333	0.001869
-73.500000	0.002026
-73.466667	0.002186
-73.433333	0.002351
-73.400000	0.002484
-73.366667	0.002659
-73.333333	0.002801
-73.300000	0.002954
-73.266667	0.003130
-73.233333	0.003298
-73.200000	0.003436
-73.166667	0.003586
-73.133333	0.003702
-73.100000	0.003788
-73.066667	0.003854
-73.033333	0.003886
-73.000000	0.003873
-72.966667	0.003818
-72.933333	0.003719
-72.900000	0.003602
-72.866667	0.003426
-72.833333	0.003225
-72.800000	0.002990
-72.766667	0.002697
-72.733333	0.002377
-72.700000	0.002040
-72.666667	0.001693
-72.633333	0.001326
-72.600000	0.000942
-72.566667	0.000543
-72.533333	0.000146
-72.500000	-0.000236
-72.466667	-0.000622
-72.433333	-0.001004
-72.400000	-0.001376
-72.366667	-0.001680
-72.333333	-0.001992
-72.300000	-0.002242
-72.266667	-0.002465
-72.233333	-0.002671
-72.200000	-0.002860
-72.166667	-0.003009
-72.133333	-0.003159
-72.100000	-0.003278
-72.066667	-0.003357
-72.033333	-0.003406
-72.000000	-0.003422
-71.966667	-0.003406
-71.933333	-0.003359
-71.900000	-0.003281
-71.866667	-0.003172
-71.833333	-0.003031
-71.800000	-0.002858
-71.766667	-0.002668
-71.733333	-0.002439
-71.700000	-0.002190
-71.666667	-0.001920
-71.633333	-0.001623
-71.600000	-0.001306
-71.566667	-0.000988
-71.533333	-0.000655
-71.500000	-0.000324
-71.466667	0.000003
-71.433333	0.000318
-71.400000	0.000615
-71.366667	0.000890
-71.333333	0.001137
-71.300000	0.001352
-71.266667	0.001533
-71.233333	0.001686
-71.200000	0.001800
-71.166667	0.001888
-71.133333	0.001952
-71.100000	0.001995
-71.066667	0.002015
-71.033333	0.002020
-71.000000	0.002003
-70.966667	0.001975
-70.933333	0.001944
-70.900000	0.001902
-70.866667	0.001866
-70.833333	0.001835
-70.800000	0.001810
-70.766667	0.001789
-70.733333	0.001780
-70.700000	0.001776
-70.666667	0.001778
-70.633333	0.001787
-70.600000	0.001798
-70.566667	0.001800
-70.533333	0.001808
-70.500000	0.001809
-70.466667	0.001812
-70.433333	0.001812
-70.400000	0.001798
-70.366667	0.001796
-70.333333	0.001778
-70.300000	0.001758
-70.266667	0.001758
-70.233333	0.001734
-70.200000	0.001725
-70.166667	0.001715
-70.133333	0.001701
-70.100000	0.001681
-70.066667	0.001659
-70.033333	0.001644
-70.000000	0.001640
-69.966667	0.001653
-69.933333	0.001662
-69.900000	0.001661
-69.866667	0.001674
-69.833333	0.001701
-69.800000	0.001716
-69.766667	0.001738
-69.733333	0.001770
-69.700000	0.001778
-69.666667	0.001797
-69.633333	0.001826
-69.600000	0.001851
-69.566667	0.001876
-69.533333	0.001905
-69.500000	0.001940
-69.466667	0.001978
-69.433333	0.002013
-69.400000	0.002046
-69.366667	0.002091
-69.333333	0.002127
-69.300000	0.002185
-69.266667	0.002258
-69.233333	0.002318
-69.200000	0.002393
-69.166667	0.002448
-69.133333	0.002512
-69.100000	0.002588
-69.066667	0.002670
-69.033333	0.002758
-69.000000	0.002853
-68.966667	0.002945
-68.933333	0.003034
-68.900000	0.003112
-68.866667	0.003194
-68.833333	0.003280
-68.800000	0.003360
-68.766667	0.003461
-68.733333	0.003539
-68.700000	0.003598
-68.666667	0.003666
-68.633333	0.003739
-68.600000	0.003784
-68.566667	0.003820
-68.533333	0.003849
-68.500000	0.003857
-68.466667	0.003840
-68.433333	0.003801
-68.400000	0.003749
-68.366667	0.003651
-68.333333	0.003527
-68.300000	0.003363
-68.266667	0.003151
-68.233333	0.002880
-68.200000	0.002552
-68.166667	0.002176
-68.133333	0.001748
-68.100000	0.001273
-68.066667	0.000731
-68.033333	0.000140
-68.000000	-0.000497
-67.966667	-0.001181
-67.933333	-0.001914
-67.900000	-0.002697
-67.866667	-0.003490
-67.833333	-0.004310
-67.800000	-0.005132
-67.766667	-0.005971
-67.733333	-0.006823
-67.700000	-0.007655
-67.666667	-0.008471
-67.633333	-0.009250
-67.600000	-0.010008
-67.566667	-0.010735
-67.533333	-0.011414
-67.500000	-0.012068
-67.466667	-0.012671
-67.433333	-0.013226
-67.400000	-0.013747
-67.366667	-0.014229
-67.333333	-0.014660
-67.300000	-0.015058
-67.266667	-0.015418
-67.233333	-0.015739
-67.200000	-0.016023
-67.166667	-0.016268
-67.133333	-0.016473
-67.100000	-0.016617
-67.066667	-0.016711
-67.033333	-0.016729
-67.000000	-0.016662
-66.966667	-0.016500
-66.933333	-0.016201
-66.900000	-0.015784
-66.866667	-0.015197
-66.833333	-0.014444
-66.800000	-0.013468
-66.766667	-0.012259
-66.733333	-0.010785
-66.700000	-0.009016
-66.666667	-0.006943
-66.633333	-0.004545
-66.600000	-0.001804
-66.566667	0.001273
-66.533333	0.004702
-66.500000	0.008475
-66.466667	0.012641
-66.433333	0.017099
-66.400000	0.021916
-66.366667	0.027053
-66.333333	0.032474
-66.300000	0.038178
-66.266667	0.044143
-66.233333	0.050324
-66.200000	0.056714
-66.166667	0.063281
-66.133333	0.070004
-66.100000	0.076867
-66.066667	0.083860
-66.033333	0.090965
-66.000000	0.098192
-65.966667	0.105550
-65.933333	0.113067
-65.900000	0.120730
-65.866667	0.128596
-65.833333	0.136688
-65.800000	0.145011
-65.766667	0.153620
-65.733333	0.162515
-65.700000	0.171721
-65.666667	0.181235
-65.633333	0.191013
-65.600000	0.200984
-65.566667	0.211030
-65.533333	0.221013
-65.500000	0.230724
-65.466667	0.239857
-65.433333	0.248027
-65.400000	0.254918
-65.366667	0.259996
-65.333333	0.262815
-65.300000	0.262848
-65.266667	0.259566
-65.233333	0.252431
-65.200000	0.240956
-65.166667	0.224689
-65.133333	0.203296
-65.100000	0.176570
-65.066667	0.144415
-65.033333	0.106909
-65.000000	0.064296
-64.966667	0.017014
-64.933333	-0.034332
-64.900000	-0.088970
-64.866667	-0.145967
-64.833333	-0.204246
-64.800000	-0.262658
-64.766667	-0.319961
-64.733333	-0.374925
-64.700000	-0.426317
-64.666667	-0.472999
-64.633333	-0.513943
-64.600000	-0.548226
-64.566667	-0.575110
-64.533333	-0.594051
-64.500000	-0.604748
-64.466667	-0.607107
-64.433333	-0.601230
-64.400000	-0.587442
-64.366667	-0.566282
-64.333333	-0.538441
-64.300000	-0.504802
-64.266667	-0.466296
-64.233333	-0.423974
-64.200000	-0.378917
-64.166667	-0.332175
-64.133333	-0.284754
-64.100000	-0.237584
-64.066667	-0.191539
-64.033333	-0.147333
-64.000000	-0.105608
-63.966667	-0.066827
-63.933333	-0.031351
-63.900000	0.000594
-63.866667	0.028891
-63.833333	0.053530
-63.800000	0.074584
-63.766667	0.092159
-63.733333	0.106444
-63.700000	0.117641
-63.666667	0.126015
-63.633333	0.131840
-63.600000	0.135395
-63.566667	0.136990
-63.533333	0.136896
-63.500000	0.135388
-63.466667	0.132704
-63.433333	0.129074
-63.400000	0.124704
-63.366667	0.119772
-63.333333	0.114406
-63.300000	0.108736
-63.266667	0.102882
-63.233333	0.096899
-63.200000	0.090862
-63.166667	0.084832
-63.133333	0.078842
-63.100000	0.072906
-63.066667	0.067015
-63.033333	0.061160
-63.000000	0.055311
-62.966667	0.049473
-62.933333	0.043625
-62.900000	0.037751
-62.866667	0.031838
-62.833333	0.025891
-62.800000	0.019933
-62.766667	0.013995
-62.733333	0.008149
-62.700000	0.002450
-62.666667	-0.002997
-62.633333	-0.008112
-62.600000	-0.012782
-62.566667	-0.016891
-62.533333	-0.020388
-62.500000	-0.023173
-62.466667	-0.025213
-62.433333	-0.026458
-62.400000	-0.026894
-62.366667	-0.026542
-62.333333	-0.025456
-62.300000	-0.023672
-62.266667	-0.021246
-62.233333	-0.018253
-62.200000	-0.014793
-62.166667	-0.010976
-62.133333	-0.006912
-62.100000	-0.002741
-62.066667	0.001367
-62.033333	0.005317
-62.000000	0.008985
-61.966667	0.012269
-61.933333	0.015064
-61.900000	0.017308
-61.866667	0.018969
-61.833333	0.020047
-61.800000	0.020557
-61.766667	0.020535
-61.733333	0.020038
-61.700000	0.019125
-61.666667	0.017922
-61.633333	0.016523
-61.600000	0.015039
-61.566667	0.013575
-61.533333	0.012235
-61.500000	0.011147
-61.466667	0.010365
-61.433333	0.009959
-61.400000	0.009989
-61.366667	0.010489
-61.333333	0.011493
-61.300000	0.013015
-61.266667	0.015036
-61.233333	0.017530
-61.200000	0.020475
-61.166667	0.023790
-61.133333	0.027419
-61.100000	0.031298
-61.066667	0.035334
-61.033333	0.039523
-61.000000	0.043788
-60.966667	0.048085
-60.933333	0.052360
-60.900000	0.056589
-60.866667	0.060750
-60.833333	0.064812
-60.800000	0.068739
-60.766667	0.072538
-60.733333	0.076238
-60.700000	0.079827
-60.666667	0.083304
-60.633333	0.086653
-60.600000	0.089866
-60.566667	0.092931
-60.533333	0.095823
-60.500000	0.098510
-60.466667	0.100929
-60.433333	0.103045
-60.400000	0.104829
-60.366667	0.106234
-60.333333	0.107225
-60.300000	0.107759
-60.266667	0.107812
-60.233333	0.107369
-60.200000	0.106423
-60.166667	0.104943
-60.133333	0.102976
-60.100000	0.100547
-60.066667	0.097663
-60.033333	0.094393
-60.000000	0.090767
-59.966667	0.086836
-59.933333	0.082657
-59.900000	0.078274
-59.866667	0.073747
-59.833333	0.069108
-59.800000	0.064394
-59.766667	0.059672
-59.733333	0.054995
-59.700000	0.050372
-59.666667	0.045839
-59.633333	0.041427
-59.600000	0.037172
-59.566667	0.033047
-59.533333	0.029087
-59.500000	0.025284
-59.466667	0.021641
-59.433333	0.018159
-59.400000	0.014837
-59.366667	0.011663
-59.333333	0.008613
-59.300000	0.005678
-59.266667	0.002852
-59.233333	0.000088
-59.200000	-0.002584
-59.166667	-0.005191
-59.133333	-0.007749
-59.100000	-0.010268
-59.066667	-0.012751
-59.033333	-0.015147
-59.000000	-0.017467
-58.966667	-0.019753
-58.933333	-0.021931
-58.900000	-0.024025
-58.866667	-0.026015
-58.833333	-0.027896
-58.800000	-0.029644
-58.766667	-0.031245
-58.733333	-0.032693
-58.700000	-0.033981
-58.666667	-0.035084
-58.633333	-0.035991
-58.600000	-0.036709
-58.566667	-0.037258
-58.533333	-0.037600
-58.500000	-0.037776
-58.466667	-0.037764
-58.433333	-0.037582
-58.400000	-0.037262
-58.366667	-0.036827
-58.333333	-0.036292
-58.300000	-0.035662
-58.266667	-0.034949
-58.233333	-0.034176
-58.200000	-0.033311
-58.166667	-0.032450
-58.133333	-0.031568
-58.100000	-0.030674
-58.066667	-0.029744
-58.033333	-0.028760
-58.000000	-0.027788
-57.966667	-0.026823
-57.933333	-0.025792
-57.900000	-0.024752
-57.866667	-0.023688
-57.833333	-0.022599
-57.800000	-0.021488
-57.766667	-0.020372
-57.733333	-0.019251
-57.700000	-0.018124
-57.666667	-0.017000
-57.633333	-0.015904
-57.600000	-0.014839
-57.566667	-0.013829
-57.533333	-0.012868
-57.500000	-0.011975
-57.466667	-0.011142
-57.433333	-0.010396
-57.400000	-0.009734
-57.366667	-0.009148
-57.333333	-0.008638
-57.300000	-0.008194
-57.266667	-0.007822
-57.233333	-0.007518
-57.200000	-0.007283
-57.166667	-0.007129
-57.133333	-0.007007
-57.100000	-0.006923
-57.066667	-0.006840
-57.033333	-0.006797
-57.000000	-0.006735
-56.966667	-0.006650
-56.933333	-0.006545
-56.900000	-0.006429
-56.866667	-0.006301
-56.833333	-0.006169
-56.800000	-0.006051
-56.766667	-0.005937
-56.733333	-0.005857
-56.700000	-0.005811
-56.666667	-0.005790
-56.633333	-0.005801
-56.600000	-0.005874
-56.566667	-0.006028
-56.533333	-0.006233
-56.500000	-0.006508
-56.466667	-0.006859
-56.433333	-0.007284
-56.400000	-0.007776
-56.366667	-0.008336
-56.333333	-0.008953
-56.300000	-0.009613
-56.266667	-0.010317
-56.233333	-0.011045
-56.200000	-0.011787
-56.166667	-0.012525
-56.133333	-0.013231
-56.100000	-0.013875
-56.066667	-0.014435
-56.033333	-0.014904
-56.000000	-0.015225
-55.966667	-0.015437
-55.933333	-0.015488
-55.900000	-0.015370
-55.866667	-0.015099
-55.833333	-0.014684
-55.800000	-0.014123
-55.766667	-0.013414
-55.733333	-0.012597
-55.700000	-0.011671
-55.666667	-0.010661
-55.633333	-0.009630
-55.600000	-0.008616
-55.566667	-0.007643
-55.533333	-0.006747
-55.500000	-0.005982
-55.466667	-0.005379
-55.433333	-0.004955
-55.400000	-0.004734
-55.366667	-0.004731
-55.333333	-0.004955
-55.300000	-0.005407
-55.266667	-0.006083
-55.233333	-0.006968
-55.200000	-0.008038
-55.166667	-0.009253
-55.133333	-0.010582
-55.100000	-0.011995
-55.066667	-0.013461
-55.033333	-0.014951
-55.000000	-0.016444
-54.966667	-0.017905
-54.933333	-0.019275
-54.900000	-0.020561
-54.866667	-0.021751
-54.833333	-0.022806
-54.800000	-0.023694
-54.766667	-0.024459
-54.733333	-0.025075
-54.700000	-0.025535
-54.666667	-0.025861
-54.633333	-0.026072
-54.600000	-0.026172
-54.566667	-0.026179
-54.533333	-0.026097
-54.500000	-0.025924
-54.466667	-0.025650
-54.433333	-0.025280
-54.400000	-0.024820
-54.366667	-0.024263
-54.333333	-0.023599
-54.300000	-0.022850
-54.266667	-0.021981
-54.233333	-0.021030
-54.200000	-0.019977
-54.166667	-0.018833
-54.133333	-0.017610
-54.100000	-0.016314
-54.066667	-0.014961
-54.033333	-0.013569
-54.000000	-0.012154
-53.966667	-0.010721
-53.933333	-0.009286
-53.900000	-0.007885
-53.866667	-0.006549
-53.833333	-0.005297
-53.800000	-0.004154
-53.766667	-0.003165
-53.733333	-0.002312
-53.700000	-0.001629
-53.666667	-0.001138
-53.633333	-0.000831
-53.600000	-0.000716
-53.566667	-0.000793
-53.533333	-0.001068
-53.500000	-0.001530
-53.466667	-0.002159
-53.433333	-0.002948
-53.400000	-0.003878
-53.366667	-0.004922
-53.333333	-0.006054
-53.300000	-0.007254
-53.266667	-0.008455
-53.233333	-0.009658
-53.200000	-0.010796
-53.166667	-0.011860
-53.133333	-0.012815
-53.100000	-0.013628
-53.066667	-0.014252
-53.033333	-0.014693
-53.000000	-0.014904
-52.966667	-0.014898
-52.933333	-0.014709
-52.900000	-0.014349
-52.866667	-0.013853
-52.833333	-0.013230
-52.800000	-0.012501
-52.766667	-0.011740
-52.733333	-0.010943
-52.700000	-0.010148
-52.666667	-0.009376
-52.633333	-0.008673
-52.600000	-0.008050
-52.566667	-0.007522
-52.533333	-0.007124
-52.500000	-0.006834
-52.466667	-0.006624
-52.433333	-0.006491
-52.400000	-0.006440
-52.366667	-0.006446
-52.333333	-0.006465
-52.300000	-0.006470
-52.266667	-0.006441
-52.233333	-0.006361
-52.200000	-0.006210
-52.166667	-0.005970
-52.133333	-0.005597
-52.100000	-0.005109
-52.066667	-0.004472
-52.033333	-0.003720
-52.000000	-0.002841
-51.966667	-0.001906
-51.933333	-0.000967
-51.900000	-0.000017
-51.866667	0.000893
-51.833333	0.001753
-51.800000	0.002523
-51.766667	0.003165
-51.733333	0.003694
-51.700000	0.004063
-51.666667	0.004261
-51.633333	0.004279
-51.600000	0.004150
-51.566667	0.003877
-51.533333	0.003462
-51.500000	0.002981
-51.466667	0.002432
-51.433333	0.001829
-51.400000	0.001192
-51.366667	0.000573
-51.333333	0.000013
-51.300000	-0.000498
-51.266667	-0.000957
-51.233333	-0.001345
-51.200000	-0.001642
-51.166667	-0.001840
-51.133333	-0.001934
-51.100000	-0.001962
-51.066667	-0.001901
-51.033333	-0.001779
-51.000000	-0.001607
-50.966667	-0.001406
-50.933333	-0.001217
-50.900000	-0.001026
-50.866667	-0.000844
-50.833333	-0.000667
-50.800000	-0.000511
-50.766667	-0.000373
-50.733333	-0.000251
-50.700000	-0.000096
-50.666667	0.000067
-50.633333	0.000289
-50.600000	0.000582
-50.566667	0.000964
-50.533333	0.001461
-50.500000	0.002095
-50.466667	0.002835
-50.433333	0.003705
-50.400000	0.004698
-50.366667	0.005802
-50.333333	0.006978
-50.300000	0.008188
-50.266667	0.009432
-50.233333	0.010654
-50.200000	0.011847
-50.166667	0.012956
-50.133333	0.013943
-50.100000	0.014734
-50.066667	0.015311
-50.033333	0.015641
-50.000000	0.015704
-49.966667	0.015490
-49.933333	0.014989
-49.900000	0.014232
-49.866667	0.013231
-49.833333	0.011991
-49.800000	0.010536
-49.766667	0.008910
-49.733333	0.007163
-49.700000	0.005356
-49.666667	0.003506
-49.633333	0.001700
-49.600000	-0.000033
-49.566667	-0.001639
-49.533333	-0.003080
-49.500000	-0.004335
-49.466667	-0.005389
-49.433333	-0.006227
-49.400000	-0.006848
-49.366667	-0.007266
-49.333333	-0.007487
-49.300000	-0.007502
-49.266667	-0.007307
-49.233333	-0.007004
-49.200000	-0.006579
-49.166667	-0.006105
-49.133333	-0.005645
-49.100000	-0.005234
-49.066667	-0.004832
-49.033333	-0.004462
-49.000000	-0.004133
-48.966667	-0.003842
-48.933333	-0.003571
-48.900000	-0.003313
-48.866667	-0.003062
-48.833333	-0.002803
-48.800000	-0.002489
-48.766667	-0.002097
-48.733333	-0.001607
-48.700000	-0.000988
-48.666667	-0.000256
-48.633333	0.000590
-48.600000	0.001528
-48.566667	0.002537
-48.533333	0.003592
-48.500000	0.004653
-48.466667	0.005682
-48.433333	0.006642
-48.400000	0.007501
-48.366667	0.008211
-48.333333	0.008750
-48.300000	0.009088
-48.266667	0.009171
-48.233333	0.008929
-48.200000	0.008366
-48.166667	0.007480
-48.133333	0.006328
-48.100000	0.004935
-48.066667	0.003351
-48.033333	0.001589
-48.000000	-0.000275
-47.966667	-0.002161
-47.933333	-0.004009
-47.900000	-0.005774
-47.866667	-0.007407
-47.833333	-0.008863
-47.800000	-0.010097
-47.766667	-0.011102
-47.733333	-0.011861
-47.700000	-0.012356
-47.666667	-0.012608
-47.633333	-0.012640
-47.600000	-0.012476
-47.566667	-0.012165
-47.533333	-0.011739
-47.500000	-0.011246
-47.466667	-0.010720
-47.433333	-0.010194
-47.400000	-0.009707
-47.366667	-0.009289
-47.333333	-0.008950
-47.300000	-0.008707
-47.266667	-0.008570
-47.233333	-0.008528
-47.200000	-0.008570
-47.166667	-0.008656
-47.133333	-0.008753
-47.100000	-0.008886
-47.066667	-0.009008
-47.033333	-0.009097
-47.000000	-0.009108
-46.966667	-0.009047
-46.933333	-0.008916
-46.900000	-0.008681
-46.866667	-0.008344
-46.833333	-0.007931
-46.800000	-0.007393
-46.766667	-0.006786
-46.733333	-0.006079
-46.700000	-0.005304
-46.666667	-0.004497
-46.633333	-0.003701
-46.600000	-0.002944
-46.566667	-0.002271
-46.533333	-0.001687
-46.500000	-0.001230
-46.466667	-0.000917
-46.433333	-0.000738
-46.400000	-0.000726
-46.366667	-0.000874
-46.333333	-0.001195
-46.300000	-0.001677
-46.266667	-0.002284
-46.233333	-0.002999
-46.200000	-0.003802
-46.166667	-0.004657
-46.133333	-0.005541
-46.100000	-0.006440
-46.066667	-0.007329
-46.033333	-0.008177
-46.000000	-0.008962
-45.966667	-0.009677
-45.933333	-0.010317
-45.900000	-0.010858
-45.866667	-0.011304
-45.833333	-0.011638
-45.800000	-0.011835
-45.766667	-0.011948
-45.733333	-0.011943
-45.700000	-0.011867
-45.666667	-0.011717
-45.633333	-0.011540
-45.600000	-0.011318
-45.566667	-0.011073
-45.533333	-0.010829
-45.500000	-0.010575
-45.466667	-0.010327
-45.433333	-0.010062
-45.400000	-0.009801
-45.366667	-0.009520
-45.333333	-0.009212
-45.300000	-0.008842
-45.266667	-0.008383
-45.233333	-0.007839
-45.200000	-0.007211
-45.166667	-0.006492
-45.133333	-0.005687
-45.100000	-0.004818
-45.066667	-0.003876
-45.033333	-0.002876
-45.000000	-0.001852
-44.966667	-0.000825
-44.933333	0.000176
-44.900000	0.001141
-44.866667	0.002054
-44.833333	0.002879
-44.800000	0.003594
-44.766667	0.004181
-44.733333	0.004618
-44.700000	0.004899
-44.666667	0.005000
-44.633333	0.004898
-44.600000	0.004622
-44.566667	0.004142
-44.533333	0.003479
-44.500000	0.002702
-44.466667	0.001772
-44.433333	0.000777
-44.400000	-0.000283
-44.366667	-0.001374
-44.333333	-0.002471
-44.300000	-0.003537
-44.266667	-0.004538
-44.233333	-0.005461
-44.200000	-0.006312
-44.166667	-0.007017
-44.133333	-0.007643
-44.100000	-0.008150
-44.066667	-0.008557
-44.033333	-0.008853
-44.000000	-0.009049
-43.966667	-0.009132
-43.933333	-0.009117
-43.900000	-0.008992
-43.866667	-0.008777
-43.833333	-0.008521
-43.800000	-0.008156
-43.766667	-0.007717
-43.733333	-0.007231
-43.700000	-0.006717
-43.666667	-0.006189
-43.633333	-0.005650
-43.600000	-0.005110
-43.566667	-0.004571
-43.533333	-0.004034
-43.500000	-0.003488
-43.466667	-0.002955
-43.433333	-0.002425
-43.400000	-0.001913
-43.366667	-0.001409
-43.333333	-0.000917
-43.300000	-0.000442
-43.266667	-0.000007
-43.233333	0.000367
-43.200000	0.000679
-43.166667	0.000937
-43.133333	0.001055
-43.100000	0.001098
-43.066667	0.001026
-43.033333	0.000862
-43.000000	0.000612
-42.966667	0.000273
-42.933333	-0.000165
-42.900000	-0.000693
-42.866667	-0.001330
-42.833333	-0.002059
-42.800000	-0.002814
-42.766667	-0.003639
-42.733333	-0.004509
-42.700000	-0.005394
-42.666667	-0.006269
-42.633333	-0.007125
-42.600000	-0.007947
-42.566667	-0.008707
-42.533333	-0.009408
-42.500000	-0.010035
-42.466667	-0.010590
-42.433333	-0.011084
-42.400000	-0.011491
-42.366667	-0.011830
-42.333333	-0.012097
-42.300000	-0.012308
-42.266667	-0.012479
-42.233333	-0.012587
-42.200000	-0.012647
-42.166667	-0.012668
-42.133333	-0.012652
-42.100000	-0.012592
-42.066667	-0.012498
-42.033333	-0.012384
-42.000000	-0.012227
-41.966667	-0.012052
-41.933333	-0.011855
-41.900000	-0.011639
-41.866667	-0.011405
-41.833333	-0.011151
-41.800000	-0.010869
-41.766667	-0.010566
-41.733333	-0.010216
-41.700000	-0.009823
-41.666667	-0.009397
-41.633333	-0.008960
-41.600000	-0.008540
-41.566667	-0.008089
-41.533333	-0.007655
-41.500000	-0.007215
-41.466667	-0.006804
-41.433333	-0.006423
-41.400000	-0.006065
-41.366667	-0.005737
-41.333333	-0.005451
-41.300000	-0.005186
-41.266667	-0.004950
-41.233333	-0.004746
-41.200000	-0.004575
-41.166667	-0.004432
-41.133333	-0.004326
-41.100000	-0.004259
-41.066667	-0.004234
-41.033333	-0.004239
-41.000000	-0.004285
-40.966667	-0.004335
-40.933333	-0.004425
-40.900000	-0.004545
-40.866667	-0.004692
-40.833333	-0.004861
-40.800000	-0.005053
-40.766667	-0.005263
-40.733333	-0.005470
-40.700000	-0.005722
-40.666667	-0.006009
-40.633333	-0.006334
-40.600000	-0.006683
-40.566667	-0.007022
-40.533333	-0.007387
-40.500000	-0.007760
-40.466667	-0.008160
-40.433333	-0.008561
-40.400000	-0.008948
-40.366667	-0.009317
-40.333333	-0.009656
-40.300000	-0.009937
-40.266667	-0.010173
-40.233333	-0.010355
-40.200000	-0.010475
-40.166667	-0.010538
-40.133333	-0.010529
-40.100000	-0.010438
-40.066667	-0.010258
-40.033333	-0.009977
-40.000000	-0.009596
-39.966667	-0.009101
-39.933333	-0.008533
-39.900000	-0.007861
-39.866667	-0.007093
-39.833333	-0.006256
-39.800000	-0.005347
-39.766667	-0.004378
-39.733333	-0.003360
-39.700000	-0.002315
-39.666667	-0.001264
-39.633333	-0.000190
-39.600000	0.000853
-39.566667	0.001860
-39.533333	0.002819
-39.500000	0.003705
-39.466667	0.004495
-39.433333	0.005171
-39.400000	0.005717
-39.366667	0.006118
-39.333333	0.006368
-39.300000	0.006464
-39.266667	0.006406
-39.233333	0.006183
-39.200000	0.005793
-39.166667	0.005256
-39.133333	0.004577
-39.100000	0.003764
-39.066667	0.002822
-39.033333	0.001771
-39.000000	0.000638
-38.966667	-0.000588
-38.933333	-0.001857
-38.900000	-0.003155
-38.866667	-0.004456
-38.833333	-0.005747
-38.800000	-0.006999
-38.766667	-0.008191
-38.733333	-0.009272
-38.700000	-0.010223
-38.666667	-0.011044
-38.633333	-0.011695
-38.600000	-0.012184
-38.566667	-0.012470
-38.533333	-0.012570
-38.500000	-0.012502
-38.466667	-0.012288
-38.433333	-0.011907
-38.400000	-0.011375
-38.366667	-0.010686
-38.333333	-0.009852
-38.300000	-0.008896
-38.266667	-0.007842
-38.233333	-0.006740
-38.200000	-0.005582
-38.166667	-0.004382
-38.133333	-0.003183
-38.100000	-0.002005
-38.066667	-0.000878
-38.033333	0.000178
-38.000000	0.001162
-37.966667	0.002048
-37.933333	0.002859
-37.900000	0.003568
-37.866667	0.004183
-37.833333	0.004700
-37.800000	0.005131
-37.766667	0.005500
-37.733333	0.005820
-37.700000	0.006082
-37.666667	0.006287
-37.633333	0.006457
-37.600000	0.006616
-37.566667	0.006748
-37.533333	0.006854
-37.500000	0.006943
-37.466667	0.007014
-37.433333	0.007087
-37.400000	0.007141
-37.366667	0.007162
-37.333333	0.007144
-37.300000	0.007072
-37.266667	0.006947
-37.233333	0.006749
-37.200000	0.006517
-37.166667	0.006212
-37.133333	0.005824
-37.100000	0.005365
-37.066667	0.004837
-37.033333	0.004254
-37.000000	0.003641
-36.966667	0.003002
-36.933333	0.002350
-36.900000	0.001705
-36.866667	0.001086
-36.833333	0.000511
-36.800000	-0.000001
-36.766667	-0.000434
-36.733333	-0.000773
-36.700000	-0.000999
-36.666667	-0.001097
-36.633333	-0.001060
-36.600000	-0.000892
-36.566667	-0.000601
-36.533333	-0.000194
-36.500000	0.000316
-36.466667	0.000920
-36.433333	0.001604
-36.400000	0.002334
-36.366667	0.003070
-36.333333	0.003803
-36.300000	0.004498
-36.266667	0.005155
-36.233333	0.005730
-36.200000	0.006234
-36.166667	0.006657
-36.133333	0.006995
-36.100000	0.007254
-36.066667	0.007446
-36.033333	0.007584
-36.000000	0.007684
-35.966667	0.007762
-35.933333	0.007831
-35.900000	0.007911
-35.866667	0.008019
-35.833333	0.008130
-35.800000	0.008281
-35.766667	0.008467
-35.733333	0.008662
-35.700000	0.008917
-35.666667	0.009186
-35.633333	0.009467
-35.600000	0.009737
-35.566667	0.009987
-35.533333	0.010203
-35.500000	0.010367
-35.466667	0.010455
-35.433333	0.010450
-35.400000	0.010318
-35.366667	0.010057
-35.333333	0.009661
-35.300000	0.009145
-35.266667	0.008523
-35.233333	0.007786
-35.200000	0.006960
-35.166667	0.006091
-35.133333	0.005171
-35.100000	0.004246
-35.066667	0.003336
-35.033333	0.002462
-35.000000	0.001642
-34.966667	0.000891
-34.933333	0.000224
-34.900000	-0.000349
-34.866667	-0.000828
-34.833333	-0.001222
-34.800000	-0.001495
-34.766667	-0.001677
-34.733333	-0.001767
-34.700000	-0.001735
-34.666667	-0.001636
-34.633333	-0.001453
-34.600000	-0.001230
-34.566667	-0.000975
-34.533333	-0.000687
-34.500000	-0.000374
-34.466667	-0.000044
-34.433333	0.000304
-34.400000	0.000651
-34.366667	0.001001
-34.333333	0.001349
-34.300000	0.001697
-34.266667	0.002030
-34.233333	0.002343
-34.200000	0.002637
-34.166667	0.002913
-34.133333	0.003138
-34.100000	0.003335
-34.066667	0.003507
-34.033333	0.003609
-34.000000	0.003660
-33.966667	0.003647
-33.933333	0.003584
-33.900000	0.003470
-33.866667	0.003289
-33.833333	0.003039
-33.800000	0.002725
-33.766667	0.002347
-33.733333	0.001906
-33.700000	0.001411
-33.666667	0.000861
-33.633333	0.000255
-33.600000	-0.000401
-33.566667	-0.001090
-33.533333	-0.001790
-33.500000	-0.002498
-33.466667	-0.003194
-33.433333	-0.003880
-33.400000	-0.004531
-33.366667	-0.005136
-33.333333	-0.005677
-33.300000	-0.006163
-33.266667	-0.006559
-33.233333	-0.006875
-33.200000	-0.007091
-33.166667	-0.007216
-33.133333	-0.007233
-33.100000	-0.007134
-33.066667	-0.006921
-33.033333	-0.006617
-33.000000	-0.006189
-32.966667	-0.005660
-32.933333	-0.005023
-32.900000	-0.004324
-32.866667	-0.003558
-32.833333	-0.002739
-32.800000	-0.001883
-32.766667	-0.001009
-32.733333	-0.000128
-32.700000	0.000745
-32.666667	0.001593
-32.633333	0.002409
-32.600000	0.003186
-32.566667	0.003909
-32.533333	0.004573
-32.500000	0.005196
-32.466667	0.005743
-32.433333	0.006209
-32.400000	0.006615
-32.366667	0.006940
-32.333333	0.007184
-32.300000	0.007334
-32.266667	0.007416
-32.233333	0.007402
-32.200000	0.007303
-32.166667	0.007131
-32.133333	0.006888
-32.100000	0.006593
-32.066667	0.006237
-32.033333	0.005855
-32.000000	0.005423
-31.966667	0.004966
-31.933333	0.004482
-31.900000	0.003973
-31.866667	0.003465
-31.833333	0.002941
-31.800000	0.002408
-31.766667	0.001871
-31.733333	0.001336
-31.700000	0.000810
-31.666667	0.000302
-31.633333	-0.000175
-31.600000	-0.000619
-31.566667	-0.001035
-31.533333	-0.001422
-31.500000	-0.001762
-31.466667	-0.002060
-31.433333	-0.002338
-31.400000	-0.002553
-31.366667	-0.002737
-31.333333	-0.002861
-31.300000	-0.002938
-31.266667	-0.002999
-31.233333	-0.003008
-31.200000	-0.002976
-31.166667	-0.002886
-31.133333	-0.002748
-31.100000	-0.002554
-31.066667	-0.002307
-31.033333	-0.002006
-31.000000	-0.001704
-30.966667	-0.001338
-30.933333	-0.000950
-30.900000	-0.000532
-30.866667	-0.000117
-30.833333	0.000292
-30.800000	0.000709
-30.766667	0.001119
-30.733333	0.001488
-30.700000	0.001880
-30.666667	0.002239
-30.633333	0.002579
-30.600000	0.002890
-30.566667	0.003171
-30.533333	0.003420
-30.500000	0.003641
-30.466667	0.003820
-30.433333	0.003929
-30.400000	0.004028
-30.366667	0.004051
-30.333333	0.004021
-30.300000	0.003921
-30.266667	0.003741
-30.233333	0.003523
-30.200000	0.003235
-30.166667	0.002888
-30.133333	0.002479
-30.100000	0.002003
-30.066667	0.001456
-30.033333	0.000835
-30.000000	0.000149
-29.966667	-0.000569
-29.933333	-0.001353
-29.900000	-0.002184
-29.866667	-0.003069
-29.833333	-0.003976
-29.800000	-0.004894
-29.766667	-0.005833
-29.733333	-0.006767
-29.700000	-0.007641
-29.666667	-0.008498
-29.633333	-0.009278
-29.600000	-0.009990
-29.566667	-0.010628
-29.533333	-0.011188
-29.500000	-0.011665
-29.466667	-0.012048
-29.433333	-0.012334
-29.400000	-0.012490
-29.366667	-0.012573
-29.333333	-0.012558
-29.300000	-0.012445
-29.266667	-0.012249
-29.233333	-0.011974
-29.200000	-0.011637
-29.166667	-0.011250
-29.133333	-0.010804
-29.100000	-0.010308
-29.066667	-0.009788
-29.033333	-0.009252
-29.000000	-0.008702
-28.966667	-0.008158
-28.933333	-0.007630
-28.900000	-0.007120
-28.866667	-0.006655
-28.833333	-0.006229
-28.800000	-0.005824
-28.766667	-0.005491
-28.733333	-0.005181
-28.700000	-0.004918
-28.666667	-0.004700
-28.633333	-0.004532
-28.600000	-0.004417
-28.566667	-0.004355
-28.533333	-0.004346
-28.500000	-0.004382
-28.466667	-0.004454
-28.433333	-0.004574
-28.400000	-0.004723
-28.366667	-0.004921
-28.333333	-0.005134
-28.300000	-0.005349
-28.266667	-0.005558
-28.233333	-0.005761
-28.200000	-0.005936
-28.166667	-0.006068
-28.133333	-0.006145
-28.100000	-0.006179
-28.066667	-0.006173
-28.033333	-0.006119
-28.000000	-0.006008
-27.966667	-0.005842
-27.933333	-0.005598
-27.900000	-0.005310
-27.866667	-0.004986
-27.833333	-0.004609
-27.800000	-0.004156
-27.766667	-0.003653
-27.733333	-0.003070
-27.700000	-0.002452
-27.666667	-0.001773
-27.633333	-0.001043
-27.600000	-0.000268
-27.566667	0.000546
-27.533333	0.001397
-27.500000	0.002274
-27.466667	0.003184
-27.433333	0.004119
-27.400000	0.005099
-27.366667	0.006081
-27.333333	0.007082
-27.300000	0.008087
-27.266667	0.009075
-27.233333	0.010030
-27.200000	0.010936
-27.166667	0.011762
-27.133333	0.012483
-27.100000	0.013098
-27.066667	0.013641
-27.033333	0.014072
-27.000000	0.014405
-26.966667	0.014622
-26.933333	0.014731
-26.900000	0.014703
-26.866667	0.014580
-26.833333	0.014368
-26.800000	0.014087
-26.766667	0.013716
-26.733333	0.013257
-26.700000	0.012736
-26.666667	0.012167
-26.633333	0.011548
-26.600000	0.010891
-26.566667	0.010205
-26.533333	0.009500
-26.500000	0.008774
-26.466667	0.008037
-26.433333	0.007278
-26.400000	0.006496
-26.366667	0.005672
-26.333333	0.004833
-26.300000	0.003944
-26.266667	0.003012
-26.233333	0.002037
-26.200000	0.001022
-26.166667	-0.000047
-26.133333	-0.001183
-26.100000	-0.002356
-26.066667	-0.003540
-26.033333	-0.004776
-26.000000	-0.006055
-25.966667	-0.007390
-25.933333	-0.008752
-25.900000	-0.010144
-25.866667	-0.011535
-25.833333	-0.012939
-25.800000	-0.014350
-25.766667	-0.015763
-25.733333	-0.017159
-25.700000	-0.018515
-25.666667	-0.019830
-25.633333	-0.021096
-25.600000	-0.022319
-25.566667	-0.023461
-25.533333	-0.024515
-25.500000	-0.025524
-25.466667	-0.026445
-25.433333	-0.027288
-25.400000	-0.028051
-25.366667	-0.028735
-25.333333	-0.029340
-25.300000	-0.029861
-25.266667	-0.030298
-25.233333	-0.030660
-25.200000	-0.030963
-25.166667	-0.031225
-25.133333	-0.031453
-25.100000	-0.031628
-25.066667	-0.031762
-25.033333	-0.031858
-25.000000	-0.031988
-24.966667	-0.032098
-24.933333	-0.032201
-24.900000	-0.032289
-24.866667	-0.032370
-24.833333	-0.032461
-24.800000	-0.032554
-24.766667	-0.032645
-24.733333	-0.032720
-24.700000	-0.032776
-24.666667	-0.032810
-24.633333	-0.032822
-24.600000	-0.032812
-24.566667	-0.032748
-24.533333	-0.032635
-24.500000	-0.032516
-24.466667	-0.032309
-24.433333	-0.032067
-24.400000	-0.031785
-24.366667	-0.031444
-24.333333	-0.031067
-24.300000	-0.030644
-24.266667	-0.030166
-24.233333	-0.029628
-24.200000	-0.029024
-24.166667	-0.028348
-24.133333	-0.027600
-24.100000	-0.026784
-24.066667	-0.025899
-24.033333	-0.024935
-24.000000	-0.023913
-23.966667	-0.022771
-23.933333	-0.021545
-23.900000	-0.020213
-23.866667	-0.018789
-23.833333	-0.017274
-23.800000	-0.015677
-23.766667	-0.014001
-23.733333	-0.012251
-23.700000	-0.010445
-23.666667	-0.008575
-23.633333	-0.006673
-23.600000	-0.004757
-23.566667	-0.002856
-23.533333	-0.000982
-23.500000	0.000805
-23.466667	0.002522
-23.433333	0.004112
-23.400000	0.005561
-23.366667	0.006867
-23.333333	0.008011
-23.300000	0.008994
-23.266667	0.009831
-23.233333	0.010513
-23.200000	0.011036
-23.166667	0.011401
-23.133333	0.011608
-23.100000	0.011668
-23.066667	0.011605
-23.033333	0.011428
-23.000000	0.011165
-22.966667	0.010824
-22.933333	0.010427
-22.900000	0.009986
-22.866667	0.009496
-22.833333	0.009015
-22.800000	0.008516
-22.766667	0.008020
-22.733333	0.007528
-22.700000	0.007038
-22.666667	0.006568
-22.633333	0.006097
-22.600000	0.005621
-22.566667	0.005133
-22.533333	0.004657
-22.500000	0.004184
-22.466667	0.003720
-22.433333	0.003273
-22.400000	0.002857
-22.366667	0.002483
-22.333333	0.002141
-22.300000	0.001827
-22.266667	0.001568
-22.233333	0.001352
-22.200000	0.001180
-22.166667	0.001051
-22.133333	0.000961
-22.100000	0.000938
-22.066667	0.000965
-22.033333	0.001036
-22.000000	0.001150
-21.966667	0.001295
-21.933333	0.001475
-21.900000	0.001672
-21.866667	0.001870
-21.833333	0.002080
-21.800000	0.002247
-21.766667	0.002391
-21.733333	0.002491
-21.700000	0.002546
-21.666667	0.002557
-21.633333	0.002520
-21.600000	0.002455
-21.566667	0.002359
-21.533333	0.002227
-21.500000	0.002064
-21.466667	0.001903
-21.433333	0.001752
-21.400000	0.001592
-21.366667	0.001478
-21.333333	0.001368
-21.300000	0.001293
-21.266667	0.001267
-21.233333	0.001291
-21.200000	0.001382
-21.166667	0.001541
-21.133333	0.001755
-21.100000	0.002086
-21.066667	0.002460
-21.033333	0.002891
-21.000000	0.003340
-20.966667	0.003836
-20.933333	0.004347
-20.900000	0.004868
-20.866667	0.005388
-20.833333	0.005905
-20.800000	0.006410
-20.766667	0.006904
-20.733333	0.007382
-20.700000	0.007850
-20.666667	0.008307
-20.633333	0.008754
-20.600000	0.009198
-20.566667	0.009626
-20.533333	0.010047
-20.500000	0.010491
-20.466667	0.010969
-20.433333	0.011475
-20.400000	0.012033
-20.366667	0.012678
-20.333333	0.013358
-20.300000	0.014118
-20.266667	0.014960
-20.233333	0.015883
-20.200000	0.016878
-20.166667	0.017929
-20.133333	0.019034
-20.100000	0.020187
-20.066667	0.021326
-20.033333	0.022459
-20.000000	0.023557
-19.966667	0.024626
-19.933333	0.025632
-19.900000	0.026570
-19.866667	0.027441
-19.833333	0.028240
-19.800000	0.028983
-19.766667	0.029650
-19.733333	0.030235
-19.700000	0.030739
-19.666667	0.031184
-19.633333	0.031576
-19.600000	0.031904
-19.566667	0.032179
-19.533333	0.032418
-19.500000	0.032626
-19.466667	0.032805
-19.433333	0.032961
-19.400000	0.033092
-19.366667	0.033185
-19.333333	0.033256
-19.300000	0.033297
-19.266667	0.033315
-19.233333	0.033296
-19.200000	0.033218
-19.166667	0.033084
-19.133333	0.032900
-19.100000	0.032651
-19.066667	0.032346
-19.033333	0.031969
-19.000000	0.031521
-18.966667	0.031010
-18.933333	0.030448
-18.900000	0.029843
-18.866667	0.029232
-18.833333	0.028611
-18.800000	0.027973
-18.766667	0.027344
-18.733333	0.026738
-18.700000	0.026180
-18.666667	0.025685
-18.633333	0.025244
-18.600000	0.024868
-18.566667	0.024570
-18.533333	0.024336
-18.500000	0.024185
-18.466667	0.024082
-18.433333	0.024035
-18.400000	0.024045
-18.366667	0.024105
-18.333333	0.024206
-18.300000	0.024332
-18.266667	0.024471
-18.233333	0.024603
-18.200000	0.024706
-18.166667	0.024778
-18.133333	0.024803
-18.100000	0.024757
-18.066667	0.024628
-18.033333	0.024404
-18.000000	0.024079
-17.966667	0.023656
-17.933333	0.023144
-17.900000	0.022542
-17.866667	0.021850
-17.833333	0.021067
-17.800000	0.020205
-17.766667	0.019302
-17.733333	0.018333
-17.700000	0.017335
-17.666667	0.016309
-17.633333	0.015284
-17.600000	0.014276
-17.566667	0.013262
-17.533333	0.012276
-17.500000	0.011338
-17.466667	0.010414
-17.433333	0.009533
-17.400000	0.008684
-17.366667	0.007869
-17.333333	0.007106
-17.300000	0.006396
-17.266667	0.005717
-17.233333	0.005058
-17.200000	0.004417
-17.166667	0.003798
-17.133333	0.003222
-17.100000	0.002643
-17.066667	0.002098
-17.033333	0.001563
-17.000000	0.001046
-16.966667	0.000547
-16.933333	0.000061
-16.900000	-0.000399
-16.866667	-0.000845
-16.833333	-0.001270
-16.800000	-0.001674
-16.766667	-0.002057
-16.733333	-0.002416
-16.700000	-0.002751
-16.666667	-0.003059
-16.633333	-0.003346
-16.600000	-0.003626
-16.566667	-0.003910
-16.533333	-0.004167
-16.500000	-0.004454
-16.466667	-0.004761
-16.433333	-0.005075
-16.400000	-0.005415
-16.366667	-0.005753
-16.333333	-0.006097
-16.300000	-0.006459
-16.266667	-0.006841
-16.233333	-0.007232
-16.200000	-0.007636
-16.166667	-0.008008
-16.133333	-0.008390
-16.100000	-0.008778
-16.066667	-0.009157
-16.033333	-0.009501
-16.000000	-0.009825
-15.966667	-0.010115
-15.933333	-0.010379
-15.900000	-0.010569
-15.866667	-0.010724
-15.833333	-0.010821
-15.800000	-0.010866
-15.766667	-0.010858
-15.733333	-0.010800
-15.700000	-0.010696
-15.666667	-0.010551
-15.633333	-0.010367
-15.600000	-0.010135
-15.566667	-0.009848
-15.533333	-0.009503
-15.500000	-0.009154
-15.466667	-0.008756
-15.433333	-0.008323
-15.400000	-0.007861
-15.366667	-0.007352
-15.333333	-0.006831
-15.300000	-0.006285
-15.266667	-0.005694
-15.233333	-0.005126
-15.200000	-0.004551
-15.166667	-0.003966
-15.133333	-0.003399
-15.100000	-0.002816
-15.066667	-0.002267
-15.033333	-0.001716
-15.000000	-0.001214
-14.966667	-0.000738
-14.933333	-0.000308
-14.900000	0.000089
-14.866667	0.000411
-14.833333	0.000679
-14.800000	0.000880
-14.766667	0.001011
-14.733333	0.001065
-14.700000	0.001049
-14.666667	0.000986
-14.633333	0.000843
-14.600000	0.000662
-14.566667	0.000420
-14.533333	0.000129
-14.500000	-0.000223
-14.466667	-0.000591
-14.433333	-0.000982
-14.400000	-0.001378
-14.366667	-0.001784
-14.333333	-0.002192
-14.300000	-0.002584
-14.266667	-0.002961
-14.233333	-0.003361
-14.200000	-0.003730
-14.166667	-0.004074
-14.133333	-0.004397
-14.100000	-0.004710
-14.066667	-0.005014
-14.033333	-0.005312
-14.000000	-0.005557
-13.966667	-0.005805
-13.933333	-0.006054
-13.900000	-0.006262
-13.866667	-0.006469
-13.833333	-0.006659
-13.800000	-0.006834
-13.766667	-0.007000
-13.733333	-0.007164
-13.700000	-0.007301
-13.666667	-0.007430
-13.633333	-0.007569
-13.600000	-0.007673
-13.566667	-0.007777
-13.533333	-0.007873
-13.500000	-0.007953
-13.466667	-0.007974
-13.433333	-0.007987
-13.400000	-0.007962
-13.366667	-0.007914
-13.333333	-0.007827
-13.300000	-0.007710
-13.266667	-0.007562
-13.233333	-0.007388
-13.200000	-0.007184
-13.166667	-0.006950
-13.133333	-0.006714
-13.100000	-0.006452
-13.066667	-0.006164
-13.033333	-0.005859
-13.000000	-0.005542
-12.966667	-0.005249
-12.933333	-0.004944
-12.900000	-0.004626
-12.866667	-0.004365
-12.833333	-0.004121
-12.800000	-0.003923
-12.766667	-0.003772
-12.733333	-0.003678
-12.700000	-0.003637
-12.666667	-0.003677
-12.633333	-0.003776
-12.600000	-0.003914
-12.566667	-0.004138
-12.533333	-0.004410
-12.500000	-0.004713
-12.466667	-0.005055
-12.433333	-0.005461
-12.400000	-0.005864
-12.366667	-0.006271
-12.333333	-0.006651
-12.300000	-0.007038
-12.266667	-0.007380
-12.233333	-0.007678
-12.200000	-0.007923
-12.166667	-0.008105
-12.133333	-0.008205
-12.100000	-0.008215
-12.066667	-0.008148
-12.033333	-0.008017
-12.000000	-0.007819
-11.966667	-0.007540
-11.933333	-0.007211
-11.900000	-0.006845
-11.866667	-0.006456
-11.833333	-0.006036
-11.800000	-0.005601
-11.766667	-0.005162
-11.733333	-0.004729
-11.700000	-0.004320
-11.666667	-0.003940
-11.633333	-0.003588
-11.600000	-0.003264
-11.566667	-0.003021
-11.533333	-0.002796
-11.500000	-0.002619
-11.466667	-0.002488
-11.433333	-0.002380
-11.400000	-0.002297
-11.366667	-0.002235
-11.333333	-0.002195
-11.300000	-0.002174
-11.266667	-0.002127
-11.233333	-0.002081
-11.200000	-0.002017
-11.166667	-0.001927
-11.133333	-0.001809
-11.100000	-0.001675
-11.066667	-0.001529
-11.033333	-0.001381
-11.000000	-0.001228
-10.966667	-0.001092
-10.933333	-0.000977
-10.900000	-0.000887
-10.866667	-0.000832
-10.833333	-0.000820
-10.800000	-0.000848
-10.766667	-0.000923
-10.733333	-0.001042
-10.700000	-0.001217
-10.666667	-0.001444
-10.633333	-0.001706
-10.600000	-0.001994
-10.566667	-0.002342
-10.533333	-0.002703
-10.500000	-0.003098
-10.466667	-0.003518
-10.433333	-0.003955
-10.400000	-0.004412
-10.366667	-0.004878
-10.333333	-0.005340
-10.300000	-0.005813
-10.266667	-0.006276
-10.233333	-0.006732
-10.200000	-0.007178
-10.166667	-0.007616
-10.133333	-0.008046
-10.100000	-0.008478
-10.066667	-0.008893
-10.033333	-0.009325
-10.000000	-0.009784
-9.966667	-0.010211
-9.933333	-0.010659
-9.900000	-0.011106
-9.866667	-0.011551
-9.833333	-0.011979
-9.800000	-0.012375
-9.766667	-0.012740
-9.733333	-0.013078
-9.700000	-0.013363
-9.666667	-0.013590
-9.633333	-0.013760
-9.600000	-0.013862
-9.566667	-0.013913
-9.533333	-0.013879
-9.500000	-0.013784
-9.466667	-0.013616
-9.433333	-0.013375
-9.400000	-0.013061
-9.366667	-0.012679
-9.333333	-0.012253
-9.300000	-0.011795
-9.266667	-0.011278
-9.233333	-0.010725
-9.200000	-0.010158
-9.166667	-0.009590
-9.133333	-0.009030
-9.100000	-0.008502
-9.066667	-0.008004
-9.033333	-0.007584
-9.000000	-0.007237
-8.966667	-0.006940
-8.933333	-0.006758
-8.900000	-0.006646
-8.866667	-0.006640
-8.833333	-0.006711
-8.800000	-0.006861
-8.766667	-0.007079
-8.733333	-0.007366
-8.700000	-0.007726
-8.666667	-0.008129
-8.633333	-0.008580
-8.600000	-0.009059
-8.566667	-0.009563
-8.533333	-0.010054
-8.500000	-0.010550
-8.466667	-0.011007
-8.433333	-0.011429
-8.400000	-0.011811
-8.366667	-0.012159
-8.333333	-0.012470
-8.300000	-0.012725
-8.266667	-0.012920
-8.233333	-0.013075
-8.200000	-0.013203
-8.166667	-0.013293
-8.133333	-0.013346
-8.100000	-0.013375
-8.066667	-0.013366
-8.033333	-0.013328
-8.000000	-0.013259
-7.966667	-0.013154
-7.933333	-0.013013
-7.900000	-0.012844
-7.866667	-0.012646
-7.833333	-0.012401
-7.800000	-0.012130
-7.766667	-0.011832
-7.733333	-0.011515
-7.700000	-0.011172
-7.666667	-0.010768
-7.633333	-0.010345
-7.600000	-0.009923
-7.566667	-0.009481
-7.533333	-0.009017
-7.500000	-0.008558
-7.466667	-0.008090
-7.433333	-0.007655
-7.400000	-0.007247
-7.366667	-0.006876
-7.333333	-0.006546
-7.300000	-0.006262
-7.266667	-0.006019
-7.233333	-0.005824
-7.200000	-0.005679
-7.166667	-0.005580
-7.133333	-0.005528
-7.100000	-0.005520
-7.066667	-0.005540
-7.033333	-0.005596
-7.000000	-0.005697
-6.966667	-0.005821
-6.933333	-0.005961
-6.900000	-0.006123
-6.866667	-0.006301
-6.833333	-0.006470
-6.800000	-0.006643
-6.766667	-0.006806
-6.733333	-0.006955
-6.700000	-0.007085
-6.666667	-0.007191
-6.633333	-0.007285
-6.600000	-0.007383
-6.566667	-0.007462
-6.533333	-0.007519
-6.500000	-0.007559
-6.466667	-0.007590
-6.433333	-0.007609
-6.400000	-0.007605
-6.366667	-0.007584
-6.333333	-0.007548
-6.300000	-0.007498
-6.266667	-0.007429
-6.233333	-0.007349
-6.200000	-0.007255
-6.166667	-0.007150
-6.133333	-0.007034
-6.100000	-0.006913
-6.066667	-0.006795
-6.033333	-0.006683
-6.000000	-0.006558
-5.966667	-0.006408
-5.933333	-0.006272
-5.900000	-0.006159
-5.866667	-0.006046
-5.833333	-0.005931
-5.800000	-0.005851
-5.766667	-0.005783
-5.733333	-0.005725
-5.700000	-0.005674
-5.666667	-0.005643
-5.633333	-0.005649
-5.600000	-0.005689
-5.566667	-0.005748
-5.533333	-0.005818
-5.500000	-0.005906
-5.466667	-0.006026
-5.433333	-0.006171
-5.400000	-0.006329
-5.366667	-0.006525
-5.333333	-0.006731
-5.300000	-0.006957
-5.266667	-0.007209
-5.233333	-0.007462
-5.200000	-0.007741
-5.166667	-0.008040
-5.133333	-0.008354
-5.100000	-0.008682
-5.066667	-0.009022
-5.033333	-0.009362
-5.000000	-0.009701
-4.966667	-0.010060
-4.933333	-0.010443
-4.900000	-0.010822
-4.866667	-0.011188
-4.833333	-0.011549
-4.800000	-0.011904
-4.766667	-0.012238
-4.733333	-0.012545
-4.700000	-0.012836
-4.666667	-0.013114
-4.633333	-0.013373
-4.600000	-0.013612
-4.566667	-0.013832
-4.533333	-0.014029
-4.500000	-0.014204
-4.466667	-0.014360
-4.433333	-0.014483
-4.400000	-0.014578
-4.366667	-0.014645
-4.333333	-0.014665
-4.300000	-0.014657
-4.266667	-0.014613
-4.233333	-0.014525
-4.200000	-0.014399
-4.166667	-0.014218
-4.133333	-0.014003
-4.100000	-0.013761
-4.066667	-0.013490
-4.033333	-0.013189
-4.000000	-0.012864
-3.966667	-0.012510
-3.933333	-0.012121
-3.900000	-0.011714
-3.866667	-0.011327
-3.833333	-0.010957
-3.800000	-0.010553
-3.766667	-0.010209
-3.733333	-0.009885
-3.700000	-0.009624
-3.666667	-0.009425
-3.633333	-0.009300
-3.600000	-0.009257
-3.566667	-0.009289
-3.533333	-0.009380
-3.500000	-0.009563
-3.466667	-0.009802
-3.433333	-0.010109
-3.400000	-0.010467
-3.366667	-0.010873
-3.333333	-0.011327
-3.300000	-0.011818
-3.266667	-0.012325
-3.233333	-0.012837
-3.200000	-0.013338
-3.166667	-0.013834
-3.133333	-0.014311
-3.100000	-0.014752
-3.066667	-0.015159
-3.033333	-0.015529
-3.000000	-0.015848
-2.966667	-0.016111
-2.933333	-0.016333
-2.900000	-0.016526
-2.866667	-0.016679
-2.833333	-0.016771
-2.800000	-0.016804
-2.766667	-0.016844
-2.733333	-0.016827
-2.700000	-0.016794
-2.666667	-0.016708
-2.633333	-0.016581
-2.600000	-0.016424
-2.566667	-0.016240
-2.533333	-0.016008
-2.500000	-0.015749
-2.466667	-0.015431
-2.433333	-0.015090
-2.400000	-0.014719
-2.366667	-0.014314
-2.333333	-0.013897
-2.300000	-0.013456
-2.266667	-0.012994
-2.233333	-0.012522
-2.200000	-0.012047
-2.166667	-0.011578
-2.133333	-0.011110
-2.100000	-0.010684
-2.066667	-0.010289
-2.033333	-0.009929
-2.000000	-0.009614
-1.966667	-0.009382
-1.933333	-0.009191
-1.900000	-0.009037
-1.866667	-0.008923
-1.833333	-0.008863
-1.800000	-0.008848
-1.766667	-0.008877
-1.733333	-0.008945
-1.700000	-0.009031
-1.666667	-0.009129
-1.633333	-0.009244
-1.600000	-0.009376
-1.566667	-0.009505
-1.533333	-0.009602
-1.500000	-0.009679
-1.466667	-0.009733
-1.433333	-0.009759
-1.400000	-0.009756
-1.366667	-0.009712
-1.333333	-0.009648
-1.300000	-0.009552
-1.266667	-0.009434
-1.233333	-0.009293
-1.200000	-0.009127
-1.166667	-0.008940
-1.133333	-0.008743
-1.100000	-0.008558
-1.066667	-0.008360
-1.033333	-0.008176
-1.000000	-0.008008
-0.966667	-0.007854
-0.933333	-0.007676
-0.900000	-0.007510
-0.866667	-0.007349
-0.833333	-0.007197
-0.800000	-0.007068
-0.766667	-0.006930
-0.733333	-0.006792
-0.700000	-0.006648
-0.666667	-0.006500
-0.633333	-0.006334
-0.600000	-0.006158
-0.566667	-0.005965
-0.533333	-0.005756
-0.500000	-0.005529
-0.466667	-0.005269
-0.433333	-0.004976
-0.400000	-0.004662
-0.366667	-0.004337
-0.333333	-0.004005
-0.300000	-0.003662
-0.266667	-0.003282
-0.233333	-0.002880
-0.200000	-0.002471
-0.166667	-0.002079
-0.133333	-0.001707
-0.100000	-0.001351
-0.066667	-0.001003
-0.033333	-0.000684
-0.000000	-0.000425
0.033333	-0.000200
0.066667	-0.000020
0.100000	0.000123
0.133333	0.000219
0.166667	0.000259
0.200000	0.000261
0.233333	0.000229
0.266667	0.000146
0.300000	0.000024
0.333333	-0.000139
0.366667	-0.000335
0.400000	-0.000579
0.433333	-0.000855
0.466667	-0.001153
0.500000	-0.001451
0.533333	-0.001752
0.566667	-0.002061
0.600000	-0.002374
0.633333	-0.002676
0.666667	-0.002956
0.700000	-0.003204
0.733333	-0.003420
0.766667	-0.003636
0.800000	-0.003845
0.833333	-0.004045
0.866667	-0.004229
0.900000	-0.004392
0.933333	-0.004522
0.966667	-0.004636
1.000000	-0.004756
1.033333	-0.004849
1.066667	-0.004923
1.100000	-0.004964
1.133333	-0.004990
1.166667	-0.004992
1.200000	-0.004962
1.233333	-0.004922
1.266667	-0.004862
1.300000	-0.004793
1.333333	-0.004711
1.366667	-0.004619
1.400000	-0.004512
1.433333	-0.004390
1.466667	-0.004254
1.500000	-0.004114
1.533333	-0.003977
1.566667	-0.003848
1.600000	-0.003730
1.633333	-0.003634
1.666667	-0.003560
1.700000	-0.003533
1.733333	-0.003531
1.766667	-0.003579
1.800000	-0.003657
1.833333	-0.003772
1.866667	-0.003918
1.900000	-0.004088
1.933333	-0.004280
1.966667	-0.004508
2.000000	-0.004775
2.033333	-0.005058
2.066667	-0.005348
2.100000	-0.005653
2.133333	-0.005971
2.166667	-0.006288
2.200000	-0.006598
2.233333	-0.006899
2.266667	-0.007187
2.300000	-0.007461
2.333333	-0.007717
2.366667	-0.007957
2.400000	-0.008177
2.433333	-0.008380
2.466667	-0.008565
2.500000	-0.008728
2.533333	-0.008868
2.566667	-0.008989
2.600000	-0.009081
2.633333	-0.009134
2.666667	-0.009157
2.700000	-0.009147
2.733333	-0.009070
2.766667	-0.008973
2.800000	-0.008816
2.833333	-0.008622
2.866667	-0.008379
2.900000	-0.008091
2.933333	-0.007772
2.966667	-0.007426
3.000000	-0.007039
3.033333	-0.006617
3.066667	-0.006175
3.100000	-0.005718
3.133333	-0.005247
3.166667	-0.004772
3.200000	-0.004310
3.233333	-0.003863
3.266667	-0.003450
3.300000	-0.003073
3.333333	-0.002729
3.366667	-0.002421
3.400000	-0.002159
3.433333	-0.001941
3.466667	-0.001756
3.500000	-0.001609
3.533333	-0.001513
3.566667	-0.001433
3.600000	-0.001392
3.633333	-0.001369
3.666667	-0.001371
3.700000	-0.001383
3.733333	-0.001413
3.766667	-0.001454
3.800000	-0.001493
3.833333	-0.001535
3.866667	-0.001573
3.900000	-0.001615
3.933333	-0.001660
3.966667	-0.001695
4.000000	-0.001714
4.033333	-0.001735
4.066667	-0.001769
4.100000	-0.001805
4.133333	-0.001829
4.166667	-0.001877
4.200000	-0.001923
4.233333	-0.001968
4.266667	-0.002021
4.300000	-0.002065
4.333333	-0.002097
4.366667	-0.002127
4.400000	-0.002170
4.433333	-0.002187
4.466667	-0.002189
4.500000	-0.002199
4.533333	-0.002195
4.566667	-0.002160
4.600000	-0.002125
4.633333	-0.002064
4.666667	-0.001986
4.700000	-0.001890
4.733333	-0.001766
4.766667	-0.001609
4.800000	-0.001453
4.833333	-0.001258
4.866667	-0.001027
4.900000	-0.000789
4.933333	-0.000545
4.966667	-0.000256
5.000000	0.000043
5.033333	0.000351
5.066667	0.000678
5.100000	0.001021
5.133333	0.001377
5.166667	0.001728
5.200000	0.002102
5.233333	0.002466
5.266667	0.002831
5.300000	0.003189
5.333333	0.003529
5.366667	0.003837
5.400000	0.004106
5.433333	0.004352
5.466667	0.004588
5.500000	0.004783
5.533333	0.004957
5.566667	0.005079
5.600000	0.005172
5.633333	0.005231
5.666667	0.005252
5.700000	0.005260
5.733333	0.005232
5.766667	0.005173
5.800000	0.005096
5.833333	0.005009
5.866667	0.004905
5.900000	0.004767
5.933333	0.004621
5.966667	0.004501
6.000000	0.004337
6.033333	0.004210
6.066667	0.004045
6.100000	0.003907
6.133333	0.003760
6.166667	0.003618
6.200000	0.003453
6.233333	0.003322
6.266667	0.003185
6.300000	0.003040
6.333333	0.002903
6.366667	0.002775
6.400000	0.002663
6.433333	0.002581
6.466667	0.002547
6.500000	0.002511
6.533333	0.002479
6.566667	0.002479
6.600000	0.002492
6.633333	0.002523
6.666667	0.002580
6.700000	0.002669
6.733333	0.002753
6.766667	0.002851
6.800000	0.002963
6.833333	0.003073
6.866667	0.003191
6.900000	0.003293
6.933333	0.003378
6.966667	0.003442
7.000000	0.003448
7.033333	0.003435
7.066667	0.003371
7.100000	0.003328
7.133333	0.003202
7.166667	0.003018
7.200000	0.002804
7.233333	0.002593
7.266667	0.002313
7.300000	0.002008
7.333333	0.001685
7.366667	0.001333
7.400000	0.000957
7.433333	0.000565
7.466667	0.000158
7.500000	-0.000264
7.533333	-0.000688
7.566667	-0.001105
7.600000	-0.001549
7.633333	-0.001982
7.666667	-0.002394
7.700000	-0.002794
7.733333	-0.003194
7.766667	-0.003580
7.800000	-0.003942
7.833333	-0.004289
7.866667	-0.004621
7.900000	-0.004937
7.933333	-0.005242
7.966667	-0.005501
8.000000	-0.005728
8.033333	-0.005896
8.066667	-0.006002
8.100000	-0.006079
8.133333	-0.006141
8.166667	-0.006167
8.200000	-0.006158
8.233333	-0.006128
8.266667	-0.006093
8.300000	-0.006028
8.333333	-0.005922
8.366667	-0.005796
8.400000	-0.005704
8.433333	-0.005598
8.466667	-0.005497
8.500000	-0.005382
8.533333	-0.005272
8.566667	-0.005220
8.600000	-0.005176
8.633333	-0.005147
8.666667	-0.005132
8.700000	-0.005151
8.733333	-0.005207
8.766667	-0.005292
8.800000	-0.005402
8.833333	-0.005537
8.866667	-0.005694
8.900000	-0.005871
8.933333	-0.006061
8.966667	-0.006250
9.000000	-0.006467
9.033333	-0.006687
9.066667	-0.006918
9.100000	-0.007161
9.133333	-0.007417
9.166667	-0.007687
9.200000	-0.007971
9.233333	-0.008236
9.266667	-0.008471
9.300000	-0.008713
9.333333	-0.008951
9.366667	-0.009225
9.400000	-0.009513
9.433333	-0.009769
9.466667	-0.010003
9.500000	-0.010203
9.533333	-0.010402
9.566667	-0.010604
9.600000	-0.010769
9.633333	-0.010931
9.666667	-0.011062
9.700000	-0.011158
9.733333	-0.011235
9.766667	-0.011292
9.800000	-0.011321
9.833333	-0.011321
9.866667	-0.011297
9.900000	-0.011245
9.933333	-0.011165
9.966667	-0.011057
10.000000	-0.010922
10.033333	-0.010760
10.066667	-0.010572
10.100000	-0.010359
10.133333	-0.010123
10.166667	-0.009871
10.200000	-0.009605
10.233333	-0.009321
10.266667	-0.009029
10.300000	-0.008764
10.333333	-0.008479
10.366667	-0.008193
10.400000	-0.007888
10.433333	-0.007577
10.466667	-0.007244
10.500000	-0.006917
10.533333	-0.006599
10.566667	-0.006284
10.600000	-0.005969
10.633333	-0.005646
10.666667	-0.005314
10.700000	-0.004991
10.733333	-0.004685
10.766667	-0.004385
10.800000	-0.004088
10.833333	-0.003801
10.866667	-0.003524
10.900000	-0.003256
10.933333	-0.002999
10.966667	-0.002755
11.000000	-0.002524
11.033333	-0.002307
11.066667	-0.002103
11.100000	-0.001914
11.133333	-0.001739
11.166667	-0.001577
11.200000	-0.001427
11.233333	-0.001287
11.266667	-0.001156
11.300000	-0.001033
11.333333	-0.000918
11.366667	-0.000809
11.400000	-0.000708
11.433333	-0.000614
11.466667	-0.000528
11.500000	-0.000447
11.533333	-0.000373
11.566667	-0.000306
11.600000	-0.000247
11.633333	-0.000195
11.666667	-0.000151
11.700000	-0.000114
11.733333	-0.000084
11.766667	-0.000061
11.800000	-0.000045
11.833333	-0.000037
11.866667	-0.000035
11.900000	-0.000041
11.933333	-0.000053
11.966667	-0.000072
