-88.000000	-0.000011
-87.966667	-0.000011
-87.933333	-0.000012
-87.900000	-0.000012
-87.866667	-0.000013
-87.833333	-0.000013
-87.800000	-0.000012
-87.766667	-0.000012
-87.733333	-0.000011
-87.700000	-0.000010
-87.666667	-0.000009
-87.633333	-0.000007
-87.600000	-0.000005
-87.566667	-0.000003
-87.533333	-0.000000
-87.500000	0.000003
-87.466667	0.000006
-87.433333	0.000010
-87.400000	0.000015
-87.366667	0.000020
-87.333333	0.000025
-87.300000	0.000031
-87.266667	0.000037
-87.233333	0.000044
-87.200000	0.000051
-87.166667	0.000059
-87.133333	0.000068
-87.100000	0.000077
-87.066667	0.000086
-87.033333	0.000096
-87.000000	0.000107
-86.966667	0.000118
-86.933333	0.000130
-86.900000	0.000142
-86.866667	0.000155
-86.833333	0.000168
-86.800000	0.000182
-86.766667	0.000196
-86.733333	0.000209
-86.700000	0.000222
-86.666667	0.000239
-86.633333	0.000256
-86.600000	0.000264
-86.566667	0.000284
-86.533333	0.000294
-86.500000	0.000305
-86.466667	0.000323
-86.433333	0.000340
-86.400000	0.000330
-86.366667	0.000353
-86.333333	0.000358
-86.300000	0.000365
-86.266667	0.000369
-86.233333	0.000369
-86.200000	0.000367
-86.166667	0.000363
-86.133333	0.000358
-86.100000	0.000354
-86.066667	0.000357
-86.033333	0.000360
-86.000000	0.000351
-85.966667	0.000335
-85.933333	0.000333
-85.900000	0.000331
-85.866667	0.000329
-85.833333	0.000327
-85.800000	0.000337
-85.766667	0.000344
-85.733333	0.000359
-85.700000	0.000373
-85.666667	0.000377
-85.633333	0.000378
-85.600000	0.000408
-85.566667	0.000438
-85.533333	0.000459
-85.500000	0.000478
-85.466667	0.000502
-85.433333	0.000520
-85.400000	0.000531
-85.366667	0.000568
-85.333333	0.000570
-85.300000	0.000580
-85.266667	0.000581
-85.233333	0.000576
-85.200000	0.000569
-85.166667	0.000558
-85.133333	0.000540
-85.100000	0.000518
-85.066667	0.000500
-85.033333	0.000455
-85.000000	0.000411
-84.966667	0.000372
-84.933333	0.000329
-84.900000	0.000298
-84.866667	0.000243
-84.833333	0.000210
-84.800000	0.000174
-84.766667	0.000132
-84.733333	0.000100
-84.700000	0.000062
-84.666667	0.000032
-84.633333	0.000020
-84.600000	0.000024
-84.566667	0.000004
-84.533333	-0.000005
-84.500000	-0.000014
-84.466667	-0.000002
-84.433333	0.000011
-84.400000	0.000008
-84.366667	0.000020
-84.333333	0.000016
-84.300000	0.000009
-84.266667	0.000013
-84.233333	0.000024
-84.200000	0.000013
-84.166667	0.000019
-84.133333	0.000002
-84.100000	-0.000023
-84.066667	-0.000051
-84.033333	-0.000090
-84.000000	-0.000113
-83.966667	-0.000147
-83.933333	-0.000187
-83.900000	-0.000217
-83.866667	-0.000274
-83.833333	-0.000311
-83.800000	-0.000369
-83.766667	-0.000431
-83.733333	-0.000475
-83.700000	-0.000512
-83.666667	-0.000561
-83.633333	-0.000623
-83.600000	-0.000674
-83.566667	-0.000721
-83.533333	-0.000759
-83.500000	-0.000795
-83.466667	-0.000836
-83.433333	-0.000890
-83.400000	-0.000938
-83.366667	-0.000967
-83.333333	-0.001017
-83.300000	-0.001050
-83.266667	-0.001053
-83.233333	-0.001085
-83.200000	-0.001117
-83.166667	-0.001131
-83.133333	-0.001154
-83.100000	-0.001179
-83.066667	-0.001168
-83.033333	-0.001167
-83.000000	-0.001151
-82.966667	-0.001140
-82.933333	-0.001124
-82.900000	-0.001104
-82.866667	-0.001076
-82.833333	-0.001042
-82.800000	-0.001003
-82.766667	-0.000963
-82.733333	-0.000912
-82.700000	-0.000875
-82.666667	-0.000836
-82.633333	-0.000776
-82.600000	-0.000711
-82.566667	-0.000664
-82.533333	-0.000612
-82.500000	-0.000563
-82.466667	-0.000520
-82.433333	-0.000472
-82.400000	-0.000415
-82.366667	-0.000366
-82.333333	-0.000322
-82.300000	-0.000272
-82.266667	-0.000216
-82.233333	-0.000181
-82.200000	-0.000126
-82.166667	-0.000078
-82.133333	-0.000027
-82.100000	0.000013
-82.066667	0.000077
-82.033333	0.000117
-82.000000	0.000170
-81.966667	0.000223
-81.933333	0.000272
-81.900000	0.000331
-81.866667	0.000384
-81.833333	0.000433
-81.800000	0.000478
-81.766667	0.000517
-81.733333	0.000558
-81.700000	0.000605
-81.666667	0.000658
-81.633333	0.000699
-81.600000	0.000722
-81.566667	0.000746
-81.533333	0.000773
-81.500000	0.000794
-81.466667	0.000823
-81.433333	0.000827
-81.400000	0.000838
-81.366667	0.000842
-81.333333	0.000843
-81.300000	0.000839
-81.266667	0.000829
-81.233333	0.000813
-81.200000	0.000800
-81.166667	0.000782
-81.133333	0.000740
-81.100000	0.000723
-81.066667	0.000684
-81.033333	0.000640
-81.000000	0.000598
-80.966667	0.000549
-80.933333	0.000494
-80.900000	0.000443
-80.866667	0.000379
-80.833333	0.000314
-80.800000	0.000254
-80.766667	0.000190
-80.733333	0.000108
-80.700000	0.000041
-80.666667	-0.000025
-80.633333	-0.000101
-80.600000	-0.000169
-80.566667	-0.000240
-80.533333	-0.000305
-80.500000	-0.000360
-80.466667	-0.000416
-80.433333	-0.000475
-80.400000	-0.000513
-80.366667	-0.000555
-80.333333	-0.000590
-80.300000	-0.000620
-80.266667	-0.000645
-80.233333	-0.000656
-80.200000	-0.000680
-80.166667	-0.000688
-80.133333	-0.000708
-80.100000	-0.000700
-80.066667	-0.000720
-80.033333	-0.000725
-80.000000	-0.000734
-79.966667	-0.000757
-79.933333	-0.000771
-79.900000	-0.000797
-79.866667	-0.000834
-79.833333	-0.000874
-79.800000	-0.000897
-79.766667	-0.000958
-79.733333	-0.001013
-79.700000	-0.001059
-79.666667	-0.001119
-79.633333	-0.001185
-79.600000	-0.001240
-79.566667	-0.001299
-79.533333	-0.001356
-79.500000	-0.001410
-79.466667	-0.001462
-79.433333	-0.001495
-79.400000	-0.001531
-79.366667	-0.001553
-79.333333	-0.001565
-79.300000	-0.001570
-79.266667	-0.001576
-79.233333	-0.001567
-79.200000	-0.001551
-79.166667	-0.001503
-79.133333	-0.001486
-79.100000	-0.001468
-79.066667	-0.001431
-79.033333	-0.001377
-79.000000	-0.001332
-78.966667	-0.001299
-78.933333	-0.001269
-78.900000	-0.001244
-78.866667	-0.001222
-78.833333	-0.001196
-78.800000	-0.001179
-78.766667	-0.001189
-78.733333	-0.001185
-78.700000	-0.001196
-78.666667	-0.001210
-78.633333	-0.001231
-78.600000	-0.001257
-78.566667	-0.001287
-78.533333	-0.001322
-78.500000	-0.001352
-78.466667	-0.001384
-78.433333	-0.001414
-78.400000	-0.001442
-78.366667	-0.001467
-78.333333	-0.001490
-78.300000	-0.001512
-78.266667	-0.001527
-78.233333	-0.001525
-78.200000	-0.001530
-78.166667	-0.001529
-78.133333	-0.001540
-78.100000	-0.001529
-78.066667	-0.001493
-78.033333	-0.001463
-78.000000	-0.001452
-77.966667	-0.001442
-77.933333	-0.001427
-77.900000	-0.001410
-77.866667	-0.001378
-77.833333	-0.001355
-77.800000	-0.001343
-77.766667	-0.001322
-77.733333	-0.001311
-77.700000	-0.001297
-77.666667	-0.001283
-77.633333	-0.001270
-77.600000	-0.001269
-77.566667	-0.001257
-77.533333	-0.001250
-77.500000	-0.001238
-77.466667	-0.001234
-77.433333	-0.001214
-77.400000	-0.001218
-77.366667	-0.001203
-77.333333	-0.001182
-77.300000	-0.001171
-77.266667	-0.001144
-77.233333	-0.001133
-77.200000	-0.001110
-77.166667	-0.001074
-77.133333	-0.001058
-77.100000	-0.001022
-77.066667	-0.000982
-77.033333	-0.000955
-77.000000	-0.000919
-76.966667	-0.000888
-76.933333	-0.000853
-76.900000	-0.000805
-76.866667	-0.000755
-76.833333	-0.000719
-76.800000	-0.000680
-76.766667	-0.000635
-76.733333	-0.000593
-76.700000	-0.000546
-76.666667	-0.000501
-76.633333	-0.000459
-76.600000	-0.000416
-76.566667	-0.000360
-76.533333	-0.000320
-76.500000	-0.000276
-76.466667	-0.000244
-76.433333	-0.000211
-76.400000	-0.000186
-76.366667	-0.000142
-76.333333	-0.000105
-76.300000	-0.000084
-76.266667	-0.000080
-76.233333	-0.000076
-76.200000	-0.000071
-76.166667	-0.000079
-76.133333	-0.000105
-76.100000	-0.000116
-76.066667	-0.000154
-76.033333	-0.000204
-76.000000	-0.000232
-75.966667	-0.000291
-75.933333	-0.000358
-75.900000	-0.000410
-75.866667	-0.000478
-75.833333	-0.000543
-75.800000	-0.000610
-75.766667	-0.000669
-75.733333	-0.000733
-75.700000	-0.000778
-75.666667	-0.000830
-75.633333	-0.000861
-75.600000	-0.000887
-75.566667	-0.000906
-75.533333	-0.000920
-75.500000	-0.000921
-75.466667	-0.000912
-75.433333	-0.000886
-75.400000	-0.000863
-75.366667	-0.000820
-75.333333	-0.000778
-75.300000	-0.000739
-75.266667	-0.000701
-75.233333	-0.000636
-75.200000	-0.000586
-75.166667	-0.000528
-75.133333	-0.000478
-75.100000	-0.000419
-75.066667	-0.000372
-75.033333	-0.000318
-75.000000	-0.000268
-74.966667	-0.000238
-74.933333	-0.000195
-74.900000	-0.000137
-74.866667	-0.000102
-74.833333	-0.000063
-74.800000	-0.000022
-74.766667	0.000019
-74.733333	0.000064
-74.700000	0.000111
-74.666667	0.000144
-74.633333	0.000201
-74.600000	0.000243
-74.566667	0.000291
-74.533333	0.000338
-74.500000	0.000388
-74.466667	0.000440
-74.433333	0.000487
-74.400000	0.000531
-74.366667	0.000594
-74.333333	0.000639
-74.300000	0.000690
-74.266667	0.000737
-74.233333	0.000785
-74.200000	0.000833
-74.166667	0.000881
-74.133333	0.000923
-74.100000	0.000964
-74.066667	0.001013
-74.033333	0.001051
-74.000000	0.001093
-73.966667	0.001135
-73.933333	0.001186
-73.900000	0.001219
-73.866667	0.001260
-73.833333	0.001294
-73.800000	0.001342
-73.766667	0.001387
-73.733333	0.001425
-73.700000	0.001451
-73.666667	0.001486
-73.633333	0.001532
-73.600000	0.001566
-73.566667	0.001598
-73.533333	0.001625
-73.500000	0.001650
-73.466667	0.001681
-73.433333	0.001709
-73.400000	0.001740
-73.366667	0.001756
-73.333333	0.001775
-73.300000	0.001792
-73.266667	0.001813
-73.233333	0.001825
-73.200000	0.001835
-73.166667	0.001844
-73.133333	0.001853
-73.100000	0.001860
-73.066667	0.001860
-73.033333	0.001845
-73.000000	0.001857
-72.966667	0.001836
-72.933333	0.001829
-72.900000	0.001809
-72.866667	0.001800
-72.833333	0.001777
-72.800000	0.001767
-72.766667	0.001746
-72.733333	0.001705
-72.700000	0.001694
-72.666667	0.001676
-72.633333	0.001661
-72.600000	0.001641
-72.566667	0.001626
-72.533333	0.001618
-72.500000	0.001621
-72.466667	0.001633
-72.433333	0.001648
-72.400000	0.001671
-72.366667	0.001695
-72.333333	0.001739
-72.300000	0.001789
-72.266667	0.001846
-72.233333	0.001904
-72.200000	0.001982
-72.166667	0.002060
-72.133333	0.002149
-72.100000	0.002240
-72.066667	0.002340
-72.033333	0.002454
-72.000000	0.002579
-71.966667	0.002687
-71.933333	0.002822
-71.900000	0.002947
-71.866667	0.003083
-71.833333	0.003211
-71.800000	0.003339
-71.766667	0.003454
-71.733333	0.003554
-71.700000	0.003657
-71.666667	0.003721
-71.633333	0.003768
-71.600000	0.003781
-71.566667	0.003754
-71.533333	0.003680
-71.500000	0.003547
-71.466667	0.003336
-71.433333	0.003043
-71.400000	0.002679
-71.366667	0.002237
-71.333333	0.001696
-71.300000	0.001091
-71.266667	0.000391
-71.233333	-0.000359
-71.200000	-0.001177
-71.166667	-0.002054
-71.133333	-0.002965
-71.100000	-0.003907
-71.066667	-0.004854
-71.033333	-0.005788
-71.000000	-0.006686
-70.966667	-0.007526
-70.933333	-0.008279
-70.900000	-0.008925
-70.866667	-0.009449
-70.833333	-0.009848
-70.800000	-0.010094
-70.766667	-0.010197
-70.733333	-0.010156
-70.700000	-0.009975
-70.666667	-0.009655
-70.633333	-0.009203
-70.600000	-0.008630
-70.566667	-0.007952
-70.533333	-0.007193
-70.500000	-0.006376
-70.466667	-0.005520
-70.433333	-0.004634
-70.400000	-0.003735
-70.366667	-0.002847
-70.333333	-0.002002
-70.300000	-0.001193
-70.266667	-0.000474
-70.233333	0.000227
-70.200000	0.000834
-70.166667	0.001385
-70.133333	0.001868
-70.100000	0.002296
-70.066667	0.002673
-70.033333	0.003010
-70.000000	0.003314
-69.966667	0.003593
-69.933333	0.003851
-69.900000	0.004087
-69.866667	0.004305
-69.833333	0.004512
-69.800000	0.004710
-69.766667	0.004897
-69.733333	0.005066
-69.700000	0.005231
-69.666667	0.005411
-69.633333	0.005570
-69.600000	0.005716
-69.566667	0.005861
-69.533333	0.005978
-69.500000	0.006077
-69.466667	0.006149
-69.433333	0.006197
-69.400000	0.006226
-69.366667	0.006236
-69.333333	0.006215
-69.300000	0.006211
-69.266667	0.006205
-69.233333	0.006226
-69.200000	0.006225
-69.166667	0.006236
-69.133333	0.006260
-69.100000	0.006302
-69.066667	0.006349
-69.033333	0.006403
-69.000000	0.006465
-68.966667	0.006529
-68.933333	0.006620
-68.900000	0.006691
-68.866667	0.006779
-68.833333	0.006868
-68.800000	0.006954
-68.766667	0.007031
-68.733333	0.007093
-68.700000	0.007145
-68.666667	0.007188
-68.633333	0.007189
-68.600000	0.007188
-68.566667	0.007176
-68.533333	0.007132
-68.500000	0.007078
-68.466667	0.007008
-68.433333	0.006929
-68.400000	0.006843
-68.366667	0.006749
-68.333333	0.006648
-68.300000	0.006552
-68.266667	0.006422
-68.233333	0.006284
-68.200000	0.006133
-68.166667	0.005980
-68.133333	0.005823
-68.100000	0.005656
-68.066667	0.005500
-68.033333	0.005313
-68.000000	0.005145
-67.966667	0.004977
-67.933333	0.004821
-67.900000	0.004649
-67.866667	0.004510
-67.833333	0.004377
-67.800000	0.004271
-67.766667	0.004196
-67.733333	0.004157
-67.700000	0.004158
-67.666667	0.004196
-67.633333	0.004292
-67.600000	0.004432
-67.566667	0.004634
-67.533333	0.004882
-67.500000	0.005159
-67.466667	0.005488
-67.433333	0.005859
-67.400000	0.006262
-67.366667	0.006693
-67.333333	0.007145
-67.300000	0.007590
-67.266667	0.008026
-67.233333	0.008444
-67.200000	0.008854
-67.166667	0.009240
-67.133333	0.009568
-67.100000	0.009840
-67.066667	0.010065
-67.033333	0.010214
-67.000000	0.010332
-66.966667	0.010377
-66.933333	0.010370
-66.900000	0.010314
-66.866667	0.010213
-66.833333	0.010074
-66.800000	0.009895
-66.766667	0.009681
-66.733333	0.009444
-66.700000	0.009187
-66.666667	0.008903
-66.633333	0.008650
-66.600000	0.008377
-66.566667	0.008130
-66.533333	0.007879
-66.500000	0.007650
-66.466667	0.007493
-66.433333	0.007368
-66.400000	0.007298
-66.366667	0.007279
-66.333333	0.007315
-66.300000	0.007404
-66.266667	0.007560
-66.233333	0.007782
-66.200000	0.008065
-66.166667	0.008389
-66.133333	0.008755
-66.100000	0.009181
-66.066667	0.009655
-66.033333	0.010196
-66.000000	0.010788
-65.966667	0.011421
-65.933333	0.012116
-65.900000	0.012862
-65.866667	0.013652
-65.833333	0.014481
-65.800000	0.015344
-65.766667	0.016240
-65.733333	0.017159
-65.700000	0.018077
-65.666667	0.018980
-65.633333	0.019883
-65.600000	0.020734
-65.566667	0.021558
-65.533333	0.022339
-65.500000	0.023087
-65.466667	0.023797
-65.433333	0.024453
-65.400000	0.025090
-65.366667	0.025706
-65.333333	0.026308
-65.300000	0.026893
-65.266667	0.027461
-65.233333	0.028052
-65.200000	0.028658
-65.166667	0.029329
-65.133333	0.030064
-65.100000	0.030908
-65.066667	0.031868
-65.033333	0.033006
-65.000000	0.034315
-64.966667	0.035822
-64.933333	0.037554
-64.900000	0.039496
-64.866667	0.041651
-64.833333	0.044015
-64.800000	0.046592
-64.766667	0.049376
-64.733333	0.052358
-64.700000	0.055543
-64.666667	0.058943
-64.633333	0.062578
-64.600000	0.066471
-64.566667	0.070640
-64.533333	0.075106
-64.500000	0.079871
-64.466667	0.084921
-64.433333	0.090328
-64.400000	0.096101
-64.366667	0.102271
-64.333333	0.108844
-64.300000	0.115885
-64.266667	0.123452
-64.233333	0.131622
-64.200000	0.140415
-64.166667	0.149919
-64.133333	0.160161
-64.100000	0.171158
-64.066667	0.182788
-64.033333	0.194798
-64.000000	0.206674
-63.966667	0.217773
-63.933333	0.227169
-63.900000	0.233711
-63.866667	0.235982
-63.833333	0.232363
-63.800000	0.221045
-63.766667	0.200299
-63.733333	0.168584
-63.700000	0.124640
-63.666667	0.067638
-63.633333	-0.002643
-63.600000	-0.085703
-63.566667	-0.180389
-63.533333	-0.284848
-63.500000	-0.396721
-63.466667	-0.513202
-63.433333	-0.631099
-63.400000	-0.747109
-63.366667	-0.857811
-63.333333	-0.959961
-63.300000	-1.050368
-63.266667	-1.126257
-63.233333	-1.185128
-63.200000	-1.224918
-63.166667	-1.244125
-63.133333	-1.241934
-63.100000	-1.218165
-63.066667	-1.173337
-63.033333	-1.108678
-63.000000	-1.026065
-62.966667	-0.927910
-62.933333	-0.817227
-62.900000	-0.697384
-62.866667	-0.572004
-62.833333	-0.444773
-62.800000	-0.319233
-62.766667	-0.198495
-62.733333	-0.085168
-62.700000	0.018655
-62.666667	0.111501
-62.633333	0.192657
-62.600000	0.262017
-62.566667	0.319843
-62.533333	0.366735
-62.500000	0.403490
-62.466667	0.431075
-62.433333	0.450590
-62.400000	0.463063
-62.366667	0.469486
-62.333333	0.470717
-62.300000	0.467623
-62.266667	0.460888
-62.233333	0.451201
-62.200000	0.439044
-62.166667	0.424820
-62.133333	0.408942
-62.100000	0.391852
-62.066667	0.373973
-62.033333	0.355743
-62.000000	0.337593
-61.966667	0.319955
-61.933333	0.303216
-61.900000	0.287741
-61.866667	0.273821
-61.833333	0.261652
-61.800000	0.251352
-61.766667	0.242982
-61.733333	0.236540
-61.700000	0.231825
-61.666667	0.228553
-61.633333	0.226487
-61.600000	0.225308
-61.566667	0.224603
-61.533333	0.223993
-61.500000	0.223186
-61.466667	0.221947
-61.433333	0.220097
-61.400000	0.217478
-61.366667	0.213968
-61.333333	0.209405
-61.300000	0.203745
-61.266667	0.196996
-61.233333	0.189241
-61.200000	0.180663
-61.166667	0.171533
-61.133333	0.162122
-61.100000	0.152752
-61.066667	0.143756
-61.033333	0.135416
-61.000000	0.127934
-60.966667	0.121446
-60.933333	0.116019
-60.900000	0.111634
-60.866667	0.108186
-60.833333	0.105489
-60.800000	0.103289
-60.766667	0.101328
-60.733333	0.099337
-60.700000	0.096970
-60.666667	0.093889
-60.633333	0.089946
-60.600000	0.084917
-60.566667	0.078709
-60.533333	0.071316
-60.500000	0.062803
-60.466667	0.053312
-60.433333	0.042996
-60.400000	0.032037
-60.366667	0.020611
-60.333333	0.008969
-60.300000	-0.002575
-60.266667	-0.013717
-60.233333	-0.024143
-60.200000	-0.033531
-60.166667	-0.041627
-60.133333	-0.048210
-60.100000	-0.053033
-60.066667	-0.055973
-60.033333	-0.056989
-60.000000	-0.056144
-59.966667	-0.053542
-59.933333	-0.049380
-59.900000	-0.043932
-59.866667	-0.037515
-59.833333	-0.030471
-59.800000	-0.023173
-59.766667	-0.015946
-59.733333	-0.009108
-59.700000	-0.002976
-59.666667	0.002235
-59.633333	0.006409
-59.600000	0.009382
-59.566667	0.011185
-59.533333	0.011855
-59.500000	0.011481
-59.466667	0.010219
-59.433333	0.008239
-59.400000	0.005746
-59.366667	0.002927
-59.333333	-0.000059
-59.300000	-0.003094
-59.266667	-0.006063
-59.233333	-0.008849
-59.200000	-0.011336
-59.166667	-0.013474
-59.133333	-0.015259
-59.100000	-0.016693
-59.066667	-0.017843
-59.033333	-0.018822
-59.000000	-0.019759
-58.966667	-0.020788
-58.933333	-0.022062
-58.900000	-0.023680
-58.866667	-0.025678
-58.833333	-0.028069
-58.800000	-0.030799
-58.766667	-0.033752
-58.733333	-0.036786
-58.700000	-0.039716
-58.666667	-0.042431
-58.633333	-0.044816
-58.600000	-0.046786
-58.566667	-0.048227
-58.533333	-0.049061
-58.500000	-0.049305
-58.466667	-0.048939
-58.433333	-0.047988
-58.400000	-0.046457
-58.366667	-0.044393
-58.333333	-0.041844
-58.300000	-0.038874
-58.266667	-0.035625
-58.233333	-0.032211
-58.200000	-0.028754
-58.166667	-0.025389
-58.133333	-0.022218
-58.100000	-0.019309
-58.066667	-0.016718
-58.033333	-0.014479
-58.000000	-0.012604
-57.966667	-0.011105
-57.933333	-0.009977
-57.900000	-0.009155
-57.866667	-0.008618
-57.833333	-0.008395
-57.800000	-0.008400
-57.766667	-0.008645
-57.733333	-0.009120
-57.700000	-0.009834
-57.666667	-0.010851
-57.633333	-0.012123
-57.600000	-0.013666
-57.566667	-0.015420
-57.533333	-0.017356
-57.500000	-0.019434
-57.466667	-0.021558
-57.433333	-0.023628
-57.400000	-0.025502
-57.366667	-0.027119
-57.333333	-0.028407
-57.300000	-0.029362
-57.266667	-0.030001
-57.233333	-0.030299
-57.200000	-0.030278
-57.166667	-0.029959
-57.133333	-0.029371
-57.100000	-0.028548
-57.066667	-0.027514
-57.033333	-0.026300
-57.000000	-0.024941
-56.966667	-0.023483
-56.933333	-0.021967
-56.900000	-0.020421
-56.866667	-0.018886
-56.833333	-0.017390
-56.800000	-0.015921
-56.766667	-0.014491
-56.733333	-0.013150
-56.700000	-0.011895
-56.666667	-0.010731
-56.633333	-0.009660
-56.600000	-0.008717
-56.566667	-0.007876
-56.533333	-0.007118
-56.500000	-0.006394
-56.466667	-0.005660
-56.433333	-0.004839
-56.400000	-0.003905
-56.366667	-0.002833
-56.333333	-0.001643
-56.300000	-0.000342
-56.266667	0.001017
-56.233333	0.002389
-56.200000	0.003718
-56.166667	0.004948
-56.133333	0.006020
-56.100000	0.006883
-56.066667	0.007490
-56.033333	0.007800
-56.000000	0.007801
-55.966667	0.007466
-55.933333	0.006801
-55.900000	0.005843
-55.866667	0.004644
-55.833333	0.003248
-55.800000	0.001735
-55.766667	0.000180
-55.733333	-0.001450
-55.700000	-0.003086
-55.666667	-0.004718
-55.633333	-0.006333
-55.600000	-0.007922
-55.566667	-0.009457
-55.533333	-0.010959
-55.500000	-0.012414
-55.466667	-0.013800
-55.433333	-0.015120
-55.400000	-0.016359
-55.366667	-0.017506
-55.333333	-0.018626
-55.300000	-0.019696
-55.266667	-0.020745
-55.233333	-0.021772
-55.200000	-0.022800
-55.166667	-0.023856
-55.133333	-0.024975
-55.100000	-0.026178
-55.066667	-0.027468
-55.033333	-0.028851
-55.000000	-0.030309
-54.966667	-0.031828
-54.933333	-0.033338
-54.900000	-0.034783
-54.866667	-0.036120
-54.833333	-0.037316
-54.800000	-0.038293
-54.766667	-0.039044
-54.733333	-0.039548
-54.700000	-0.039762
-54.666667	-0.039660
-54.633333	-0.039213
-54.600000	-0.038388
-54.566667	-0.037152
-54.533333	-0.035497
-54.500000	-0.033362
-54.466667	-0.030731
-54.433333	-0.027626
-54.400000	-0.024069
-54.366667	-0.020153
-54.333333	-0.015997
-54.300000	-0.011667
-54.266667	-0.007312
-54.233333	-0.003108
-54.200000	0.000793
-54.166667	0.004246
-54.133333	0.007148
-54.100000	0.009420
-54.066667	0.010999
-54.033333	0.011846
-54.000000	0.011976
-53.966667	0.011392
-53.933333	0.010114
-53.900000	0.008187
-53.866667	0.005710
-53.833333	0.002801
-53.800000	-0.000410
-53.766667	-0.003831
-53.733333	-0.007343
-53.700000	-0.010816
-53.666667	-0.014161
-53.633333	-0.017256
-53.600000	-0.019983
-53.566667	-0.022261
-53.533333	-0.024027
-53.500000	-0.025254
-53.466667	-0.025969
-53.433333	-0.026187
-53.400000	-0.025936
-53.366667	-0.025297
-53.333333	-0.024374
-53.300000	-0.023254
-53.266667	-0.022056
-53.233333	-0.020853
-53.200000	-0.019632
-53.166667	-0.018408
-53.133333	-0.017186
-53.100000	-0.015971
-53.066667	-0.014757
-53.033333	-0.013541
-53.000000	-0.012332
-52.966667	-0.011139
-52.933333	-0.009945
-52.900000	-0.008721
-52.866667	-0.007454
-52.833333	-0.006153
-52.800000	-0.004817
-52.766667	-0.003427
-52.733333	-0.001958
-52.700000	-0.000432
-52.666667	0.001199
-52.633333	0.002948
-52.600000	0.004785
-52.566667	0.006673
-52.533333	0.008566
-52.500000	0.010418
-52.466667	0.012140
-52.433333	0.013707
-52.400000	0.015075
-52.366667	0.016178
-52.333333	0.016973
-52.300000	0.017455
-52.266667	0.017637
-52.233333	0.017518
-52.200000	0.017090
-52.166667	0.016317
-52.133333	0.015202
-52.100000	0.013753
-52.066667	0.011971
-52.033333	0.009835
-52.000000	0.007402
-51.966667	0.004718
-51.933333	0.001851
-51.900000	-0.001138
-51.866667	-0.004180
-51.833333	-0.007179
-51.800000	-0.010027
-51.766667	-0.012619
-51.733333	-0.014861
-51.700000	-0.016665
-51.666667	-0.017882
-51.633333	-0.018511
-51.600000	-0.018462
-51.566667	-0.017690
-51.533333	-0.016177
-51.500000	-0.013961
-51.466667	-0.011159
-51.433333	-0.007857
-51.400000	-0.004228
-51.366667	-0.000441
-51.333333	0.003327
-51.300000	0.006892
-51.266667	0.010061
-51.233333	0.012606
-51.200000	0.014487
-51.166667	0.015649
-51.133333	0.016086
-51.100000	0.015808
-51.066667	0.014850
-51.033333	0.013306
-51.000000	0.011340
-50.966667	0.009081
-50.933333	0.006693
-50.900000	0.004333
-50.866667	0.002161
-50.833333	0.000320
-50.800000	-0.001087
-50.766667	-0.002004
-50.733333	-0.002407
-50.700000	-0.002283
-50.666667	-0.001644
-50.633333	-0.000554
-50.600000	0.000926
-50.566667	0.002677
-50.533333	0.004583
-50.500000	0.006511
-50.466667	0.008347
-50.433333	0.009958
-50.400000	0.011223
-50.366667	0.012064
-50.333333	0.012427
-50.300000	0.012264
-50.266667	0.011549
-50.233333	0.010310
-50.200000	0.008658
-50.166667	0.006609
-50.133333	0.004289
-50.100000	0.001793
-50.066667	-0.000778
-50.033333	-0.003279
-50.000000	-0.005569
-49.966667	-0.007528
-49.933333	-0.009042
-49.900000	-0.010043
-49.866667	-0.010519
-49.833333	-0.010491
-49.800000	-0.010004
-49.766667	-0.009130
-49.733333	-0.007962
-49.700000	-0.006585
-49.666667	-0.005104
-49.633333	-0.003619
-49.600000	-0.002207
-49.566667	-0.000933
-49.533333	0.000146
-49.500000	0.000994
-49.466667	0.001588
-49.433333	0.001878
-49.400000	0.001841
-49.366667	0.001493
-49.333333	0.000900
-49.300000	0.000138
-49.266667	-0.000721
-49.233333	-0.001571
-49.200000	-0.002337
-49.166667	-0.002895
-49.133333	-0.003120
-49.100000	-0.002963
-49.066667	-0.002421
-49.033333	-0.001466
-49.000000	-0.000140
-48.966667	0.001519
-48.933333	0.003477
-48.900000	0.005667
-48.866667	0.008027
-48.833333	0.010463
-48.800000	0.012931
-48.766667	0.015338
-48.733333	0.017608
-48.700000	0.019612
-48.666667	0.021282
-48.633333	0.022512
-48.600000	0.023199
-48.566667	0.023224
-48.533333	0.022547
-48.500000	0.021125
-48.466667	0.018901
-48.433333	0.015941
-48.400000	0.012312
-48.366667	0.008165
-48.333333	0.003700
-48.300000	-0.000929
-48.266667	-0.005538
-48.233333	-0.009944
-48.200000	-0.013981
-48.166667	-0.017478
-48.133333	-0.020318
-48.100000	-0.022483
-48.066667	-0.023922
-48.033333	-0.024591
-48.000000	-0.024567
-47.966667	-0.023863
-47.933333	-0.022553
-47.900000	-0.020751
-47.866667	-0.018583
-47.833333	-0.016214
-47.800000	-0.013778
-47.766667	-0.011463
-47.733333	-0.009391
-47.700000	-0.007719
-47.666667	-0.006532
-47.633333	-0.005913
-47.600000	-0.005836
-47.566667	-0.006241
-47.533333	-0.006996
-47.500000	-0.008005
-47.466667	-0.009137
-47.433333	-0.010177
-47.400000	-0.010990
-47.366667	-0.011413
-47.333333	-0.011383
-47.300000	-0.010864
-47.266667	-0.009852
-47.233333	-0.008348
-47.200000	-0.006335
-47.166667	-0.003839
-47.133333	-0.000994
-47.100000	0.002105
-47.066667	0.005378
-47.033333	0.008653
-47.000000	0.011740
-46.966667	0.014534
-46.933333	0.016790
-46.900000	0.018358
-46.866667	0.019100
-46.833333	0.018897
-46.800000	0.017691
-46.766667	0.015494
-46.733333	0.012369
-46.700000	0.008426
-46.666667	0.003870
-46.633333	-0.001039
-46.600000	-0.006015
-46.566667	-0.010807
-46.533333	-0.015187
-46.500000	-0.018974
-46.466667	-0.022031
-46.433333	-0.024228
-46.400000	-0.025556
-46.366667	-0.026054
-46.333333	-0.025817
-46.300000	-0.024919
-46.266667	-0.023476
-46.233333	-0.021541
-46.200000	-0.019206
-46.166667	-0.016605
-46.133333	-0.013885
-46.100000	-0.011103
-46.066667	-0.008385
-46.033333	-0.005848
-46.000000	-0.003584
-45.966667	-0.001702
-45.933333	-0.000354
-45.900000	0.000443
-45.866667	0.000660
-45.833333	0.000294
-45.800000	-0.000608
-45.766667	-0.001998
-45.733333	-0.003716
-45.700000	-0.005611
-45.666667	-0.007519
-45.633333	-0.009301
-45.600000	-0.010833
-45.566667	-0.012052
-45.533333	-0.012838
-45.500000	-0.013119
-45.466667	-0.012920
-45.433333	-0.012245
-45.400000	-0.011175
-45.366667	-0.009755
-45.333333	-0.008058
-45.300000	-0.006184
-45.266667	-0.004235
-45.233333	-0.002295
-45.200000	-0.000450
-45.166667	0.001224
-45.133333	0.002668
-45.100000	0.003812
-45.066667	0.004579
-45.033333	0.004948
-45.000000	0.004911
-44.966667	0.004443
-44.933333	0.003530
-44.900000	0.002209
-44.866667	0.000533
-44.833333	-0.001422
-44.800000	-0.003547
-44.766667	-0.005728
-44.733333	-0.007811
-44.700000	-0.009716
-44.666667	-0.011341
-44.633333	-0.012612
-44.600000	-0.013469
-44.566667	-0.013875
-44.533333	-0.013806
-44.500000	-0.013332
-44.466667	-0.012542
-44.433333	-0.011471
-44.400000	-0.010194
-44.366667	-0.008770
-44.333333	-0.007267
-44.300000	-0.005756
-44.266667	-0.004289
-44.233333	-0.002928
-44.200000	-0.001705
-44.166667	-0.000660
-44.133333	0.000173
-44.100000	0.000740
-44.066667	0.000996
-44.033333	0.000966
-44.000000	0.000694
-43.966667	0.000224
-43.933333	-0.000363
-43.900000	-0.000960
-43.866667	-0.001465
-43.833333	-0.001766
-43.800000	-0.001765
-43.766667	-0.001412
-43.733333	-0.000695
-43.700000	0.000367
-43.666667	0.001711
-43.633333	0.003275
-43.600000	0.004991
-43.566667	0.006768
-43.533333	0.008519
-43.500000	0.010166
-43.466667	0.011624
-43.433333	0.012822
-43.400000	0.013715
-43.366667	0.014274
-43.333333	0.014432
-43.300000	0.014171
-43.266667	0.013470
-43.233333	0.012305
-43.200000	0.010702
-43.166667	0.008670
-43.133333	0.006247
-43.100000	0.003487
-43.066667	0.000471
-43.033333	-0.002666
-43.000000	-0.005760
-42.966667	-0.008695
-42.933333	-0.011377
-42.900000	-0.013736
-42.866667	-0.015729
-42.833333	-0.017326
-42.800000	-0.018519
-42.766667	-0.019388
-42.733333	-0.019969
-42.700000	-0.020332
-42.666667	-0.020550
-42.633333	-0.020659
-42.600000	-0.020702
-42.566667	-0.020706
-42.533333	-0.020661
-42.500000	-0.020559
-42.466667	-0.020387
-42.433333	-0.020094
-42.400000	-0.019632
-42.366667	-0.019010
-42.333333	-0.018205
-42.300000	-0.017199
-42.266667	-0.016010
-42.233333	-0.014664
-42.200000	-0.013203
-42.166667	-0.011677
-42.133333	-0.010126
-42.100000	-0.008597
-42.066667	-0.007132
-42.033333	-0.005753
-42.000000	-0.004479
-41.966667	-0.003355
-41.933333	-0.002412
-41.900000	-0.001647
-41.866667	-0.001058
-41.833333	-0.000676
-41.800000	-0.000448
-41.766667	-0.000405
-41.733333	-0.000509
-41.700000	-0.000792
-41.666667	-0.001237
-41.633333	-0.001828
-41.600000	-0.002538
-41.566667	-0.003319
-41.533333	-0.004127
-41.500000	-0.004942
-41.466667	-0.005738
-41.433333	-0.006491
-41.400000	-0.007220
-41.366667	-0.007942
-41.333333	-0.008627
-41.300000	-0.009275
-41.266667	-0.009946
-41.233333	-0.010611
-41.200000	-0.011282
-41.166667	-0.011938
-41.133333	-0.012560
-41.100000	-0.013131
-41.066667	-0.013621
-41.033333	-0.014009
-41.000000	-0.014300
-40.966667	-0.014475
-40.933333	-0.014551
-40.900000	-0.014522
-40.866667	-0.014393
-40.833333	-0.014180
-40.800000	-0.013848
-40.766667	-0.013446
-40.733333	-0.012966
-40.700000	-0.012426
-40.666667	-0.011837
-40.633333	-0.011248
-40.600000	-0.010645
-40.566667	-0.010096
-40.533333	-0.009570
-40.500000	-0.009091
-40.466667	-0.008658
-40.433333	-0.008278
-40.400000	-0.007959
-40.366667	-0.007620
-40.333333	-0.007236
-40.300000	-0.006805
-40.266667	-0.006346
-40.233333	-0.005821
-40.200000	-0.005272
-40.166667	-0.004697
-40.133333	-0.004108
-40.100000	-0.003511
-40.066667	-0.002914
-40.033333	-0.002336
-40.000000	-0.001829
-39.966667	-0.001385
-39.933333	-0.001014
-39.900000	-0.000707
-39.866667	-0.000468
-39.833333	-0.000304
-39.800000	-0.000218
-39.766667	-0.000174
-39.733333	-0.000183
-39.700000	-0.000229
-39.666667	-0.000296
-39.633333	-0.000394
-39.600000	-0.000542
-39.566667	-0.000732
-39.533333	-0.000932
-39.500000	-0.001154
-39.466667	-0.001381
-39.433333	-0.001592
-39.400000	-0.001776
-39.366667	-0.001912
-39.333333	-0.002065
-39.300000	-0.002266
-39.266667	-0.002529
-39.233333	-0.002892
-39.200000	-0.003343
-39.166667	-0.003886
-39.133333	-0.004521
-39.100000	-0.005240
-39.066667	-0.006032
-39.033333	-0.006898
-39.000000	-0.007847
-38.966667	-0.008851
-38.933333	-0.009852
-38.900000	-0.010847
-38.866667	-0.011790
-38.833333	-0.012639
-38.800000	-0.013339
-38.766667	-0.013826
-38.733333	-0.014073
-38.700000	-0.014029
-38.666667	-0.013702
-38.633333	-0.013115
-38.600000	-0.012278
-38.566667	-0.011160
-38.533333	-0.009830
-38.500000	-0.008295
-38.466667	-0.006615
-38.433333	-0.004813
-38.400000	-0.002932
-38.366667	-0.001031
-38.333333	0.000866
-38.300000	0.002737
-38.266667	0.004577
-38.233333	0.006427
-38.200000	0.008251
-38.166667	0.010045
-38.133333	0.011785
-38.100000	0.013459
-38.066667	0.015037
-38.033333	0.016485
-38.000000	0.017767
-37.966667	0.018843
-37.933333	0.019699
-37.900000	0.020266
-37.866667	0.020571
-37.833333	0.020599
-37.800000	0.020353
-37.766667	0.019843
-37.733333	0.019076
-37.700000	0.018063
-37.666667	0.016827
-37.633333	0.015369
-37.600000	0.013689
-37.566667	0.011780
-37.533333	0.009649
-37.500000	0.007334
-37.466667	0.004895
-37.433333	0.002404
-37.400000	-0.000034
-37.366667	-0.002352
-37.333333	-0.004454
-37.300000	-0.006265
-37.266667	-0.007690
-37.233333	-0.008668
-37.200000	-0.009206
-37.166667	-0.009265
-37.133333	-0.008888
-37.100000	-0.008088
-37.066667	-0.006882
-37.033333	-0.005304
-37.000000	-0.003400
-36.966667	-0.001224
-36.933333	0.001156
-36.900000	0.003685
-36.866667	0.006325
-36.833333	0.008986
-36.800000	0.011595
-36.766667	0.014074
-36.733333	0.016333
-36.700000	0.018311
-36.666667	0.019931
-36.633333	0.021124
-36.600000	0.021879
-36.566667	0.022194
-36.533333	0.022101
-36.500000	0.021666
-36.466667	0.020967
-36.433333	0.020062
-36.400000	0.019009
-36.366667	0.017827
-36.333333	0.016561
-36.300000	0.015265
-36.266667	0.013993
-36.233333	0.012766
-36.200000	0.011593
-36.166667	0.010496
-36.133333	0.009510
-36.100000	0.008676
-36.066667	0.008019
-36.033333	0.007536
-36.000000	0.007216
-35.966667	0.007027
-35.933333	0.006922
-35.900000	0.006887
-35.866667	0.006879
-35.833333	0.006833
-35.800000	0.006716
-35.766667	0.006468
-35.733333	0.006032
-35.700000	0.005395
-35.666667	0.004512
-35.633333	0.003426
-35.600000	0.002224
-35.566667	0.000937
-35.533333	-0.000386
-35.500000	-0.001619
-35.466667	-0.002723
-35.433333	-0.003645
-35.400000	-0.004350
-35.366667	-0.004777
-35.333333	-0.004871
-35.300000	-0.004601
-35.266667	-0.003955
-35.233333	-0.002960
-35.200000	-0.001654
-35.166667	-0.000081
-35.133333	0.001678
-35.100000	0.003548
-35.066667	0.005477
-35.033333	0.007326
-35.000000	0.009049
-34.966667	0.010541
-34.933333	0.011733
-34.900000	0.012597
-34.866667	0.013062
-34.833333	0.013107
-34.800000	0.012731
-34.766667	0.011940
-34.733333	0.010778
-34.700000	0.009327
-34.666667	0.007665
-34.633333	0.005941
-34.600000	0.004283
-34.566667	0.002747
-34.533333	0.001425
-34.500000	0.000424
-34.466667	-0.000259
-34.433333	-0.000569
-34.400000	-0.000507
-34.366667	-0.000080
-34.333333	0.000673
-34.300000	0.001693
-34.266667	0.002913
-34.233333	0.004260
-34.200000	0.005658
-34.166667	0.006997
-34.133333	0.008215
-34.100000	0.009249
-34.066667	0.010044
-34.033333	0.010503
-34.000000	0.010627
-33.966667	0.010340
-33.933333	0.009630
-33.900000	0.008514
-33.866667	0.007025
-33.833333	0.005231
-33.800000	0.003207
-33.766667	0.001073
-33.733333	-0.001127
-33.700000	-0.003292
-33.666667	-0.005319
-33.633333	-0.007170
-33.600000	-0.008765
-33.566667	-0.010096
-33.533333	-0.011149
-33.500000	-0.011929
-33.466667	-0.012466
-33.433333	-0.012773
-33.400000	-0.012865
-33.366667	-0.012781
-33.333333	-0.012522
-33.300000	-0.012087
-33.266667	-0.011462
-33.233333	-0.010661
-33.200000	-0.009727
-33.166667	-0.008714
-33.133333	-0.007635
-33.100000	-0.006547
-33.066667	-0.005484
-33.033333	-0.004489
-33.000000	-0.003636
-32.966667	-0.002935
-32.933333	-0.002360
-32.900000	-0.001943
-32.866667	-0.001608
-32.833333	-0.001350
-32.800000	-0.001142
-32.766667	-0.000975
-32.733333	-0.000906
-32.700000	-0.000894
-32.666667	-0.000918
-32.633333	-0.001032
-32.600000	-0.001189
-32.566667	-0.001425
-32.533333	-0.001726
-32.500000	-0.002142
-32.466667	-0.002624
-32.433333	-0.003167
-32.400000	-0.003755
-32.366667	-0.004374
-32.333333	-0.004982
-32.300000	-0.005589
-32.266667	-0.006182
-32.233333	-0.006792
-32.200000	-0.007439
-32.166667	-0.008118
-32.133333	-0.008825
-32.100000	-0.009538
-32.066667	-0.010245
-32.033333	-0.010917
-32.000000	-0.011532
-31.966667	-0.012011
-31.933333	-0.012308
-31.900000	-0.012416
-31.866667	-0.012242
-31.833333	-0.011802
-31.800000	-0.011077
-31.766667	-0.010096
-31.733333	-0.008887
-31.700000	-0.007454
-31.666667	-0.005834
-31.633333	-0.004096
-31.600000	-0.002242
-31.566667	-0.000314
-31.533333	0.001663
-31.500000	0.003612
-31.466667	0.005560
-31.433333	0.007434
-31.400000	0.009221
-31.366667	0.010887
-31.333333	0.012380
-31.300000	0.013659
-31.266667	0.014722
-31.233333	0.015550
-31.200000	0.016151
-31.166667	0.016533
-31.133333	0.016703
-31.100000	0.016750
-31.066667	0.016626
-31.033333	0.016405
-31.000000	0.016112
-30.966667	0.015768
-30.933333	0.015411
-30.900000	0.015055
-30.866667	0.014710
-30.833333	0.014372
-30.800000	0.014022
-30.766667	0.013616
-30.733333	0.013124
-30.700000	0.012519
-30.666667	0.011797
-30.633333	0.010971
-30.600000	0.010051
-30.566667	0.009049
-30.533333	0.007987
-30.500000	0.006873
-30.466667	0.005738
-30.433333	0.004617
-30.400000	0.003510
-30.366667	0.002422
-30.333333	0.001347
-30.300000	0.000326
-30.266667	-0.000594
-30.233333	-0.001464
-30.200000	-0.002232
-30.166667	-0.002905
-30.133333	-0.003470
-30.100000	-0.003894
-30.066667	-0.004240
-30.033333	-0.004448
-30.000000	-0.004548
-29.966667	-0.004545
-29.933333	-0.004434
-29.900000	-0.004253
-29.866667	-0.004054
-29.833333	-0.003845
-29.800000	-0.003632
-29.766667	-0.003427
-29.733333	-0.003266
-29.700000	-0.003145
-29.666667	-0.003042
-29.633333	-0.002957
-29.600000	-0.002904
-29.566667	-0.002820
-29.533333	-0.002727
-29.500000	-0.002608
-29.466667	-0.002459
-29.433333	-0.002261
-29.400000	-0.002044
-29.366667	-0.001796
-29.333333	-0.001523
-29.300000	-0.001215
-29.266667	-0.000890
-29.233333	-0.000588
-29.200000	-0.000260
-29.166667	0.000046
-29.133333	0.000335
-29.100000	0.000607
-29.066667	0.000874
-29.033333	0.001125
-29.000000	0.001326
-28.966667	0.001466
-28.933333	0.001541
-28.900000	0.001511
-28.866667	0.001371
-28.833333	0.001121
-28.800000	0.000757
-28.766667	0.000254
-28.733333	-0.000416
-28.700000	-0.001228
-28.666667	-0.002178
-28.633333	-0.003280
-28.600000	-0.004530
-28.566667	-0.005875
-28.533333	-0.007363
-28.500000	-0.008945
-28.466667	-0.010616
-28.433333	-0.012348
-28.400000	-0.014105
-28.366667	-0.015846
-28.333333	-0.017526
-28.300000	-0.019106
-28.266667	-0.020544
-28.233333	-0.021803
-28.200000	-0.022858
-28.166667	-0.023682
-28.133333	-0.024242
-28.100000	-0.024524
-28.066667	-0.024530
-28.033333	-0.024287
-28.000000	-0.023811
-27.966667	-0.023088
-27.933333	-0.022145
-27.900000	-0.021026
-27.866667	-0.019768
-27.833333	-0.018421
-27.800000	-0.017009
-27.766667	-0.015576
-27.733333	-0.014141
-27.700000	-0.012729
-27.666667	-0.011392
-27.633333	-0.010162
-27.600000	-0.009048
-27.566667	-0.008062
-27.533333	-0.007237
-27.500000	-0.006569
-27.466667	-0.006063
-27.433333	-0.005679
-27.400000	-0.005417
-27.366667	-0.005249
-27.333333	-0.005154
-27.300000	-0.005116
-27.266667	-0.005130
-27.233333	-0.005188
-27.200000	-0.005269
-27.166667	-0.005357
-27.133333	-0.005442
-27.100000	-0.005540
-27.066667	-0.005654
-27.033333	-0.005793
-27.000000	-0.005964
-26.966667	-0.006179
-26.933333	-0.006461
-26.900000	-0.006749
-26.866667	-0.007078
-26.833333	-0.007410
-26.800000	-0.007721
-26.766667	-0.007973
-26.733333	-0.008131
-26.700000	-0.008196
-26.666667	-0.008175
-26.633333	-0.008047
-26.600000	-0.007812
-26.566667	-0.007483
-26.533333	-0.007053
-26.500000	-0.006518
-26.466667	-0.005880
-26.433333	-0.005120
-26.400000	-0.004260
-26.366667	-0.003265
-26.333333	-0.002125
-26.300000	-0.000845
-26.266667	0.000559
-26.233333	0.002075
-26.200000	0.003700
-26.166667	0.005391
-26.133333	0.007110
-26.100000	0.008797
-26.066667	0.010412
-26.033333	0.011914
-26.000000	0.013289
-25.966667	0.014525
-25.933333	0.015626
-25.900000	0.016607
-25.866667	0.017408
-25.833333	0.018058
-25.800000	0.018539
-25.766667	0.018855
-25.733333	0.019015
-25.700000	0.019011
-25.666667	0.018844
-25.633333	0.018531
-25.600000	0.018083
-25.566667	0.017533
-25.533333	0.016917
-25.500000	0.016249
-25.466667	0.015542
-25.433333	0.014836
-25.400000	0.014136
-25.366667	0.013465
-25.333333	0.012833
-25.300000	0.012225
-25.266667	0.011633
-25.233333	0.011046
-25.200000	0.010449
-25.166667	0.009838
-25.133333	0.009177
-25.100000	0.008453
-25.066667	0.007643
-25.033333	0.006724
-25.000000	0.005687
-24.966667	0.004511
-24.933333	0.003189
-24.900000	0.001715
-24.866667	0.000089
-24.833333	-0.001672
-24.800000	-0.003576
-24.766667	-0.005568
-24.733333	-0.007628
-24.700000	-0.009751
-24.666667	-0.011893
-24.633333	-0.014045
-24.600000	-0.016190
-24.566667	-0.018309
-24.533333	-0.020389
-24.500000	-0.022431
-24.466667	-0.024431
-24.433333	-0.026374
-24.400000	-0.028268
-24.366667	-0.030096
-24.333333	-0.031864
-24.300000	-0.033575
-24.266667	-0.035221
-24.233333	-0.036806
-24.200000	-0.038335
-24.166667	-0.039786
-24.133333	-0.041151
-24.100000	-0.042426
-24.066667	-0.043572
-24.033333	-0.044614
-24.000000	-0.045531
-23.966667	-0.046337
-23.933333	-0.047036
-23.900000	-0.047642
-23.866667	-0.048158
-23.833333	-0.048599
-23.800000	-0.048990
-23.766667	-0.049309
-23.733333	-0.049578
-23.700000	-0.049786
-23.666667	-0.049895
-23.633333	-0.049926
-23.600000	-0.049878
-23.566667	-0.049750
-23.533333	-0.049545
-23.500000	-0.049272
-23.466667	-0.048939
-23.433333	-0.048560
-23.400000	-0.048156
-23.366667	-0.047749
-23.333333	-0.047351
-23.300000	-0.046944
-23.266667	-0.046485
-23.233333	-0.045966
-23.200000	-0.045397
-23.166667	-0.044747
-23.133333	-0.043992
-23.100000	-0.043140
-23.066667	-0.042168
-23.033333	-0.041120
-23.000000	-0.039977
-22.966667	-0.038778
-22.933333	-0.037561
-22.900000	-0.036298
-22.866667	-0.034993
-22.833333	-0.033651
-22.800000	-0.032303
-22.766667	-0.030909
-22.733333	-0.029477
-22.700000	-0.027986
-22.666667	-0.026429
-22.633333	-0.024804
-22.600000	-0.023095
-22.566667	-0.021277
-22.533333	-0.019330
-22.500000	-0.017223
-22.466667	-0.014927
-22.433333	-0.012431
-22.400000	-0.009744
-22.366667	-0.006869
-22.333333	-0.003809
-22.300000	-0.000577
-22.266667	0.002784
-22.233333	0.006208
-22.200000	0.009597
-22.166667	0.012932
-22.133333	0.016172
-22.100000	0.019277
-22.066667	0.022227
-22.033333	0.024994
-22.000000	0.027527
-21.966667	0.029807
-21.933333	0.031835
-21.900000	0.033627
-21.866667	0.035173
-21.833333	0.036469
-21.800000	0.037519
-21.766667	0.038366
-21.733333	0.038990
-21.700000	0.039425
-21.666667	0.039676
-21.633333	0.039776
-21.600000	0.039774
-21.566667	0.039719
-21.533333	0.039661
-21.500000	0.039633
-21.466667	0.039634
-21.433333	0.039719
-21.400000	0.039867
-21.366667	0.040095
-21.333333	0.040369
-21.300000	0.040668
-21.266667	0.040972
-21.233333	0.041254
-21.200000	0.041456
-21.166667	0.041653
-21.133333	0.041787
-21.100000	0.041887
-21.066667	0.041962
-21.033333	0.042040
-21.000000	0.042130
-20.966667	0.042277
-20.933333	0.042476
-20.900000	0.042722
-20.866667	0.043034
-20.833333	0.043397
-20.800000	0.043812
-20.766667	0.044262
-20.733333	0.044734
-20.700000	0.045213
-20.666667	0.045690
-20.633333	0.046167
-20.600000	0.046648
-20.566667	0.047125
-20.533333	0.047599
-20.500000	0.048063
-20.466667	0.048520
-20.433333	0.048990
-20.400000	0.049394
-20.366667	0.049710
-20.333333	0.049877
-20.300000	0.049877
-20.266667	0.049683
-20.233333	0.049272
-20.200000	0.048639
-20.166667	0.047810
-20.133333	0.046730
-20.100000	0.045496
-20.066667	0.044098
-20.033333	0.042614
-20.000000	0.041048
-19.966667	0.039437
-19.933333	0.037815
-19.900000	0.036226
-19.866667	0.034723
-19.833333	0.033343
-19.800000	0.032108
-19.766667	0.031088
-19.733333	0.030248
-19.700000	0.029599
-19.666667	0.029131
-19.633333	0.028815
-19.600000	0.028606
-19.566667	0.028465
-19.533333	0.028362
-19.500000	0.028240
-19.466667	0.028024
-19.433333	0.027649
-19.400000	0.027056
-19.366667	0.026227
-19.333333	0.025151
-19.300000	0.023853
-19.266667	0.022376
-19.233333	0.020751
-19.200000	0.019006
-19.166667	0.017186
-19.133333	0.015353
-19.100000	0.013586
-19.066667	0.011935
-19.033333	0.010488
-19.000000	0.009248
-18.966667	0.008268
-18.933333	0.007609
-18.900000	0.007292
-18.866667	0.007321
-18.833333	0.007669
-18.800000	0.008293
-18.766667	0.009227
-18.733333	0.010324
-18.700000	0.011523
-18.666667	0.012767
-18.633333	0.013921
-18.600000	0.014909
-18.566667	0.015668
-18.533333	0.016166
-18.500000	0.016364
-18.466667	0.016256
-18.433333	0.015857
-18.400000	0.015190
-18.366667	0.014302
-18.333333	0.013243
-18.300000	0.012080
-18.266667	0.010861
-18.233333	0.009616
-18.200000	0.008387
-18.166667	0.007215
-18.133333	0.006166
-18.100000	0.005215
-18.066667	0.004389
-18.033333	0.003689
-18.000000	0.003096
-17.966667	0.002636
-17.933333	0.002307
-17.900000	0.002067
-17.866667	0.001869
-17.833333	0.001678
-17.800000	0.001469
-17.766667	0.001222
-17.733333	0.000839
-17.700000	0.000322
-17.666667	-0.000329
-17.633333	-0.001161
-17.600000	-0.002128
-17.566667	-0.003205
-17.533333	-0.004336
-17.500000	-0.005480
-17.466667	-0.006590
-17.433333	-0.007625
-17.400000	-0.008550
-17.366667	-0.009310
-17.333333	-0.009857
-17.300000	-0.010152
-17.266667	-0.010166
-17.233333	-0.009914
-17.200000	-0.009387
-17.166667	-0.008622
-17.133333	-0.007646
-17.100000	-0.006531
-17.066667	-0.005257
-17.033333	-0.003861
-17.000000	-0.002384
-16.966667	-0.000852
-16.933333	0.000688
-16.900000	0.002187
-16.866667	0.003607
-16.833333	0.004912
-16.800000	0.006068
-16.766667	0.007050
-16.733333	0.007828
-16.700000	0.008398
-16.666667	0.008748
-16.633333	0.008896
-16.600000	0.008866
-16.566667	0.008690
-16.533333	0.008397
-16.500000	0.008001
-16.466667	0.007554
-16.433333	0.007077
-16.400000	0.006599
-16.366667	0.006149
-16.333333	0.005744
-16.300000	0.005394
-16.266667	0.005102
-16.233333	0.004841
-16.200000	0.004611
-16.166667	0.004404
-16.133333	0.004211
-16.100000	0.004042
-16.066667	0.003908
-16.033333	0.003787
-16.000000	0.003645
-15.966667	0.003491
-15.933333	0.003293
-15.900000	0.003042
-15.866667	0.002706
-15.833333	0.002329
-15.800000	0.001870
-15.766667	0.001352
-15.733333	0.000774
-15.700000	0.000166
-15.666667	-0.000442
-15.633333	-0.001033
-15.600000	-0.001588
-15.566667	-0.002084
-15.533333	-0.002545
-15.500000	-0.002939
-15.466667	-0.003270
-15.433333	-0.003553
-15.400000	-0.003797
-15.366667	-0.004011
-15.333333	-0.004201
-15.300000	-0.004358
-15.266667	-0.004487
-15.233333	-0.004595
-15.200000	-0.004686
-15.166667	-0.004754
-15.133333	-0.004824
-15.100000	-0.004885
-15.066667	-0.004941
-15.033333	-0.005056
-15.000000	-0.005217
-14.966667	-0.005422
-14.933333	-0.005708
-14.900000	-0.006057
-14.866667	-0.006474
-14.833333	-0.006922
-14.800000	-0.007452
-14.766667	-0.008016
-14.733333	-0.008613
-14.700000	-0.009232
-14.666667	-0.009863
-14.633333	-0.010512
-14.600000	-0.011162
-14.566667	-0.011808
-14.533333	-0.012465
-14.500000	-0.013103
-14.466667	-0.013751
-14.433333	-0.014371
-14.400000	-0.014933
-14.366667	-0.015407
-14.333333	-0.015774
-14.300000	-0.016019
-14.266667	-0.016127
-14.233333	-0.016093
-14.200000	-0.015944
-14.166667	-0.015683
-14.133333	-0.015303
-14.100000	-0.014825
-14.066667	-0.014266
-14.033333	-0.013668
-14.000000	-0.013007
-13.966667	-0.012316
-13.933333	-0.011582
-13.900000	-0.010821
-13.866667	-0.010062
-13.833333	-0.009319
-13.800000	-0.008599
-13.766667	-0.007933
-13.733333	-0.007311
-13.700000	-0.006747
-13.666667	-0.006247
-13.633333	-0.005816
-13.600000	-0.005468
-13.566667	-0.005203
-13.533333	-0.005009
-13.500000	-0.004876
-13.466667	-0.004793
-13.433333	-0.004707
-13.400000	-0.004645
-13.366667	-0.004600
-13.333333	-0.004559
-13.300000	-0.004515
-13.266667	-0.004470
-13.233333	-0.004439
-13.200000	-0.004428
-13.166667	-0.004420
-13.133333	-0.004414
-13.100000	-0.004428
-13.066667	-0.004452
-13.033333	-0.004486
-13.000000	-0.004524
-12.966667	-0.004557
-12.933333	-0.004579
-12.900000	-0.004602
-12.866667	-0.004633
-12.833333	-0.004649
-12.800000	-0.004645
-12.766667	-0.004641
-12.733333	-0.004577
-12.700000	-0.004472
-12.666667	-0.004330
-12.633333	-0.004158
-12.600000	-0.003959
-12.566667	-0.003722
-12.533333	-0.003437
-12.500000	-0.003115
-12.466667	-0.002776
-12.433333	-0.002391
-12.400000	-0.002026
-12.366667	-0.001637
-12.333333	-0.001233
-12.300000	-0.000831
-12.266667	-0.000443
-12.233333	-0.000073
-12.200000	0.000267
-12.166667	0.000565
-12.133333	0.000816
-12.100000	0.001011
-12.066667	0.001143
-12.033333	0.001215
-12.000000	0.001235
-11.966667	0.001216
-11.933333	0.001168
-11.900000	0.001101
-11.866667	0.001031
-11.833333	0.000929
-11.800000	0.000831
-11.766667	0.000721
-11.733333	0.000613
-11.700000	0.000526
-11.666667	0.000427
-11.633333	0.000340
-11.600000	0.000270
-11.566667	0.000217
-11.533333	0.000180
-11.500000	0.000151
-11.466667	0.000135
-11.433333	0.000120
-11.400000	0.000096
-11.366667	0.000059
-11.333333	0.000000
-11.300000	-0.000100
-11.266667	-0.000236
-11.233333	-0.000453
-11.200000	-0.000736
-11.166667	-0.001103
-11.133333	-0.001566
-11.100000	-0.002120
-11.066667	-0.002748
-11.033333	-0.003463
-11.000000	-0.004228
-10.966667	-0.005042
-10.933333	-0.005888
-10.900000	-0.006765
-10.866667	-0.007670
-10.833333	-0.008576
-10.800000	-0.009432
-10.766667	-0.010230
-10.733333	-0.010918
-10.700000	-0.011445
-10.666667	-0.011825
-10.633333	-0.012003
-10.600000	-0.011970
-10.566667	-0.011728
-10.533333	-0.011290
-10.500000	-0.010707
-10.466667	-0.010014
-10.433333	-0.009276
-10.400000	-0.008501
-10.366667	-0.007752
-10.333333	-0.007038
-10.300000	-0.006443
-10.266667	-0.005949
-10.233333	-0.005618
-10.200000	-0.005419
-10.166667	-0.005384
-10.133333	-0.005507
-10.100000	-0.005773
-10.066667	-0.006166
-10.033333	-0.006677
-10.000000	-0.007240
-9.966667	-0.007832
-9.933333	-0.008399
-9.900000	-0.008904
-9.866667	-0.009303
-9.833333	-0.009536
-9.800000	-0.009590
-9.766667	-0.009423
-9.733333	-0.009038
-9.700000	-0.008417
-9.666667	-0.007645
-9.633333	-0.006744
-9.600000	-0.005743
-9.566667	-0.004761
-9.533333	-0.003854
-9.500000	-0.003101
-9.466667	-0.002502
-9.433333	-0.002082
-9.400000	-0.001828
-9.366667	-0.001733
-9.333333	-0.001813
-9.300000	-0.002056
-9.266667	-0.002394
-9.233333	-0.002835
-9.200000	-0.003344
-9.166667	-0.003916
-9.133333	-0.004539
-9.100000	-0.005186
-9.066667	-0.005824
-9.033333	-0.006422
-9.000000	-0.006950
-8.966667	-0.007402
-8.933333	-0.007741
-8.900000	-0.007965
-8.866667	-0.008060
-8.833333	-0.008022
-8.800000	-0.007877
-8.766667	-0.007650
-8.733333	-0.007377
-8.700000	-0.007094
-8.666667	-0.006877
-8.633333	-0.006710
-8.600000	-0.006635
-8.566667	-0.006701
-8.533333	-0.006849
-8.500000	-0.007085
-8.466667	-0.007391
-8.433333	-0.007742
-8.400000	-0.008136
-8.366667	-0.008525
-8.333333	-0.008909
-8.300000	-0.009241
-8.266667	-0.009536
-8.233333	-0.009792
-8.200000	-0.010005
-8.166667	-0.010176
-8.133333	-0.010311
-8.100000	-0.010371
-8.066667	-0.010374
-8.033333	-0.010303
-8.000000	-0.010154
-7.966667	-0.009916
-7.933333	-0.009556
-7.900000	-0.009093
-7.866667	-0.008550
-7.833333	-0.007910
-7.800000	-0.007235
-7.766667	-0.006522
-7.733333	-0.005790
-7.700000	-0.005055
-7.666667	-0.004336
-7.633333	-0.003652
-7.600000	-0.003022
-7.566667	-0.002459
-7.533333	-0.001990
-7.500000	-0.001639
-7.466667	-0.001392
-7.433333	-0.001288
-7.400000	-0.001298
-7.366667	-0.001409
-7.333333	-0.001633
-7.300000	-0.002000
-7.266667	-0.002491
-7.233333	-0.003102
-7.200000	-0.003821
-7.166667	-0.004646
-7.133333	-0.005559
-7.100000	-0.006523
-7.066667	-0.007537
-7.033333	-0.008510
-7.000000	-0.009417
-6.966667	-0.010225
-6.933333	-0.010923
-6.900000	-0.011518
-6.866667	-0.012012
-6.833333	-0.012337
-6.800000	-0.012575
-6.766667	-0.012683
-6.733333	-0.012689
-6.700000	-0.012612
-6.666667	-0.012475
-6.633333	-0.012308
-6.600000	-0.012149
-6.566667	-0.011998
-6.533333	-0.011850
-6.500000	-0.011678
-6.466667	-0.011475
-6.433333	-0.011242
-6.400000	-0.010949
-6.366667	-0.010636
-6.333333	-0.010289
-6.300000	-0.009917
-6.266667	-0.009504
-6.233333	-0.009063
-6.200000	-0.008577
-6.166667	-0.008079
-6.133333	-0.007560
-6.100000	-0.007008
-6.066667	-0.006395
-6.033333	-0.005711
-6.000000	-0.005005
-5.966667	-0.004303
-5.933333	-0.003619
-5.900000	-0.002978
-5.866667	-0.002395
-5.833333	-0.001878
-5.800000	-0.001500
-5.766667	-0.001256
-5.733333	-0.001182
-5.700000	-0.001293
-5.666667	-0.001606
-5.633333	-0.002120
-5.600000	-0.002809
-5.566667	-0.003626
-5.533333	-0.004540
-5.500000	-0.005507
-5.466667	-0.006509
-5.433333	-0.007508
-5.400000	-0.008507
-5.366667	-0.009462
-5.333333	-0.010347
-5.300000	-0.011134
-5.266667	-0.011825
-5.233333	-0.012402
-5.200000	-0.012890
-5.166667	-0.013287
-5.133333	-0.013596
-5.100000	-0.013806
-5.066667	-0.013911
-5.033333	-0.013931
-5.000000	-0.013884
-4.966667	-0.013754
-4.933333	-0.013526
-4.900000	-0.013266
-4.866667	-0.012947
-4.833333	-0.012603
-4.800000	-0.012257
-4.766667	-0.011926
-4.733333	-0.011620
-4.700000	-0.011378
-4.666667	-0.011196
-4.633333	-0.011062
-4.600000	-0.010969
-4.566667	-0.010922
-4.533333	-0.010946
-4.500000	-0.010972
-4.466667	-0.011056
-4.433333	-0.011157
-4.400000	-0.011270
-4.366667	-0.011392
-4.333333	-0.011526
-4.300000	-0.011661
-4.266667	-0.011802
-4.233333	-0.011950
-4.200000	-0.012107
-4.166667	-0.012267
-4.133333	-0.012471
-4.100000	-0.012650
-4.066667	-0.012844
-4.033333	-0.013048
-4.000000	-0.013281
-3.966667	-0.013517
-3.933333	-0.013773
-3.900000	-0.014067
-3.866667	-0.014356
-3.833333	-0.014681
-3.800000	-0.015031
-3.766667	-0.015378
-3.733333	-0.015737
-3.700000	-0.016104
-3.666667	-0.016445
-3.633333	-0.016759
-3.600000	-0.017046
-3.566667	-0.017305
-3.533333	-0.017528
-3.500000	-0.017673
-3.466667	-0.017803
-3.433333	-0.017863
-3.400000	-0.017857
-3.366667	-0.017835
-3.333333	-0.017789
-3.300000	-0.017744
-3.266667	-0.017645
-3.233333	-0.017479
-3.200000	-0.017301
-3.166667	-0.017135
-3.133333	-0.016959
-3.100000	-0.016767
-3.066667	-0.016606
-3.033333	-0.016449
-3.000000	-0.016282
-2.966667	-0.016127
-2.933333	-0.015964
-2.900000	-0.015796
-2.866667	-0.015624
-2.833333	-0.015435
-2.800000	-0.015211
-2.766667	-0.014927
-2.733333	-0.014588
-2.700000	-0.014168
-2.666667	-0.013669
-2.633333	-0.013090
-2.600000	-0.012433
-2.566667	-0.011700
-2.533333	-0.010891
-2.500000	-0.010016
-2.466667	-0.009085
-2.433333	-0.008113
-2.400000	-0.007123
-2.366667	-0.006170
-2.333333	-0.005235
-2.300000	-0.004337
-2.266667	-0.003463
-2.233333	-0.002675
-2.200000	-0.002034
-2.166667	-0.001526
-2.133333	-0.001153
-2.100000	-0.000949
-2.066667	-0.000906
-2.033333	-0.001028
-2.000000	-0.001322
-1.966667	-0.001754
-1.933333	-0.002266
-1.900000	-0.002892
-1.866667	-0.003564
-1.833333	-0.004271
-1.800000	-0.004992
-1.766667	-0.005685
-1.733333	-0.006348
-1.700000	-0.006967
-1.666667	-0.007539
-1.633333	-0.008051
-1.600000	-0.008489
-1.566667	-0.008838
-1.533333	-0.009091
-1.500000	-0.009243
-1.466667	-0.009294
-1.433333	-0.009244
-1.400000	-0.009094
-1.366667	-0.008853
-1.333333	-0.008528
-1.300000	-0.008122
-1.266667	-0.007652
-1.233333	-0.007134
-1.200000	-0.006576
-1.166667	-0.005995
-1.133333	-0.005402
-1.100000	-0.004798
-1.066667	-0.004184
-1.033333	-0.003560
-1.000000	-0.002912
-0.966667	-0.002214
-0.933333	-0.001506
-0.900000	-0.000797
-0.866667	-0.000066
-0.833333	0.000653
-0.800000	0.001367
-0.766667	0.002073
-0.733333	0.002736
-0.700000	0.003361
-0.666667	0.003947
-0.633333	0.004446
-0.600000	0.004884
-0.566667	0.005233
-0.533333	0.005488
-0.500000	0.005645
-0.466667	0.005695
-0.433333	0.005637
-0.400000	0.005473
-0.366667	0.005199
-0.333333	0.004810
-0.300000	0.004326
-0.266667	0.003732
-0.233333	0.003033
-0.200000	0.002255
-0.166667	0.001403
-0.133333	0.000500
-0.100000	-0.000424
-0.066667	-0.001333
-0.033333	-0.002202
-0.000000	-0.003022
0.033333	-0.003757
0.066667	-0.004408
0.100000	-0.004973
0.133333	-0.005423
0.166667	-0.005755
0.200000	-0.005976
0.233333	-0.006093
0.266667	-0.006119
0.300000	-0.006057
0.333333	-0.005916
0.366667	-0.005767
0.400000	-0.005557
0.433333	-0.005345
0.466667	-0.005132
0.500000	-0.004940
0.533333	-0.004786
0.566667	-0.004687
0.600000	-0.004656
0.633333	-0.004707
0.666667	-0.004839
0.700000	-0.005044
0.733333	-0.005331
0.766667	-0.005666
0.800000	-0.006025
0.833333	-0.006390
0.866667	-0.006752
0.900000	-0.007090
0.933333	-0.007387
0.966667	-0.007648
1.000000	-0.007881
1.033333	-0.008073
1.066667	-0.008242
1.100000	-0.008365
1.133333	-0.008430
1.166667	-0.008459
1.200000	-0.008450
1.233333	-0.008409
1.266667	-0.008337
1.300000	-0.008231
1.333333	-0.008091
1.366667	-0.007936
1.400000	-0.007743
1.433333	-0.007545
1.466667	-0.007344
1.500000	-0.007156
1.533333	-0.006994
1.566667	-0.006871
1.600000	-0.006799
1.633333	-0.006750
1.666667	-0.006735
1.700000	-0.006748
1.733333	-0.006781
1.766667	-0.006834
1.800000	-0.006918
1.833333	-0.007012
1.866667	-0.007133
1.900000	-0.007267
1.933333	-0.007425
1.966667	-0.007605
2.000000	-0.007788
2.033333	-0.007984
2.066667	-0.008155
2.100000	-0.008306
2.133333	-0.008431
2.166667	-0.008508
2.200000	-0.008532
2.233333	-0.008491
2.266667	-0.008381
2.300000	-0.008189
2.333333	-0.007921
2.366667	-0.007582
2.400000	-0.007176
2.433333	-0.006708
2.466667	-0.006187
2.500000	-0.005622
2.533333	-0.005020
2.566667	-0.004388
2.600000	-0.003732
2.633333	-0.003033
2.666667	-0.002340
2.700000	-0.001640
2.733333	-0.000922
2.766667	-0.000242
2.800000	0.000443
2.833333	0.001131
2.866667	0.001797
2.900000	0.002443
2.933333	0.003045
2.966667	0.003623
3.000000	0.004203
3.033333	0.004738
3.066667	0.005251
3.100000	0.005710
3.133333	0.006130
3.166667	0.006509
3.200000	0.006820
3.233333	0.007067
3.266667	0.007247
3.300000	0.007355
3.333333	0.007367
3.366667	0.007329
3.400000	0.007206
3.433333	0.007018
3.466667	0.006775
3.500000	0.006471
3.533333	0.006081
3.566667	0.005671
3.600000	0.005232
3.633333	0.004745
3.666667	0.004258
3.700000	0.003783
3.733333	0.003326
3.766667	0.002897
3.800000	0.002545
3.833333	0.002251
3.866667	0.002025
3.900000	0.001866
3.933333	0.001782
3.966667	0.001782
4.000000	0.001839
4.033333	0.001980
4.066667	0.002163
4.100000	0.002400
4.133333	0.002687
4.166667	0.003003
4.200000	0.003336
4.233333	0.003684
4.266667	0.004038
4.300000	0.004380
4.333333	0.004705
4.366667	0.005026
4.400000	0.005292
4.433333	0.005521
4.466667	0.005716
4.500000	0.005869
4.533333	0.005998
4.566667	0.006094
4.600000	0.006157
4.633333	0.006181
4.666667	0.006203
4.700000	0.006194
4.733333	0.006157
4.766667	0.006101
4.800000	0.006009
4.833333	0.005889
4.866667	0.005740
4.900000	0.005552
4.933333	0.005336
4.966667	0.005077
5.000000	0.004782
5.033333	0.004492
5.066667	0.004149
5.100000	0.003784
5.133333	0.003384
5.166667	0.002965
5.200000	0.002525
5.233333	0.002078
5.266667	0.001633
5.300000	0.001193
5.333333	0.000756
5.366667	0.000334
5.400000	-0.000055
5.433333	-0.000398
5.466667	-0.000685
5.500000	-0.000927
5.533333	-0.001124
5.566667	-0.001298
5.600000	-0.001406
5.633333	-0.001473
5.666667	-0.001507
5.700000	-0.001501
5.733333	-0.001475
5.766667	-0.001420
5.800000	-0.001344
5.833333	-0.001252
5.866667	-0.001153
5.900000	-0.001062
5.933333	-0.000968
5.966667	-0.000893
6.000000	-0.000824
6.033333	-0.000762
6.066667	-0.000717
6.100000	-0.000700
6.133333	-0.000686
6.166667	-0.000671
6.200000	-0.000664
6.233333	-0.000649
6.266667	-0.000620
6.300000	-0.000596
6.333333	-0.000558
6.366667	-0.000498
6.400000	-0.000411
6.433333	-0.000305
6.466667	-0.000179
6.500000	-0.000040
6.533333	0.000130
6.566667	0.000318
6.600000	0.000524
6.633333	0.000755
6.666667	0.000986
6.700000	0.001232
6.733333	0.001488
6.766667	0.001731
6.800000	0.001969
6.833333	0.002187
6.866667	0.002379
6.900000	0.002538
6.933333	0.002657
6.966667	0.002733
7.000000	0.002781
7.033333	0.002769
7.066667	0.002705
7.100000	0.002589
7.133333	0.002425
7.166667	0.002213
7.200000	0.001961
7.233333	0.001677
7.266667	0.001345
7.300000	0.000971
7.333333	0.000577
7.366667	0.000164
7.400000	-0.000244
7.433333	-0.000672
7.466667	-0.001086
7.500000	-0.001495
7.533333	-0.001874
7.566667	-0.002231
7.600000	-0.002562
7.633333	-0.002860
7.666667	-0.003122
7.700000	-0.003346
7.733333	-0.003534
7.766667	-0.003692
7.800000	-0.003806
7.833333	-0.003888
7.866667	-0.003933
7.900000	-0.003943
7.933333	-0.003915
7.966667	-0.003843
8.000000	-0.003730
8.033333	-0.003590
8.066667	-0.003407
8.100000	-0.003192
8.133333	-0.002936
8.166667	-0.002648
8.200000	-0.002312
8.233333	-0.001957
8.266667	-0.001628
8.300000	-0.001237
8.333333	-0.000840
8.366667	-0.000448
8.400000	-0.000063
8.433333	0.000269
8.466667	0.000563
8.500000	0.000777
8.533333	0.000909
8.566667	0.000942
8.600000	0.000867
8.633333	0.000681
8.666667	0.000390
8.700000	-0.000011
8.733333	-0.000542
8.766667	-0.001194
8.800000	-0.001950
8.833333	-0.002797
8.866667	-0.003728
8.900000	-0.004725
8.933333	-0.005763
8.966667	-0.006826
9.000000	-0.007902
9.033333	-0.008944
9.066667	-0.009950
9.100000	-0.010883
9.133333	-0.011712
9.166667	-0.012429
9.200000	-0.013029
9.233333	-0.013479
9.266667	-0.013806
9.300000	-0.013945
9.333333	-0.013985
9.366667	-0.013917
9.400000	-0.013758
9.433333	-0.013541
9.466667	-0.013269
9.500000	-0.012948
9.533333	-0.012587
9.566667	-0.012203
9.600000	-0.011808
9.633333	-0.011417
9.666667	-0.011047
9.700000	-0.010724
9.733333	-0.010459
9.766667	-0.010235
9.800000	-0.010040
9.833333	-0.009908
9.866667	-0.009827
9.900000	-0.009790
9.933333	-0.009774
9.966667	-0.009777
10.000000	-0.009795
10.033333	-0.009805
10.066667	-0.009820
10.100000	-0.009808
10.133333	-0.009770
10.166667	-0.009707
10.200000	-0.009611
10.233333	-0.009456
10.266667	-0.009293
10.300000	-0.009094
10.333333	-0.008881
10.366667	-0.008656
10.400000	-0.008421
10.433333	-0.008169
10.466667	-0.007903
10.500000	-0.007625
10.533333	-0.007340
10.566667	-0.007054
10.600000	-0.006772
10.633333	-0.006494
10.666667	-0.006220
10.700000	-0.005949
10.733333	-0.005680
10.766667	-0.005410
10.800000	-0.005143
10.833333	-0.004891
10.866667	-0.004635
10.900000	-0.004378
10.933333	-0.004114
10.966667	-0.003855
11.000000	-0.003606
11.033333	-0.003360
11.066667	-0.003115
11.100000	-0.002874
11.133333	-0.002634
11.166667	-0.002398
11.200000	-0.002167
11.233333	-0.001945
11.266667	-0.001733
11.300000	-0.001535
11.333333	-0.001349
11.366667	-0.001178
11.400000	-0.001020
11.433333	-0.000877
11.466667	-0.000748
11.500000	-0.000633
11.533333	-0.000528
11.566667	-0.000435
11.600000	-0.000351
11.633333	-0.000278
11.666667	-0.000215
11.700000	-0.000161
11.733333	-0.000116
11.766667	-0.000081
11.800000	-0.000054
11.833333	-0.000035
11.866667	-0.000025
11.900000	-0.000022
11.933333	-0.000027
11.966667	-0.000039
