-88.000000	-0.000001
-87.966667	-0.000002
-87.933333	-0.000003
-87.900000	-0.000004
-87.866667	-0.000004
-87.833333	-0.000005
-87.800000	-0.000006
-87.766667	-0.000006
-87.733333	-0.000007
-87.700000	-0.000007
-87.666667	-0.000007
-87.633333	-0.000006
-87.600000	-0.000006
-87.566667	-0.000005
-87.533333	-0.000004
-87.500000	-0.000003
-87.466667	-0.000001
-87.433333	0.000002
-87.400000	0.000005
-87.366667	0.000009
-87.333333	0.000014
-87.300000	0.000019
-87.266667	0.000024
-87.233333	0.000030
-87.200000	0.000036
-87.166667	0.000042
-87.133333	0.000047
-87.100000	0.000053
-87.066667	0.000058
-87.033333	0.000062
-87.000000	0.000065
-86.966667	0.000066
-86.933333	0.000066
-86.900000	0.000064
-86.866667	0.000059
-86.833333	0.000051
-86.800000	0.000042
-86.766667	0.000029
-86.733333	0.000015
-86.700000	-0.000002
-86.666667	-0.000021
-86.633333	-0.000042
-86.600000	-0.000067
-86.566667	-0.000093
-86.533333	-0.000120
-86.500000	-0.000147
-86.466667	-0.000172
-86.433333	-0.000195
-86.400000	-0.000223
-86.366667	-0.000253
-86.333333	-0.000279
-86.300000	-0.000304
-86.266667	-0.000322
-86.233333	-0.000345
-86.200000	-0.000359
-86.166667	-0.000371
-86.133333	-0.000386
-86.100000	-0.000402
-86.066667	-0.000416
-86.033333	-0.000427
-86.000000	-0.000435
-85.966667	-0.000445
-85.933333	-0.000450
-85.900000	-0.000452
-85.866667	-0.000461
-85.833333	-0.000475
-85.800000	-0.000485
-85.766667	-0.000492
-85.733333	-0.000500
-85.700000	-0.000510
-85.666667	-0.000522
-85.633333	-0.000533
-85.600000	-0.000537
-85.566667	-0.000555
-85.533333	-0.000569
-85.500000	-0.000585
-85.466667	-0.000599
-85.433333	-0.000606
-85.400000	-0.000614
-85.366667	-0.000638
-85.333333	-0.000652
-85.300000	-0.000664
-85.266667	-0.000663
-85.233333	-0.000683
-85.200000	-0.000688
-85.166667	-0.000703
-85.133333	-0.000722
-85.100000	-0.000741
-85.066667	-0.000756
-85.033333	-0.000759
-85.000000	-0.000763
-84.966667	-0.000756
-84.933333	-0.000763
-84.900000	-0.000786
-84.866667	-0.000799
-84.833333	-0.000794
-84.800000	-0.000790
-84.766667	-0.000784
-84.733333	-0.000778
-84.700000	-0.000766
-84.666667	-0.000755
-84.633333	-0.000734
-84.600000	-0.000714
-84.566667	-0.000702
-84.533333	-0.000673
-84.500000	-0.000643
-84.466667	-0.000604
-84.433333	-0.000564
-84.400000	-0.000530
-84.366667	-0.000502
-84.333333	-0.000456
-84.300000	-0.000410
-84.266667	-0.000364
-84.233333	-0.000333
-84.200000	-0.000289
-84.166667	-0.000255
-84.133333	-0.000222
-84.100000	-0.000185
-84.066667	-0.000137
-84.033333	-0.000094
-84.000000	-0.000058
-83.966667	-0.000035
-83.933333	-0.000025
-83.900000	0.000001
-83.866667	0.000041
-83.833333	0.000070
-83.800000	0.000075
-83.766667	0.000095
-83.733333	0.000114
-83.700000	0.000126
-83.666667	0.000128
-83.633333	0.000143
-83.600000	0.000144
-83.566667	0.000144
-83.533333	0.000139
-83.500000	0.000131
-83.466667	0.000124
-83.433333	0.000117
-83.400000	0.000107
-83.366667	0.000092
-83.333333	0.000073
-83.300000	0.000053
-83.266667	0.000044
-83.233333	0.000018
-83.200000	0.000005
-83.166667	-0.000008
-83.133333	-0.000025
-83.100000	-0.000036
-83.066667	-0.000023
-83.033333	-0.000043
-83.000000	-0.000044
-82.966667	-0.000049
-82.933333	-0.000031
-82.900000	-0.000020
-82.866667	-0.000006
-82.833333	0.000005
-82.800000	0.000021
-82.766667	0.000053
-82.733333	0.000083
-82.700000	0.000114
-82.666667	0.000144
-82.633333	0.000183
-82.600000	0.000222
-82.566667	0.000262
-82.533333	0.000308
-82.500000	0.000357
-82.466667	0.000409
-82.433333	0.000461
-82.400000	0.000515
-82.366667	0.000569
-82.333333	0.000617
-82.300000	0.000680
-82.266667	0.000739
-82.233333	0.000780
-82.200000	0.000858
-82.166667	0.000921
-82.133333	0.000964
-82.100000	0.001010
-82.066667	0.001064
-82.033333	0.001098
-82.000000	0.001142
-81.966667	0.001179
-81.933333	0.001203
-81.900000	0.001223
-81.866667	0.001239
-81.833333	0.001253
-81.800000	0.001272
-81.766667	0.001288
-81.733333	0.001291
-81.700000	0.001280
-81.666667	0.001272
-81.633333	0.001275
-81.600000	0.001277
-81.566667	0.001267
-81.533333	0.001263
-81.500000	0.001257
-81.466667	0.001253
-81.433333	0.001252
-81.400000	0.001254
-81.366667	0.001254
-81.333333	0.001250
-81.300000	0.001253
-81.266667	0.001250
-81.233333	0.001255
-81.200000	0.001267
-81.166667	0.001254
-81.133333	0.001235
-81.100000	0.001228
-81.066667	0.001225
-81.033333	0.001206
-81.000000	0.001191
-80.966667	0.001159
-80.933333	0.001127
-80.900000	0.001100
-80.866667	0.001063
-80.833333	0.001028
-80.800000	0.000987
-80.766667	0.000934
-80.733333	0.000874
-80.700000	0.000817
-80.666667	0.000769
-80.633333	0.000715
-80.600000	0.000650
-80.566667	0.000585
-80.533333	0.000531
-80.500000	0.000466
-80.466667	0.000407
-80.433333	0.000348
-80.400000	0.000289
-80.366667	0.000229
-80.333333	0.000167
-80.300000	0.000107
-80.266667	0.000053
-80.233333	-0.000002
-80.200000	-0.000059
-80.166667	-0.000115
-80.133333	-0.000174
-80.100000	-0.000226
-80.066667	-0.000278
-80.033333	-0.000327
-80.000000	-0.000376
-79.966667	-0.000447
-79.933333	-0.000483
-79.900000	-0.000555
-79.866667	-0.000605
-79.833333	-0.000646
-79.800000	-0.000696
-79.766667	-0.000746
-79.733333	-0.000801
-79.700000	-0.000853
-79.666667	-0.000890
-79.633333	-0.000935
-79.600000	-0.000990
-79.566667	-0.001022
-79.533333	-0.001060
-79.500000	-0.001102
-79.466667	-0.001132
-79.433333	-0.001164
-79.400000	-0.001192
-79.366667	-0.001217
-79.333333	-0.001239
-79.300000	-0.001258
-79.266667	-0.001275
-79.233333	-0.001289
-79.200000	-0.001296
-79.166667	-0.001305
-79.133333	-0.001308
-79.100000	-0.001302
-79.066667	-0.001300
-79.033333	-0.001295
-79.000000	-0.001292
-78.966667	-0.001281
-78.933333	-0.001261
-78.900000	-0.001253
-78.866667	-0.001220
-78.833333	-0.001190
-78.800000	-0.001171
-78.766667	-0.001143
-78.733333	-0.001119
-78.700000	-0.001088
-78.666667	-0.001036
-78.633333	-0.001017
-78.600000	-0.000975
-78.566667	-0.000924
-78.533333	-0.000890
-78.500000	-0.000852
-78.466667	-0.000815
-78.433333	-0.000776
-78.400000	-0.000735
-78.366667	-0.000696
-78.333333	-0.000670
-78.300000	-0.000627
-78.266667	-0.000599
-78.233333	-0.000571
-78.200000	-0.000550
-78.166667	-0.000537
-78.133333	-0.000511
-78.100000	-0.000484
-78.066667	-0.000474
-78.033333	-0.000457
-78.000000	-0.000445
-77.966667	-0.000433
-77.933333	-0.000415
-77.900000	-0.000401
-77.866667	-0.000392
-77.833333	-0.000366
-77.800000	-0.000347
-77.766667	-0.000324
-77.733333	-0.000299
-77.700000	-0.000266
-77.666667	-0.000226
-77.633333	-0.000205
-77.600000	-0.000156
-77.566667	-0.000117
-77.533333	-0.000067
-77.500000	-0.000012
-77.466667	0.000042
-77.433333	0.000085
-77.400000	0.000142
-77.366667	0.000221
-77.333333	0.000276
-77.300000	0.000341
-77.266667	0.000388
-77.233333	0.000457
-77.200000	0.000532
-77.166667	0.000597
-77.133333	0.000668
-77.100000	0.000741
-77.066667	0.000800
-77.033333	0.000873
-77.000000	0.000941
-76.966667	0.001016
-76.933333	0.001089
-76.900000	0.001157
-76.866667	0.001212
-76.833333	0.001280
-76.800000	0.001338
-76.766667	0.001402
-76.733333	0.001459
-76.700000	0.001507
-76.666667	0.001546
-76.633333	0.001588
-76.600000	0.001623
-76.566667	0.001658
-76.533333	0.001697
-76.500000	0.001705
-76.466667	0.001719
-76.433333	0.001721
-76.400000	0.001752
-76.366667	0.001765
-76.333333	0.001746
-76.300000	0.001748
-76.266667	0.001758
-76.233333	0.001767
-76.200000	0.001752
-76.166667	0.001739
-76.133333	0.001739
-76.100000	0.001752
-76.066667	0.001749
-76.033333	0.001747
-76.000000	0.001747
-75.966667	0.001748
-75.933333	0.001746
-75.900000	0.001738
-75.866667	0.001730
-75.833333	0.001734
-75.800000	0.001735
-75.766667	0.001734
-75.733333	0.001720
-75.700000	0.001705
-75.666667	0.001691
-75.633333	0.001679
-75.600000	0.001651
-75.566667	0.001643
-75.533333	0.001621
-75.500000	0.001594
-75.466667	0.001572
-75.433333	0.001540
-75.400000	0.001509
-75.366667	0.001481
-75.333333	0.001460
-75.300000	0.001426
-75.266667	0.001390
-75.233333	0.001349
-75.200000	0.001308
-75.166667	0.001290
-75.133333	0.001267
-75.100000	0.001245
-75.066667	0.001207
-75.033333	0.001166
-75.000000	0.001139
-74.966667	0.001121
-74.933333	0.001094
-74.900000	0.001064
-74.866667	0.001045
-74.833333	0.001015
-74.800000	0.000997
-74.766667	0.000973
-74.733333	0.000961
-74.700000	0.000941
-74.666667	0.000925
-74.633333	0.000909
-74.600000	0.000901
-74.566667	0.000913
-74.533333	0.000908
-74.500000	0.000910
-74.466667	0.000891
-74.433333	0.000884
-74.400000	0.000890
-74.366667	0.000924
-74.333333	0.000930
-74.300000	0.000922
-74.266667	0.000931
-74.233333	0.000946
-74.200000	0.000962
-74.166667	0.000978
-74.133333	0.000990
-74.100000	0.000992
-74.066667	0.000984
-74.033333	0.000979
-74.000000	0.000986
-73.966667	0.000990
-73.933333	0.000977
-73.900000	0.000963
-73.866667	0.000952
-73.833333	0.000932
-73.800000	0.000921
-73.766667	0.000898
-73.733333	0.000879
-73.700000	0.000854
-73.666667	0.000850
-73.633333	0.000825
-73.600000	0.000819
-73.566667	0.000802
-73.533333	0.000794
-73.500000	0.000782
-73.466667	0.000769
-73.433333	0.000787
-73.400000	0.000806
-73.366667	0.000820
-73.333333	0.000831
-73.300000	0.000839
-73.266667	0.000874
-73.233333	0.000906
-73.200000	0.000933
-73.166667	0.000960
-73.133333	0.000988
-73.100000	0.001017
-73.066667	0.001045
-73.033333	0.001075
-73.000000	0.001108
-72.966667	0.001136
-72.933333	0.001156
-72.900000	0.001176
-72.866667	0.001200
-72.833333	0.001221
-72.800000	0.001241
-72.766667	0.001264
-72.733333	0.001292
-72.700000	0.001327
-72.666667	0.001363
-72.633333	0.001396
-72.600000	0.001460
-72.566667	0.001523
-72.533333	0.001610
-72.500000	0.001700
-72.466667	0.001809
-72.433333	0.001946
-72.400000	0.002081
-72.366667	0.002243
-72.333333	0.002421
-72.300000	0.002598
-72.266667	0.002790
-72.233333	0.002993
-72.200000	0.003186
-72.166667	0.003389
-72.133333	0.003582
-72.100000	0.003763
-72.066667	0.003923
-72.033333	0.004058
-72.000000	0.004165
-71.966667	0.004238
-71.933333	0.004268
-71.900000	0.004252
-71.866667	0.004190
-71.833333	0.004078
-71.800000	0.003917
-71.766667	0.003706
-71.733333	0.003447
-71.700000	0.003137
-71.666667	0.002763
-71.633333	0.002354
-71.600000	0.001898
-71.566667	0.001398
-71.533333	0.000849
-71.500000	0.000251
-71.466667	-0.000387
-71.433333	-0.001061
-71.400000	-0.001771
-71.366667	-0.002511
-71.333333	-0.003281
-71.300000	-0.004077
-71.266667	-0.004886
-71.233333	-0.005706
-71.200000	-0.006531
-71.166667	-0.007335
-71.133333	-0.008139
-71.100000	-0.008922
-71.066667	-0.009672
-71.033333	-0.010370
-71.000000	-0.010985
-70.966667	-0.011513
-70.933333	-0.011937
-70.900000	-0.012242
-70.866667	-0.012407
-70.833333	-0.012427
-70.800000	-0.012295
-70.766667	-0.012013
-70.733333	-0.011589
-70.700000	-0.011024
-70.666667	-0.010332
-70.633333	-0.009497
-70.600000	-0.008551
-70.566667	-0.007502
-70.533333	-0.006380
-70.500000	-0.005204
-70.466667	-0.003994
-70.433333	-0.002780
-70.400000	-0.001589
-70.366667	-0.000444
-70.333333	0.000634
-70.300000	0.001626
-70.266667	0.002508
-70.233333	0.003272
-70.200000	0.003963
-70.166667	0.004532
-70.133333	0.004994
-70.100000	0.005351
-70.066667	0.005625
-70.033333	0.005829
-70.000000	0.005978
-69.966667	0.006065
-69.933333	0.006116
-69.900000	0.006138
-69.866667	0.006150
-69.833333	0.006159
-69.800000	0.006179
-69.766667	0.006214
-69.733333	0.006259
-69.700000	0.006331
-69.666667	0.006443
-69.633333	0.006559
-69.600000	0.006711
-69.566667	0.006874
-69.533333	0.007038
-69.500000	0.007196
-69.466667	0.007325
-69.433333	0.007470
-69.400000	0.007587
-69.366667	0.007691
-69.333333	0.007776
-69.300000	0.007842
-69.266667	0.007895
-69.233333	0.007952
-69.200000	0.008020
-69.166667	0.008063
-69.133333	0.008104
-69.100000	0.008135
-69.066667	0.008170
-69.033333	0.008206
-69.000000	0.008241
-68.966667	0.008289
-68.933333	0.008345
-68.900000	0.008412
-68.866667	0.008493
-68.833333	0.008589
-68.800000	0.008697
-68.766667	0.008807
-68.733333	0.008913
-68.700000	0.009026
-68.666667	0.009143
-68.633333	0.009226
-68.600000	0.009349
-68.566667	0.009448
-68.533333	0.009552
-68.500000	0.009649
-68.466667	0.009748
-68.433333	0.009876
-68.400000	0.009981
-68.366667	0.010100
-68.333333	0.010218
-68.300000	0.010338
-68.266667	0.010460
-68.233333	0.010590
-68.200000	0.010733
-68.166667	0.010878
-68.133333	0.011030
-68.100000	0.011182
-68.066667	0.011341
-68.033333	0.011509
-68.000000	0.011702
-67.966667	0.011923
-67.933333	0.012134
-67.900000	0.012363
-67.866667	0.012610
-67.833333	0.012886
-67.800000	0.013186
-67.766667	0.013516
-67.733333	0.013883
-67.700000	0.014295
-67.666667	0.014738
-67.633333	0.015226
-67.600000	0.015760
-67.566667	0.016311
-67.533333	0.016897
-67.500000	0.017500
-67.466667	0.018123
-67.433333	0.018758
-67.400000	0.019386
-67.366667	0.019994
-67.333333	0.020570
-67.300000	0.021096
-67.266667	0.021546
-67.233333	0.021907
-67.200000	0.022161
-67.166667	0.022285
-67.133333	0.022261
-67.100000	0.022083
-67.066667	0.021758
-67.033333	0.021289
-67.000000	0.020678
-66.966667	0.019916
-66.933333	0.019007
-66.900000	0.017985
-66.866667	0.016854
-66.833333	0.015636
-66.800000	0.014364
-66.766667	0.013055
-66.733333	0.011723
-66.700000	0.010436
-66.666667	0.009188
-66.633333	0.008027
-66.600000	0.006947
-66.566667	0.006012
-66.533333	0.005202
-66.500000	0.004546
-66.466667	0.004039
-66.433333	0.003677
-66.400000	0.003459
-66.366667	0.003384
-66.333333	0.003436
-66.300000	0.003597
-66.266667	0.003856
-66.233333	0.004204
-66.200000	0.004615
-66.166667	0.005075
-66.133333	0.005548
-66.100000	0.006029
-66.066667	0.006518
-66.033333	0.006997
-66.000000	0.007452
-65.966667	0.007878
-65.933333	0.008274
-65.900000	0.008640
-65.866667	0.008976
-65.833333	0.009293
-65.800000	0.009602
-65.766667	0.009883
-65.733333	0.010171
-65.700000	0.010483
-65.666667	0.010761
-65.633333	0.011034
-65.600000	0.011297
-65.566667	0.011569
-65.533333	0.011816
-65.500000	0.012071
-65.466667	0.012334
-65.433333	0.012624
-65.400000	0.012965
-65.366667	0.013367
-65.333333	0.013843
-65.300000	0.014419
-65.266667	0.015107
-65.233333	0.015941
-65.200000	0.016946
-65.166667	0.018162
-65.133333	0.019613
-65.100000	0.021372
-65.066667	0.023478
-65.033333	0.025978
-65.000000	0.028920
-64.966667	0.032357
-64.933333	0.036331
-64.900000	0.040855
-64.866667	0.046002
-64.833333	0.051797
-64.800000	0.058276
-64.766667	0.065465
-64.733333	0.073405
-64.700000	0.082133
-64.666667	0.091721
-64.633333	0.102265
-64.600000	0.113841
-64.566667	0.126491
-64.533333	0.140213
-64.500000	0.155001
-64.466667	0.170833
-64.433333	0.187640
-64.400000	0.205268
-64.366667	0.223505
-64.333333	0.242069
-64.300000	0.260600
-64.266667	0.278655
-64.233333	0.295673
-64.200000	0.310941
-64.166667	0.323617
-64.133333	0.332727
-64.100000	0.337186
-64.066667	0.335797
-64.033333	0.327345
-64.000000	0.310602
-63.966667	0.284380
-63.933333	0.247581
-63.900000	0.199326
-63.866667	0.139036
-63.833333	0.066413
-63.800000	-0.018390
-63.766667	-0.114757
-63.733333	-0.221555
-63.700000	-0.337147
-63.666667	-0.459453
-63.633333	-0.585997
-63.600000	-0.713997
-63.566667	-0.840402
-63.533333	-0.961992
-63.500000	-1.075556
-63.466667	-1.177935
-63.433333	-1.266231
-63.400000	-1.337862
-63.366667	-1.390635
-63.333333	-1.422869
-63.300000	-1.433461
-63.266667	-1.421891
-63.233333	-1.388306
-63.200000	-1.333463
-63.166667	-1.258723
-63.133333	-1.165997
-63.100000	-1.057688
-63.066667	-0.936522
-63.033333	-0.805509
-63.000000	-0.667877
-62.966667	-0.526873
-62.933333	-0.385656
-62.900000	-0.247154
-62.866667	-0.114002
-62.833333	0.011533
-62.800000	0.127618
-62.766667	0.232885
-62.733333	0.326496
-62.700000	0.407971
-62.666667	0.477197
-62.633333	0.534442
-62.600000	0.580268
-62.566667	0.615444
-62.533333	0.640853
-62.500000	0.657420
-62.466667	0.666165
-62.433333	0.668074
-62.400000	0.664164
-62.366667	0.655333
-62.333333	0.642451
-62.300000	0.626286
-62.266667	0.607585
-62.233333	0.586969
-62.200000	0.564995
-62.166667	0.542139
-62.133333	0.518816
-62.100000	0.495396
-62.066667	0.472223
-62.033333	0.449530
-62.000000	0.427490
-61.966667	0.406282
-61.933333	0.386011
-61.900000	0.366770
-61.866667	0.348595
-61.833333	0.331475
-61.800000	0.315357
-61.766667	0.300196
-61.733333	0.285958
-61.700000	0.272460
-61.666667	0.259567
-61.633333	0.247179
-61.600000	0.235200
-61.566667	0.223509
-61.533333	0.212004
-61.500000	0.200624
-61.466667	0.189342
-61.433333	0.178191
-61.400000	0.167221
-61.366667	0.156462
-61.333333	0.146005
-61.300000	0.135922
-61.266667	0.126327
-61.233333	0.117290
-61.200000	0.108894
-61.166667	0.101201
-61.133333	0.094245
-61.100000	0.088039
-61.066667	0.082577
-61.033333	0.077783
-61.000000	0.073541
-60.966667	0.069745
-60.933333	0.066277
-60.900000	0.062978
-60.866667	0.059685
-60.833333	0.056228
-60.800000	0.052444
-60.766667	0.048218
-60.733333	0.043449
-60.700000	0.037999
-60.666667	0.031873
-60.633333	0.025085
-60.600000	0.017659
-60.566667	0.009665
-60.533333	0.001222
-60.500000	-0.007513
-60.466667	-0.016362
-60.433333	-0.025116
-60.400000	-0.033551
-60.366667	-0.041437
-60.333333	-0.048540
-60.300000	-0.054662
-60.266667	-0.059667
-60.233333	-0.063440
-60.200000	-0.065904
-60.166667	-0.067042
-60.133333	-0.066880
-60.100000	-0.065494
-60.066667	-0.063020
-60.033333	-0.059641
-60.000000	-0.055538
-59.966667	-0.050872
-59.933333	-0.045875
-59.900000	-0.040818
-59.866667	-0.035877
-59.833333	-0.031269
-59.800000	-0.027133
-59.766667	-0.023604
-59.733333	-0.020812
-59.700000	-0.018838
-59.666667	-0.017662
-59.633333	-0.017315
-59.600000	-0.017763
-59.566667	-0.018913
-59.533333	-0.020662
-59.500000	-0.022899
-59.466667	-0.025498
-59.433333	-0.028319
-59.400000	-0.031247
-59.366667	-0.034158
-59.333333	-0.036953
-59.300000	-0.039588
-59.266667	-0.042037
-59.233333	-0.044260
-59.200000	-0.046255
-59.166667	-0.048041
-59.133333	-0.049648
-59.100000	-0.051120
-59.066667	-0.052492
-59.033333	-0.053786
-59.000000	-0.055019
-58.966667	-0.056184
-58.933333	-0.057314
-58.900000	-0.058368
-58.866667	-0.059261
-58.833333	-0.059965
-58.800000	-0.060442
-58.766667	-0.060641
-58.733333	-0.060511
-58.700000	-0.060013
-58.666667	-0.059064
-58.633333	-0.057657
-58.600000	-0.055759
-58.566667	-0.053364
-58.533333	-0.050491
-58.500000	-0.047168
-58.466667	-0.043443
-58.433333	-0.039365
-58.400000	-0.034997
-58.366667	-0.030387
-58.333333	-0.025601
-58.300000	-0.020732
-58.266667	-0.015885
-58.233333	-0.011150
-58.200000	-0.006619
-58.166667	-0.002408
-58.133333	0.001431
-58.100000	0.004817
-58.066667	0.007693
-58.033333	0.010000
-58.000000	0.011706
-57.966667	0.012821
-57.933333	0.013377
-57.900000	0.013379
-57.866667	0.012820
-57.833333	0.011697
-57.800000	0.010047
-57.766667	0.007951
-57.733333	0.005467
-57.700000	0.002660
-57.666667	-0.000356
-57.633333	-0.003488
-57.600000	-0.006651
-57.566667	-0.009759
-57.533333	-0.012716
-57.500000	-0.015462
-57.466667	-0.017935
-57.433333	-0.020104
-57.400000	-0.021957
-57.366667	-0.023489
-57.333333	-0.024695
-57.300000	-0.025601
-57.266667	-0.026239
-57.233333	-0.026629
-57.200000	-0.026798
-57.166667	-0.026777
-57.133333	-0.026550
-57.100000	-0.026167
-57.066667	-0.025655
-57.033333	-0.025039
-57.000000	-0.024329
-56.966667	-0.023518
-56.933333	-0.022609
-56.900000	-0.021661
-56.866667	-0.020677
-56.833333	-0.019649
-56.800000	-0.018554
-56.766667	-0.017401
-56.733333	-0.016150
-56.700000	-0.014808
-56.666667	-0.013368
-56.633333	-0.011792
-56.600000	-0.010106
-56.566667	-0.008338
-56.533333	-0.006506
-56.500000	-0.004692
-56.466667	-0.002940
-56.433333	-0.001311
-56.400000	0.000174
-56.366667	0.001505
-56.333333	0.002659
-56.300000	0.003606
-56.266667	0.004314
-56.233333	0.004749
-56.200000	0.004939
-56.166667	0.004875
-56.133333	0.004548
-56.100000	0.003961
-56.066667	0.003132
-56.033333	0.002085
-56.000000	0.000846
-55.966667	-0.000541
-55.933333	-0.002026
-55.900000	-0.003584
-55.866667	-0.005202
-55.833333	-0.006864
-55.800000	-0.008565
-55.766667	-0.010300
-55.733333	-0.012025
-55.700000	-0.013750
-55.666667	-0.015460
-55.633333	-0.017139
-55.600000	-0.018796
-55.566667	-0.020444
-55.533333	-0.022050
-55.500000	-0.023629
-55.466667	-0.025169
-55.433333	-0.026650
-55.400000	-0.028055
-55.366667	-0.029381
-55.333333	-0.030631
-55.300000	-0.031789
-55.266667	-0.032848
-55.233333	-0.033790
-55.200000	-0.034583
-55.166667	-0.035249
-55.133333	-0.035775
-55.100000	-0.036143
-55.066667	-0.036341
-55.033333	-0.036349
-55.000000	-0.036172
-54.966667	-0.035797
-54.933333	-0.035232
-54.900000	-0.034498
-54.866667	-0.033611
-54.833333	-0.032564
-54.800000	-0.031340
-54.766667	-0.029921
-54.733333	-0.028295
-54.700000	-0.026452
-54.666667	-0.024406
-54.633333	-0.022152
-54.600000	-0.019692
-54.566667	-0.017048
-54.533333	-0.014261
-54.500000	-0.011389
-54.466667	-0.008495
-54.433333	-0.005638
-54.400000	-0.002879
-54.366667	-0.000288
-54.333333	0.002066
-54.300000	0.004122
-54.266667	0.005811
-54.233333	0.007076
-54.200000	0.007869
-54.166667	0.008165
-54.133333	0.007975
-54.100000	0.007287
-54.066667	0.006148
-54.033333	0.004558
-54.000000	0.002574
-53.966667	0.000280
-53.933333	-0.002279
-53.900000	-0.005001
-53.866667	-0.007782
-53.833333	-0.010510
-53.800000	-0.013076
-53.766667	-0.015405
-53.733333	-0.017446
-53.700000	-0.019159
-53.666667	-0.020532
-53.633333	-0.021537
-53.600000	-0.022157
-53.566667	-0.022409
-53.533333	-0.022317
-53.500000	-0.021912
-53.466667	-0.021238
-53.433333	-0.020339
-53.400000	-0.019253
-53.366667	-0.018029
-53.333333	-0.016713
-53.300000	-0.015338
-53.266667	-0.013932
-53.233333	-0.012518
-53.200000	-0.011110
-53.166667	-0.009723
-53.133333	-0.008351
-53.100000	-0.007014
-53.066667	-0.005684
-53.033333	-0.004369
-53.000000	-0.003008
-52.966667	-0.001606
-52.933333	-0.000179
-52.900000	0.001294
-52.866667	0.002797
-52.833333	0.004313
-52.800000	0.005824
-52.766667	0.007292
-52.733333	0.008681
-52.700000	0.009974
-52.666667	0.011151
-52.633333	0.012213
-52.600000	0.013168
-52.566667	0.013981
-52.533333	0.014623
-52.500000	0.015074
-52.466667	0.015332
-52.433333	0.015378
-52.400000	0.015213
-52.366667	0.014819
-52.333333	0.014190
-52.300000	0.013325
-52.266667	0.012227
-52.233333	0.010928
-52.200000	0.009422
-52.166667	0.007747
-52.133333	0.005950
-52.100000	0.004081
-52.066667	0.002198
-52.033333	0.000342
-52.000000	-0.001462
-51.966667	-0.003188
-51.933333	-0.004814
-51.900000	-0.006296
-51.866667	-0.007576
-51.833333	-0.008593
-51.800000	-0.009288
-51.766667	-0.009624
-51.733333	-0.009581
-51.700000	-0.009173
-51.666667	-0.008387
-51.633333	-0.007249
-51.600000	-0.005805
-51.566667	-0.004141
-51.533333	-0.002349
-51.500000	-0.000475
-51.466667	0.001392
-51.433333	0.003159
-51.400000	0.004747
-51.366667	0.006091
-51.333333	0.007166
-51.300000	0.007957
-51.266667	0.008459
-51.233333	0.008688
-51.200000	0.008647
-51.166667	0.008390
-51.133333	0.007963
-51.100000	0.007419
-51.066667	0.006812
-51.033333	0.006191
-51.000000	0.005608
-50.966667	0.005125
-50.933333	0.004787
-50.900000	0.004637
-50.866667	0.004706
-50.833333	0.004994
-50.800000	0.005487
-50.766667	0.006142
-50.733333	0.006898
-50.700000	0.007688
-50.666667	0.008470
-50.633333	0.009152
-50.600000	0.009663
-50.566667	0.009934
-50.533333	0.009917
-50.500000	0.009617
-50.466667	0.009007
-50.433333	0.008099
-50.400000	0.006895
-50.366667	0.005452
-50.333333	0.003841
-50.300000	0.002069
-50.266667	0.000211
-50.233333	-0.001692
-50.200000	-0.003590
-50.166667	-0.005422
-50.133333	-0.007122
-50.100000	-0.008634
-50.066667	-0.009906
-50.033333	-0.010905
-50.000000	-0.011618
-49.966667	-0.012035
-49.933333	-0.012145
-49.900000	-0.011980
-49.866667	-0.011553
-49.833333	-0.010911
-49.800000	-0.010091
-49.766667	-0.009145
-49.733333	-0.008125
-49.700000	-0.007072
-49.666667	-0.006031
-49.633333	-0.005036
-49.600000	-0.004105
-49.566667	-0.003236
-49.533333	-0.002403
-49.500000	-0.001627
-49.466667	-0.000869
-49.433333	-0.000134
-49.400000	0.000594
-49.366667	0.001351
-49.333333	0.002151
-49.300000	0.002992
-49.266667	0.003918
-49.233333	0.004909
-49.200000	0.005962
-49.166667	0.007065
-49.133333	0.008194
-49.100000	0.009325
-49.066667	0.010428
-49.033333	0.011484
-49.000000	0.012457
-48.966667	0.013304
-48.933333	0.014003
-48.900000	0.014485
-48.866667	0.014714
-48.833333	0.014648
-48.800000	0.014264
-48.766667	0.013541
-48.733333	0.012451
-48.700000	0.010976
-48.666667	0.009138
-48.633333	0.006986
-48.600000	0.004546
-48.566667	0.001880
-48.533333	-0.000956
-48.500000	-0.003902
-48.466667	-0.006852
-48.433333	-0.009746
-48.400000	-0.012486
-48.366667	-0.014993
-48.333333	-0.017191
-48.300000	-0.019012
-48.266667	-0.020410
-48.233333	-0.021366
-48.200000	-0.021886
-48.166667	-0.021981
-48.133333	-0.021674
-48.100000	-0.021002
-48.066667	-0.020036
-48.033333	-0.018842
-48.000000	-0.017504
-47.966667	-0.016105
-47.933333	-0.014706
-47.900000	-0.013391
-47.866667	-0.012209
-47.833333	-0.011201
-47.800000	-0.010387
-47.766667	-0.009784
-47.733333	-0.009393
-47.700000	-0.009183
-47.666667	-0.009093
-47.633333	-0.009078
-47.600000	-0.009103
-47.566667	-0.009085
-47.533333	-0.008954
-47.500000	-0.008686
-47.466667	-0.008247
-47.433333	-0.007603
-47.400000	-0.006740
-47.366667	-0.005649
-47.333333	-0.004342
-47.300000	-0.002844
-47.266667	-0.001204
-47.233333	0.000505
-47.200000	0.002190
-47.166667	0.003754
-47.133333	0.005094
-47.100000	0.006107
-47.066667	0.006712
-47.033333	0.006870
-47.000000	0.006535
-46.966667	0.005688
-46.933333	0.004326
-46.900000	0.002482
-46.866667	0.000213
-46.833333	-0.002399
-46.800000	-0.005251
-46.766667	-0.008225
-46.733333	-0.011189
-46.700000	-0.014016
-46.666667	-0.016598
-46.633333	-0.018835
-46.600000	-0.020639
-46.566667	-0.021948
-46.533333	-0.022748
-46.500000	-0.023063
-46.466667	-0.022886
-46.433333	-0.022258
-46.400000	-0.021211
-46.366667	-0.019806
-46.333333	-0.018127
-46.300000	-0.016251
-46.266667	-0.014284
-46.233333	-0.012328
-46.200000	-0.010485
-46.166667	-0.008841
-46.133333	-0.007472
-46.100000	-0.006417
-46.066667	-0.005729
-46.033333	-0.005415
-46.000000	-0.005466
-45.966667	-0.005844
-45.933333	-0.006505
-45.900000	-0.007368
-45.866667	-0.008353
-45.833333	-0.009398
-45.800000	-0.010386
-45.766667	-0.011239
-45.733333	-0.011884
-45.700000	-0.012269
-45.666667	-0.012354
-45.633333	-0.012112
-45.600000	-0.011537
-45.566667	-0.010667
-45.533333	-0.009541
-45.500000	-0.008203
-45.466667	-0.006702
-45.433333	-0.005087
-45.400000	-0.003411
-45.366667	-0.001781
-45.333333	-0.000238
-45.300000	0.001150
-45.266667	0.002321
-45.233333	0.003231
-45.200000	0.003835
-45.166667	0.004106
-45.133333	0.004034
-45.100000	0.003635
-45.066667	0.002934
-45.033333	0.002004
-45.000000	0.000904
-44.966667	-0.000320
-44.933333	-0.001608
-44.900000	-0.002911
-44.866667	-0.004192
-44.833333	-0.005407
-44.800000	-0.006473
-44.766667	-0.007371
-44.733333	-0.008062
-44.700000	-0.008529
-44.666667	-0.008781
-44.633333	-0.008822
-44.600000	-0.008648
-44.566667	-0.008299
-44.533333	-0.007792
-44.500000	-0.007159
-44.466667	-0.006425
-44.433333	-0.005631
-44.400000	-0.004832
-44.366667	-0.004092
-44.333333	-0.003434
-44.300000	-0.002908
-44.266667	-0.002501
-44.233333	-0.002232
-44.200000	-0.002091
-44.166667	-0.002037
-44.133333	-0.002038
-44.100000	-0.002044
-44.066667	-0.001976
-44.033333	-0.001801
-44.000000	-0.001496
-43.966667	-0.001035
-43.933333	-0.000391
-43.900000	0.000434
-43.866667	0.001430
-43.833333	0.002599
-43.800000	0.003903
-43.766667	0.005301
-43.733333	0.006751
-43.700000	0.008218
-43.666667	0.009633
-43.633333	0.010966
-43.600000	0.012149
-43.566667	0.013154
-43.533333	0.013912
-43.500000	0.014390
-43.466667	0.014544
-43.433333	0.014318
-43.400000	0.013706
-43.366667	0.012694
-43.333333	0.011295
-43.300000	0.009592
-43.266667	0.007623
-43.233333	0.005445
-43.200000	0.003158
-43.166667	0.000805
-43.133333	-0.001521
-43.100000	-0.003753
-43.066667	-0.005817
-43.033333	-0.007691
-43.000000	-0.009346
-42.966667	-0.010760
-42.933333	-0.011935
-42.900000	-0.012894
-42.866667	-0.013666
-42.833333	-0.014265
-42.800000	-0.014721
-42.766667	-0.015029
-42.733333	-0.015193
-42.700000	-0.015238
-42.666667	-0.015193
-42.633333	-0.015063
-42.600000	-0.014861
-42.566667	-0.014570
-42.533333	-0.014226
-42.500000	-0.013797
-42.466667	-0.013304
-42.433333	-0.012735
-42.400000	-0.012053
-42.366667	-0.011309
-42.333333	-0.010453
-42.300000	-0.009497
-42.266667	-0.008491
-42.233333	-0.007421
-42.200000	-0.006347
-42.166667	-0.005311
-42.133333	-0.004298
-42.100000	-0.003371
-42.066667	-0.002554
-42.033333	-0.001865
-42.000000	-0.001336
-41.966667	-0.000976
-41.933333	-0.000791
-41.900000	-0.000782
-41.866667	-0.000943
-41.833333	-0.001255
-41.800000	-0.001694
-41.766667	-0.002246
-41.733333	-0.002901
-41.700000	-0.003644
-41.666667	-0.004461
-41.633333	-0.005324
-41.600000	-0.006202
-41.566667	-0.007058
-41.533333	-0.007855
-41.500000	-0.008570
-41.466667	-0.009194
-41.433333	-0.009701
-41.400000	-0.010091
-41.366667	-0.010386
-41.333333	-0.010554
-41.300000	-0.010637
-41.266667	-0.010650
-41.233333	-0.010592
-41.200000	-0.010507
-41.166667	-0.010358
-41.133333	-0.010175
-41.100000	-0.009958
-41.066667	-0.009716
-41.033333	-0.009440
-41.000000	-0.009142
-40.966667	-0.008821
-40.933333	-0.008496
-40.900000	-0.008175
-40.866667	-0.007852
-40.833333	-0.007532
-40.800000	-0.007225
-40.766667	-0.006946
-40.733333	-0.006703
-40.700000	-0.006469
-40.666667	-0.006267
-40.633333	-0.006062
-40.600000	-0.005850
-40.566667	-0.005621
-40.533333	-0.005381
-40.500000	-0.005126
-40.466667	-0.004863
-40.433333	-0.004587
-40.400000	-0.004294
-40.366667	-0.003983
-40.333333	-0.003650
-40.300000	-0.003291
-40.266667	-0.002928
-40.233333	-0.002550
-40.200000	-0.002155
-40.166667	-0.001734
-40.133333	-0.001334
-40.100000	-0.000887
-40.066667	-0.000444
-40.033333	0.000013
-40.000000	0.000463
-39.966667	0.000921
-39.933333	0.001365
-39.900000	0.001814
-39.866667	0.002263
-39.833333	0.002697
-39.800000	0.003106
-39.766667	0.003485
-39.733333	0.003824
-39.700000	0.004121
-39.666667	0.004347
-39.633333	0.004510
-39.600000	0.004585
-39.566667	0.004552
-39.533333	0.004399
-39.500000	0.004115
-39.466667	0.003676
-39.433333	0.003072
-39.400000	0.002289
-39.366667	0.001313
-39.333333	0.000137
-39.300000	-0.001246
-39.266667	-0.002833
-39.233333	-0.004601
-39.200000	-0.006518
-39.166667	-0.008572
-39.133333	-0.010747
-39.100000	-0.012971
-39.066667	-0.015225
-39.033333	-0.017428
-39.000000	-0.019540
-38.966667	-0.021485
-38.933333	-0.023235
-38.900000	-0.024724
-38.866667	-0.025914
-38.833333	-0.026769
-38.800000	-0.027268
-38.766667	-0.027402
-38.733333	-0.027168
-38.700000	-0.026566
-38.666667	-0.025605
-38.633333	-0.024309
-38.600000	-0.022712
-38.566667	-0.020840
-38.533333	-0.018720
-38.500000	-0.016389
-38.466667	-0.013887
-38.433333	-0.011242
-38.400000	-0.008504
-38.366667	-0.005710
-38.333333	-0.002896
-38.300000	-0.000096
-38.266667	0.002666
-38.233333	0.005370
-38.200000	0.007993
-38.166667	0.010501
-38.133333	0.012872
-38.100000	0.015109
-38.066667	0.017207
-38.033333	0.019141
-38.000000	0.020903
-37.966667	0.022448
-37.933333	0.023781
-37.900000	0.024872
-37.866667	0.025699
-37.833333	0.026275
-37.800000	0.026576
-37.766667	0.026608
-37.733333	0.026360
-37.700000	0.025871
-37.666667	0.025144
-37.633333	0.024213
-37.600000	0.023107
-37.566667	0.021867
-37.533333	0.020529
-37.500000	0.019137
-37.466667	0.017728
-37.433333	0.016343
-37.400000	0.015000
-37.366667	0.013762
-37.333333	0.012661
-37.300000	0.011743
-37.266667	0.011045
-37.233333	0.010588
-37.200000	0.010380
-37.166667	0.010420
-37.133333	0.010696
-37.100000	0.011192
-37.066667	0.011887
-37.033333	0.012749
-37.000000	0.013734
-36.966667	0.014787
-36.933333	0.015890
-36.900000	0.016968
-36.866667	0.017995
-36.833333	0.018940
-36.800000	0.019745
-36.766667	0.020388
-36.733333	0.020833
-36.700000	0.021085
-36.666667	0.021121
-36.633333	0.020960
-36.600000	0.020602
-36.566667	0.020069
-36.533333	0.019366
-36.500000	0.018516
-36.466667	0.017529
-36.433333	0.016434
-36.400000	0.015272
-36.366667	0.014091
-36.333333	0.012926
-36.300000	0.011810
-36.266667	0.010759
-36.233333	0.009776
-36.200000	0.008861
-36.166667	0.008034
-36.133333	0.007286
-36.100000	0.006620
-36.066667	0.006025
-36.033333	0.005479
-36.000000	0.004945
-35.966667	0.004401
-35.933333	0.003794
-35.900000	0.003106
-35.866667	0.002366
-35.833333	0.001525
-35.800000	0.000615
-35.766667	-0.000348
-35.733333	-0.001337
-35.700000	-0.002341
-35.666667	-0.003292
-35.633333	-0.004168
-35.600000	-0.004930
-35.566667	-0.005547
-35.533333	-0.006004
-35.500000	-0.006267
-35.466667	-0.006314
-35.433333	-0.006119
-35.400000	-0.005671
-35.366667	-0.004983
-35.333333	-0.004080
-35.300000	-0.002993
-35.266667	-0.001784
-35.233333	-0.000499
-35.200000	0.000808
-35.166667	0.002087
-35.133333	0.003257
-35.100000	0.004278
-35.066667	0.005113
-35.033333	0.005732
-35.000000	0.006116
-34.966667	0.006285
-34.933333	0.006207
-34.900000	0.005945
-34.866667	0.005519
-34.833333	0.004938
-34.800000	0.004284
-34.766667	0.003582
-34.733333	0.002860
-34.700000	0.002150
-34.666667	0.001531
-34.633333	0.000982
-34.600000	0.000551
-34.566667	0.000244
-34.533333	0.000083
-34.500000	0.000078
-34.466667	0.000233
-34.433333	0.000530
-34.400000	0.000924
-34.366667	0.001386
-34.333333	0.001861
-34.300000	0.002296
-34.266667	0.002638
-34.233333	0.002840
-34.200000	0.002853
-34.166667	0.002640
-34.133333	0.002182
-34.100000	0.001485
-34.066667	0.000561
-34.033333	-0.000580
-34.000000	-0.001915
-33.966667	-0.003381
-33.933333	-0.004963
-33.900000	-0.006578
-33.866667	-0.008205
-33.833333	-0.009767
-33.800000	-0.011234
-33.766667	-0.012569
-33.733333	-0.013749
-33.700000	-0.014745
-33.666667	-0.015539
-33.633333	-0.016157
-33.600000	-0.016544
-33.566667	-0.016704
-33.533333	-0.016617
-33.500000	-0.016292
-33.466667	-0.015755
-33.433333	-0.015042
-33.400000	-0.014185
-33.366667	-0.013206
-33.333333	-0.012152
-33.300000	-0.011056
-33.266667	-0.009949
-33.233333	-0.008867
-33.200000	-0.007844
-33.166667	-0.006900
-33.133333	-0.006050
-33.100000	-0.005304
-33.066667	-0.004660
-33.033333	-0.004112
-33.000000	-0.003646
-32.966667	-0.003237
-32.933333	-0.002901
-32.900000	-0.002626
-32.866667	-0.002417
-32.833333	-0.002256
-32.800000	-0.002156
-32.766667	-0.002113
-32.733333	-0.002133
-32.700000	-0.002215
-32.666667	-0.002360
-32.633333	-0.002577
-32.600000	-0.002842
-32.566667	-0.003162
-32.533333	-0.003517
-32.500000	-0.003937
-32.466667	-0.004404
-32.433333	-0.004921
-32.400000	-0.005482
-32.366667	-0.006076
-32.333333	-0.006685
-32.300000	-0.007334
-32.266667	-0.007980
-32.233333	-0.008618
-32.200000	-0.009251
-32.166667	-0.009829
-32.133333	-0.010338
-32.100000	-0.010738
-32.066667	-0.011000
-32.033333	-0.011083
-32.000000	-0.010984
-31.966667	-0.010685
-31.933333	-0.010174
-31.900000	-0.009447
-31.866667	-0.008503
-31.833333	-0.007351
-31.800000	-0.006005
-31.766667	-0.004487
-31.733333	-0.002817
-31.700000	-0.001024
-31.666667	0.000861
-31.633333	0.002797
-31.600000	0.004748
-31.566667	0.006676
-31.533333	0.008539
-31.500000	0.010284
-31.466667	0.011897
-31.433333	0.013333
-31.400000	0.014575
-31.366667	0.015604
-31.333333	0.016410
-31.300000	0.016959
-31.266667	0.017299
-31.233333	0.017417
-31.200000	0.017362
-31.166667	0.017174
-31.133333	0.016841
-31.100000	0.016396
-31.066667	0.015865
-31.033333	0.015256
-31.000000	0.014546
-30.966667	0.013753
-30.933333	0.012886
-30.900000	0.011948
-30.866667	0.010944
-30.833333	0.009875
-30.800000	0.008740
-30.766667	0.007546
-30.733333	0.006302
-30.700000	0.005009
-30.666667	0.003668
-30.633333	0.002278
-30.600000	0.000846
-30.566667	-0.000619
-30.533333	-0.002091
-30.500000	-0.003558
-30.466667	-0.005017
-30.433333	-0.006401
-30.400000	-0.007734
-30.366667	-0.008987
-30.333333	-0.010151
-30.300000	-0.011215
-30.266667	-0.012135
-30.233333	-0.012895
-30.200000	-0.013486
-30.166667	-0.013919
-30.133333	-0.014205
-30.100000	-0.014343
-30.066667	-0.014333
-30.033333	-0.014213
-30.000000	-0.014002
-29.966667	-0.013703
-29.933333	-0.013320
-29.900000	-0.012870
-29.866667	-0.012370
-29.833333	-0.011844
-29.800000	-0.011325
-29.766667	-0.010778
-29.733333	-0.010241
-29.700000	-0.009709
-29.666667	-0.009182
-29.633333	-0.008660
-29.600000	-0.008144
-29.566667	-0.007631
-29.533333	-0.007121
-29.500000	-0.006624
-29.466667	-0.006139
-29.433333	-0.005652
-29.400000	-0.005228
-29.366667	-0.004838
-29.333333	-0.004493
-29.300000	-0.004178
-29.266667	-0.003888
-29.233333	-0.003630
-29.200000	-0.003413
-29.166667	-0.003239
-29.133333	-0.003120
-29.100000	-0.003064
-29.066667	-0.003073
-29.033333	-0.003163
-29.000000	-0.003335
-28.966667	-0.003593
-28.933333	-0.003944
-28.900000	-0.004399
-28.866667	-0.004970
-28.833333	-0.005662
-28.800000	-0.006468
-28.766667	-0.007356
-28.733333	-0.008363
-28.700000	-0.009452
-28.666667	-0.010638
-28.633333	-0.011885
-28.600000	-0.013204
-28.566667	-0.014572
-28.533333	-0.015989
-28.500000	-0.017411
-28.466667	-0.018850
-28.433333	-0.020273
-28.400000	-0.021639
-28.366667	-0.022903
-28.333333	-0.024021
-28.300000	-0.024957
-28.266667	-0.025699
-28.233333	-0.026228
-28.200000	-0.026533
-28.166667	-0.026604
-28.133333	-0.026441
-28.100000	-0.026049
-28.066667	-0.025446
-28.033333	-0.024649
-28.000000	-0.023680
-27.966667	-0.022572
-27.933333	-0.021353
-27.900000	-0.020051
-27.866667	-0.018690
-27.833333	-0.017289
-27.800000	-0.015860
-27.766667	-0.014424
-27.733333	-0.013016
-27.700000	-0.011667
-27.666667	-0.010393
-27.633333	-0.009198
-27.600000	-0.008123
-27.566667	-0.007162
-27.533333	-0.006329
-27.500000	-0.005607
-27.466667	-0.005013
-27.433333	-0.004506
-27.400000	-0.004075
-27.366667	-0.003705
-27.333333	-0.003373
-27.300000	-0.003095
-27.266667	-0.002851
-27.233333	-0.002634
-27.200000	-0.002442
-27.166667	-0.002275
-27.133333	-0.002131
-27.100000	-0.002009
-27.066667	-0.001896
-27.033333	-0.001791
-27.000000	-0.001719
-26.966667	-0.001679
-26.933333	-0.001639
-26.900000	-0.001586
-26.866667	-0.001511
-26.833333	-0.001396
-26.800000	-0.001219
-26.766667	-0.000977
-26.733333	-0.000653
-26.700000	-0.000227
-26.666667	0.000312
-26.633333	0.000975
-26.600000	0.001776
-26.566667	0.002713
-26.533333	0.003779
-26.500000	0.004974
-26.466667	0.006304
-26.433333	0.007724
-26.400000	0.009266
-26.366667	0.010911
-26.333333	0.012657
-26.300000	0.014466
-26.266667	0.016329
-26.233333	0.018193
-26.200000	0.020035
-26.166667	0.021799
-26.133333	0.023470
-26.100000	0.025008
-26.066667	0.026374
-26.033333	0.027521
-26.000000	0.028425
-25.966667	0.029101
-25.933333	0.029552
-25.900000	0.029771
-25.866667	0.029754
-25.833333	0.029527
-25.800000	0.029109
-25.766667	0.028517
-25.733333	0.027777
-25.700000	0.026907
-25.666667	0.025925
-25.633333	0.024858
-25.600000	0.023732
-25.566667	0.022562
-25.533333	0.021369
-25.500000	0.020179
-25.466667	0.019008
-25.433333	0.017836
-25.400000	0.016681
-25.366667	0.015562
-25.333333	0.014427
-25.300000	0.013278
-25.266667	0.012107
-25.233333	0.010909
-25.200000	0.009661
-25.166667	0.008306
-25.133333	0.006901
-25.100000	0.005403
-25.066667	0.003799
-25.033333	0.002087
-25.000000	0.000273
-24.966667	-0.001649
-24.933333	-0.003655
-24.900000	-0.005744
-24.866667	-0.007931
-24.833333	-0.010200
-24.800000	-0.012528
-24.766667	-0.014905
-24.733333	-0.017321
-24.700000	-0.019751
-24.666667	-0.022160
-24.633333	-0.024523
-24.600000	-0.026825
-24.566667	-0.029047
-24.533333	-0.031168
-24.500000	-0.033172
-24.466667	-0.035046
-24.433333	-0.036789
-24.400000	-0.038397
-24.366667	-0.039831
-24.333333	-0.041155
-24.300000	-0.042298
-24.266667	-0.043283
-24.233333	-0.044118
-24.200000	-0.044821
-24.166667	-0.045392
-24.133333	-0.045803
-24.100000	-0.046115
-24.066667	-0.046344
-24.033333	-0.046472
-24.000000	-0.046509
-23.966667	-0.046488
-23.933333	-0.046386
-23.900000	-0.046242
-23.866667	-0.046063
-23.833333	-0.045841
-23.800000	-0.045574
-23.766667	-0.045271
-23.733333	-0.044925
-23.700000	-0.044528
-23.666667	-0.044069
-23.633333	-0.043560
-23.600000	-0.043000
-23.566667	-0.042386
-23.533333	-0.041724
-23.500000	-0.041000
-23.466667	-0.040219
-23.433333	-0.039397
-23.400000	-0.038531
-23.366667	-0.037621
-23.333333	-0.036657
-23.300000	-0.035639
-23.266667	-0.034571
-23.233333	-0.033446
-23.200000	-0.032260
-23.166667	-0.031010
-23.133333	-0.029722
-23.100000	-0.028360
-23.066667	-0.026952
-23.033333	-0.025470
-23.000000	-0.023935
-22.966667	-0.022341
-22.933333	-0.020654
-22.900000	-0.018874
-22.866667	-0.016977
-22.833333	-0.014948
-22.800000	-0.012776
-22.766667	-0.010450
-22.733333	-0.007960
-22.700000	-0.005304
-22.666667	-0.002478
-22.633333	0.000509
-22.600000	0.003644
-22.566667	0.006909
-22.533333	0.010281
-22.500000	0.013745
-22.466667	0.017254
-22.433333	0.020773
-22.400000	0.024280
-22.366667	0.027731
-22.333333	0.031088
-22.300000	0.034307
-22.266667	0.037363
-22.233333	0.040222
-22.200000	0.042854
-22.166667	0.045228
-22.133333	0.047334
-22.100000	0.049181
-22.066667	0.050732
-22.033333	0.052018
-22.000000	0.053042
-21.966667	0.053811
-21.933333	0.054344
-21.900000	0.054659
-21.866667	0.054796
-21.833333	0.054780
-21.800000	0.054636
-21.766667	0.054402
-21.733333	0.054091
-21.700000	0.053712
-21.666667	0.053281
-21.633333	0.052802
-21.600000	0.052283
-21.566667	0.051725
-21.533333	0.051125
-21.500000	0.050482
-21.466667	0.049791
-21.433333	0.049069
-21.400000	0.048321
-21.366667	0.047538
-21.333333	0.046729
-21.300000	0.045896
-21.266667	0.045045
-21.233333	0.044181
-21.200000	0.043311
-21.166667	0.042453
-21.133333	0.041598
-21.100000	0.040779
-21.066667	0.039996
-21.033333	0.039257
-21.000000	0.038551
-20.966667	0.037906
-20.933333	0.037315
-20.900000	0.036777
-20.866667	0.036331
-20.833333	0.035959
-20.800000	0.035644
-20.766667	0.035367
-20.733333	0.035108
-20.700000	0.034850
-20.666667	0.034588
-20.633333	0.034307
-20.600000	0.034001
-20.566667	0.033658
-20.533333	0.033261
-20.500000	0.032803
-20.466667	0.032273
-20.433333	0.031675
-20.400000	0.031009
-20.366667	0.030250
-20.333333	0.029428
-20.300000	0.028534
-20.266667	0.027585
-20.233333	0.026592
-20.200000	0.025574
-20.166667	0.024554
-20.133333	0.023549
-20.100000	0.022609
-20.066667	0.021738
-20.033333	0.020972
-20.000000	0.020334
-19.966667	0.019856
-19.933333	0.019505
-19.900000	0.019294
-19.866667	0.019222
-19.833333	0.019267
-19.800000	0.019388
-19.766667	0.019572
-19.733333	0.019790
-19.700000	0.020011
-19.666667	0.020203
-19.633333	0.020341
-19.600000	0.020402
-19.566667	0.020361
-19.533333	0.020201
-19.500000	0.019915
-19.466667	0.019502
-19.433333	0.018970
-19.400000	0.018325
-19.366667	0.017566
-19.333333	0.016733
-19.300000	0.015836
-19.266667	0.014912
-19.233333	0.013994
-19.200000	0.013118
-19.166667	0.012320
-19.133333	0.011636
-19.100000	0.011099
-19.066667	0.010719
-19.033333	0.010500
-19.000000	0.010431
-18.966667	0.010492
-18.933333	0.010678
-18.900000	0.010950
-18.866667	0.011276
-18.833333	0.011669
-18.800000	0.012010
-18.766667	0.012285
-18.733333	0.012450
-18.700000	0.012440
-18.666667	0.012265
-18.633333	0.011904
-18.600000	0.011356
-18.566667	0.010621
-18.533333	0.009710
-18.500000	0.008646
-18.466667	0.007455
-18.433333	0.006170
-18.400000	0.004824
-18.366667	0.003456
-18.333333	0.002110
-18.300000	0.000820
-18.266667	-0.000385
-18.233333	-0.001519
-18.200000	-0.002578
-18.166667	-0.003555
-18.133333	-0.004440
-18.100000	-0.005234
-18.066667	-0.005954
-18.033333	-0.006607
-18.000000	-0.007204
-17.966667	-0.007758
-17.933333	-0.008295
-17.900000	-0.008835
-17.866667	-0.009402
-17.833333	-0.009998
-17.800000	-0.010692
-17.766667	-0.011442
-17.733333	-0.012253
-17.700000	-0.013118
-17.666667	-0.013972
-17.633333	-0.014800
-17.600000	-0.015562
-17.566667	-0.016213
-17.533333	-0.016709
-17.500000	-0.017011
-17.466667	-0.017072
-17.433333	-0.016896
-17.400000	-0.016483
-17.366667	-0.015801
-17.333333	-0.014883
-17.300000	-0.013746
-17.266667	-0.012427
-17.233333	-0.010970
-17.200000	-0.009403
-17.166667	-0.007751
-17.133333	-0.006047
-17.100000	-0.004350
-17.066667	-0.002727
-17.033333	-0.001207
-17.000000	0.000134
-16.966667	0.001264
-16.933333	0.002167
-16.900000	0.002841
-16.866667	0.003260
-16.833333	0.003441
-16.800000	0.003384
-16.766667	0.003109
-16.733333	0.002645
-16.700000	0.002017
-16.666667	0.001260
-16.633333	0.000418
-16.600000	-0.000491
-16.566667	-0.001423
-16.533333	-0.002347
-16.500000	-0.003234
-16.466667	-0.004055
-16.433333	-0.004811
-16.400000	-0.005468
-16.366667	-0.006000
-16.333333	-0.006439
-16.300000	-0.006764
-16.266667	-0.006997
-16.233333	-0.007127
-16.200000	-0.007185
-16.166667	-0.007191
-16.133333	-0.007141
-16.100000	-0.007064
-16.066667	-0.006963
-16.033333	-0.006833
-16.000000	-0.006702
-15.966667	-0.006549
-15.933333	-0.006380
-15.900000	-0.006193
-15.866667	-0.005986
-15.833333	-0.005758
-15.800000	-0.005510
-15.766667	-0.005244
-15.733333	-0.004971
-15.700000	-0.004688
-15.666667	-0.004375
-15.633333	-0.004027
-15.600000	-0.003672
-15.566667	-0.003315
-15.533333	-0.002946
-15.500000	-0.002578
-15.466667	-0.002230
-15.433333	-0.001920
-15.400000	-0.001669
-15.366667	-0.001487
-15.333333	-0.001393
-15.300000	-0.001393
-15.266667	-0.001494
-15.233333	-0.001680
-15.200000	-0.001978
-15.166667	-0.002375
-15.133333	-0.002845
-15.100000	-0.003397
-15.066667	-0.004017
-15.033333	-0.004701
-15.000000	-0.005443
-14.966667	-0.006234
-14.933333	-0.007065
-14.900000	-0.007910
-14.866667	-0.008742
-14.833333	-0.009555
-14.800000	-0.010367
-14.766667	-0.011144
-14.733333	-0.011910
-14.700000	-0.012628
-14.666667	-0.013281
-14.633333	-0.013909
-14.600000	-0.014499
-14.566667	-0.015040
-14.533333	-0.015509
-14.500000	-0.015913
-14.466667	-0.016238
-14.433333	-0.016472
-14.400000	-0.016603
-14.366667	-0.016625
-14.333333	-0.016539
-14.300000	-0.016344
-14.266667	-0.016036
-14.233333	-0.015607
-14.200000	-0.015060
-14.166667	-0.014420
-14.133333	-0.013665
-14.100000	-0.012812
-14.066667	-0.011866
-14.033333	-0.010840
-14.000000	-0.009750
-13.966667	-0.008619
-13.933333	-0.007467
-13.900000	-0.006311
-13.866667	-0.005177
-13.833333	-0.004110
-13.800000	-0.003141
-13.766667	-0.002265
-13.733333	-0.001517
-13.700000	-0.000872
-13.666667	-0.000352
-13.633333	0.000031
-13.600000	0.000305
-13.566667	0.000459
-13.533333	0.000504
-13.500000	0.000451
-13.466667	0.000306
-13.433333	0.000093
-13.400000	-0.000186
-13.366667	-0.000523
-13.333333	-0.000905
-13.300000	-0.001321
-13.266667	-0.001761
-13.233333	-0.002204
-13.200000	-0.002646
-13.166667	-0.003096
-13.133333	-0.003533
-13.100000	-0.003977
-13.066667	-0.004395
-13.033333	-0.004797
-13.000000	-0.005221
-12.966667	-0.005663
-12.933333	-0.006093
-12.900000	-0.006506
-12.866667	-0.006915
-12.833333	-0.007312
-12.800000	-0.007684
-12.766667	-0.008014
-12.733333	-0.008286
-12.700000	-0.008504
-12.666667	-0.008669
-12.633333	-0.008776
-12.600000	-0.008823
-12.566667	-0.008816
-12.533333	-0.008759
-12.500000	-0.008650
-12.466667	-0.008482
-12.433333	-0.008250
-12.400000	-0.007975
-12.366667	-0.007674
-12.333333	-0.007343
-12.300000	-0.007002
-12.266667	-0.006655
-12.233333	-0.006313
-12.200000	-0.006004
-12.166667	-0.005726
-12.133333	-0.005496
-12.100000	-0.005288
-12.066667	-0.005096
-12.033333	-0.004946
-12.000000	-0.004843
-11.966667	-0.004744
-11.933333	-0.004620
-11.900000	-0.004522
-11.866667	-0.004433
-11.833333	-0.004343
-11.800000	-0.004252
-11.766667	-0.004168
-11.733333	-0.004078
-11.700000	-0.004004
-11.666667	-0.003940
-11.633333	-0.003893
-11.600000	-0.003869
-11.566667	-0.003875
-11.533333	-0.003917
-11.500000	-0.003995
-11.466667	-0.004111
-11.433333	-0.004281
-11.400000	-0.004521
-11.366667	-0.004826
-11.333333	-0.005178
-11.300000	-0.005588
-11.266667	-0.006056
-11.233333	-0.006567
-11.200000	-0.007111
-11.166667	-0.007660
-11.133333	-0.008211
-11.100000	-0.008738
-11.066667	-0.009224
-11.033333	-0.009658
-11.000000	-0.010024
-10.966667	-0.010301
-10.933333	-0.010477
-10.900000	-0.010575
-10.866667	-0.010553
-10.833333	-0.010430
-10.800000	-0.010194
-10.766667	-0.009860
-10.733333	-0.009458
-10.700000	-0.009017
-10.666667	-0.008523
-10.633333	-0.008024
-10.600000	-0.007531
-10.566667	-0.007078
-10.533333	-0.006693
-10.500000	-0.006380
-10.466667	-0.006176
-10.433333	-0.006088
-10.400000	-0.006119
-10.366667	-0.006265
-10.333333	-0.006548
-10.300000	-0.006957
-10.266667	-0.007474
-10.233333	-0.008068
-10.200000	-0.008718
-10.166667	-0.009388
-10.133333	-0.010039
-10.100000	-0.010635
-10.066667	-0.011144
-10.033333	-0.011543
-10.000000	-0.011809
-9.966667	-0.011931
-9.933333	-0.011921
-9.900000	-0.011783
-9.866667	-0.011504
-9.833333	-0.011103
-9.800000	-0.010603
-9.766667	-0.010044
-9.733333	-0.009455
-9.700000	-0.008836
-9.666667	-0.008197
-9.633333	-0.007582
-9.600000	-0.007003
-9.566667	-0.006490
-9.533333	-0.006046
-9.500000	-0.005679
-9.466667	-0.005423
-9.433333	-0.005274
-9.400000	-0.005250
-9.366667	-0.005349
-9.333333	-0.005564
-9.300000	-0.005867
-9.266667	-0.006225
-9.233333	-0.006618
-9.200000	-0.007027
-9.166667	-0.007428
-9.133333	-0.007798
-9.100000	-0.008132
-9.066667	-0.008429
-9.033333	-0.008689
-9.000000	-0.008921
-8.966667	-0.009139
-8.933333	-0.009361
-8.900000	-0.009586
-8.866667	-0.009825
-8.833333	-0.010093
-8.800000	-0.010399
-8.766667	-0.010735
-8.733333	-0.011111
-8.700000	-0.011518
-8.666667	-0.011952
-8.633333	-0.012386
-8.600000	-0.012826
-8.566667	-0.013251
-8.533333	-0.013662
-8.500000	-0.014040
-8.466667	-0.014383
-8.433333	-0.014692
-8.400000	-0.014941
-8.366667	-0.015115
-8.333333	-0.015211
-8.300000	-0.015208
-8.266667	-0.015088
-8.233333	-0.014864
-8.200000	-0.014523
-8.166667	-0.014061
-8.133333	-0.013493
-8.100000	-0.012835
-8.066667	-0.012108
-8.033333	-0.011335
-8.000000	-0.010537
-7.966667	-0.009738
-7.933333	-0.008976
-7.900000	-0.008259
-7.866667	-0.007611
-7.833333	-0.007042
-7.800000	-0.006551
-7.766667	-0.006155
-7.733333	-0.005880
-7.700000	-0.005700
-7.666667	-0.005613
-7.633333	-0.005632
-7.600000	-0.005750
-7.566667	-0.005962
-7.533333	-0.006267
-7.500000	-0.006645
-7.466667	-0.007103
-7.433333	-0.007637
-7.400000	-0.008197
-7.366667	-0.008832
-7.333333	-0.009476
-7.300000	-0.010120
-7.266667	-0.010741
-7.233333	-0.011335
-7.200000	-0.011876
-7.166667	-0.012364
-7.133333	-0.012798
-7.100000	-0.013168
-7.066667	-0.013476
-7.033333	-0.013724
-7.000000	-0.013914
-6.966667	-0.014056
-6.933333	-0.014144
-6.900000	-0.014172
-6.866667	-0.014148
-6.833333	-0.014070
-6.800000	-0.013944
-6.766667	-0.013786
-6.733333	-0.013596
-6.700000	-0.013361
-6.666667	-0.013093
-6.633333	-0.012779
-6.600000	-0.012416
-6.566667	-0.012022
-6.533333	-0.011591
-6.500000	-0.011130
-6.466667	-0.010654
-6.433333	-0.010169
-6.400000	-0.009673
-6.366667	-0.009206
-6.333333	-0.008728
-6.300000	-0.008280
-6.266667	-0.007850
-6.233333	-0.007419
-6.200000	-0.006995
-6.166667	-0.006572
-6.133333	-0.006165
-6.100000	-0.005783
-6.066667	-0.005427
-6.033333	-0.005135
-6.000000	-0.004921
-5.966667	-0.004785
-5.933333	-0.004722
-5.900000	-0.004732
-5.866667	-0.004823
-5.833333	-0.005024
-5.800000	-0.005303
-5.766667	-0.005660
-5.733333	-0.006081
-5.700000	-0.006549
-5.666667	-0.007049
-5.633333	-0.007574
-5.600000	-0.008137
-5.566667	-0.008720
-5.533333	-0.009323
-5.500000	-0.009948
-5.466667	-0.010584
-5.433333	-0.011218
-5.400000	-0.011840
-5.366667	-0.012447
-5.333333	-0.013036
-5.300000	-0.013581
-5.266667	-0.014045
-5.233333	-0.014410
-5.200000	-0.014704
-5.166667	-0.014920
-5.133333	-0.015057
-5.100000	-0.015136
-5.066667	-0.015141
-5.033333	-0.015125
-5.000000	-0.015064
-4.966667	-0.014949
-4.933333	-0.014806
-4.900000	-0.014636
-4.866667	-0.014438
-4.833333	-0.014259
-4.800000	-0.014043
-4.766667	-0.013830
-4.733333	-0.013602
-4.700000	-0.013382
-4.666667	-0.013156
-4.633333	-0.012935
-4.600000	-0.012715
-4.566667	-0.012492
-4.533333	-0.012259
-4.500000	-0.012010
-4.466667	-0.011743
-4.433333	-0.011483
-4.400000	-0.011207
-4.366667	-0.010930
-4.333333	-0.010668
-4.300000	-0.010420
-4.266667	-0.010169
-4.233333	-0.009961
-4.200000	-0.009800
-4.166667	-0.009680
-4.133333	-0.009592
-4.100000	-0.009555
-4.066667	-0.009563
-4.033333	-0.009624
-4.000000	-0.009724
-3.966667	-0.009862
-3.933333	-0.010047
-3.900000	-0.010256
-3.866667	-0.010482
-3.833333	-0.010750
-3.800000	-0.010994
-3.766667	-0.011250
-3.733333	-0.011504
-3.700000	-0.011759
-3.666667	-0.011963
-3.633333	-0.012176
-3.600000	-0.012315
-3.566667	-0.012394
-3.533333	-0.012442
-3.500000	-0.012459
-3.466667	-0.012428
-3.433333	-0.012353
-3.400000	-0.012220
-3.366667	-0.012073
-3.333333	-0.011932
-3.300000	-0.011797
-3.266667	-0.011648
-3.233333	-0.011513
-3.200000	-0.011386
-3.166667	-0.011272
-3.133333	-0.011157
-3.100000	-0.011052
-3.066667	-0.010950
-3.033333	-0.010834
-3.000000	-0.010704
-2.966667	-0.010538
-2.933333	-0.010318
-2.900000	-0.010025
-2.866667	-0.009661
-2.833333	-0.009221
-2.800000	-0.008686
-2.766667	-0.008079
-2.733333	-0.007392
-2.700000	-0.006626
-2.666667	-0.005782
-2.633333	-0.004895
-2.600000	-0.003919
-2.566667	-0.002949
-2.533333	-0.001988
-2.500000	-0.001069
-2.466667	-0.000176
-2.433333	0.000637
-2.400000	0.001332
-2.366667	0.001888
-2.333333	0.002291
-2.300000	0.002538
-2.266667	0.002615
-2.233333	0.002514
-2.200000	0.002264
-2.166667	0.001892
-2.133333	0.001399
-2.100000	0.000800
-2.066667	0.000130
-2.033333	-0.000587
-2.000000	-0.001316
-1.966667	-0.002034
-1.933333	-0.002723
-1.900000	-0.003369
-1.866667	-0.003964
-1.833333	-0.004489
-1.800000	-0.004912
-1.766667	-0.005236
-1.733333	-0.005467
-1.700000	-0.005602
-1.666667	-0.005641
-1.633333	-0.005595
-1.600000	-0.005483
-1.566667	-0.005328
-1.533333	-0.005133
-1.500000	-0.004928
-1.466667	-0.004678
-1.433333	-0.004413
-1.400000	-0.004124
-1.366667	-0.003802
-1.333333	-0.003442
-1.300000	-0.003054
-1.266667	-0.002625
-1.233333	-0.002138
-1.200000	-0.001586
-1.166667	-0.000999
-1.133333	-0.000396
-1.100000	0.000229
-1.066667	0.000867
-1.033333	0.001519
-1.000000	0.002158
-0.966667	0.002784
-0.933333	0.003389
-0.900000	0.003974
-0.866667	0.004534
-0.833333	0.005070
-0.800000	0.005583
-0.766667	0.006045
-0.733333	0.006446
-0.700000	0.006781
-0.666667	0.007035
-0.633333	0.007190
-0.600000	0.007230
-0.566667	0.007149
-0.533333	0.006955
-0.500000	0.006653
-0.466667	0.006252
-0.433333	0.005776
-0.400000	0.005228
-0.366667	0.004630
-0.333333	0.004007
-0.300000	0.003353
-0.266667	0.002703
-0.233333	0.002055
-0.200000	0.001403
-0.166667	0.000791
-0.133333	0.000196
-0.100000	-0.000364
-0.066667	-0.000893
-0.033333	-0.001381
-0.000000	-0.001829
0.033333	-0.002213
0.066667	-0.002537
0.100000	-0.002798
0.133333	-0.003006
0.166667	-0.003177
0.200000	-0.003327
0.233333	-0.003473
0.266667	-0.003631
0.300000	-0.003822
0.333333	-0.004066
0.366667	-0.004372
0.400000	-0.004735
0.433333	-0.005146
0.466667	-0.005600
0.500000	-0.006091
0.533333	-0.006601
0.566667	-0.007094
0.600000	-0.007574
0.633333	-0.008007
0.666667	-0.008382
0.700000	-0.008707
0.733333	-0.008962
0.766667	-0.009149
0.800000	-0.009290
0.833333	-0.009321
0.866667	-0.009293
0.900000	-0.009216
0.933333	-0.009080
0.966667	-0.008892
1.000000	-0.008648
1.033333	-0.008379
1.066667	-0.008090
1.100000	-0.007799
1.133333	-0.007523
1.166667	-0.007275
1.200000	-0.007060
1.233333	-0.006884
1.266667	-0.006747
1.300000	-0.006648
1.333333	-0.006584
1.366667	-0.006540
1.400000	-0.006508
1.433333	-0.006486
1.466667	-0.006477
1.500000	-0.006471
1.533333	-0.006463
1.566667	-0.006456
1.600000	-0.006463
1.633333	-0.006465
1.666667	-0.006478
1.700000	-0.006498
1.733333	-0.006523
1.766667	-0.006544
1.800000	-0.006577
1.833333	-0.006571
1.866667	-0.006580
1.900000	-0.006604
1.933333	-0.006616
1.966667	-0.006636
2.000000	-0.006635
2.033333	-0.006618
2.066667	-0.006578
2.100000	-0.006519
2.133333	-0.006419
2.166667	-0.006268
2.200000	-0.006060
2.233333	-0.005791
2.266667	-0.005461
2.300000	-0.005058
2.333333	-0.004594
2.366667	-0.004069
2.400000	-0.003483
2.433333	-0.002849
2.466667	-0.002169
2.500000	-0.001454
2.533333	-0.000716
2.566667	0.000034
2.600000	0.000798
2.633333	0.001553
2.666667	0.002288
2.700000	0.002999
2.733333	0.003667
2.766667	0.004285
2.800000	0.004857
2.833333	0.005375
2.866667	0.005802
2.900000	0.006196
2.933333	0.006506
2.966667	0.006765
3.000000	0.006985
3.033333	0.007149
3.066667	0.007225
3.100000	0.007251
3.133333	0.007239
3.166667	0.007178
3.200000	0.007061
3.233333	0.006891
3.266667	0.006675
3.300000	0.006420
3.333333	0.006109
3.366667	0.005772
3.400000	0.005398
3.433333	0.004992
3.466667	0.004562
3.500000	0.004102
3.533333	0.003606
3.566667	0.003103
3.600000	0.002589
3.633333	0.002070
3.666667	0.001581
3.700000	0.001114
3.733333	0.000676
3.766667	0.000286
3.800000	-0.000029
3.833333	-0.000270
3.866667	-0.000439
3.900000	-0.000511
3.933333	-0.000540
3.966667	-0.000466
4.000000	-0.000318
4.033333	-0.000114
4.066667	0.000124
4.100000	0.000450
4.133333	0.000813
4.166667	0.001204
4.200000	0.001613
4.233333	0.002025
4.266667	0.002421
4.300000	0.002776
4.333333	0.003083
4.366667	0.003365
4.400000	0.003565
4.433333	0.003703
4.466667	0.003775
4.500000	0.003779
4.533333	0.003717
4.566667	0.003607
4.600000	0.003445
4.633333	0.003241
4.666667	0.002996
4.700000	0.002710
4.733333	0.002399
4.766667	0.002061
4.800000	0.001724
4.833333	0.001370
4.866667	0.001000
4.900000	0.000622
4.933333	0.000242
4.966667	-0.000131
5.000000	-0.000489
5.033333	-0.000862
5.066667	-0.001227
5.100000	-0.001580
5.133333	-0.001948
5.166667	-0.002309
5.200000	-0.002669
5.233333	-0.003049
5.266667	-0.003427
5.300000	-0.003799
5.333333	-0.004150
5.366667	-0.004478
5.400000	-0.004805
5.433333	-0.005093
5.466667	-0.005351
5.500000	-0.005579
5.533333	-0.005782
5.566667	-0.005952
5.600000	-0.006087
5.633333	-0.006192
5.666667	-0.006258
5.700000	-0.006288
5.733333	-0.006284
5.766667	-0.006262
5.800000	-0.006203
5.833333	-0.006121
5.866667	-0.006001
5.900000	-0.005852
5.933333	-0.005700
5.966667	-0.005538
6.000000	-0.005339
6.033333	-0.005176
6.066667	-0.004971
6.100000	-0.004764
6.133333	-0.004553
6.166667	-0.004337
6.200000	-0.004106
6.233333	-0.003870
6.266667	-0.003619
6.300000	-0.003373
6.333333	-0.003128
6.366667	-0.002878
6.400000	-0.002633
6.433333	-0.002390
6.466667	-0.002152
6.500000	-0.001923
6.533333	-0.001713
6.566667	-0.001522
6.600000	-0.001347
6.633333	-0.001156
6.666667	-0.001004
6.700000	-0.000882
6.733333	-0.000779
6.766667	-0.000695
6.800000	-0.000639
6.833333	-0.000606
6.866667	-0.000595
6.900000	-0.000623
6.933333	-0.000694
6.966667	-0.000785
7.000000	-0.000895
7.033333	-0.001054
7.066667	-0.001215
7.100000	-0.001415
7.133333	-0.001647
7.166667	-0.001891
7.200000	-0.002149
7.233333	-0.002429
7.266667	-0.002738
7.300000	-0.003053
7.333333	-0.003373
7.366667	-0.003687
7.400000	-0.003997
7.433333	-0.004289
7.466667	-0.004561
7.500000	-0.004811
7.533333	-0.005033
7.566667	-0.005213
7.600000	-0.005344
7.633333	-0.005424
7.666667	-0.005494
7.700000	-0.005498
7.733333	-0.005491
7.766667	-0.005404
7.800000	-0.005309
7.833333	-0.005174
7.866667	-0.005009
7.900000	-0.004820
7.933333	-0.004611
7.966667	-0.004387
8.000000	-0.004155
8.033333	-0.003920
8.066667	-0.003686
8.100000	-0.003460
8.133333	-0.003249
8.166667	-0.003063
8.200000	-0.002892
8.233333	-0.002740
8.266667	-0.002620
8.300000	-0.002525
8.333333	-0.002452
8.366667	-0.002421
8.400000	-0.002420
8.433333	-0.002463
8.466667	-0.002556
8.500000	-0.002707
8.533333	-0.002926
8.566667	-0.003218
8.600000	-0.003587
8.633333	-0.004028
8.666667	-0.004544
8.700000	-0.005139
8.733333	-0.005831
8.766667	-0.006527
8.800000	-0.007333
8.833333	-0.008175
8.866667	-0.009069
8.900000	-0.009998
8.933333	-0.010939
8.966667	-0.011890
9.000000	-0.012812
9.033333	-0.013695
9.066667	-0.014534
9.100000	-0.015280
9.133333	-0.015942
9.166667	-0.016493
9.200000	-0.016917
9.233333	-0.017227
9.266667	-0.017416
9.300000	-0.017492
9.333333	-0.017445
9.366667	-0.017300
9.400000	-0.017041
9.433333	-0.016700
9.466667	-0.016299
9.500000	-0.015837
9.533333	-0.015352
9.566667	-0.014847
9.600000	-0.014335
9.633333	-0.013832
9.666667	-0.013356
9.700000	-0.012915
9.733333	-0.012517
9.766667	-0.012155
9.800000	-0.011863
9.833333	-0.011617
9.866667	-0.011422
9.900000	-0.011263
9.933333	-0.011131
9.966667	-0.011025
10.000000	-0.010921
10.033333	-0.010831
10.066667	-0.010742
10.100000	-0.010628
10.133333	-0.010514
10.166667	-0.010375
10.200000	-0.010218
10.233333	-0.010033
10.266667	-0.009823
10.300000	-0.009592
10.333333	-0.009323
10.366667	-0.009031
10.400000	-0.008717
10.433333	-0.008394
10.466667	-0.008068
10.500000	-0.007731
10.533333	-0.007406
10.566667	-0.007079
10.600000	-0.006754
10.633333	-0.006434
10.666667	-0.006120
10.700000	-0.005812
10.733333	-0.005512
10.766667	-0.005216
10.800000	-0.004925
10.833333	-0.004639
10.866667	-0.004357
10.900000	-0.004080
10.933333	-0.003806
10.966667	-0.003538
11.000000	-0.003276
11.033333	-0.003020
11.066667	-0.002769
11.100000	-0.002522
11.133333	-0.002279
11.166667	-0.002042
11.200000	-0.001812
11.233333	-0.001592
11.266667	-0.001387
11.300000	-0.001198
11.333333	-0.001025
11.366667	-0.000869
11.400000	-0.000728
11.433333	-0.000605
11.466667	-0.000498
11.500000	-0.000406
11.533333	-0.000326
11.566667	-0.000258
11.600000	-0.000200
11.633333	-0.000153
11.666667	-0.000115
11.700000	-0.000087
11.733333	-0.000067
11.766667	-0.000055
11.800000	-0.000050
11.833333	-0.000052
11.866667	-0.000060
11.900000	-0.000074
11.933333	-0.000093
11.966667	-0.000116
