-88.000000	-0.000006
-87.966667	-0.000006
-87.933333	-0.000006
-87.900000	-0.000006
-87.866667	-0.000005
-87.833333	-0.000004
-87.800000	-0.000004
-87.766667	-0.000002
-87.733333	-0.000001
-87.700000	0.000000
-87.666667	0.000002
-87.633333	0.000004
-87.600000	0.000005
-87.566667	0.000007
-87.533333	0.000009
-87.500000	0.000011
-87.466667	0.000012
-87.433333	0.000014
-87.400000	0.000015
-87.366667	0.000017
-87.333333	0.000018
-87.300000	0.000019
-87.266667	0.000020
-87.233333	0.000021
-87.200000	0.000021
-87.166667	0.000022
-87.133333	0.000022
-87.100000	0.000023
-87.066667	0.000023
-87.033333	0.000024
-87.000000	0.000025
-86.966667	0.000026
-86.933333	0.000027
-86.900000	0.000028
-86.866667	0.000030
-86.833333	0.000032
-86.800000	0.000034
-86.766667	0.000037
-86.733333	0.000039
-86.700000	0.000042
-86.666667	0.000045
-86.633333	0.000048
-86.600000	0.000051
-86.566667	0.000055
-86.533333	0.000057
-86.500000	0.000058
-86.466667	0.000058
-86.433333	0.000058
-86.400000	0.000053
-86.366667	0.000054
-86.333333	0.000053
-86.300000	0.000054
-86.266667	0.000051
-86.233333	0.000044
-86.200000	0.000026
-86.166667	0.000005
-86.133333	-0.000004
-86.100000	-0.000003
-86.066667	-0.000016
-86.033333	-0.000039
-86.000000	-0.000059
-85.966667	-0.000075
-85.933333	-0.000095
-85.900000	-0.000117
-85.866667	-0.000141
-85.833333	-0.000166
-85.800000	-0.000188
-85.766667	-0.000217
-85.733333	-0.000244
-85.700000	-0.000272
-85.666667	-0.000301
-85.633333	-0.000330
-85.600000	-0.000361
-85.566667	-0.000392
-85.533333	-0.000424
-85.500000	-0.000456
-85.466667	-0.000487
-85.433333	-0.000517
-85.400000	-0.000548
-85.366667	-0.000573
-85.333333	-0.000596
-85.300000	-0.000625
-85.266667	-0.000654
-85.233333	-0.000683
-85.200000	-0.000708
-85.166667	-0.000722
-85.133333	-0.000725
-85.100000	-0.000735
-85.066667	-0.000758
-85.033333	-0.000773
-85.000000	-0.000776
-84.966667	-0.000779
-84.933333	-0.000785
-84.900000	-0.000790
-84.866667	-0.000792
-84.833333	-0.000792
-84.800000	-0.000792
-84.766667	-0.000796
-84.733333	-0.000795
-84.700000	-0.000797
-84.666667	-0.000800
-84.633333	-0.000803
-84.600000	-0.000803
-84.566667	-0.000812
-84.533333	-0.000809
-84.500000	-0.000817
-84.466667	-0.000821
-84.433333	-0.000826
-84.400000	-0.000833
-84.366667	-0.000836
-84.333333	-0.000832
-84.300000	-0.000832
-84.266667	-0.000839
-84.233333	-0.000835
-84.200000	-0.000835
-84.166667	-0.000829
-84.133333	-0.000822
-84.100000	-0.000816
-84.066667	-0.000807
-84.033333	-0.000797
-84.000000	-0.000786
-83.966667	-0.000773
-83.933333	-0.000759
-83.900000	-0.000744
-83.866667	-0.000727
-83.833333	-0.000714
-83.800000	-0.000703
-83.766667	-0.000694
-83.733333	-0.000681
-83.700000	-0.000666
-83.666667	-0.000657
-83.633333	-0.000652
-83.600000	-0.000645
-83.566667	-0.000642
-83.533333	-0.000636
-83.500000	-0.000644
-83.466667	-0.000633
-83.433333	-0.000626
-83.400000	-0.000645
-83.366667	-0.000623
-83.333333	-0.000611
-83.300000	-0.000625
-83.266667	-0.000612
-83.233333	-0.000615
-83.200000	-0.000599
-83.166667	-0.000568
-83.133333	-0.000541
-83.100000	-0.000514
-83.066667	-0.000480
-83.033333	-0.000440
-83.000000	-0.000397
-82.966667	-0.000342
-82.933333	-0.000286
-82.900000	-0.000227
-82.866667	-0.000165
-82.833333	-0.000103
-82.800000	-0.000037
-82.766667	0.000032
-82.733333	0.000100
-82.700000	0.000162
-82.666667	0.000224
-82.633333	0.000274
-82.600000	0.000326
-82.566667	0.000370
-82.533333	0.000407
-82.500000	0.000442
-82.466667	0.000467
-82.433333	0.000483
-82.400000	0.000483
-82.366667	0.000510
-82.333333	0.000494
-82.300000	0.000476
-82.266667	0.000477
-82.233333	0.000448
-82.200000	0.000455
-82.166667	0.000442
-82.133333	0.000417
-82.100000	0.000391
-82.066667	0.000373
-82.033333	0.000359
-82.000000	0.000348
-81.966667	0.000340
-81.933333	0.000316
-81.900000	0.000308
-81.866667	0.000296
-81.833333	0.000289
-81.800000	0.000289
-81.766667	0.000289
-81.733333	0.000278
-81.700000	0.000261
-81.666667	0.000253
-81.633333	0.000240
-81.600000	0.000231
-81.566667	0.000213
-81.533333	0.000198
-81.500000	0.000179
-81.466667	0.000151
-81.433333	0.000132
-81.400000	0.000106
-81.366667	0.000076
-81.333333	0.000047
-81.300000	0.000017
-81.266667	-0.000011
-81.233333	-0.000039
-81.200000	-0.000066
-81.166667	-0.000093
-81.133333	-0.000121
-81.100000	-0.000144
-81.066667	-0.000156
-81.033333	-0.000164
-81.000000	-0.000183
-80.966667	-0.000188
-80.933333	-0.000195
-80.900000	-0.000183
-80.866667	-0.000177
-80.833333	-0.000161
-80.800000	-0.000139
-80.766667	-0.000127
-80.733333	-0.000116
-80.700000	-0.000096
-80.666667	-0.000067
-80.633333	-0.000040
-80.600000	-0.000012
-80.566667	0.000008
-80.533333	0.000033
-80.500000	0.000048
-80.466667	0.000051
-80.433333	0.000054
-80.400000	0.000056
-80.366667	0.000058
-80.333333	0.000062
-80.300000	0.000036
-80.266667	0.000017
-80.233333	-0.000005
-80.200000	-0.000033
-80.166667	-0.000067
-80.133333	-0.000105
-80.100000	-0.000145
-80.066667	-0.000185
-80.033333	-0.000233
-80.000000	-0.000288
-79.966667	-0.000327
-79.933333	-0.000384
-79.900000	-0.000436
-79.866667	-0.000489
-79.833333	-0.000541
-79.800000	-0.000592
-79.766667	-0.000647
-79.733333	-0.000697
-79.700000	-0.000750
-79.666667	-0.000804
-79.633333	-0.000854
-79.600000	-0.000902
-79.566667	-0.000955
-79.533333	-0.001006
-79.500000	-0.001063
-79.466667	-0.001115
-79.433333	-0.001157
-79.400000	-0.001191
-79.366667	-0.001226
-79.333333	-0.001266
-79.300000	-0.001311
-79.266667	-0.001335
-79.233333	-0.001363
-79.200000	-0.001377
-79.166667	-0.001404
-79.133333	-0.001418
-79.100000	-0.001430
-79.066667	-0.001435
-79.033333	-0.001439
-79.000000	-0.001448
-78.966667	-0.001438
-78.933333	-0.001437
-78.900000	-0.001429
-78.866667	-0.001417
-78.833333	-0.001402
-78.800000	-0.001391
-78.766667	-0.001376
-78.733333	-0.001363
-78.700000	-0.001350
-78.666667	-0.001336
-78.633333	-0.001317
-78.600000	-0.001289
-78.566667	-0.001275
-78.533333	-0.001255
-78.500000	-0.001233
-78.466667	-0.001224
-78.433333	-0.001198
-78.400000	-0.001183
-78.366667	-0.001167
-78.333333	-0.001156
-78.300000	-0.001145
-78.266667	-0.001141
-78.233333	-0.001133
-78.200000	-0.001120
-78.166667	-0.001125
-78.133333	-0.001129
-78.100000	-0.001126
-78.066667	-0.001125
-78.033333	-0.001136
-78.000000	-0.001141
-77.966667	-0.001143
-77.933333	-0.001147
-77.900000	-0.001145
-77.866667	-0.001151
-77.833333	-0.001143
-77.800000	-0.001139
-77.766667	-0.001125
-77.733333	-0.001111
-77.700000	-0.001088
-77.666667	-0.001062
-77.633333	-0.001030
-77.600000	-0.000992
-77.566667	-0.000963
-77.533333	-0.000912
-77.500000	-0.000871
-77.466667	-0.000832
-77.433333	-0.000775
-77.400000	-0.000729
-77.366667	-0.000684
-77.333333	-0.000638
-77.300000	-0.000592
-77.266667	-0.000552
-77.233333	-0.000513
-77.200000	-0.000473
-77.166667	-0.000443
-77.133333	-0.000425
-77.100000	-0.000387
-77.066667	-0.000369
-77.033333	-0.000354
-77.000000	-0.000334
-76.966667	-0.000323
-76.933333	-0.000306
-76.900000	-0.000297
-76.866667	-0.000291
-76.833333	-0.000268
-76.800000	-0.000267
-76.766667	-0.000250
-76.733333	-0.000238
-76.700000	-0.000225
-76.666667	-0.000210
-76.633333	-0.000192
-76.600000	-0.000173
-76.566667	-0.000155
-76.533333	-0.000132
-76.500000	-0.000110
-76.466667	-0.000087
-76.433333	-0.000061
-76.400000	-0.000033
-76.366667	-0.000011
-76.333333	0.000019
-76.300000	0.000047
-76.266667	0.000077
-76.233333	0.000108
-76.200000	0.000137
-76.166667	0.000169
-76.133333	0.000199
-76.100000	0.000238
-76.066667	0.000273
-76.033333	0.000313
-76.000000	0.000350
-75.966667	0.000385
-75.933333	0.000422
-75.900000	0.000460
-75.866667	0.000499
-75.833333	0.000541
-75.800000	0.000576
-75.766667	0.000618
-75.733333	0.000648
-75.700000	0.000681
-75.666667	0.000717
-75.633333	0.000738
-75.600000	0.000772
-75.566667	0.000790
-75.533333	0.000808
-75.500000	0.000821
-75.466667	0.000838
-75.433333	0.000845
-75.400000	0.000855
-75.366667	0.000863
-75.333333	0.000867
-75.300000	0.000867
-75.266667	0.000862
-75.233333	0.000846
-75.200000	0.000852
-75.166667	0.000854
-75.133333	0.000846
-75.100000	0.000845
-75.066667	0.000840
-75.033333	0.000835
-75.000000	0.000827
-74.966667	0.000818
-74.933333	0.000813
-74.900000	0.000810
-74.866667	0.000815
-74.833333	0.000802
-74.800000	0.000783
-74.766667	0.000786
-74.733333	0.000776
-74.700000	0.000764
-74.666667	0.000753
-74.633333	0.000734
-74.600000	0.000725
-74.566667	0.000698
-74.533333	0.000682
-74.500000	0.000663
-74.466667	0.000645
-74.433333	0.000619
-74.400000	0.000598
-74.366667	0.000570
-74.333333	0.000540
-74.300000	0.000510
-74.266667	0.000481
-74.233333	0.000456
-74.200000	0.000441
-74.166667	0.000404
-74.133333	0.000385
-74.100000	0.000356
-74.066667	0.000332
-74.033333	0.000311
-74.000000	0.000289
-73.966667	0.000269
-73.933333	0.000253
-73.900000	0.000239
-73.866667	0.000228
-73.833333	0.000206
-73.800000	0.000203
-73.766667	0.000210
-73.733333	0.000197
-73.700000	0.000196
-73.666667	0.000198
-73.633333	0.000200
-73.600000	0.000206
-73.566667	0.000220
-73.533333	0.000245
-73.500000	0.000275
-73.466667	0.000299
-73.433333	0.000319
-73.400000	0.000347
-73.366667	0.000384
-73.333333	0.000424
-73.300000	0.000467
-73.266667	0.000520
-73.233333	0.000578
-73.200000	0.000628
-73.166667	0.000676
-73.133333	0.000733
-73.100000	0.000784
-73.066667	0.000850
-73.033333	0.000909
-73.000000	0.000965
-72.966667	0.001016
-72.933333	0.001071
-72.900000	0.001130
-72.866667	0.001183
-72.833333	0.001232
-72.800000	0.001285
-72.766667	0.001333
-72.733333	0.001380
-72.700000	0.001426
-72.666667	0.001472
-72.633333	0.001522
-72.600000	0.001574
-72.566667	0.001629
-72.533333	0.001685
-72.500000	0.001735
-72.466667	0.001781
-72.433333	0.001840
-72.400000	0.001899
-72.366667	0.001972
-72.333333	0.002038
-72.300000	0.002109
-72.266667	0.002183
-72.233333	0.002252
-72.200000	0.002315
-72.166667	0.002383
-72.133333	0.002461
-72.100000	0.002534
-72.066667	0.002596
-72.033333	0.002652
-72.000000	0.002707
-71.966667	0.002763
-71.933333	0.002808
-71.900000	0.002843
-71.866667	0.002885
-71.833333	0.002902
-71.800000	0.002933
-71.766667	0.002950
-71.733333	0.002969
-71.700000	0.002985
-71.666667	0.003004
-71.633333	0.003026
-71.600000	0.003049
-71.566667	0.003090
-71.533333	0.003142
-71.500000	0.003211
-71.466667	0.003300
-71.433333	0.003411
-71.400000	0.003547
-71.366667	0.003714
-71.333333	0.003897
-71.300000	0.004107
-71.266667	0.004336
-71.233333	0.004582
-71.200000	0.004842
-71.166667	0.005107
-71.133333	0.005372
-71.100000	0.005632
-71.066667	0.005884
-71.033333	0.006101
-71.000000	0.006292
-70.966667	0.006430
-70.933333	0.006503
-70.900000	0.006517
-70.866667	0.006456
-70.833333	0.006291
-70.800000	0.006067
-70.766667	0.005752
-70.733333	0.005355
-70.700000	0.004871
-70.666667	0.004313
-70.633333	0.003683
-70.600000	0.002986
-70.566667	0.002238
-70.533333	0.001441
-70.500000	0.000614
-70.466667	-0.000235
-70.433333	-0.001091
-70.400000	-0.001943
-70.366667	-0.002785
-70.333333	-0.003583
-70.300000	-0.004353
-70.266667	-0.005075
-70.233333	-0.005745
-70.200000	-0.006346
-70.166667	-0.006899
-70.133333	-0.007384
-70.100000	-0.007803
-70.066667	-0.008152
-70.033333	-0.008449
-70.000000	-0.008667
-69.966667	-0.008818
-69.933333	-0.008880
-69.900000	-0.008863
-69.866667	-0.008771
-69.833333	-0.008565
-69.800000	-0.008270
-69.766667	-0.007880
-69.733333	-0.007405
-69.700000	-0.006844
-69.666667	-0.006195
-69.633333	-0.005477
-69.600000	-0.004702
-69.566667	-0.003858
-69.533333	-0.002963
-69.500000	-0.002021
-69.466667	-0.001041
-69.433333	-0.000062
-69.400000	0.000929
-69.366667	0.001895
-69.333333	0.002833
-69.300000	0.003705
-69.266667	0.004498
-69.233333	0.005216
-69.200000	0.005833
-69.166667	0.006342
-69.133333	0.006765
-69.100000	0.007085
-69.066667	0.007313
-69.033333	0.007442
-69.000000	0.007477
-68.966667	0.007455
-68.933333	0.007374
-68.900000	0.007245
-68.866667	0.007086
-68.833333	0.006911
-68.800000	0.006720
-68.766667	0.006547
-68.733333	0.006397
-68.700000	0.006280
-68.666667	0.006192
-68.633333	0.006147
-68.600000	0.006136
-68.566667	0.006173
-68.533333	0.006240
-68.500000	0.006344
-68.466667	0.006470
-68.433333	0.006605
-68.400000	0.006764
-68.366667	0.006913
-68.333333	0.007072
-68.300000	0.007215
-68.266667	0.007346
-68.233333	0.007476
-68.200000	0.007589
-68.166667	0.007665
-68.133333	0.007735
-68.100000	0.007773
-68.066667	0.007789
-68.033333	0.007774
-68.000000	0.007737
-67.966667	0.007702
-67.933333	0.007650
-67.900000	0.007601
-67.866667	0.007544
-67.833333	0.007480
-67.800000	0.007437
-67.766667	0.007391
-67.733333	0.007350
-67.700000	0.007307
-67.666667	0.007261
-67.633333	0.007214
-67.600000	0.007145
-67.566667	0.007074
-67.533333	0.007029
-67.500000	0.006944
-67.466667	0.006876
-67.433333	0.006800
-67.400000	0.006722
-67.366667	0.006643
-67.333333	0.006565
-67.300000	0.006487
-67.266667	0.006409
-67.233333	0.006335
-67.200000	0.006264
-67.166667	0.006187
-67.133333	0.006147
-67.100000	0.006107
-67.066667	0.006085
-67.033333	0.006073
-67.000000	0.006078
-66.966667	0.006105
-66.933333	0.006155
-66.900000	0.006223
-66.866667	0.006300
-66.833333	0.006404
-66.800000	0.006529
-66.766667	0.006673
-66.733333	0.006848
-66.700000	0.007049
-66.666667	0.007279
-66.633333	0.007535
-66.600000	0.007818
-66.566667	0.008139
-66.533333	0.008490
-66.500000	0.008831
-66.466667	0.009226
-66.433333	0.009618
-66.400000	0.010015
-66.366667	0.010412
-66.333333	0.010820
-66.300000	0.011192
-66.266667	0.011559
-66.233333	0.011868
-66.200000	0.012129
-66.166667	0.012316
-66.133333	0.012416
-66.100000	0.012415
-66.066667	0.012306
-66.033333	0.012084
-66.000000	0.011745
-65.966667	0.011292
-65.933333	0.010742
-65.900000	0.010080
-65.866667	0.009332
-65.833333	0.008511
-65.800000	0.007612
-65.766667	0.006670
-65.733333	0.005716
-65.700000	0.004765
-65.666667	0.003861
-65.633333	0.003026
-65.600000	0.002272
-65.566667	0.001639
-65.533333	0.001155
-65.500000	0.000842
-65.466667	0.000702
-65.433333	0.000743
-65.400000	0.000976
-65.366667	0.001396
-65.333333	0.001971
-65.300000	0.002710
-65.266667	0.003619
-65.233333	0.004654
-65.200000	0.005821
-65.166667	0.007070
-65.133333	0.008397
-65.100000	0.009778
-65.066667	0.011196
-65.033333	0.012634
-65.000000	0.014073
-64.966667	0.015504
-64.933333	0.016909
-64.900000	0.018265
-64.866667	0.019597
-64.833333	0.020899
-64.800000	0.022193
-64.766667	0.023488
-64.733333	0.024774
-64.700000	0.026072
-64.666667	0.027400
-64.633333	0.028742
-64.600000	0.030111
-64.566667	0.031525
-64.533333	0.032991
-64.500000	0.034511
-64.466667	0.036087
-64.433333	0.037710
-64.400000	0.039417
-64.366667	0.041202
-64.333333	0.043084
-64.300000	0.045112
-64.266667	0.047263
-64.233333	0.049566
-64.200000	0.052021
-64.166667	0.054652
-64.133333	0.057492
-64.100000	0.060561
-64.066667	0.063898
-64.033333	0.067534
-64.000000	0.071499
-63.966667	0.075828
-63.933333	0.080565
-63.900000	0.085763
-63.866667	0.091478
-63.833333	0.097754
-63.800000	0.104630
-63.766667	0.112141
-63.733333	0.120332
-63.700000	0.129262
-63.666667	0.138943
-63.633333	0.149439
-63.600000	0.160840
-63.566667	0.173198
-63.533333	0.186603
-63.500000	0.201039
-63.466667	0.216415
-63.433333	0.232666
-63.400000	0.249609
-63.366667	0.266947
-63.333333	0.284271
-63.300000	0.301009
-63.266667	0.316411
-63.233333	0.329572
-63.200000	0.339422
-63.166667	0.344719
-63.133333	0.344072
-63.100000	0.336038
-63.066667	0.319156
-63.033333	0.292007
-63.000000	0.253306
-62.966667	0.202085
-62.933333	0.137782
-62.900000	0.060213
-62.866667	-0.030299
-62.833333	-0.132904
-62.800000	-0.246187
-62.766667	-0.368219
-62.733333	-0.496572
-62.700000	-0.628459
-62.666667	-0.760806
-62.633333	-0.890293
-62.600000	-1.013532
-62.566667	-1.127218
-62.533333	-1.228190
-62.500000	-1.313630
-62.466667	-1.381071
-62.433333	-1.428449
-62.400000	-1.454327
-62.366667	-1.457827
-62.333333	-1.438768
-62.300000	-1.397591
-62.266667	-1.335358
-62.233333	-1.253765
-62.200000	-1.155097
-62.166667	-1.042044
-62.133333	-0.917594
-62.100000	-0.784939
-62.066667	-0.647388
-62.033333	-0.508162
-62.000000	-0.370264
-61.966667	-0.236335
-61.933333	-0.108656
-61.900000	0.010824
-61.866667	0.120600
-61.833333	0.219657
-61.800000	0.307396
-61.766667	0.383550
-61.733333	0.448152
-61.700000	0.501457
-61.666667	0.543944
-61.633333	0.576274
-61.600000	0.599195
-61.566667	0.613499
-61.533333	0.620004
-61.500000	0.619581
-61.466667	0.613130
-61.433333	0.601545
-61.400000	0.585681
-61.366667	0.566400
-61.333333	0.544491
-61.300000	0.520755
-61.266667	0.495913
-61.233333	0.470587
-61.200000	0.445359
-61.166667	0.420784
-61.133333	0.397281
-61.100000	0.375197
-61.066667	0.354780
-61.033333	0.336216
-61.000000	0.319552
-60.966667	0.304799
-60.933333	0.291839
-60.900000	0.280483
-60.866667	0.270511
-60.833333	0.261706
-60.800000	0.253761
-60.766667	0.246372
-60.733333	0.239256
-60.700000	0.232157
-60.666667	0.224839
-60.633333	0.217156
-60.600000	0.209007
-60.566667	0.200340
-60.533333	0.191152
-60.500000	0.181603
-60.466667	0.171834
-60.433333	0.162018
-60.400000	0.152333
-60.366667	0.142988
-60.333333	0.134125
-60.300000	0.125955
-60.266667	0.118634
-60.233333	0.112277
-60.200000	0.106924
-60.166667	0.102573
-60.133333	0.099159
-60.100000	0.096617
-60.066667	0.094765
-60.033333	0.093397
-60.000000	0.092256
-59.966667	0.091122
-59.933333	0.089725
-59.900000	0.087847
-59.866667	0.085274
-59.833333	0.081810
-59.800000	0.077308
-59.766667	0.071706
-59.733333	0.065003
-59.700000	0.057236
-59.666667	0.048515
-59.633333	0.039029
-59.600000	0.028995
-59.566667	0.018670
-59.533333	0.008353
-59.500000	-0.001611
-59.466667	-0.010991
-59.433333	-0.019497
-59.400000	-0.026884
-59.366667	-0.032931
-59.333333	-0.037474
-59.300000	-0.040411
-59.266667	-0.041671
-59.233333	-0.041294
-59.200000	-0.039381
-59.166667	-0.036073
-59.133333	-0.031580
-59.100000	-0.026144
-59.066667	-0.020070
-59.033333	-0.013682
-59.000000	-0.007309
-58.966667	-0.001244
-58.933333	0.004256
-58.900000	0.008978
-58.866667	0.012764
-58.833333	0.015496
-58.800000	0.017111
-58.766667	0.017579
-58.733333	0.017003
-58.700000	0.015456
-58.666667	0.013061
-58.633333	0.009990
-58.600000	0.006420
-58.566667	0.002531
-58.533333	-0.001503
-58.500000	-0.005559
-58.466667	-0.009561
-58.433333	-0.013392
-58.400000	-0.017006
-58.366667	-0.020420
-58.333333	-0.023694
-58.300000	-0.026870
-58.266667	-0.029935
-58.233333	-0.032946
-58.200000	-0.035913
-58.166667	-0.038869
-58.133333	-0.041878
-58.100000	-0.044956
-58.066667	-0.048085
-58.033333	-0.051235
-58.000000	-0.054352
-57.966667	-0.057361
-57.933333	-0.060190
-57.900000	-0.062759
-57.866667	-0.064971
-57.833333	-0.066744
-57.800000	-0.067994
-57.766667	-0.068644
-57.733333	-0.068592
-57.700000	-0.067852
-57.666667	-0.066371
-57.633333	-0.064163
-57.600000	-0.061285
-57.566667	-0.057806
-57.533333	-0.053813
-57.500000	-0.049426
-57.466667	-0.044755
-57.433333	-0.039895
-57.400000	-0.034977
-57.366667	-0.030099
-57.333333	-0.025326
-57.300000	-0.020727
-57.266667	-0.016303
-57.233333	-0.012145
-57.200000	-0.008287
-57.166667	-0.004809
-57.133333	-0.001778
-57.100000	0.000779
-57.066667	0.002813
-57.033333	0.004257
-57.000000	0.005065
-56.966667	0.005194
-56.933333	0.004630
-56.900000	0.003397
-56.866667	0.001546
-56.833333	-0.000869
-56.800000	-0.003763
-56.766667	-0.007048
-56.733333	-0.010624
-56.700000	-0.014364
-56.666667	-0.018118
-56.633333	-0.021817
-56.600000	-0.025402
-56.566667	-0.028757
-56.533333	-0.031746
-56.500000	-0.034295
-56.466667	-0.036375
-56.433333	-0.037959
-56.400000	-0.039034
-56.366667	-0.039608
-56.333333	-0.039719
-56.300000	-0.039423
-56.266667	-0.038710
-56.233333	-0.037662
-56.200000	-0.036298
-56.166667	-0.034678
-56.133333	-0.032855
-56.100000	-0.030887
-56.066667	-0.028829
-56.033333	-0.026703
-56.000000	-0.024568
-55.966667	-0.022448
-55.933333	-0.020368
-55.900000	-0.018343
-55.866667	-0.016372
-55.833333	-0.014446
-55.800000	-0.012545
-55.766667	-0.010646
-55.733333	-0.008721
-55.700000	-0.006746
-55.666667	-0.004694
-55.633333	-0.002589
-55.600000	-0.000445
-55.566667	0.001756
-55.533333	0.003984
-55.500000	0.006142
-55.466667	0.008156
-55.433333	0.009966
-55.400000	0.011487
-55.366667	0.012647
-55.333333	0.013416
-55.300000	0.013789
-55.266667	0.013771
-55.233333	0.013353
-55.200000	0.012528
-55.166667	0.011320
-55.133333	0.009751
-55.100000	0.007859
-55.066667	0.005694
-55.033333	0.003320
-55.000000	0.000762
-54.966667	-0.001900
-54.933333	-0.004620
-54.900000	-0.007338
-54.866667	-0.009995
-54.833333	-0.012539
-54.800000	-0.014944
-54.766667	-0.017186
-54.733333	-0.019261
-54.700000	-0.021180
-54.666667	-0.022919
-54.633333	-0.024502
-54.600000	-0.025938
-54.566667	-0.027243
-54.533333	-0.028442
-54.500000	-0.029550
-54.466667	-0.030587
-54.433333	-0.031545
-54.400000	-0.032458
-54.366667	-0.033312
-54.333333	-0.034114
-54.300000	-0.034862
-54.266667	-0.035549
-54.233333	-0.036211
-54.200000	-0.036839
-54.166667	-0.037409
-54.133333	-0.037902
-54.100000	-0.038293
-54.066667	-0.038541
-54.033333	-0.038621
-54.000000	-0.038519
-53.966667	-0.038212
-53.933333	-0.037677
-53.900000	-0.036877
-53.866667	-0.035772
-53.833333	-0.034325
-53.800000	-0.032506
-53.766667	-0.030288
-53.733333	-0.027660
-53.700000	-0.024612
-53.666667	-0.021126
-53.633333	-0.017247
-53.600000	-0.013032
-53.566667	-0.008564
-53.533333	-0.003939
-53.500000	0.000764
-53.466667	0.005382
-53.433333	0.009794
-53.400000	0.013820
-53.366667	0.017356
-53.333333	0.020293
-53.300000	0.022555
-53.266667	0.024048
-53.233333	0.024727
-53.200000	0.024591
-53.166667	0.023653
-53.133333	0.021949
-53.100000	0.019547
-53.066667	0.016515
-53.033333	0.012938
-53.000000	0.008923
-52.966667	0.004599
-52.933333	0.000110
-52.900000	-0.004425
-52.866667	-0.008852
-52.833333	-0.013049
-52.800000	-0.016900
-52.766667	-0.020310
-52.733333	-0.023207
-52.700000	-0.025539
-52.666667	-0.027291
-52.633333	-0.028478
-52.600000	-0.029132
-52.566667	-0.029301
-52.533333	-0.029051
-52.500000	-0.028433
-52.466667	-0.027550
-52.433333	-0.026443
-52.400000	-0.025149
-52.366667	-0.023697
-52.333333	-0.022088
-52.300000	-0.020351
-52.266667	-0.018526
-52.233333	-0.016606
-52.200000	-0.014602
-52.166667	-0.012529
-52.133333	-0.010378
-52.100000	-0.008164
-52.066667	-0.005896
-52.033333	-0.003580
-52.000000	-0.001217
-51.966667	0.001200
-51.933333	0.003656
-51.900000	0.006122
-51.866667	0.008603
-51.833333	0.011034
-51.800000	0.013397
-51.766667	0.015640
-51.733333	0.017723
-51.700000	0.019596
-51.666667	0.021210
-51.633333	0.022518
-51.600000	0.023478
-51.566667	0.024056
-51.533333	0.024237
-51.500000	0.024024
-51.466667	0.023397
-51.433333	0.022363
-51.400000	0.020940
-51.366667	0.019134
-51.333333	0.016968
-51.300000	0.014450
-51.266667	0.011583
-51.233333	0.008427
-51.200000	0.005040
-51.166667	0.001484
-51.133333	-0.002134
-51.100000	-0.005729
-51.066667	-0.009188
-51.033333	-0.012384
-51.000000	-0.015183
-50.966667	-0.017472
-50.933333	-0.019182
-50.900000	-0.020239
-50.866667	-0.020584
-50.833333	-0.020213
-50.800000	-0.019129
-50.766667	-0.017388
-50.733333	-0.015071
-50.700000	-0.012279
-50.666667	-0.009122
-50.633333	-0.005733
-50.600000	-0.002261
-50.566667	0.001148
-50.533333	0.004356
-50.500000	0.007233
-50.466667	0.009675
-50.433333	0.011599
-50.400000	0.012935
-50.366667	0.013652
-50.333333	0.013767
-50.300000	0.013318
-50.266667	0.012355
-50.233333	0.010988
-50.200000	0.009334
-50.166667	0.007514
-50.133333	0.005659
-50.100000	0.003925
-50.066667	0.002410
-50.033333	0.001235
-50.000000	0.000492
-49.966667	0.000218
-49.933333	0.000420
-49.900000	0.001093
-49.866667	0.002186
-49.833333	0.003598
-49.800000	0.005204
-49.766667	0.006895
-49.733333	0.008567
-49.700000	0.010120
-49.666667	0.011468
-49.633333	0.012506
-49.600000	0.013145
-49.566667	0.013327
-49.533333	0.013021
-49.500000	0.012235
-49.466667	0.010977
-49.433333	0.009289
-49.400000	0.007228
-49.366667	0.004882
-49.333333	0.002372
-49.300000	-0.000235
-49.266667	-0.002812
-49.233333	-0.005262
-49.200000	-0.007501
-49.166667	-0.009455
-49.133333	-0.011049
-49.100000	-0.012242
-49.066667	-0.013026
-49.033333	-0.013363
-49.000000	-0.013271
-48.966667	-0.012798
-48.933333	-0.012026
-48.900000	-0.011042
-48.866667	-0.009953
-48.833333	-0.008858
-48.800000	-0.007827
-48.766667	-0.006920
-48.733333	-0.006200
-48.700000	-0.005704
-48.666667	-0.005415
-48.633333	-0.005315
-48.600000	-0.005353
-48.566667	-0.005463
-48.533333	-0.005586
-48.500000	-0.005649
-48.466667	-0.005581
-48.433333	-0.005315
-48.400000	-0.004781
-48.366667	-0.003900
-48.333333	-0.002641
-48.300000	-0.001000
-48.266667	0.001026
-48.233333	0.003429
-48.200000	0.006127
-48.166667	0.009079
-48.133333	0.012216
-48.100000	0.015441
-48.066667	0.018655
-48.033333	0.021739
-48.000000	0.024561
-47.966667	0.026986
-47.933333	0.028891
-47.900000	0.030144
-47.866667	0.030645
-47.833333	0.030315
-47.800000	0.029103
-47.766667	0.026991
-47.733333	0.024025
-47.700000	0.020300
-47.666667	0.015956
-47.633333	0.011120
-47.600000	0.005938
-47.566667	0.000558
-47.533333	-0.004853
-47.500000	-0.010116
-47.466667	-0.015045
-47.433333	-0.019508
-47.400000	-0.023369
-47.366667	-0.026532
-47.333333	-0.028940
-47.300000	-0.030537
-47.266667	-0.031310
-47.233333	-0.031279
-47.200000	-0.030551
-47.166667	-0.029190
-47.133333	-0.027327
-47.100000	-0.025111
-47.066667	-0.022700
-47.033333	-0.020185
-47.000000	-0.017732
-46.966667	-0.015452
-46.933333	-0.013441
-46.900000	-0.011782
-46.866667	-0.010474
-46.833333	-0.009559
-46.800000	-0.008961
-46.766667	-0.008620
-46.733333	-0.008445
-46.700000	-0.008342
-46.666667	-0.008186
-46.633333	-0.007879
-46.600000	-0.007317
-46.566667	-0.006413
-46.533333	-0.005119
-46.500000	-0.003421
-46.466667	-0.001343
-46.433333	0.001067
-46.400000	0.003768
-46.366667	0.006680
-46.333333	0.009679
-46.300000	0.012647
-46.266667	0.015409
-46.233333	0.017792
-46.200000	0.019636
-46.166667	0.020788
-46.133333	0.021126
-46.100000	0.020557
-46.066667	0.019043
-46.033333	0.016620
-46.000000	0.013308
-45.966667	0.009232
-45.933333	0.004574
-45.900000	-0.000482
-45.866667	-0.005727
-45.833333	-0.010974
-45.800000	-0.015958
-45.766667	-0.020521
-45.733333	-0.024509
-45.700000	-0.027792
-45.666667	-0.030276
-45.633333	-0.031904
-45.600000	-0.032669
-45.566667	-0.032601
-45.533333	-0.031758
-45.500000	-0.030228
-45.466667	-0.028123
-45.433333	-0.025536
-45.400000	-0.022571
-45.366667	-0.019441
-45.333333	-0.016278
-45.300000	-0.013227
-45.266667	-0.010472
-45.233333	-0.008110
-45.200000	-0.006216
-45.166667	-0.004841
-45.133333	-0.004007
-45.100000	-0.003706
-45.066667	-0.003908
-45.033333	-0.004538
-45.000000	-0.005507
-44.966667	-0.006719
-44.933333	-0.008035
-44.900000	-0.009362
-44.866667	-0.010575
-44.833333	-0.011580
-44.800000	-0.012312
-44.766667	-0.012741
-44.733333	-0.012848
-44.700000	-0.012598
-44.666667	-0.011973
-44.633333	-0.010977
-44.600000	-0.009645
-44.566667	-0.008022
-44.533333	-0.006181
-44.500000	-0.004213
-44.466667	-0.002206
-44.433333	-0.000244
-44.400000	0.001575
-44.366667	0.003128
-44.333333	0.004387
-44.300000	0.005266
-44.266667	0.005725
-44.233333	0.005788
-44.200000	0.005446
-44.166667	0.004708
-44.133333	0.003601
-44.100000	0.002174
-44.066667	0.000500
-44.033333	-0.001337
-44.000000	-0.003274
-43.966667	-0.005230
-43.933333	-0.007121
-43.900000	-0.008872
-43.866667	-0.010421
-43.833333	-0.011727
-43.800000	-0.012767
-43.766667	-0.013488
-43.733333	-0.013898
-43.700000	-0.013986
-43.666667	-0.013765
-43.633333	-0.013279
-43.600000	-0.012588
-43.566667	-0.011762
-43.533333	-0.010878
-43.500000	-0.010009
-43.466667	-0.009224
-43.433333	-0.008575
-43.400000	-0.008095
-43.366667	-0.007796
-43.333333	-0.007672
-43.300000	-0.007697
-43.266667	-0.007808
-43.233333	-0.007943
-43.200000	-0.008074
-43.166667	-0.008121
-43.133333	-0.008010
-43.100000	-0.007675
-43.066667	-0.007068
-43.033333	-0.006171
-43.000000	-0.004980
-42.966667	-0.003486
-42.933333	-0.001708
-42.900000	0.000308
-42.866667	0.002491
-42.833333	0.004778
-42.800000	0.007121
-42.766667	0.009465
-42.733333	0.011712
-42.700000	0.013810
-42.666667	0.015682
-42.633333	0.017244
-42.600000	0.018412
-42.566667	0.019119
-42.533333	0.019312
-42.500000	0.018948
-42.466667	0.018004
-42.433333	0.016497
-42.400000	0.014483
-42.366667	0.012031
-42.333333	0.009225
-42.300000	0.006178
-42.266667	0.003006
-42.233333	-0.000216
-42.200000	-0.003428
-42.166667	-0.006543
-42.133333	-0.009461
-42.100000	-0.012137
-42.066667	-0.014542
-42.033333	-0.016657
-42.000000	-0.018481
-41.966667	-0.020028
-41.933333	-0.021323
-41.900000	-0.022393
-41.866667	-0.023248
-41.833333	-0.023872
-41.800000	-0.024248
-41.766667	-0.024398
-41.733333	-0.024300
-41.700000	-0.023963
-41.666667	-0.023409
-41.633333	-0.022657
-41.600000	-0.021713
-41.566667	-0.020599
-41.533333	-0.019351
-41.500000	-0.017990
-41.466667	-0.016536
-41.433333	-0.014996
-41.400000	-0.013367
-41.366667	-0.011682
-41.333333	-0.009942
-41.300000	-0.008157
-41.266667	-0.006339
-41.233333	-0.004542
-41.200000	-0.002799
-41.166667	-0.001134
-41.133333	0.000432
-41.100000	0.001827
-41.066667	0.003014
-41.033333	0.003968
-41.000000	0.004680
-40.966667	0.005109
-40.933333	0.005247
-40.900000	0.005091
-40.866667	0.004657
-40.833333	0.003964
-40.800000	0.003031
-40.766667	0.001854
-40.733333	0.000488
-40.700000	-0.001064
-40.666667	-0.002759
-40.633333	-0.004528
-40.600000	-0.006328
-40.566667	-0.008121
-40.533333	-0.009857
-40.500000	-0.011479
-40.466667	-0.012968
-40.433333	-0.014248
-40.400000	-0.015307
-40.366667	-0.016139
-40.333333	-0.016761
-40.300000	-0.017140
-40.266667	-0.017313
-40.233333	-0.017285
-40.200000	-0.017087
-40.166667	-0.016745
-40.133333	-0.016283
-40.100000	-0.015720
-40.066667	-0.015065
-40.033333	-0.014338
-40.000000	-0.013548
-39.966667	-0.012752
-39.933333	-0.011944
-39.900000	-0.011158
-39.866667	-0.010412
-39.833333	-0.009719
-39.800000	-0.009070
-39.766667	-0.008469
-39.733333	-0.007899
-39.700000	-0.007368
-39.666667	-0.006862
-39.633333	-0.006363
-39.600000	-0.005857
-39.566667	-0.005307
-39.533333	-0.004693
-39.500000	-0.004031
-39.466667	-0.003309
-39.433333	-0.002538
-39.400000	-0.001777
-39.366667	-0.001042
-39.333333	-0.000361
-39.300000	0.000304
-39.266667	0.000877
-39.233333	0.001381
-39.200000	0.001788
-39.166667	0.002110
-39.133333	0.002352
-39.100000	0.002517
-39.066667	0.002599
-39.033333	0.002596
-39.000000	0.002517
-38.966667	0.002357
-38.933333	0.002141
-38.900000	0.001871
-38.866667	0.001566
-38.833333	0.001251
-38.800000	0.000941
-38.766667	0.000623
-38.733333	0.000288
-38.700000	-0.000056
-38.666667	-0.000395
-38.633333	-0.000722
-38.600000	-0.001030
-38.566667	-0.001326
-38.533333	-0.001617
-38.500000	-0.001969
-38.466667	-0.002352
-38.433333	-0.002818
-38.400000	-0.003390
-38.366667	-0.004060
-38.333333	-0.004839
-38.300000	-0.005735
-38.266667	-0.006736
-38.233333	-0.007790
-38.200000	-0.008861
-38.166667	-0.009929
-38.133333	-0.010954
-38.100000	-0.011914
-38.066667	-0.012775
-38.033333	-0.013495
-38.000000	-0.014015
-37.966667	-0.014287
-37.933333	-0.014264
-37.900000	-0.013922
-37.866667	-0.013255
-37.833333	-0.012269
-37.800000	-0.010983
-37.766667	-0.009409
-37.733333	-0.007592
-37.700000	-0.005571
-37.666667	-0.003420
-37.633333	-0.001171
-37.600000	0.001128
-37.566667	0.003445
-37.533333	0.005739
-37.500000	0.007963
-37.466667	0.010129
-37.433333	0.012145
-37.400000	0.013999
-37.366667	0.015666
-37.333333	0.017106
-37.300000	0.018305
-37.266667	0.019264
-37.233333	0.019928
-37.200000	0.020329
-37.166667	0.020422
-37.133333	0.020236
-37.100000	0.019769
-37.066667	0.019053
-37.033333	0.018101
-37.000000	0.016959
-36.966667	0.015645
-36.933333	0.014185
-36.900000	0.012598
-36.866667	0.010894
-36.833333	0.009093
-36.800000	0.007209
-36.766667	0.005265
-36.733333	0.003277
-36.700000	0.001280
-36.666667	-0.000691
-36.633333	-0.002557
-36.600000	-0.004276
-36.566667	-0.005788
-36.533333	-0.007067
-36.500000	-0.008066
-36.466667	-0.008774
-36.433333	-0.009188
-36.400000	-0.009267
-36.366667	-0.009012
-36.333333	-0.008410
-36.300000	-0.007475
-36.266667	-0.006230
-36.233333	-0.004700
-36.200000	-0.002874
-36.166667	-0.000837
-36.133333	0.001386
-36.100000	0.003739
-36.066667	0.006182
-36.033333	0.008614
-36.000000	0.011033
-35.966667	0.013367
-35.933333	0.015549
-35.900000	0.017568
-35.866667	0.019336
-35.833333	0.020829
-35.800000	0.022018
-35.766667	0.022879
-35.733333	0.023444
-35.700000	0.023716
-35.666667	0.023722
-35.633333	0.023494
-35.600000	0.023055
-35.566667	0.022439
-35.533333	0.021691
-35.500000	0.020869
-35.466667	0.020003
-35.433333	0.019151
-35.400000	0.018359
-35.366667	0.017645
-35.333333	0.017005
-35.300000	0.016442
-35.266667	0.015965
-35.233333	0.015562
-35.200000	0.015176
-35.166667	0.014771
-35.133333	0.014331
-35.100000	0.013846
-35.066667	0.013265
-35.033333	0.012563
-35.000000	0.011779
-34.966667	0.010862
-34.933333	0.009795
-34.900000	0.008596
-34.866667	0.007230
-34.833333	0.005750
-34.800000	0.004183
-34.766667	0.002610
-34.733333	0.001086
-34.700000	-0.000328
-34.666667	-0.001556
-34.633333	-0.002587
-34.600000	-0.003332
-34.566667	-0.003746
-34.533333	-0.003804
-34.500000	-0.003500
-34.466667	-0.002844
-34.433333	-0.001849
-34.400000	-0.000546
-34.366667	0.001006
-34.333333	0.002750
-34.300000	0.004627
-34.266667	0.006555
-34.233333	0.008419
-34.200000	0.010109
-34.166667	0.011597
-34.133333	0.012837
-34.100000	0.013780
-34.066667	0.014393
-34.033333	0.014687
-34.000000	0.014668
-33.966667	0.014349
-33.933333	0.013775
-33.900000	0.013011
-33.866667	0.012125
-33.833333	0.011190
-33.800000	0.010290
-33.766667	0.009496
-33.733333	0.008832
-33.700000	0.008358
-33.666667	0.008076
-33.633333	0.007975
-33.600000	0.008102
-33.566667	0.008418
-33.533333	0.008883
-33.500000	0.009463
-33.466667	0.010107
-33.433333	0.010760
-33.400000	0.011356
-33.366667	0.011821
-33.333333	0.012077
-33.300000	0.012046
-33.266667	0.011659
-33.233333	0.010870
-33.200000	0.009662
-33.166667	0.008054
-33.133333	0.006062
-33.100000	0.003738
-33.066667	0.001163
-33.033333	-0.001612
-33.000000	-0.004495
-32.966667	-0.007403
-32.933333	-0.010238
-32.900000	-0.012956
-32.866667	-0.015493
-32.833333	-0.017801
-32.800000	-0.019826
-32.766667	-0.021539
-32.733333	-0.022923
-32.700000	-0.023975
-32.666667	-0.024709
-32.633333	-0.025136
-32.600000	-0.025267
-32.566667	-0.025148
-32.533333	-0.024824
-32.500000	-0.024288
-32.466667	-0.023612
-32.433333	-0.022808
-32.400000	-0.021927
-32.366667	-0.020996
-32.333333	-0.020042
-32.300000	-0.019088
-32.266667	-0.018148
-32.233333	-0.017224
-32.200000	-0.016314
-32.166667	-0.015421
-32.133333	-0.014541
-32.100000	-0.013657
-32.066667	-0.012758
-32.033333	-0.011895
-32.000000	-0.011020
-31.966667	-0.010140
-31.933333	-0.009259
-31.900000	-0.008397
-31.866667	-0.007547
-31.833333	-0.006709
-31.800000	-0.005868
-31.766667	-0.005072
-31.733333	-0.004307
-31.700000	-0.003611
-31.666667	-0.003017
-31.633333	-0.002524
-31.600000	-0.002115
-31.566667	-0.001834
-31.533333	-0.001628
-31.500000	-0.001503
-31.466667	-0.001487
-31.433333	-0.001547
-31.400000	-0.001702
-31.366667	-0.001922
-31.333333	-0.002179
-31.300000	-0.002462
-31.266667	-0.002749
-31.233333	-0.003004
-31.200000	-0.003217
-31.166667	-0.003353
-31.133333	-0.003373
-31.100000	-0.003275
-31.066667	-0.002998
-31.033333	-0.002543
-31.000000	-0.001855
-30.966667	-0.000935
-30.933333	0.000182
-30.900000	0.001521
-30.866667	0.003037
-30.833333	0.004723
-30.800000	0.006550
-30.766667	0.008474
-30.733333	0.010491
-30.700000	0.012533
-30.666667	0.014564
-30.633333	0.016564
-30.600000	0.018506
-30.566667	0.020337
-30.533333	0.022074
-30.500000	0.023661
-30.466667	0.025079
-30.433333	0.026314
-30.400000	0.027366
-30.366667	0.028236
-30.333333	0.028921
-30.300000	0.029406
-30.266667	0.029696
-30.233333	0.029793
-30.200000	0.029684
-30.166667	0.029392
-30.133333	0.028919
-30.100000	0.028260
-30.066667	0.027464
-30.033333	0.026497
-30.000000	0.025369
-29.966667	0.024105
-29.933333	0.022670
-29.900000	0.021118
-29.866667	0.019438
-29.833333	0.017682
-29.800000	0.015885
-29.766667	0.014049
-29.733333	0.012207
-29.700000	0.010365
-29.666667	0.008536
-29.633333	0.006759
-29.600000	0.005032
-29.566667	0.003371
-29.533333	0.001791
-29.500000	0.000296
-29.466667	-0.001107
-29.433333	-0.002393
-29.400000	-0.003534
-29.366667	-0.004533
-29.333333	-0.005409
-29.300000	-0.006171
-29.266667	-0.006833
-29.233333	-0.007404
-29.200000	-0.007885
-29.166667	-0.008277
-29.133333	-0.008586
-29.100000	-0.008811
-29.066667	-0.008945
-29.033333	-0.009019
-29.000000	-0.008988
-28.966667	-0.008857
-28.933333	-0.008662
-28.900000	-0.008368
-28.866667	-0.007984
-28.833333	-0.007499
-28.800000	-0.006919
-28.766667	-0.006257
-28.733333	-0.005526
-28.700000	-0.004765
-28.666667	-0.003999
-28.633333	-0.003233
-28.600000	-0.002457
-28.566667	-0.001681
-28.533333	-0.000926
-28.500000	-0.000207
-28.466667	0.000478
-28.433333	0.001137
-28.400000	0.001749
-28.366667	0.002285
-28.333333	0.002723
-28.300000	0.003058
-28.266667	0.003275
-28.233333	0.003371
-28.200000	0.003347
-28.166667	0.003235
-28.133333	0.003000
-28.100000	0.002655
-28.066667	0.002187
-28.033333	0.001595
-28.000000	0.000891
-27.966667	0.000040
-27.933333	-0.000960
-27.900000	-0.002092
-27.866667	-0.003349
-27.833333	-0.004753
-27.800000	-0.006275
-27.766667	-0.007920
-27.733333	-0.009691
-27.700000	-0.011563
-27.666667	-0.013508
-27.633333	-0.015472
-27.600000	-0.017413
-27.566667	-0.019334
-27.533333	-0.021185
-27.500000	-0.022920
-27.466667	-0.024488
-27.433333	-0.025860
-27.400000	-0.027033
-27.366667	-0.027956
-27.333333	-0.028632
-27.300000	-0.029051
-27.266667	-0.029211
-27.233333	-0.029106
-27.200000	-0.028724
-27.166667	-0.028064
-27.133333	-0.027175
-27.100000	-0.026037
-27.066667	-0.024706
-27.033333	-0.023203
-27.000000	-0.021583
-26.966667	-0.019883
-26.933333	-0.018152
-26.900000	-0.016426
-26.866667	-0.014749
-26.833333	-0.013177
-26.800000	-0.011709
-26.766667	-0.010370
-26.733333	-0.009157
-26.700000	-0.008104
-26.666667	-0.007182
-26.633333	-0.006390
-26.600000	-0.005713
-26.566667	-0.005143
-26.533333	-0.004679
-26.500000	-0.004325
-26.466667	-0.004091
-26.433333	-0.003987
-26.400000	-0.004006
-26.366667	-0.004135
-26.333333	-0.004395
-26.300000	-0.004763
-26.266667	-0.005227
-26.233333	-0.005751
-26.200000	-0.006302
-26.166667	-0.006855
-26.133333	-0.007392
-26.100000	-0.007895
-26.066667	-0.008364
-26.033333	-0.008769
-26.000000	-0.009112
-25.966667	-0.009389
-25.933333	-0.009599
-25.900000	-0.009736
-25.866667	-0.009783
-25.833333	-0.009719
-25.800000	-0.009510
-25.766667	-0.009163
-25.733333	-0.008658
-25.700000	-0.008005
-25.666667	-0.007168
-25.633333	-0.006168
-25.600000	-0.004998
-25.566667	-0.003679
-25.533333	-0.002246
-25.500000	-0.000711
-25.466667	0.000932
-25.433333	0.002688
-25.400000	0.004552
-25.366667	0.006516
-25.333333	0.008564
-25.300000	0.010676
-25.266667	0.012838
-25.233333	0.015027
-25.200000	0.017223
-25.166667	0.019352
-25.133333	0.021387
-25.100000	0.023275
-25.066667	0.024975
-25.033333	0.026437
-25.000000	0.027615
-24.966667	0.028497
-24.933333	0.029084
-24.900000	0.029374
-24.866667	0.029345
-24.833333	0.029020
-24.800000	0.028423
-24.766667	0.027573
-24.733333	0.026517
-24.700000	0.025270
-24.666667	0.023877
-24.633333	0.022361
-24.600000	0.020740
-24.566667	0.019058
-24.533333	0.017343
-24.500000	0.015662
-24.466667	0.014058
-24.433333	0.012545
-24.400000	0.011131
-24.366667	0.009814
-24.333333	0.008578
-24.300000	0.007410
-24.266667	0.006307
-24.233333	0.005247
-24.200000	0.004205
-24.166667	0.003136
-24.133333	0.002044
-24.100000	0.000890
-24.066667	-0.000337
-24.033333	-0.001654
-24.000000	-0.003071
-23.966667	-0.004589
-23.933333	-0.006223
-23.900000	-0.007995
-23.866667	-0.009903
-23.833333	-0.011908
-23.800000	-0.013993
-23.766667	-0.016154
-23.733333	-0.018396
-23.700000	-0.020696
-23.666667	-0.023044
-23.633333	-0.025425
-23.600000	-0.027802
-23.566667	-0.030133
-23.533333	-0.032409
-23.500000	-0.034572
-23.466667	-0.036611
-23.433333	-0.038503
-23.400000	-0.040246
-23.366667	-0.041787
-23.333333	-0.043145
-23.300000	-0.044297
-23.266667	-0.045241
-23.233333	-0.045985
-23.200000	-0.046536
-23.166667	-0.046908
-23.133333	-0.047122
-23.100000	-0.047167
-23.066667	-0.047098
-23.033333	-0.046935
-23.000000	-0.046706
-22.966667	-0.046435
-22.933333	-0.046129
-22.900000	-0.045800
-22.866667	-0.045451
-22.833333	-0.045095
-22.800000	-0.044743
-22.766667	-0.044410
-22.733333	-0.044110
-22.700000	-0.043833
-22.666667	-0.043579
-22.633333	-0.043335
-22.600000	-0.043090
-22.566667	-0.042839
-22.533333	-0.042576
-22.500000	-0.042277
-22.466667	-0.041950
-22.433333	-0.041599
-22.400000	-0.041188
-22.366667	-0.040701
-22.333333	-0.040172
-22.300000	-0.039590
-22.266667	-0.038962
-22.233333	-0.038289
-22.200000	-0.037565
-22.166667	-0.036834
-22.133333	-0.036087
-22.100000	-0.035304
-22.066667	-0.034549
-22.033333	-0.033777
-22.000000	-0.032978
-21.966667	-0.032105
-21.933333	-0.031096
-21.900000	-0.029965
-21.866667	-0.028655
-21.833333	-0.027159
-21.800000	-0.025420
-21.766667	-0.023466
-21.733333	-0.021236
-21.700000	-0.018729
-21.666667	-0.015948
-21.633333	-0.012899
-21.600000	-0.009612
-21.566667	-0.006130
-21.533333	-0.002505
-21.500000	0.001222
-21.466667	0.005017
-21.433333	0.008817
-21.400000	0.012610
-21.366667	0.016330
-21.333333	0.019903
-21.300000	0.023284
-21.266667	0.026447
-21.233333	0.029324
-21.200000	0.031861
-21.166667	0.034045
-21.133333	0.035866
-21.100000	0.037328
-21.066667	0.038418
-21.033333	0.039193
-21.000000	0.039693
-20.966667	0.039966
-20.933333	0.040042
-20.900000	0.039930
-20.866667	0.039705
-20.833333	0.039395
-20.800000	0.039054
-20.766667	0.038689
-20.733333	0.038385
-20.700000	0.038121
-20.666667	0.037902
-20.633333	0.037734
-20.600000	0.037599
-20.566667	0.037487
-20.533333	0.037383
-20.500000	0.037329
-20.466667	0.037301
-20.433333	0.037300
-20.400000	0.037341
-20.366667	0.037415
-20.333333	0.037510
-20.300000	0.037640
-20.266667	0.037800
-20.233333	0.037975
-20.200000	0.038194
-20.166667	0.038455
-20.133333	0.038740
-20.100000	0.039081
-20.066667	0.039462
-20.033333	0.039892
-20.000000	0.040366
-19.966667	0.040891
-19.933333	0.041470
-19.900000	0.042104
-19.866667	0.042774
-19.833333	0.043464
-19.800000	0.044159
-19.766667	0.044836
-19.733333	0.045466
-19.700000	0.046013
-19.666667	0.046448
-19.633333	0.046746
-19.600000	0.046871
-19.566667	0.046808
-19.533333	0.046542
-19.500000	0.046081
-19.466667	0.045389
-19.433333	0.044496
-19.400000	0.043399
-19.366667	0.042131
-19.333333	0.040725
-19.300000	0.039219
-19.266667	0.037661
-19.233333	0.036102
-19.200000	0.034592
-19.166667	0.033158
-19.133333	0.031858
-19.100000	0.030696
-19.066667	0.029705
-19.033333	0.028893
-19.000000	0.028253
-18.966667	0.027793
-18.933333	0.027507
-18.900000	0.027362
-18.866667	0.027300
-18.833333	0.027347
-18.800000	0.027402
-18.766667	0.027467
-18.733333	0.027484
-18.700000	0.027413
-18.666667	0.027205
-18.633333	0.026873
-18.600000	0.026368
-18.566667	0.025688
-18.533333	0.024824
-18.500000	0.023786
-18.466667	0.022597
-18.433333	0.021284
-18.400000	0.019879
-18.366667	0.018482
-18.333333	0.017121
-18.300000	0.015867
-18.266667	0.014766
-18.233333	0.013875
-18.200000	0.013254
-18.166667	0.012917
-18.133333	0.012840
-18.100000	0.013048
-18.066667	0.013498
-18.033333	0.014152
-18.000000	0.014977
-17.966667	0.015911
-17.933333	0.016909
-17.900000	0.017882
-17.866667	0.018781
-17.833333	0.019562
-17.800000	0.020118
-17.766667	0.020473
-17.733333	0.020562
-17.700000	0.020399
-17.666667	0.020012
-17.633333	0.019416
-17.600000	0.018588
-17.566667	0.017593
-17.533333	0.016444
-17.500000	0.015190
-17.466667	0.013853
-17.433333	0.012475
-17.400000	0.011106
-17.366667	0.009785
-17.333333	0.008499
-17.300000	0.007327
-17.266667	0.006247
-17.233333	0.005291
-17.200000	0.004455
-17.166667	0.003697
-17.133333	0.002976
-17.100000	0.002313
-17.066667	0.001623
-17.033333	0.000910
-17.000000	0.000130
-16.966667	-0.000756
-16.933333	-0.001744
-16.900000	-0.002853
-16.866667	-0.004076
-16.833333	-0.005390
-16.800000	-0.006778
-16.766667	-0.008194
-16.733333	-0.009583
-16.700000	-0.010904
-16.666667	-0.012103
-16.633333	-0.013152
-16.600000	-0.013968
-16.566667	-0.014560
-16.533333	-0.014880
-16.500000	-0.014918
-16.466667	-0.014663
-16.433333	-0.014102
-16.400000	-0.013242
-16.366667	-0.012107
-16.333333	-0.010701
-16.300000	-0.009041
-16.266667	-0.007196
-16.233333	-0.005180
-16.200000	-0.003052
-16.166667	-0.000864
-16.133333	0.001333
-16.100000	0.003502
-16.066667	0.005564
-16.033333	0.007484
-16.000000	0.009212
-15.966667	0.010700
-15.933333	0.011903
-15.900000	0.012806
-15.866667	0.013392
-15.833333	0.013684
-15.800000	0.013672
-15.766667	0.013393
-15.733333	0.012859
-15.700000	0.012094
-15.666667	0.011144
-15.633333	0.010040
-15.600000	0.008807
-15.566667	0.007455
-15.533333	0.006079
-15.500000	0.004691
-15.466667	0.003325
-15.433333	0.002026
-15.400000	0.000836
-15.366667	-0.000222
-15.333333	-0.001147
-15.300000	-0.001888
-15.266667	-0.002497
-15.233333	-0.002963
-15.200000	-0.003292
-15.166667	-0.003469
-15.133333	-0.003534
-15.100000	-0.003504
-15.066667	-0.003410
-15.033333	-0.003267
-15.000000	-0.003071
-14.966667	-0.002855
-14.933333	-0.002637
-14.900000	-0.002410
-14.866667	-0.002161
-14.833333	-0.001940
-14.800000	-0.001714
-14.766667	-0.001503
-14.733333	-0.001310
-14.700000	-0.001123
-14.666667	-0.000923
-14.633333	-0.000751
-14.600000	-0.000601
-14.566667	-0.000478
-14.533333	-0.000362
-14.500000	-0.000272
-14.466667	-0.000225
-14.433333	-0.000206
-14.400000	-0.000231
-14.366667	-0.000330
-14.333333	-0.000509
-14.300000	-0.000758
-14.266667	-0.001132
-14.233333	-0.001583
-14.200000	-0.002111
-14.166667	-0.002711
-14.133333	-0.003417
-14.100000	-0.004213
-14.066667	-0.005065
-14.033333	-0.006005
-14.000000	-0.006966
-13.966667	-0.007975
-13.933333	-0.008998
-13.900000	-0.010003
-13.866667	-0.010969
-13.833333	-0.011901
-13.800000	-0.012717
-13.766667	-0.013439
-13.733333	-0.014041
-13.700000	-0.014521
-13.666667	-0.014891
-13.633333	-0.015183
-13.600000	-0.015366
-13.566667	-0.015445
-13.533333	-0.015404
-13.500000	-0.015263
-13.466667	-0.015034
-13.433333	-0.014714
-13.400000	-0.014308
-13.366667	-0.013834
-13.333333	-0.013290
-13.300000	-0.012692
-13.266667	-0.012037
-13.233333	-0.011358
-13.200000	-0.010645
-13.166667	-0.009919
-13.133333	-0.009188
-13.100000	-0.008452
-13.066667	-0.007690
-13.033333	-0.006958
-13.000000	-0.006212
-12.966667	-0.005497
-12.933333	-0.004786
-12.900000	-0.004090
-12.866667	-0.003437
-12.833333	-0.002834
-12.800000	-0.002290
-12.766667	-0.001822
-12.733333	-0.001438
-12.700000	-0.001165
-12.666667	-0.000990
-12.633333	-0.000905
-12.600000	-0.000887
-12.566667	-0.000963
-12.533333	-0.001107
-12.500000	-0.001323
-12.466667	-0.001599
-12.433333	-0.001931
-12.400000	-0.002326
-12.366667	-0.002742
-12.333333	-0.003190
-12.300000	-0.003664
-12.266667	-0.004142
-12.233333	-0.004633
-12.200000	-0.005102
-12.166667	-0.005554
-12.133333	-0.005967
-12.100000	-0.006333
-12.066667	-0.006678
-12.033333	-0.007013
-12.000000	-0.007314
-11.966667	-0.007571
-11.933333	-0.007791
-11.900000	-0.007996
-11.866667	-0.008195
-11.833333	-0.008374
-11.800000	-0.008525
-11.766667	-0.008652
-11.733333	-0.008773
-11.700000	-0.008901
-11.666667	-0.009019
-11.633333	-0.009140
-11.600000	-0.009252
-11.566667	-0.009378
-11.533333	-0.009495
-11.500000	-0.009594
-11.466667	-0.009691
-11.433333	-0.009783
-11.400000	-0.009864
-11.366667	-0.009910
-11.333333	-0.009949
-11.300000	-0.009963
-11.266667	-0.009934
-11.233333	-0.009871
-11.200000	-0.009770
-11.166667	-0.009612
-11.133333	-0.009406
-11.100000	-0.009154
-11.066667	-0.008859
-11.033333	-0.008485
-11.000000	-0.008006
-10.966667	-0.007464
-10.933333	-0.006844
-10.900000	-0.006152
-10.866667	-0.005394
-10.833333	-0.004581
-10.800000	-0.003729
-10.766667	-0.002878
-10.733333	-0.002077
-10.700000	-0.001317
-10.666667	-0.000648
-10.633333	-0.000080
-10.600000	0.000367
-10.566667	0.000666
-10.533333	0.000811
-10.500000	0.000824
-10.466667	0.000670
-10.433333	0.000381
-10.400000	-0.000053
-10.366667	-0.000624
-10.333333	-0.001317
-10.300000	-0.002117
-10.266667	-0.003007
-10.233333	-0.003947
-10.200000	-0.004921
-10.166667	-0.005881
-10.133333	-0.006806
-10.100000	-0.007648
-10.066667	-0.008374
-10.033333	-0.008949
-10.000000	-0.009356
-9.966667	-0.009601
-9.933333	-0.009651
-9.900000	-0.009527
-9.866667	-0.009230
-9.833333	-0.008778
-9.800000	-0.008202
-9.766667	-0.007535
-9.733333	-0.006802
-9.700000	-0.006021
-9.666667	-0.005271
-9.633333	-0.004568
-9.600000	-0.003957
-9.566667	-0.003451
-9.533333	-0.003052
-9.500000	-0.002769
-9.466667	-0.002638
-9.433333	-0.002666
-9.400000	-0.002855
-9.366667	-0.003191
-9.333333	-0.003658
-9.300000	-0.004242
-9.266667	-0.004935
-9.233333	-0.005654
-9.200000	-0.006398
-9.166667	-0.007114
-9.133333	-0.007746
-9.100000	-0.008256
-9.066667	-0.008611
-9.033333	-0.008793
-9.000000	-0.008797
-8.966667	-0.008619
-8.933333	-0.008261
-8.900000	-0.007739
-8.866667	-0.007090
-8.833333	-0.006355
-8.800000	-0.005575
-8.766667	-0.004791
-8.733333	-0.004043
-8.700000	-0.003383
-8.666667	-0.002834
-8.633333	-0.002385
-8.600000	-0.002036
-8.566667	-0.001775
-8.533333	-0.001625
-8.500000	-0.001599
-8.466667	-0.001685
-8.433333	-0.001857
-8.400000	-0.002095
-8.366667	-0.002385
-8.333333	-0.002703
-8.300000	-0.003027
-8.266667	-0.003327
-8.233333	-0.003577
-8.200000	-0.003782
-8.166667	-0.003921
-8.133333	-0.003975
-8.100000	-0.003964
-8.066667	-0.003899
-8.033333	-0.003806
-8.000000	-0.003721
-7.966667	-0.003677
-7.933333	-0.003714
-7.900000	-0.003865
-7.866667	-0.004139
-7.833333	-0.004545
-7.800000	-0.005099
-7.766667	-0.005750
-7.733333	-0.006518
-7.700000	-0.007366
-7.666667	-0.008252
-7.633333	-0.009152
-7.600000	-0.010038
-7.566667	-0.010897
-7.533333	-0.011729
-7.500000	-0.012450
-7.466667	-0.013040
-7.433333	-0.013466
-7.400000	-0.013704
-7.366667	-0.013736
-7.333333	-0.013552
-7.300000	-0.013162
-7.266667	-0.012583
-7.233333	-0.011838
-7.200000	-0.010923
-7.166667	-0.009867
-7.133333	-0.008686
-7.100000	-0.007416
-7.066667	-0.006102
-7.033333	-0.004795
-7.000000	-0.003546
-6.966667	-0.002399
-6.933333	-0.001383
-6.900000	-0.000517
-6.866667	0.000175
-6.833333	0.000656
-6.800000	0.000903
-6.766667	0.000978
-6.733333	0.000810
-6.700000	0.000448
-6.666667	-0.000126
-6.633333	-0.000903
-6.600000	-0.001842
-6.566667	-0.002931
-6.533333	-0.004123
-6.500000	-0.005384
-6.466667	-0.006711
-6.433333	-0.008060
-6.400000	-0.009399
-6.366667	-0.010697
-6.333333	-0.011931
-6.300000	-0.013079
-6.266667	-0.014119
-6.233333	-0.015033
-6.200000	-0.015805
-6.166667	-0.016430
-6.133333	-0.016916
-6.100000	-0.017282
-6.066667	-0.017557
-6.033333	-0.017754
-6.000000	-0.017875
-5.966667	-0.017937
-5.933333	-0.017930
-5.900000	-0.017861
-5.866667	-0.017728
-5.833333	-0.017520
-5.800000	-0.017214
-5.766667	-0.016792
-5.733333	-0.016312
-5.700000	-0.015757
-5.666667	-0.015165
-5.633333	-0.014526
-5.600000	-0.013827
-5.566667	-0.013068
-5.533333	-0.012252
-5.500000	-0.011401
-5.466667	-0.010514
-5.433333	-0.009604
-5.400000	-0.008673
-5.366667	-0.007752
-5.333333	-0.006848
-5.300000	-0.005984
-5.266667	-0.005182
-5.233333	-0.004460
-5.200000	-0.003830
-5.166667	-0.003322
-5.133333	-0.002954
-5.100000	-0.002715
-5.066667	-0.002622
-5.033333	-0.002666
-5.000000	-0.002863
-4.966667	-0.003163
-4.933333	-0.003583
-4.900000	-0.004101
-4.866667	-0.004700
-4.833333	-0.005364
-4.800000	-0.006082
-4.766667	-0.006851
-4.733333	-0.007654
-4.700000	-0.008474
-4.666667	-0.009297
-4.633333	-0.010090
-4.600000	-0.010832
-4.566667	-0.011511
-4.533333	-0.012115
-4.500000	-0.012652
-4.466667	-0.013134
-4.433333	-0.013553
-4.400000	-0.013887
-4.366667	-0.014182
-4.333333	-0.014401
-4.300000	-0.014572
-4.266667	-0.014695
-4.233333	-0.014774
-4.200000	-0.014814
-4.166667	-0.014832
-4.133333	-0.014819
-4.100000	-0.014770
-4.066667	-0.014703
-4.033333	-0.014621
-4.000000	-0.014520
-3.966667	-0.014374
-3.933333	-0.014232
-3.900000	-0.014058
-3.866667	-0.013870
-3.833333	-0.013670
-3.800000	-0.013462
-3.766667	-0.013245
-3.733333	-0.013023
-3.700000	-0.012796
-3.666667	-0.012562
-3.633333	-0.012325
-3.600000	-0.012085
-3.566667	-0.011844
-3.533333	-0.011602
-3.500000	-0.011370
-3.466667	-0.011162
-3.433333	-0.010950
-3.400000	-0.010770
-3.366667	-0.010625
-3.333333	-0.010499
-3.300000	-0.010416
-3.266667	-0.010370
-3.233333	-0.010362
-3.200000	-0.010391
-3.166667	-0.010449
-3.133333	-0.010525
-3.100000	-0.010625
-3.066667	-0.010739
-3.033333	-0.010876
-3.000000	-0.011029
-2.966667	-0.011202
-2.933333	-0.011398
-2.900000	-0.011607
-2.866667	-0.011851
-2.833333	-0.012107
-2.800000	-0.012387
-2.766667	-0.012682
-2.733333	-0.012988
-2.700000	-0.013292
-2.666667	-0.013603
-2.633333	-0.013908
-2.600000	-0.014205
-2.566667	-0.014490
-2.533333	-0.014762
-2.500000	-0.015031
-2.466667	-0.015300
-2.433333	-0.015559
-2.400000	-0.015821
-2.366667	-0.016069
-2.333333	-0.016316
-2.300000	-0.016543
-2.266667	-0.016744
-2.233333	-0.016905
-2.200000	-0.017010
-2.166667	-0.017042
-2.133333	-0.016987
-2.100000	-0.016842
-2.066667	-0.016589
-2.033333	-0.016230
-2.000000	-0.015751
-1.966667	-0.015150
-1.933333	-0.014430
-1.900000	-0.013587
-1.866667	-0.012639
-1.833333	-0.011568
-1.800000	-0.010410
-1.766667	-0.009168
-1.733333	-0.007874
-1.700000	-0.006553
-1.666667	-0.005249
-1.633333	-0.003998
-1.600000	-0.002823
-1.566667	-0.001786
-1.533333	-0.000930
-1.500000	-0.000263
-1.466667	0.000201
-1.433333	0.000452
-1.400000	0.000504
-1.366667	0.000361
-1.333333	0.000014
-1.300000	-0.000525
-1.266667	-0.001218
-1.233333	-0.002042
-1.200000	-0.002979
-1.166667	-0.004000
-1.133333	-0.005076
-1.100000	-0.006177
-1.066667	-0.007279
-1.033333	-0.008346
-1.000000	-0.009350
-0.966667	-0.010270
-0.933333	-0.011091
-0.900000	-0.011795
-0.866667	-0.012373
-0.833333	-0.012844
-0.800000	-0.013186
-0.766667	-0.013419
-0.733333	-0.013559
-0.700000	-0.013613
-0.666667	-0.013576
-0.633333	-0.013481
-0.600000	-0.013300
-0.566667	-0.013065
-0.533333	-0.012752
-0.500000	-0.012340
-0.466667	-0.011840
-0.433333	-0.011246
-0.400000	-0.010542
-0.366667	-0.009751
-0.333333	-0.008925
-0.300000	-0.007981
-0.266667	-0.006978
-0.233333	-0.005908
-0.200000	-0.004770
-0.166667	-0.003577
-0.133333	-0.002377
-0.100000	-0.001158
-0.066667	0.000052
-0.033333	0.001241
-0.000000	0.002367
0.033333	0.003401
0.066667	0.004333
0.100000	0.005139
0.133333	0.005781
0.166667	0.006245
0.200000	0.006562
0.233333	0.006733
0.266667	0.006709
0.300000	0.006532
0.333333	0.006193
0.366667	0.005698
0.400000	0.005091
0.433333	0.004374
0.466667	0.003571
0.500000	0.002720
0.533333	0.001838
0.566667	0.000955
0.600000	0.000092
0.633333	-0.000727
0.666667	-0.001483
0.700000	-0.002120
0.733333	-0.002679
0.766667	-0.003108
0.800000	-0.003437
0.833333	-0.003689
0.866667	-0.003859
0.900000	-0.003926
0.933333	-0.003941
0.966667	-0.003916
1.000000	-0.003877
1.033333	-0.003826
1.066667	-0.003770
1.100000	-0.003750
1.133333	-0.003798
1.166667	-0.003912
1.200000	-0.004080
1.233333	-0.004305
1.266667	-0.004632
1.300000	-0.004999
1.333333	-0.005424
1.366667	-0.005884
1.400000	-0.006377
1.433333	-0.006893
1.466667	-0.007408
1.500000	-0.007904
1.533333	-0.008381
1.566667	-0.008820
1.600000	-0.009215
1.633333	-0.009530
1.666667	-0.009787
1.700000	-0.009965
1.733333	-0.010061
1.766667	-0.010083
1.800000	-0.010042
1.833333	-0.009930
1.866667	-0.009747
1.900000	-0.009512
1.933333	-0.009245
1.966667	-0.008949
2.000000	-0.008636
2.033333	-0.008324
2.066667	-0.008030
2.100000	-0.007775
2.133333	-0.007574
2.166667	-0.007398
2.200000	-0.007255
2.233333	-0.007141
2.266667	-0.007068
2.300000	-0.007027
2.333333	-0.007033
2.366667	-0.007070
2.400000	-0.007155
2.433333	-0.007270
2.466667	-0.007412
2.500000	-0.007586
2.533333	-0.007786
2.566667	-0.008008
2.600000	-0.008245
2.633333	-0.008480
2.666667	-0.008722
2.700000	-0.008940
2.733333	-0.009118
2.766667	-0.009283
2.800000	-0.009429
2.833333	-0.009554
2.866667	-0.009636
2.900000	-0.009665
2.933333	-0.009665
2.966667	-0.009624
3.000000	-0.009574
3.033333	-0.009448
3.066667	-0.009293
3.100000	-0.009087
3.133333	-0.008829
3.166667	-0.008507
3.200000	-0.008127
3.233333	-0.007675
3.266667	-0.007143
3.300000	-0.006539
3.333333	-0.005865
3.366667	-0.005102
3.400000	-0.004284
3.433333	-0.003397
3.466667	-0.002453
3.500000	-0.001458
3.533333	-0.000415
3.566667	0.000666
3.600000	0.001771
3.633333	0.002884
3.666667	0.003985
3.700000	0.005063
3.733333	0.006112
3.766667	0.007058
3.800000	0.007934
3.833333	0.008716
3.866667	0.009411
3.900000	0.010001
3.933333	0.010467
3.966667	0.010829
4.000000	0.011074
4.033333	0.011250
4.066667	0.011304
4.100000	0.011282
4.133333	0.011157
4.166667	0.010983
4.200000	0.010732
4.233333	0.010427
4.266667	0.010085
4.300000	0.009708
4.333333	0.009300
4.366667	0.008898
4.400000	0.008475
4.433333	0.008056
4.466667	0.007639
4.500000	0.007232
4.533333	0.006849
4.566667	0.006459
4.600000	0.006082
4.633333	0.005712
4.666667	0.005360
4.700000	0.005039
4.733333	0.004750
4.766667	0.004494
4.800000	0.004308
4.833333	0.004180
4.866667	0.004123
4.900000	0.004163
4.933333	0.004261
4.966667	0.004457
5.000000	0.004709
5.033333	0.005035
5.066667	0.005435
5.100000	0.005897
5.133333	0.006407
5.166667	0.006980
5.200000	0.007561
5.233333	0.008166
5.266667	0.008760
5.300000	0.009319
5.333333	0.009826
5.366667	0.010268
5.400000	0.010603
5.433333	0.010830
5.466667	0.010935
5.500000	0.010918
5.533333	0.010778
5.566667	0.010517
5.600000	0.010147
5.633333	0.009664
5.666667	0.009090
5.700000	0.008432
5.733333	0.007697
5.766667	0.006928
5.800000	0.006116
5.833333	0.005279
5.866667	0.004437
5.900000	0.003612
5.933333	0.002807
5.966667	0.002053
6.000000	0.001324
6.033333	0.000672
6.066667	0.000068
6.100000	-0.000488
6.133333	-0.000990
6.166667	-0.001439
6.200000	-0.001854
6.233333	-0.002244
6.266667	-0.002610
6.300000	-0.002957
6.333333	-0.003274
6.366667	-0.003592
6.400000	-0.003892
6.433333	-0.004182
6.466667	-0.004471
6.500000	-0.004734
6.533333	-0.004984
6.566667	-0.005210
6.600000	-0.005431
6.633333	-0.005628
6.666667	-0.005810
6.700000	-0.005977
6.733333	-0.006119
6.766667	-0.006197
6.800000	-0.006231
6.833333	-0.006240
6.866667	-0.006190
6.900000	-0.006089
6.933333	-0.005914
6.966667	-0.005727
7.000000	-0.005476
7.033333	-0.005183
7.066667	-0.004864
7.100000	-0.004498
7.133333	-0.004096
7.166667	-0.003667
7.200000	-0.003214
7.233333	-0.002737
7.266667	-0.002238
7.300000	-0.001729
7.333333	-0.001201
7.366667	-0.000716
7.400000	-0.000226
7.433333	0.000227
7.466667	0.000642
7.500000	0.001025
7.533333	0.001352
7.566667	0.001631
7.600000	0.001846
7.633333	0.002000
7.666667	0.002083
7.700000	0.002103
7.733333	0.002102
7.766667	0.002026
7.800000	0.001883
7.833333	0.001681
7.866667	0.001464
7.900000	0.001183
7.933333	0.000886
7.966667	0.000545
8.000000	0.000213
8.033333	-0.000137
8.066667	-0.000504
8.100000	-0.000841
8.133333	-0.001177
8.166667	-0.001489
8.200000	-0.001782
8.233333	-0.002060
8.266667	-0.002316
8.300000	-0.002546
8.333333	-0.002742
8.366667	-0.002928
8.400000	-0.003093
8.433333	-0.003197
8.466667	-0.003288
8.500000	-0.003332
8.533333	-0.003323
8.566667	-0.003256
8.600000	-0.003127
8.633333	-0.002926
8.666667	-0.002686
8.700000	-0.002399
8.733333	-0.002051
8.766667	-0.001657
8.800000	-0.001203
8.833333	-0.000701
8.866667	-0.000165
8.900000	0.000398
8.933333	0.000991
8.966667	0.001573
9.000000	0.002177
9.033333	0.002763
9.066667	0.003278
9.100000	0.003765
9.133333	0.004174
9.166667	0.004513
9.200000	0.004765
9.233333	0.004921
9.266667	0.004991
9.300000	0.004978
9.333333	0.004879
9.366667	0.004683
9.400000	0.004390
9.433333	0.004078
9.466667	0.003633
9.500000	0.003175
9.533333	0.002646
9.566667	0.002072
9.600000	0.001462
9.633333	0.000805
9.666667	0.000114
9.700000	-0.000580
9.733333	-0.001260
9.766667	-0.001916
9.800000	-0.002580
9.833333	-0.003204
9.866667	-0.003792
9.900000	-0.004338
9.933333	-0.004857
9.966667	-0.005322
10.000000	-0.005726
10.033333	-0.006106
10.066667	-0.006459
10.100000	-0.006736
10.133333	-0.006957
10.166667	-0.007130
10.200000	-0.007244
10.233333	-0.007297
10.266667	-0.007282
10.300000	-0.007206
10.333333	-0.007071
10.366667	-0.006882
10.400000	-0.006640
10.433333	-0.006338
10.466667	-0.006015
10.500000	-0.005626
10.533333	-0.005237
10.566667	-0.004816
10.600000	-0.004390
10.633333	-0.003975
10.666667	-0.003561
10.700000	-0.003170
10.733333	-0.002803
10.766667	-0.002466
10.800000	-0.002163
10.833333	-0.001891
10.866667	-0.001656
10.900000	-0.001453
10.933333	-0.001288
10.966667	-0.001161
11.000000	-0.001072
11.033333	-0.001021
11.066667	-0.001001
11.100000	-0.001008
11.133333	-0.001035
11.166667	-0.001075
11.200000	-0.001120
11.233333	-0.001163
11.266667	-0.001194
11.300000	-0.001207
11.333333	-0.001199
11.366667	-0.001170
11.400000	-0.001119
11.433333	-0.001049
11.466667	-0.000961
11.500000	-0.000846
11.533333	-0.000727
11.566667	-0.000607
11.600000	-0.000488
11.633333	-0.000373
11.666667	-0.000265
11.700000	-0.000165
11.733333	-0.000077
11.766667	-0.000003
11.800000	0.000055
11.833333	0.000094
11.866667	0.000112
11.900000	0.000106
11.933333	0.000073
11.966667	0.000012
