-88.000000	-0.000001
-87.966667	-0.000001
-87.933333	-0.000001
-87.900000	-0.000001
-87.866667	-0.000001
-87.833333	-0.000001
-87.800000	-0.000002
-87.766667	-0.000002
-87.733333	-0.000001
-87.700000	-0.000001
-87.666667	-0.000001
-87.633333	-0.000000
-87.600000	0.000000
-87.566667	0.000002
-87.533333	0.000003
-87.500000	0.000005
-87.466667	0.000007
-87.433333	0.000010
-87.400000	0.000013
-87.366667	0.000017
-87.333333	0.000022
-87.300000	0.000027
-87.266667	0.000032
-87.233333	0.000038
-87.200000	0.000045
-87.166667	0.000051
-87.133333	0.000058
-87.100000	0.000065
-87.066667	0.000072
-87.033333	0.000078
-87.000000	0.000084
-86.966667	0.000089
-86.933333	0.000095
-86.900000	0.000099
-86.866667	0.000104
-86.833333	0.000107
-86.800000	0.000109
-86.766667	0.000108
-86.733333	0.000104
-86.700000	0.000097
-86.666667	0.000089
-86.633333	0.000081
-86.600000	0.000078
-86.566667	0.000073
-86.533333	0.000056
-86.500000	0.000029
-86.466667	0.000011
-86.433333	-0.000008
-86.400000	-0.000031
-86.366667	-0.000061
-86.333333	-0.000092
-86.300000	-0.000126
-86.266667	-0.000169
-86.233333	-0.000215
-86.200000	-0.000250
-86.166667	-0.000300
-86.133333	-0.000355
-86.100000	-0.000413
-86.066667	-0.000456
-86.033333	-0.000529
-86.000000	-0.000589
-85.966667	-0.000648
-85.933333	-0.000700
-85.900000	-0.000751
-85.866667	-0.000810
-85.833333	-0.000877
-85.800000	-0.000934
-85.766667	-0.000980
-85.733333	-0.001027
-85.700000	-0.001073
-85.666667	-0.001111
-85.633333	-0.001144
-85.600000	-0.001176
-85.566667	-0.001209
-85.533333	-0.001240
-85.500000	-0.001258
-85.466667	-0.001273
-85.433333	-0.001286
-85.400000	-0.001309
-85.366667	-0.001321
-85.333333	-0.001314
-85.300000	-0.001328
-85.266667	-0.001330
-85.233333	-0.001326
-85.200000	-0.001312
-85.166667	-0.001319
-85.133333	-0.001324
-85.100000	-0.001328
-85.066667	-0.001314
-85.033333	-0.001317
-85.000000	-0.001290
-84.966667	-0.001274
-84.933333	-0.001251
-84.900000	-0.001234
-84.866667	-0.001226
-84.833333	-0.001211
-84.800000	-0.001172
-84.766667	-0.001130
-84.733333	-0.001107
-84.700000	-0.001086
-84.666667	-0.001040
-84.633333	-0.001009
-84.600000	-0.000966
-84.566667	-0.000920
-84.533333	-0.000871
-84.500000	-0.000834
-84.466667	-0.000803
-84.433333	-0.000759
-84.400000	-0.000699
-84.366667	-0.000659
-84.333333	-0.000607
-84.300000	-0.000571
-84.266667	-0.000533
-84.233333	-0.000488
-84.200000	-0.000455
-84.166667	-0.000433
-84.133333	-0.000406
-84.100000	-0.000380
-84.066667	-0.000344
-84.033333	-0.000323
-84.000000	-0.000306
-83.966667	-0.000293
-83.933333	-0.000279
-83.900000	-0.000271
-83.866667	-0.000270
-83.833333	-0.000265
-83.800000	-0.000256
-83.766667	-0.000255
-83.733333	-0.000268
-83.700000	-0.000269
-83.666667	-0.000265
-83.633333	-0.000280
-83.600000	-0.000276
-83.566667	-0.000287
-83.533333	-0.000297
-83.500000	-0.000311
-83.466667	-0.000321
-83.433333	-0.000324
-83.400000	-0.000324
-83.366667	-0.000351
-83.333333	-0.000349
-83.300000	-0.000361
-83.266667	-0.000386
-83.233333	-0.000397
-83.200000	-0.000406
-83.166667	-0.000409
-83.133333	-0.000430
-83.100000	-0.000435
-83.066667	-0.000448
-83.033333	-0.000458
-83.000000	-0.000468
-82.966667	-0.000483
-82.933333	-0.000490
-82.900000	-0.000494
-82.866667	-0.000502
-82.833333	-0.000512
-82.800000	-0.000517
-82.766667	-0.000519
-82.733333	-0.000525
-82.700000	-0.000528
-82.666667	-0.000530
-82.633333	-0.000529
-82.600000	-0.000539
-82.566667	-0.000541
-82.533333	-0.000547
-82.500000	-0.000551
-82.466667	-0.000547
-82.433333	-0.000546
-82.400000	-0.000549
-82.366667	-0.000558
-82.333333	-0.000566
-82.300000	-0.000568
-82.266667	-0.000575
-82.233333	-0.000574
-82.200000	-0.000566
-82.166667	-0.000574
-82.133333	-0.000583
-82.100000	-0.000575
-82.066667	-0.000585
-82.033333	-0.000586
-82.000000	-0.000589
-81.966667	-0.000592
-81.933333	-0.000584
-81.900000	-0.000581
-81.866667	-0.000595
-81.833333	-0.000592
-81.800000	-0.000586
-81.766667	-0.000579
-81.733333	-0.000590
-81.700000	-0.000581
-81.666667	-0.000578
-81.633333	-0.000576
-81.600000	-0.000576
-81.566667	-0.000562
-81.533333	-0.000558
-81.500000	-0.000545
-81.466667	-0.000531
-81.433333	-0.000524
-81.400000	-0.000513
-81.366667	-0.000500
-81.333333	-0.000480
-81.300000	-0.000463
-81.266667	-0.000452
-81.233333	-0.000441
-81.200000	-0.000427
-81.166667	-0.000409
-81.133333	-0.000387
-81.100000	-0.000362
-81.066667	-0.000344
-81.033333	-0.000335
-81.000000	-0.000329
-80.966667	-0.000295
-80.933333	-0.000281
-80.900000	-0.000283
-80.866667	-0.000282
-80.833333	-0.000265
-80.800000	-0.000258
-80.766667	-0.000256
-80.733333	-0.000275
-80.700000	-0.000261
-80.666667	-0.000275
-80.633333	-0.000282
-80.600000	-0.000291
-80.566667	-0.000300
-80.533333	-0.000312
-80.500000	-0.000326
-80.466667	-0.000342
-80.433333	-0.000365
-80.400000	-0.000392
-80.366667	-0.000427
-80.333333	-0.000463
-80.300000	-0.000500
-80.266667	-0.000539
-80.233333	-0.000576
-80.200000	-0.000608
-80.166667	-0.000640
-80.133333	-0.000678
-80.100000	-0.000724
-80.066667	-0.000768
-80.033333	-0.000799
-80.000000	-0.000823
-79.966667	-0.000844
-79.933333	-0.000895
-79.900000	-0.000918
-79.866667	-0.000928
-79.833333	-0.000934
-79.800000	-0.000936
-79.766667	-0.000966
-79.733333	-0.000959
-79.700000	-0.000947
-79.666667	-0.000938
-79.633333	-0.000925
-79.600000	-0.000908
-79.566667	-0.000885
-79.533333	-0.000870
-79.500000	-0.000851
-79.466667	-0.000837
-79.433333	-0.000829
-79.400000	-0.000820
-79.366667	-0.000816
-79.333333	-0.000809
-79.300000	-0.000807
-79.266667	-0.000811
-79.233333	-0.000818
-79.200000	-0.000828
-79.166667	-0.000844
-79.133333	-0.000866
-79.100000	-0.000884
-79.066667	-0.000893
-79.033333	-0.000912
-79.000000	-0.000941
-78.966667	-0.000970
-78.933333	-0.000980
-78.900000	-0.000995
-78.866667	-0.001010
-78.833333	-0.001022
-78.800000	-0.001036
-78.766667	-0.001056
-78.733333	-0.001043
-78.700000	-0.001056
-78.666667	-0.001051
-78.633333	-0.001057
-78.600000	-0.001053
-78.566667	-0.001049
-78.533333	-0.001054
-78.500000	-0.001051
-78.466667	-0.001056
-78.433333	-0.001061
-78.400000	-0.001070
-78.366667	-0.001082
-78.333333	-0.001093
-78.300000	-0.001108
-78.266667	-0.001134
-78.233333	-0.001158
-78.200000	-0.001193
-78.166667	-0.001236
-78.133333	-0.001278
-78.100000	-0.001315
-78.066667	-0.001350
-78.033333	-0.001395
-78.000000	-0.001446
-77.966667	-0.001505
-77.933333	-0.001558
-77.900000	-0.001619
-77.866667	-0.001661
-77.833333	-0.001712
-77.800000	-0.001764
-77.766667	-0.001810
-77.733333	-0.001856
-77.700000	-0.001904
-77.666667	-0.001952
-77.633333	-0.001996
-77.600000	-0.002035
-77.566667	-0.002077
-77.533333	-0.002106
-77.500000	-0.002134
-77.466667	-0.002166
-77.433333	-0.002199
-77.400000	-0.002223
-77.366667	-0.002235
-77.333333	-0.002237
-77.300000	-0.002251
-77.266667	-0.002259
-77.233333	-0.002259
-77.200000	-0.002256
-77.166667	-0.002246
-77.133333	-0.002222
-77.100000	-0.002194
-77.066667	-0.002165
-77.033333	-0.002140
-77.000000	-0.002118
-76.966667	-0.002087
-76.933333	-0.002041
-76.900000	-0.001992
-76.866667	-0.001944
-76.833333	-0.001898
-76.800000	-0.001848
-76.766667	-0.001811
-76.733333	-0.001786
-76.700000	-0.001765
-76.666667	-0.001734
-76.633333	-0.001695
-76.600000	-0.001669
-76.566667	-0.001659
-76.533333	-0.001642
-76.500000	-0.001635
-76.466667	-0.001633
-76.433333	-0.001631
-76.400000	-0.001619
-76.366667	-0.001608
-76.333333	-0.001608
-76.300000	-0.001615
-76.266667	-0.001599
-76.233333	-0.001606
-76.200000	-0.001597
-76.166667	-0.001598
-76.133333	-0.001589
-76.100000	-0.001569
-76.066667	-0.001538
-76.033333	-0.001499
-76.000000	-0.001469
-75.966667	-0.001448
-75.933333	-0.001425
-75.900000	-0.001361
-75.866667	-0.001314
-75.833333	-0.001271
-75.800000	-0.001225
-75.766667	-0.001189
-75.733333	-0.001140
-75.700000	-0.001085
-75.666667	-0.001017
-75.633333	-0.000955
-75.600000	-0.000902
-75.566667	-0.000841
-75.533333	-0.000766
-75.500000	-0.000690
-75.466667	-0.000615
-75.433333	-0.000538
-75.400000	-0.000461
-75.366667	-0.000384
-75.333333	-0.000289
-75.300000	-0.000179
-75.266667	-0.000083
-75.233333	0.000013
-75.200000	0.000133
-75.166667	0.000257
-75.133333	0.000389
-75.100000	0.000546
-75.066667	0.000696
-75.033333	0.000842
-75.000000	0.000980
-74.966667	0.001127
-74.933333	0.001301
-74.900000	0.001497
-74.866667	0.001652
-74.833333	0.001815
-74.800000	0.001984
-74.766667	0.002151
-74.733333	0.002310
-74.700000	0.002464
-74.666667	0.002616
-74.633333	0.002762
-74.600000	0.002899
-74.566667	0.003023
-74.533333	0.003127
-74.500000	0.003204
-74.466667	0.003271
-74.433333	0.003322
-74.400000	0.003341
-74.366667	0.003348
-74.333333	0.003345
-74.300000	0.003288
-74.266667	0.003194
-74.233333	0.003083
-74.200000	0.002925
-74.166667	0.002728
-74.133333	0.002473
-74.100000	0.002179
-74.066667	0.001813
-74.033333	0.001408
-74.000000	0.000949
-73.966667	0.000444
-73.933333	-0.000098
-73.900000	-0.000683
-73.866667	-0.001314
-73.833333	-0.001979
-73.800000	-0.002672
-73.766667	-0.003387
-73.733333	-0.004096
-73.700000	-0.004789
-73.666667	-0.005456
-73.633333	-0.006103
-73.600000	-0.006697
-73.566667	-0.007230
-73.533333	-0.007695
-73.500000	-0.008077
-73.466667	-0.008361
-73.433333	-0.008564
-73.400000	-0.008686
-73.366667	-0.008709
-73.333333	-0.008647
-73.300000	-0.008514
-73.266667	-0.008290
-73.233333	-0.008005
-73.200000	-0.007666
-73.166667	-0.007283
-73.133333	-0.006860
-73.100000	-0.006427
-73.066667	-0.005979
-73.033333	-0.005525
-73.000000	-0.005087
-72.966667	-0.004671
-72.933333	-0.004259
-72.900000	-0.003899
-72.866667	-0.003564
-72.833333	-0.003265
-72.800000	-0.002997
-72.766667	-0.002749
-72.733333	-0.002511
-72.700000	-0.002301
-72.666667	-0.002110
-72.633333	-0.001935
-72.600000	-0.001752
-72.566667	-0.001581
-72.533333	-0.001423
-72.500000	-0.001271
-72.466667	-0.001118
-72.433333	-0.000972
-72.400000	-0.000826
-72.366667	-0.000684
-72.333333	-0.000549
-72.300000	-0.000408
-72.266667	-0.000276
-72.233333	-0.000152
-72.200000	-0.000039
-72.166667	0.000064
-72.133333	0.000154
-72.100000	0.000224
-72.066667	0.000292
-72.033333	0.000351
-72.000000	0.000414
-71.966667	0.000482
-71.933333	0.000565
-71.900000	0.000636
-71.866667	0.000725
-71.833333	0.000833
-71.800000	0.000955
-71.766667	0.001076
-71.733333	0.001231
-71.700000	0.001371
-71.666667	0.001550
-71.633333	0.001719
-71.600000	0.001907
-71.566667	0.002098
-71.533333	0.002284
-71.500000	0.002474
-71.466667	0.002680
-71.433333	0.002889
-71.400000	0.003087
-71.366667	0.003266
-71.333333	0.003440
-71.300000	0.003616
-71.266667	0.003774
-71.233333	0.003925
-71.200000	0.004067
-71.166667	0.004200
-71.133333	0.004325
-71.100000	0.004446
-71.066667	0.004563
-71.033333	0.004679
-71.000000	0.004796
-70.966667	0.004907
-70.933333	0.005005
-70.900000	0.005101
-70.866667	0.005185
-70.833333	0.005284
-70.800000	0.005362
-70.766667	0.005433
-70.733333	0.005520
-70.700000	0.005585
-70.666667	0.005667
-70.633333	0.005717
-70.600000	0.005785
-70.566667	0.005843
-70.533333	0.005899
-70.500000	0.005963
-70.466667	0.006041
-70.433333	0.006117
-70.400000	0.006189
-70.366667	0.006276
-70.333333	0.006384
-70.300000	0.006505
-70.266667	0.006635
-70.233333	0.006777
-70.200000	0.006919
-70.166667	0.007076
-70.133333	0.007237
-70.100000	0.007402
-70.066667	0.007557
-70.033333	0.007701
-70.000000	0.007843
-69.966667	0.007947
-69.933333	0.008027
-69.900000	0.008071
-69.866667	0.008065
-69.833333	0.008016
-69.800000	0.007905
-69.766667	0.007734
-69.733333	0.007498
-69.700000	0.007193
-69.666667	0.006823
-69.633333	0.006393
-69.600000	0.005904
-69.566667	0.005352
-69.533333	0.004744
-69.500000	0.004089
-69.466667	0.003384
-69.433333	0.002643
-69.400000	0.001860
-69.366667	0.001049
-69.333333	0.000218
-69.300000	-0.000629
-69.266667	-0.001492
-69.233333	-0.002343
-69.200000	-0.003190
-69.166667	-0.004001
-69.133333	-0.004784
-69.100000	-0.005523
-69.066667	-0.006216
-69.033333	-0.006844
-69.000000	-0.007401
-68.966667	-0.007901
-68.933333	-0.008310
-68.900000	-0.008646
-68.866667	-0.008895
-68.833333	-0.009056
-68.800000	-0.009126
-68.766667	-0.009096
-68.733333	-0.008961
-68.700000	-0.008720
-68.666667	-0.008397
-68.633333	-0.007965
-68.600000	-0.007460
-68.566667	-0.006869
-68.533333	-0.006196
-68.500000	-0.005447
-68.466667	-0.004617
-68.433333	-0.003703
-68.400000	-0.002741
-68.366667	-0.001690
-68.333333	-0.000553
-68.300000	0.000628
-68.266667	0.001887
-68.233333	0.003234
-68.200000	0.004686
-68.166667	0.006235
-68.133333	0.007916
-68.100000	0.009734
-68.066667	0.011716
-68.033333	0.013884
-68.000000	0.016264
-67.966667	0.018882
-67.933333	0.021767
-67.900000	0.024958
-67.866667	0.028501
-67.833333	0.032441
-67.800000	0.036828
-67.766667	0.041710
-67.733333	0.047125
-67.700000	0.053100
-67.666667	0.059672
-67.633333	0.066887
-67.600000	0.074725
-67.566667	0.083219
-67.533333	0.092363
-67.500000	0.102148
-67.466667	0.112555
-67.433333	0.123572
-67.400000	0.135155
-67.366667	0.147291
-67.333333	0.159893
-67.300000	0.172900
-67.266667	0.186302
-67.233333	0.200004
-67.200000	0.213918
-67.166667	0.227911
-67.133333	0.241905
-67.100000	0.255757
-67.066667	0.269351
-67.033333	0.282513
-67.000000	0.295104
-66.966667	0.306946
-66.933333	0.317859
-66.900000	0.327657
-66.866667	0.336137
-66.833333	0.343050
-66.800000	0.348101
-66.766667	0.350973
-66.733333	0.351327
-66.700000	0.348764
-66.666667	0.342854
-66.633333	0.333119
-66.600000	0.319079
-66.566667	0.300249
-66.533333	0.276158
-66.500000	0.246380
-66.466667	0.210583
-66.433333	0.168532
-66.400000	0.120096
-66.366667	0.065348
-66.333333	0.004535
-66.300000	-0.061860
-66.266667	-0.133132
-66.233333	-0.208411
-66.200000	-0.286613
-66.166667	-0.366461
-66.133333	-0.446540
-66.100000	-0.525333
-66.066667	-0.601263
-66.033333	-0.672773
-66.000000	-0.738292
-65.966667	-0.796405
-65.933333	-0.845763
-65.900000	-0.885254
-65.866667	-0.914009
-65.833333	-0.931440
-65.800000	-0.937192
-65.766667	-0.931209
-65.733333	-0.913739
-65.700000	-0.885340
-65.666667	-0.846871
-65.633333	-0.799374
-65.600000	-0.744079
-65.566667	-0.682391
-65.533333	-0.615828
-65.500000	-0.545925
-65.466667	-0.474192
-65.433333	-0.402085
-65.400000	-0.330927
-65.366667	-0.261912
-65.333333	-0.196081
-65.300000	-0.134252
-65.266667	-0.077067
-65.233333	-0.024989
-65.200000	0.021698
-65.166667	0.062880
-65.133333	0.098573
-65.100000	0.128914
-65.066667	0.154148
-65.033333	0.174578
-65.000000	0.190579
-64.966667	0.202542
-64.933333	0.210915
-64.900000	0.216090
-64.866667	0.218483
-64.833333	0.218483
-64.800000	0.216522
-64.766667	0.212941
-64.733333	0.208088
-64.700000	0.202268
-64.666667	0.195760
-64.633333	0.188867
-64.600000	0.181851
-64.566667	0.174892
-64.533333	0.168139
-64.500000	0.161797
-64.466667	0.155946
-64.433333	0.150681
-64.400000	0.146038
-64.366667	0.142001
-64.333333	0.138533
-64.300000	0.135608
-64.266667	0.133165
-64.233333	0.131130
-64.200000	0.129397
-64.166667	0.127883
-64.133333	0.126508
-64.100000	0.125200
-64.066667	0.123900
-64.033333	0.122548
-64.000000	0.121109
-63.966667	0.119502
-63.933333	0.117740
-63.900000	0.115801
-63.866667	0.113713
-63.833333	0.111422
-63.800000	0.109028
-63.766667	0.106515
-63.733333	0.103926
-63.700000	0.101282
-63.666667	0.098597
-63.633333	0.095896
-63.600000	0.093184
-63.566667	0.090440
-63.533333	0.087643
-63.500000	0.084791
-63.466667	0.081797
-63.433333	0.078644
-63.400000	0.075269
-63.366667	0.071633
-63.333333	0.067713
-63.300000	0.063498
-63.266667	0.058996
-63.233333	0.054217
-63.200000	0.049200
-63.166667	0.043996
-63.133333	0.038685
-63.100000	0.033346
-63.066667	0.028087
-63.033333	0.023013
-63.000000	0.018220
-62.966667	0.013824
-62.933333	0.009997
-62.900000	0.006836
-62.866667	0.004451
-62.833333	0.002892
-62.800000	0.002283
-62.766667	0.002615
-62.733333	0.003908
-62.700000	0.006140
-62.666667	0.009272
-62.633333	0.013245
-62.600000	0.017961
-62.566667	0.023298
-62.533333	0.029113
-62.500000	0.035250
-62.466667	0.041540
-62.433333	0.047819
-62.400000	0.053946
-62.366667	0.059792
-62.333333	0.065243
-62.300000	0.070174
-62.266667	0.074521
-62.233333	0.078210
-62.200000	0.081194
-62.166667	0.083445
-62.133333	0.084975
-62.100000	0.085820
-62.066667	0.086009
-62.033333	0.085577
-62.000000	0.084573
-61.966667	0.083052
-61.933333	0.081038
-61.900000	0.078581
-61.866667	0.075722
-61.833333	0.072523
-61.800000	0.069005
-61.766667	0.065199
-61.733333	0.061127
-61.700000	0.056806
-61.666667	0.052242
-61.633333	0.047461
-61.600000	0.042474
-61.566667	0.037278
-61.533333	0.031922
-61.500000	0.026412
-61.466667	0.020794
-61.433333	0.015121
-61.400000	0.009454
-61.366667	0.003853
-61.333333	-0.001618
-61.300000	-0.006899
-61.266667	-0.011910
-61.233333	-0.016618
-61.200000	-0.020959
-61.166667	-0.024911
-61.133333	-0.028429
-61.100000	-0.031498
-61.066667	-0.034123
-61.033333	-0.036305
-61.000000	-0.038053
-60.966667	-0.039393
-60.933333	-0.040358
-60.900000	-0.040963
-60.866667	-0.041222
-60.833333	-0.041173
-60.800000	-0.040883
-60.766667	-0.040382
-60.733333	-0.039725
-60.700000	-0.038951
-60.666667	-0.038093
-60.633333	-0.037157
-60.600000	-0.036167
-60.566667	-0.035143
-60.533333	-0.034096
-60.500000	-0.033070
-60.466667	-0.032060
-60.433333	-0.031083
-60.400000	-0.030141
-60.366667	-0.029246
-60.333333	-0.028416
-60.300000	-0.027630
-60.266667	-0.026911
-60.233333	-0.026252
-60.200000	-0.025649
-60.166667	-0.025106
-60.133333	-0.024568
-60.100000	-0.024060
-60.066667	-0.023551
-60.033333	-0.023033
-60.000000	-0.022459
-59.966667	-0.021848
-59.933333	-0.021205
-59.900000	-0.020517
-59.866667	-0.019756
-59.833333	-0.018922
-59.800000	-0.018021
-59.766667	-0.017042
-59.733333	-0.015984
-59.700000	-0.014846
-59.666667	-0.013626
-59.633333	-0.012319
-59.600000	-0.010928
-59.566667	-0.009475
-59.533333	-0.007979
-59.500000	-0.006445
-59.466667	-0.004889
-59.433333	-0.003336
-59.400000	-0.001818
-59.366667	-0.000341
-59.333333	0.001059
-59.300000	0.002387
-59.266667	0.003597
-59.233333	0.004697
-59.200000	0.005659
-59.166667	0.006484
-59.133333	0.007162
-59.100000	0.007657
-59.066667	0.007996
-59.033333	0.008170
-59.000000	0.008189
-58.966667	0.008012
-58.933333	0.007654
-58.900000	0.007132
-58.866667	0.006462
-58.833333	0.005636
-58.800000	0.004658
-58.766667	0.003543
-58.733333	0.002296
-58.700000	0.000939
-58.666667	-0.000512
-58.633333	-0.002033
-58.600000	-0.003596
-58.566667	-0.005185
-58.533333	-0.006782
-58.500000	-0.008370
-58.466667	-0.009931
-58.433333	-0.011459
-58.400000	-0.012951
-58.366667	-0.014370
-58.333333	-0.015748
-58.300000	-0.017059
-58.266667	-0.018302
-58.233333	-0.019465
-58.200000	-0.020533
-58.166667	-0.021486
-58.133333	-0.022317
-58.100000	-0.023031
-58.066667	-0.023651
-58.033333	-0.024179
-58.000000	-0.024587
-57.966667	-0.024872
-57.933333	-0.025046
-57.900000	-0.025100
-57.866667	-0.025020
-57.833333	-0.024837
-57.800000	-0.024525
-57.766667	-0.024098
-57.733333	-0.023563
-57.700000	-0.022920
-57.666667	-0.022182
-57.633333	-0.021357
-57.600000	-0.020466
-57.566667	-0.019519
-57.533333	-0.018524
-57.500000	-0.017482
-57.466667	-0.016400
-57.433333	-0.015287
-57.400000	-0.014150
-57.366667	-0.012942
-57.333333	-0.011676
-57.300000	-0.010330
-57.266667	-0.008904
-57.233333	-0.007422
-57.200000	-0.005843
-57.166667	-0.004186
-57.133333	-0.002482
-57.100000	-0.000747
-57.066667	0.000991
-57.033333	0.002749
-57.000000	0.004512
-56.966667	0.006241
-56.933333	0.007904
-56.900000	0.009485
-56.866667	0.010949
-56.833333	0.012244
-56.800000	0.013364
-56.766667	0.014249
-56.733333	0.014873
-56.700000	0.015211
-56.666667	0.015265
-56.633333	0.015032
-56.600000	0.014530
-56.566667	0.013789
-56.533333	0.012829
-56.500000	0.011679
-56.466667	0.010370
-56.433333	0.008949
-56.400000	0.007470
-56.366667	0.005977
-56.333333	0.004493
-56.300000	0.003040
-56.266667	0.001646
-56.233333	0.000336
-56.200000	-0.000822
-56.166667	-0.001848
-56.133333	-0.002730
-56.100000	-0.003455
-56.066667	-0.004038
-56.033333	-0.004459
-56.000000	-0.004752
-55.966667	-0.004895
-55.933333	-0.004938
-55.900000	-0.004886
-55.866667	-0.004745
-55.833333	-0.004529
-55.800000	-0.004249
-55.766667	-0.003911
-55.733333	-0.003518
-55.700000	-0.003069
-55.666667	-0.002552
-55.633333	-0.001976
-55.600000	-0.001345
-55.566667	-0.000671
-55.533333	0.000033
-55.500000	0.000759
-55.466667	0.001499
-55.433333	0.002244
-55.400000	0.002984
-55.366667	0.003693
-55.333333	0.004396
-55.300000	0.005072
-55.266667	0.005710
-55.233333	0.006303
-55.200000	0.006842
-55.166667	0.007304
-55.133333	0.007673
-55.100000	0.007927
-55.066667	0.008062
-55.033333	0.008058
-55.000000	0.007884
-54.966667	0.007546
-54.933333	0.007018
-54.900000	0.006326
-54.866667	0.005455
-54.833333	0.004404
-54.800000	0.003188
-54.766667	0.001818
-54.733333	0.000306
-54.700000	-0.001329
-54.666667	-0.003070
-54.633333	-0.004901
-54.600000	-0.006807
-54.566667	-0.008761
-54.533333	-0.010724
-54.500000	-0.012658
-54.466667	-0.014523
-54.433333	-0.016274
-54.400000	-0.017874
-54.366667	-0.019282
-54.333333	-0.020452
-54.300000	-0.021377
-54.266667	-0.022045
-54.233333	-0.022451
-54.200000	-0.022608
-54.166667	-0.022534
-54.133333	-0.022247
-54.100000	-0.021780
-54.066667	-0.021156
-54.033333	-0.020427
-54.000000	-0.019632
-53.966667	-0.018801
-53.933333	-0.017964
-53.900000	-0.017178
-53.866667	-0.016457
-53.833333	-0.015808
-53.800000	-0.015235
-53.766667	-0.014746
-53.733333	-0.014344
-53.700000	-0.014020
-53.666667	-0.013765
-53.633333	-0.013555
-53.600000	-0.013354
-53.566667	-0.013141
-53.533333	-0.012863
-53.500000	-0.012506
-53.466667	-0.012060
-53.433333	-0.011525
-53.400000	-0.010910
-53.366667	-0.010217
-53.333333	-0.009452
-53.300000	-0.008632
-53.266667	-0.007784
-53.233333	-0.006932
-53.200000	-0.006105
-53.166667	-0.005323
-53.133333	-0.004609
-53.100000	-0.003990
-53.066667	-0.003488
-53.033333	-0.003129
-53.000000	-0.002948
-52.966667	-0.002941
-52.933333	-0.003102
-52.900000	-0.003418
-52.866667	-0.003856
-52.833333	-0.004403
-52.800000	-0.005027
-52.766667	-0.005703
-52.733333	-0.006399
-52.700000	-0.007081
-52.666667	-0.007718
-52.633333	-0.008278
-52.600000	-0.008736
-52.566667	-0.009099
-52.533333	-0.009323
-52.500000	-0.009429
-52.466667	-0.009414
-52.433333	-0.009287
-52.400000	-0.009058
-52.366667	-0.008740
-52.333333	-0.008348
-52.300000	-0.007908
-52.266667	-0.007442
-52.233333	-0.006966
-52.200000	-0.006496
-52.166667	-0.006051
-52.133333	-0.005664
-52.100000	-0.005285
-52.066667	-0.004963
-52.033333	-0.004682
-52.000000	-0.004444
-51.966667	-0.004217
-51.933333	-0.003987
-51.900000	-0.003739
-51.866667	-0.003456
-51.833333	-0.003118
-51.800000	-0.002704
-51.766667	-0.002213
-51.733333	-0.001643
-51.700000	-0.001005
-51.666667	-0.000310
-51.633333	0.000431
-51.600000	0.001219
-51.566667	0.002040
-51.533333	0.002894
-51.500000	0.003750
-51.466667	0.004574
-51.433333	0.005326
-51.400000	0.005966
-51.366667	0.006466
-51.333333	0.006807
-51.300000	0.006968
-51.266667	0.006931
-51.233333	0.006674
-51.200000	0.006206
-51.166667	0.005515
-51.133333	0.004617
-51.100000	0.003564
-51.066667	0.002333
-51.033333	0.000998
-51.000000	-0.000413
-50.966667	-0.001849
-50.933333	-0.003264
-50.900000	-0.004610
-50.866667	-0.005844
-50.833333	-0.006922
-50.800000	-0.007828
-50.766667	-0.008553
-50.733333	-0.009085
-50.700000	-0.009425
-50.666667	-0.009575
-50.633333	-0.009527
-50.600000	-0.009279
-50.566667	-0.008843
-50.533333	-0.008274
-50.500000	-0.007610
-50.466667	-0.006891
-50.433333	-0.006154
-50.400000	-0.005428
-50.366667	-0.004740
-50.333333	-0.004117
-50.300000	-0.003583
-50.266667	-0.003145
-50.233333	-0.002794
-50.200000	-0.002500
-50.166667	-0.002257
-50.133333	-0.002032
-50.100000	-0.001799
-50.066667	-0.001533
-50.033333	-0.001215
-50.000000	-0.000824
-49.966667	-0.000357
-49.933333	0.000176
-49.900000	0.000774
-49.866667	0.001434
-49.833333	0.002140
-49.800000	0.002858
-49.766667	0.003569
-49.733333	0.004244
-49.700000	0.004845
-49.666667	0.005351
-49.633333	0.005736
-49.600000	0.005961
-49.566667	0.006005
-49.533333	0.005814
-49.500000	0.005396
-49.466667	0.004746
-49.433333	0.003868
-49.400000	0.002787
-49.366667	0.001524
-49.333333	0.000117
-49.300000	-0.001391
-49.266667	-0.002928
-49.233333	-0.004439
-49.200000	-0.005871
-49.166667	-0.007185
-49.133333	-0.008325
-49.100000	-0.009266
-49.066667	-0.009999
-49.033333	-0.010484
-49.000000	-0.010737
-48.966667	-0.010765
-48.933333	-0.010584
-48.900000	-0.010212
-48.866667	-0.009682
-48.833333	-0.009028
-48.800000	-0.008285
-48.766667	-0.007496
-48.733333	-0.006703
-48.700000	-0.005938
-48.666667	-0.005203
-48.633333	-0.004573
-48.600000	-0.004036
-48.566667	-0.003596
-48.533333	-0.003297
-48.500000	-0.003132
-48.466667	-0.003113
-48.433333	-0.003229
-48.400000	-0.003449
-48.366667	-0.003740
-48.333333	-0.004063
-48.300000	-0.004394
-48.266667	-0.004684
-48.233333	-0.004903
-48.200000	-0.005037
-48.166667	-0.005058
-48.133333	-0.004948
-48.100000	-0.004727
-48.066667	-0.004402
-48.033333	-0.003971
-48.000000	-0.003473
-47.966667	-0.002907
-47.933333	-0.002328
-47.900000	-0.001765
-47.866667	-0.001238
-47.833333	-0.000766
-47.800000	-0.000381
-47.766667	-0.000104
-47.733333	0.000055
-47.700000	0.000096
-47.666667	0.000015
-47.633333	-0.000217
-47.600000	-0.000560
-47.566667	-0.001033
-47.533333	-0.001636
-47.500000	-0.002333
-47.466667	-0.003093
-47.433333	-0.003863
-47.400000	-0.004592
-47.366667	-0.005258
-47.333333	-0.005856
-47.300000	-0.006357
-47.266667	-0.006762
-47.233333	-0.007053
-47.200000	-0.007244
-47.166667	-0.007326
-47.133333	-0.007308
-47.100000	-0.007202
-47.066667	-0.007025
-47.033333	-0.006788
-47.000000	-0.006509
-46.966667	-0.006215
-46.933333	-0.005940
-46.900000	-0.005680
-46.866667	-0.005445
-46.833333	-0.005246
-46.800000	-0.005094
-46.766667	-0.004986
-46.733333	-0.004913
-46.700000	-0.004867
-46.666667	-0.004839
-46.633333	-0.004811
-46.600000	-0.004787
-46.566667	-0.004744
-46.533333	-0.004650
-46.500000	-0.004478
-46.466667	-0.004205
-46.433333	-0.003818
-46.400000	-0.003321
-46.366667	-0.002731
-46.333333	-0.002064
-46.300000	-0.001328
-46.266667	-0.000575
-46.233333	0.000181
-46.200000	0.000927
-46.166667	0.001633
-46.133333	0.002263
-46.100000	0.002779
-46.066667	0.003153
-46.033333	0.003382
-46.000000	0.003427
-45.966667	0.003285
-45.933333	0.002954
-45.900000	0.002432
-45.866667	0.001744
-45.833333	0.000897
-45.800000	-0.000098
-45.766667	-0.001187
-45.733333	-0.002367
-45.700000	-0.003611
-45.666667	-0.004895
-45.633333	-0.006189
-45.600000	-0.007466
-45.566667	-0.008675
-45.533333	-0.009782
-45.500000	-0.010767
-45.466667	-0.011613
-45.433333	-0.012320
-45.400000	-0.012904
-45.366667	-0.013369
-45.333333	-0.013717
-45.300000	-0.013961
-45.266667	-0.014118
-45.233333	-0.014183
-45.200000	-0.014143
-45.166667	-0.014043
-45.133333	-0.013851
-45.100000	-0.013596
-45.066667	-0.013256
-45.033333	-0.012837
-45.000000	-0.012362
-44.966667	-0.011820
-44.933333	-0.011227
-44.900000	-0.010598
-44.866667	-0.009943
-44.833333	-0.009287
-44.800000	-0.008645
-44.766667	-0.008021
-44.733333	-0.007458
-44.700000	-0.006954
-44.666667	-0.006518
-44.633333	-0.006150
-44.600000	-0.005843
-44.566667	-0.005607
-44.533333	-0.005444
-44.500000	-0.005357
-44.466667	-0.005354
-44.433333	-0.005441
-44.400000	-0.005616
-44.366667	-0.005862
-44.333333	-0.006172
-44.300000	-0.006548
-44.266667	-0.006980
-44.233333	-0.007445
-44.200000	-0.007936
-44.166667	-0.008447
-44.133333	-0.008934
-44.100000	-0.009421
-44.066667	-0.009875
-44.033333	-0.010311
-44.000000	-0.010721
-43.966667	-0.011109
-43.933333	-0.011468
-43.900000	-0.011795
-43.866667	-0.012084
-43.833333	-0.012330
-43.800000	-0.012540
-43.766667	-0.012705
-43.733333	-0.012816
-43.700000	-0.012866
-43.666667	-0.012851
-43.633333	-0.012769
-43.600000	-0.012617
-43.566667	-0.012416
-43.533333	-0.012161
-43.500000	-0.011862
-43.466667	-0.011519
-43.433333	-0.011134
-43.400000	-0.010709
-43.366667	-0.010259
-43.333333	-0.009801
-43.300000	-0.009338
-43.266667	-0.008863
-43.233333	-0.008382
-43.200000	-0.007906
-43.166667	-0.007446
-43.133333	-0.006995
-43.100000	-0.006568
-43.066667	-0.006169
-43.033333	-0.005793
-43.000000	-0.005428
-42.966667	-0.005075
-42.933333	-0.004742
-42.900000	-0.004416
-42.866667	-0.004124
-42.833333	-0.003864
-42.800000	-0.003632
-42.766667	-0.003420
-42.733333	-0.003226
-42.700000	-0.003058
-42.666667	-0.002918
-42.633333	-0.002809
-42.600000	-0.002732
-42.566667	-0.002698
-42.533333	-0.002696
-42.500000	-0.002731
-42.466667	-0.002802
-42.433333	-0.002911
-42.400000	-0.003067
-42.366667	-0.003275
-42.333333	-0.003531
-42.300000	-0.003834
-42.266667	-0.004159
-42.233333	-0.004522
-42.200000	-0.004934
-42.166667	-0.005390
-42.133333	-0.005872
-42.100000	-0.006380
-42.066667	-0.006902
-42.033333	-0.007430
-42.000000	-0.007972
-41.966667	-0.008538
-41.933333	-0.009123
-41.900000	-0.009713
-41.866667	-0.010320
-41.833333	-0.010916
-41.800000	-0.011494
-41.766667	-0.012047
-41.733333	-0.012570
-41.700000	-0.013055
-41.666667	-0.013488
-41.633333	-0.013859
-41.600000	-0.014162
-41.566667	-0.014382
-41.533333	-0.014512
-41.500000	-0.014544
-41.466667	-0.014480
-41.433333	-0.014316
-41.400000	-0.014051
-41.366667	-0.013687
-41.333333	-0.013238
-41.300000	-0.012686
-41.266667	-0.012039
-41.233333	-0.011312
-41.200000	-0.010527
-41.166667	-0.009685
-41.133333	-0.008789
-41.100000	-0.007865
-41.066667	-0.006917
-41.033333	-0.005969
-41.000000	-0.005036
-40.966667	-0.004127
-40.933333	-0.003251
-40.900000	-0.002407
-40.866667	-0.001614
-40.833333	-0.000860
-40.800000	-0.000161
-40.766667	0.000483
-40.733333	0.001066
-40.700000	0.001582
-40.666667	0.002032
-40.633333	0.002401
-40.600000	0.002690
-40.566667	0.002891
-40.533333	0.002985
-40.500000	0.002990
-40.466667	0.002880
-40.433333	0.002661
-40.400000	0.002328
-40.366667	0.001875
-40.333333	0.001306
-40.300000	0.000648
-40.266667	-0.000113
-40.233333	-0.000948
-40.200000	-0.001855
-40.166667	-0.002800
-40.133333	-0.003753
-40.100000	-0.004724
-40.066667	-0.005655
-40.033333	-0.006534
-40.000000	-0.007322
-39.966667	-0.007997
-39.933333	-0.008524
-39.900000	-0.008882
-39.866667	-0.009065
-39.833333	-0.009060
-39.800000	-0.008879
-39.766667	-0.008520
-39.733333	-0.007998
-39.700000	-0.007317
-39.666667	-0.006472
-39.633333	-0.005511
-39.600000	-0.004437
-39.566667	-0.003293
-39.533333	-0.002106
-39.500000	-0.000863
-39.466667	0.000356
-39.433333	0.001538
-39.400000	0.002653
-39.366667	0.003677
-39.333333	0.004592
-39.300000	0.005390
-39.266667	0.006063
-39.233333	0.006608
-39.200000	0.007027
-39.166667	0.007331
-39.133333	0.007527
-39.100000	0.007618
-39.066667	0.007649
-39.033333	0.007615
-39.000000	0.007532
-38.966667	0.007410
-38.933333	0.007272
-38.900000	0.007123
-38.866667	0.006969
-38.833333	0.006815
-38.800000	0.006670
-38.766667	0.006533
-38.733333	0.006411
-38.700000	0.006305
-38.666667	0.006218
-38.633333	0.006114
-38.600000	0.006010
-38.566667	0.005888
-38.533333	0.005772
-38.500000	0.005633
-38.466667	0.005440
-38.433333	0.005240
-38.400000	0.004995
-38.366667	0.004714
-38.333333	0.004398
-38.300000	0.004054
-38.266667	0.003691
-38.233333	0.003344
-38.200000	0.003020
-38.166667	0.002743
-38.133333	0.002521
-38.100000	0.002358
-38.066667	0.002271
-38.033333	0.002270
-38.000000	0.002372
-37.966667	0.002558
-37.933333	0.002867
-37.900000	0.003276
-37.866667	0.003763
-37.833333	0.004327
-37.800000	0.004937
-37.766667	0.005569
-37.733333	0.006215
-37.700000	0.006851
-37.666667	0.007465
-37.633333	0.008030
-37.600000	0.008533
-37.566667	0.008965
-37.533333	0.009312
-37.500000	0.009549
-37.466667	0.009710
-37.433333	0.009799
-37.400000	0.009789
-37.366667	0.009720
-37.333333	0.009593
-37.300000	0.009438
-37.266667	0.009304
-37.233333	0.009177
-37.200000	0.009077
-37.166667	0.009004
-37.133333	0.008953
-37.100000	0.008940
-37.066667	0.008966
-37.033333	0.009038
-37.000000	0.009139
-36.966667	0.009249
-36.933333	0.009387
-36.900000	0.009506
-36.866667	0.009600
-36.833333	0.009658
-36.800000	0.009646
-36.766667	0.009553
-36.733333	0.009374
-36.700000	0.009083
-36.666667	0.008674
-36.633333	0.008154
-36.600000	0.007519
-36.566667	0.006778
-36.533333	0.005940
-36.500000	0.005030
-36.466667	0.004062
-36.433333	0.003055
-36.400000	0.002029
-36.366667	0.001011
-36.333333	0.000031
-36.300000	-0.000890
-36.266667	-0.001737
-36.233333	-0.002530
-36.200000	-0.003223
-36.166667	-0.003833
-36.133333	-0.004344
-36.100000	-0.004748
-36.066667	-0.005050
-36.033333	-0.005239
-36.000000	-0.005338
-35.966667	-0.005343
-35.933333	-0.005261
-35.900000	-0.005110
-35.866667	-0.004920
-35.833333	-0.004674
-35.800000	-0.004414
-35.766667	-0.004141
-35.733333	-0.003872
-35.700000	-0.003621
-35.666667	-0.003395
-35.633333	-0.003195
-35.600000	-0.003039
-35.566667	-0.002925
-35.533333	-0.002858
-35.500000	-0.002831
-35.466667	-0.002849
-35.433333	-0.002903
-35.400000	-0.002990
-35.366667	-0.003107
-35.333333	-0.003256
-35.300000	-0.003449
-35.266667	-0.003680
-35.233333	-0.003947
-35.200000	-0.004239
-35.166667	-0.004560
-35.133333	-0.004915
-35.100000	-0.005301
-35.066667	-0.005711
-35.033333	-0.006146
-35.000000	-0.006611
-34.966667	-0.007089
-34.933333	-0.007574
-34.900000	-0.008068
-34.866667	-0.008569
-34.833333	-0.009045
-34.800000	-0.009514
-34.766667	-0.009940
-34.733333	-0.010321
-34.700000	-0.010639
-34.666667	-0.010873
-34.633333	-0.011005
-34.600000	-0.011015
-34.566667	-0.010890
-34.533333	-0.010623
-34.500000	-0.010214
-34.466667	-0.009664
-34.433333	-0.008975
-34.400000	-0.008152
-34.366667	-0.007204
-34.333333	-0.006137
-34.300000	-0.004984
-34.266667	-0.003748
-34.233333	-0.002455
-34.200000	-0.001116
-34.166667	0.000238
-34.133333	0.001575
-34.100000	0.002877
-34.066667	0.004123
-34.033333	0.005290
-34.000000	0.006371
-33.966667	0.007365
-33.933333	0.008268
-33.900000	0.009070
-33.866667	0.009760
-33.833333	0.010358
-33.800000	0.010863
-33.766667	0.011276
-33.733333	0.011603
-33.700000	0.011849
-33.666667	0.012020
-33.633333	0.012117
-33.600000	0.012148
-33.566667	0.012110
-33.533333	0.011998
-33.500000	0.011816
-33.466667	0.011576
-33.433333	0.011270
-33.400000	0.010914
-33.366667	0.010506
-33.333333	0.010041
-33.300000	0.009507
-33.266667	0.008918
-33.233333	0.008271
-33.200000	0.007574
-33.166667	0.006838
-33.133333	0.006071
-33.100000	0.005284
-33.066667	0.004468
-33.033333	0.003662
-33.000000	0.002884
-32.966667	0.002153
-32.933333	0.001471
-32.900000	0.000819
-32.866667	0.000225
-32.833333	-0.000317
-32.800000	-0.000805
-32.766667	-0.001233
-32.733333	-0.001603
-32.700000	-0.001914
-32.666667	-0.002169
-32.633333	-0.002369
-32.600000	-0.002513
-32.566667	-0.002608
-32.533333	-0.002656
-32.500000	-0.002657
-32.466667	-0.002620
-32.433333	-0.002548
-32.400000	-0.002443
-32.366667	-0.002315
-32.333333	-0.002167
-32.300000	-0.001999
-32.266667	-0.001809
-32.233333	-0.001594
-32.200000	-0.001346
-32.166667	-0.001059
-32.133333	-0.000734
-32.100000	-0.000385
-32.066667	-0.000040
-32.033333	0.000319
-32.000000	0.000687
-31.966667	0.001056
-31.933333	0.001400
-31.900000	0.001715
-31.866667	0.002020
-31.833333	0.002287
-31.800000	0.002527
-31.766667	0.002731
-31.733333	0.002906
-31.700000	0.003026
-31.666667	0.003088
-31.633333	0.003110
-31.600000	0.003076
-31.566667	0.002987
-31.533333	0.002820
-31.500000	0.002566
-31.466667	0.002235
-31.433333	0.001832
-31.400000	0.001341
-31.366667	0.000772
-31.333333	0.000127
-31.300000	-0.000588
-31.266667	-0.001365
-31.233333	-0.002196
-31.200000	-0.003077
-31.166667	-0.003997
-31.133333	-0.004947
-31.100000	-0.005944
-31.066667	-0.006969
-31.033333	-0.007971
-31.000000	-0.008923
-30.966667	-0.009824
-30.933333	-0.010658
-30.900000	-0.011388
-30.866667	-0.012002
-30.833333	-0.012484
-30.800000	-0.012831
-30.766667	-0.013035
-30.733333	-0.013099
-30.700000	-0.013041
-30.666667	-0.012843
-30.633333	-0.012495
-30.600000	-0.012042
-30.566667	-0.011483
-30.533333	-0.010834
-30.500000	-0.010129
-30.466667	-0.009362
-30.433333	-0.008571
-30.400000	-0.007764
-30.366667	-0.006973
-30.333333	-0.006204
-30.300000	-0.005476
-30.266667	-0.004793
-30.233333	-0.004179
-30.200000	-0.003625
-30.166667	-0.003131
-30.133333	-0.002693
-30.100000	-0.002321
-30.066667	-0.001988
-30.033333	-0.001679
-30.000000	-0.001406
-29.966667	-0.001172
-29.933333	-0.000957
-29.900000	-0.000755
-29.866667	-0.000573
-29.833333	-0.000403
-29.800000	-0.000252
-29.766667	-0.000112
-29.733333	0.000027
-29.700000	0.000152
-29.666667	0.000281
-29.633333	0.000415
-29.600000	0.000539
-29.566667	0.000667
-29.533333	0.000778
-29.500000	0.000876
-29.466667	0.000983
-29.433333	0.001093
-29.400000	0.001219
-29.366667	0.001362
-29.333333	0.001555
-29.300000	0.001784
-29.266667	0.002076
-29.233333	0.002427
-29.200000	0.002860
-29.166667	0.003357
-29.133333	0.003895
-29.100000	0.004532
-29.066667	0.005213
-29.033333	0.005959
-29.000000	0.006751
-28.966667	0.007583
-28.933333	0.008454
-28.900000	0.009346
-28.866667	0.010259
-28.833333	0.011168
-28.800000	0.012070
-28.766667	0.012943
-28.733333	0.013782
-28.700000	0.014552
-28.666667	0.015267
-28.633333	0.015902
-28.600000	0.016452
-28.566667	0.016906
-28.533333	0.017256
-28.500000	0.017507
-28.466667	0.017645
-28.433333	0.017678
-28.400000	0.017629
-28.366667	0.017500
-28.333333	0.017278
-28.300000	0.016960
-28.266667	0.016578
-28.233333	0.016126
-28.200000	0.015606
-28.166667	0.015018
-28.133333	0.014377
-28.100000	0.013727
-28.066667	0.013003
-28.033333	0.012268
-28.000000	0.011506
-27.966667	0.010716
-27.933333	0.009900
-27.900000	0.009063
-27.866667	0.008206
-27.833333	0.007320
-27.800000	0.006418
-27.766667	0.005489
-27.733333	0.004538
-27.700000	0.003547
-27.666667	0.002519
-27.633333	0.001461
-27.600000	0.000368
-27.566667	-0.000772
-27.533333	-0.001943
-27.500000	-0.003146
-27.466667	-0.004365
-27.433333	-0.005605
-27.400000	-0.006861
-27.366667	-0.008119
-27.333333	-0.009391
-27.300000	-0.010657
-27.266667	-0.011911
-27.233333	-0.013160
-27.200000	-0.014397
-27.166667	-0.015611
-27.133333	-0.016800
-27.100000	-0.017964
-27.066667	-0.019098
-27.033333	-0.020202
-27.000000	-0.021271
-26.966667	-0.022311
-26.933333	-0.023318
-26.900000	-0.024288
-26.866667	-0.025215
-26.833333	-0.026098
-26.800000	-0.026938
-26.766667	-0.027736
-26.733333	-0.028490
-26.700000	-0.029200
-26.666667	-0.029857
-26.633333	-0.030445
-26.600000	-0.030987
-26.566667	-0.031463
-26.533333	-0.031878
-26.500000	-0.032247
-26.466667	-0.032575
-26.433333	-0.032872
-26.400000	-0.033135
-26.366667	-0.033345
-26.333333	-0.033535
-26.300000	-0.033692
-26.266667	-0.033809
-26.233333	-0.033887
-26.200000	-0.033935
-26.166667	-0.033959
-26.133333	-0.033960
-26.100000	-0.033937
-26.066667	-0.033878
-26.033333	-0.033787
-26.000000	-0.033671
-25.966667	-0.033533
-25.933333	-0.033368
-25.900000	-0.033170
-25.866667	-0.032943
-25.833333	-0.032684
-25.800000	-0.032394
-25.766667	-0.032071
-25.733333	-0.031702
-25.700000	-0.031290
-25.666667	-0.030838
-25.633333	-0.030331
-25.600000	-0.029782
-25.566667	-0.029185
-25.533333	-0.028554
-25.500000	-0.027882
-25.466667	-0.027181
-25.433333	-0.026426
-25.400000	-0.025634
-25.366667	-0.024797
-25.333333	-0.023919
-25.300000	-0.022994
-25.266667	-0.022019
-25.233333	-0.021004
-25.200000	-0.019952
-25.166667	-0.018847
-25.133333	-0.017682
-25.100000	-0.016449
-25.066667	-0.015144
-25.033333	-0.013787
-25.000000	-0.012400
-24.966667	-0.010992
-24.933333	-0.009566
-24.900000	-0.008139
-24.866667	-0.006736
-24.833333	-0.005362
-24.800000	-0.004019
-24.766667	-0.002720
-24.733333	-0.001482
-24.700000	-0.000320
-24.666667	0.000772
-24.633333	0.001791
-24.600000	0.002709
-24.566667	0.003536
-24.533333	0.004284
-24.500000	0.004925
-24.466667	0.005452
-24.433333	0.005917
-24.400000	0.006258
-24.366667	0.006512
-24.333333	0.006680
-24.300000	0.006790
-24.266667	0.006866
-24.233333	0.006876
-24.200000	0.006877
-24.166667	0.006868
-24.133333	0.006863
-24.100000	0.006864
-24.066667	0.006872
-24.033333	0.006878
-24.000000	0.006872
-23.966667	0.006861
-23.933333	0.006854
-23.900000	0.006845
-23.866667	0.006825
-23.833333	0.006801
-23.800000	0.006768
-23.766667	0.006713
-23.733333	0.006636
-23.700000	0.006549
-23.666667	0.006456
-23.633333	0.006346
-23.600000	0.006223
-23.566667	0.006087
-23.533333	0.005938
-23.500000	0.005760
-23.466667	0.005573
-23.433333	0.005393
-23.400000	0.005172
-23.366667	0.004949
-23.333333	0.004721
-23.300000	0.004490
-23.266667	0.004245
-23.233333	0.003972
-23.200000	0.003712
-23.166667	0.003435
-23.133333	0.003154
-23.100000	0.002858
-23.066667	0.002524
-23.033333	0.002168
-23.000000	0.001773
-22.966667	0.001350
-22.933333	0.000891
-22.900000	0.000395
-22.866667	-0.000145
-22.833333	-0.000718
-22.800000	-0.001319
-22.766667	-0.001938
-22.733333	-0.002559
-22.700000	-0.003173
-22.666667	-0.003773
-22.633333	-0.004345
-22.600000	-0.004887
-22.566667	-0.005385
-22.533333	-0.005810
-22.500000	-0.006196
-22.466667	-0.006506
-22.433333	-0.006756
-22.400000	-0.006941
-22.366667	-0.007052
-22.333333	-0.007087
-22.300000	-0.007056
-22.266667	-0.006970
-22.233333	-0.006834
-22.200000	-0.006662
-22.166667	-0.006468
-22.133333	-0.006267
-22.100000	-0.006084
-22.066667	-0.005930
-22.033333	-0.005791
-22.000000	-0.005686
-21.966667	-0.005595
-21.933333	-0.005505
-21.900000	-0.005400
-21.866667	-0.005284
-21.833333	-0.005115
-21.800000	-0.004897
-21.766667	-0.004607
-21.733333	-0.004237
-21.700000	-0.003774
-21.666667	-0.003196
-21.633333	-0.002498
-21.600000	-0.001692
-21.566667	-0.000778
-21.533333	0.000232
-21.500000	0.001308
-21.466667	0.002480
-21.433333	0.003712
-21.400000	0.005003
-21.366667	0.006330
-21.333333	0.007664
-21.300000	0.008974
-21.266667	0.010235
-21.233333	0.011418
-21.200000	0.012511
-21.166667	0.013510
-21.133333	0.014422
-21.100000	0.015244
-21.066667	0.015964
-21.033333	0.016589
-21.000000	0.017154
-20.966667	0.017678
-20.933333	0.018141
-20.900000	0.018551
-20.866667	0.018937
-20.833333	0.019325
-20.800000	0.019688
-20.766667	0.020039
-20.733333	0.020370
-20.700000	0.020716
-20.666667	0.021059
-20.633333	0.021395
-20.600000	0.021717
-20.566667	0.022030
-20.533333	0.022326
-20.500000	0.022601
-20.466667	0.022852
-20.433333	0.023069
-20.400000	0.023241
-20.366667	0.023375
-20.333333	0.023460
-20.300000	0.023494
-20.266667	0.023489
-20.233333	0.023446
-20.200000	0.023391
-20.166667	0.023334
-20.133333	0.023288
-20.100000	0.023256
-20.066667	0.023251
-20.033333	0.023292
-20.000000	0.023405
-19.966667	0.023583
-19.933333	0.023819
-19.900000	0.024146
-19.866667	0.024564
-19.833333	0.025040
-19.800000	0.025548
-19.766667	0.026100
-19.733333	0.026676
-19.700000	0.027283
-19.666667	0.027883
-19.633333	0.028481
-19.600000	0.029056
-19.566667	0.029589
-19.533333	0.030064
-19.500000	0.030461
-19.466667	0.030753
-19.433333	0.030954
-19.400000	0.031044
-19.366667	0.031029
-19.333333	0.030879
-19.300000	0.030600
-19.266667	0.030216
-19.233333	0.029717
-19.200000	0.029122
-19.166667	0.028442
-19.133333	0.027697
-19.100000	0.026903
-19.066667	0.026073
-19.033333	0.025209
-19.000000	0.024333
-18.966667	0.023452
-18.933333	0.022583
-18.900000	0.021734
-18.866667	0.020901
-18.833333	0.020080
-18.800000	0.019269
-18.766667	0.018483
-18.733333	0.017718
-18.700000	0.016987
-18.666667	0.016274
-18.633333	0.015580
-18.600000	0.014905
-18.566667	0.014246
-18.533333	0.013603
-18.500000	0.012967
-18.466667	0.012351
-18.433333	0.011773
-18.400000	0.011207
-18.366667	0.010669
-18.333333	0.010152
-18.300000	0.009673
-18.266667	0.009237
-18.233333	0.008822
-18.200000	0.008437
-18.166667	0.008073
-18.133333	0.007732
-18.100000	0.007399
-18.066667	0.007059
-18.033333	0.006723
-18.000000	0.006368
-17.966667	0.006011
-17.933333	0.005675
-17.900000	0.005325
-17.866667	0.004957
-17.833333	0.004557
-17.800000	0.004128
-17.766667	0.003663
-17.733333	0.003168
-17.700000	0.002629
-17.666667	0.002038
-17.633333	0.001402
-17.600000	0.000726
-17.566667	0.000010
-17.533333	-0.000730
-17.500000	-0.001497
-17.466667	-0.002299
-17.433333	-0.003084
-17.400000	-0.003880
-17.366667	-0.004663
-17.333333	-0.005436
-17.300000	-0.006181
-17.266667	-0.006906
-17.233333	-0.007601
-17.200000	-0.008244
-17.166667	-0.008830
-17.133333	-0.009360
-17.100000	-0.009804
-17.066667	-0.010192
-17.033333	-0.010496
-17.000000	-0.010692
-16.966667	-0.010750
-16.933333	-0.010689
-16.900000	-0.010533
-16.866667	-0.010257
-16.833333	-0.009880
-16.800000	-0.009391
-16.766667	-0.008805
-16.733333	-0.008122
-16.700000	-0.007358
-16.666667	-0.006528
-16.633333	-0.005645
-16.600000	-0.004721
-16.566667	-0.003775
-16.533333	-0.002825
-16.500000	-0.001880
-16.466667	-0.000964
-16.433333	-0.000055
-16.400000	0.000792
-16.366667	0.001602
-16.333333	0.002360
-16.300000	0.003074
-16.266667	0.003729
-16.233333	0.004338
-16.200000	0.004903
-16.166667	0.005413
-16.133333	0.005865
-16.100000	0.006290
-16.066667	0.006639
-16.033333	0.006971
-16.000000	0.007260
-15.966667	0.007502
-15.933333	0.007705
-15.900000	0.007890
-15.866667	0.008046
-15.833333	0.008166
-15.800000	0.008265
-15.766667	0.008336
-15.733333	0.008375
-15.700000	0.008382
-15.666667	0.008360
-15.633333	0.008294
-15.600000	0.008195
-15.566667	0.008059
-15.533333	0.007898
-15.500000	0.007727
-15.466667	0.007536
-15.433333	0.007344
-15.400000	0.007162
-15.366667	0.006995
-15.333333	0.006846
-15.300000	0.006716
-15.266667	0.006599
-15.233333	0.006501
-15.200000	0.006426
-15.166667	0.006365
-15.133333	0.006315
-15.100000	0.006289
-15.066667	0.006250
-15.033333	0.006216
-15.000000	0.006170
-14.966667	0.006138
-14.933333	0.006095
-14.900000	0.006036
-14.866667	0.005946
-14.833333	0.005818
-14.800000	0.005674
-14.766667	0.005484
-14.733333	0.005260
-14.700000	0.005005
-14.666667	0.004727
-14.633333	0.004418
-14.600000	0.004085
-14.566667	0.003751
-14.533333	0.003408
-14.500000	0.003062
-14.466667	0.002704
-14.433333	0.002355
-14.400000	0.002011
-14.366667	0.001677
-14.333333	0.001354
-14.300000	0.001043
-14.266667	0.000744
-14.233333	0.000457
-14.200000	0.000183
-14.166667	-0.000088
-14.133333	-0.000354
-14.100000	-0.000607
-14.066667	-0.000866
-14.033333	-0.001120
-14.000000	-0.001381
-13.966667	-0.001656
-13.933333	-0.001942
-13.900000	-0.002240
-13.866667	-0.002574
-13.833333	-0.002905
-13.800000	-0.003245
-13.766667	-0.003620
-13.733333	-0.003986
-13.700000	-0.004358
-13.666667	-0.004726
-13.633333	-0.005095
-13.600000	-0.005455
-13.566667	-0.005785
-13.533333	-0.006110
-13.500000	-0.006399
-13.466667	-0.006657
-13.433333	-0.006865
-13.400000	-0.007045
-13.366667	-0.007154
-13.333333	-0.007224
-13.300000	-0.007231
-13.266667	-0.007186
-13.233333	-0.007091
-13.200000	-0.006956
-13.166667	-0.006795
-13.133333	-0.006618
-13.100000	-0.006430
-13.066667	-0.006250
-13.033333	-0.006086
-13.000000	-0.005963
-12.966667	-0.005873
-12.933333	-0.005820
-12.900000	-0.005810
-12.866667	-0.005845
-12.833333	-0.005897
-12.800000	-0.006009
-12.766667	-0.006154
-12.733333	-0.006324
-12.700000	-0.006518
-12.666667	-0.006721
-12.633333	-0.006918
-12.600000	-0.007101
-12.566667	-0.007251
-12.533333	-0.007341
-12.500000	-0.007393
-12.466667	-0.007377
-12.433333	-0.007297
-12.400000	-0.007151
-12.366667	-0.006929
-12.333333	-0.006668
-12.300000	-0.006350
-12.266667	-0.006002
-12.233333	-0.005649
-12.200000	-0.005298
-12.166667	-0.004968
-12.133333	-0.004677
-12.100000	-0.004419
-12.066667	-0.004218
-12.033333	-0.004075
-12.000000	-0.003977
-11.966667	-0.003938
-11.933333	-0.003957
-11.900000	-0.004040
-11.866667	-0.004176
-11.833333	-0.004351
-11.800000	-0.004567
-11.766667	-0.004816
-11.733333	-0.005091
-11.700000	-0.005380
-11.666667	-0.005683
-11.633333	-0.005994
-11.600000	-0.006304
-11.566667	-0.006595
-11.533333	-0.006868
-11.500000	-0.007144
-11.466667	-0.007403
-11.433333	-0.007653
-11.400000	-0.007922
-11.366667	-0.008204
-11.333333	-0.008493
-11.300000	-0.008786
-11.266667	-0.009094
-11.233333	-0.009396
-11.200000	-0.009717
-11.166667	-0.010046
-11.133333	-0.010372
-11.100000	-0.010677
-11.066667	-0.010972
-11.033333	-0.011236
-11.000000	-0.011469
-10.966667	-0.011688
-10.933333	-0.011865
-10.900000	-0.012002
-10.866667	-0.012085
-10.833333	-0.012113
-10.800000	-0.012077
-10.766667	-0.011977
-10.733333	-0.011832
-10.700000	-0.011648
-10.666667	-0.011421
-10.633333	-0.011147
-10.600000	-0.010820
-10.566667	-0.010445
-10.533333	-0.010043
-10.500000	-0.009633
-10.466667	-0.009230
-10.433333	-0.008819
-10.400000	-0.008444
-10.366667	-0.008081
-10.333333	-0.007747
-10.300000	-0.007458
-10.266667	-0.007222
-10.233333	-0.007037
-10.200000	-0.006949
-10.166667	-0.006917
-10.133333	-0.006954
-10.100000	-0.007079
-10.066667	-0.007295
-10.033333	-0.007589
-10.000000	-0.007968
-9.966667	-0.008425
-9.933333	-0.008953
-9.900000	-0.009541
-9.866667	-0.010166
-9.833333	-0.010823
-9.800000	-0.011497
-9.766667	-0.012190
-9.733333	-0.012889
-9.700000	-0.013573
-9.666667	-0.014216
-9.633333	-0.014811
-9.600000	-0.015344
-9.566667	-0.015811
-9.533333	-0.016201
-9.500000	-0.016518
-9.466667	-0.016748
-9.433333	-0.016898
-9.400000	-0.016979
-9.366667	-0.016990
-9.333333	-0.016937
-9.300000	-0.016824
-9.266667	-0.016660
-9.233333	-0.016450
-9.200000	-0.016196
-9.166667	-0.015903
-9.133333	-0.015583
-9.100000	-0.015229
-9.066667	-0.014849
-9.033333	-0.014434
-9.000000	-0.013981
-8.966667	-0.013518
-8.933333	-0.013044
-8.900000	-0.012569
-8.866667	-0.012082
-8.833333	-0.011593
-8.800000	-0.011095
-8.766667	-0.010595
-8.733333	-0.010097
-8.700000	-0.009610
-8.666667	-0.009129
-8.633333	-0.008648
-8.600000	-0.008195
-8.566667	-0.007771
-8.533333	-0.007380
-8.500000	-0.007048
-8.466667	-0.006774
-8.433333	-0.006576
-8.400000	-0.006452
-8.366667	-0.006402
-8.333333	-0.006424
-8.300000	-0.006518
-8.266667	-0.006681
-8.233333	-0.006919
-8.200000	-0.007201
-8.166667	-0.007529
-8.133333	-0.007898
-8.100000	-0.008269
-8.066667	-0.008663
-8.033333	-0.009041
-8.000000	-0.009404
-7.966667	-0.009766
-7.933333	-0.010085
-7.900000	-0.010359
-7.866667	-0.010569
-7.833333	-0.010726
-7.800000	-0.010835
-7.766667	-0.010895
-7.733333	-0.010908
-7.700000	-0.010869
-7.666667	-0.010783
-7.633333	-0.010655
-7.600000	-0.010508
-7.566667	-0.010331
-7.533333	-0.010133
-7.500000	-0.009927
-7.466667	-0.009721
-7.433333	-0.009517
-7.400000	-0.009315
-7.366667	-0.009130
-7.333333	-0.008980
-7.300000	-0.008835
-7.266667	-0.008726
-7.233333	-0.008644
-7.200000	-0.008571
-7.166667	-0.008527
-7.133333	-0.008504
-7.100000	-0.008487
-7.066667	-0.008484
-7.033333	-0.008487
-7.000000	-0.008507
-6.966667	-0.008542
-6.933333	-0.008590
-6.900000	-0.008655
-6.866667	-0.008744
-6.833333	-0.008858
-6.800000	-0.008998
-6.766667	-0.009165
-6.733333	-0.009356
-6.700000	-0.009572
-6.666667	-0.009811
-6.633333	-0.010070
-6.600000	-0.010346
-6.566667	-0.010633
-6.533333	-0.010927
-6.500000	-0.011225
-6.466667	-0.011531
-6.433333	-0.011842
-6.400000	-0.012148
-6.366667	-0.012445
-6.333333	-0.012722
-6.300000	-0.012954
-6.266667	-0.013180
-6.233333	-0.013333
-6.200000	-0.013467
-6.166667	-0.013565
-6.133333	-0.013620
-6.100000	-0.013638
-6.066667	-0.013633
-6.033333	-0.013610
-6.000000	-0.013554
-5.966667	-0.013488
-5.933333	-0.013386
-5.900000	-0.013260
-5.866667	-0.013124
-5.833333	-0.012982
-5.800000	-0.012842
-5.766667	-0.012702
-5.733333	-0.012549
-5.700000	-0.012384
-5.666667	-0.012222
-5.633333	-0.012057
-5.600000	-0.011890
-5.566667	-0.011697
-5.533333	-0.011498
-5.500000	-0.011294
-5.466667	-0.011086
-5.433333	-0.010870
-5.400000	-0.010643
-5.366667	-0.010399
-5.333333	-0.010114
-5.300000	-0.009788
-5.266667	-0.009440
-5.233333	-0.009062
-5.200000	-0.008727
-5.166667	-0.008380
-5.133333	-0.008046
-5.100000	-0.007727
-5.066667	-0.007422
-5.033333	-0.007189
-5.000000	-0.006975
-4.966667	-0.006826
-4.933333	-0.006723
-4.900000	-0.006697
-4.866667	-0.006757
-4.833333	-0.006896
-4.800000	-0.007115
-4.766667	-0.007421
-4.733333	-0.007802
-4.700000	-0.008274
-4.666667	-0.008829
-4.633333	-0.009439
-4.600000	-0.010092
-4.566667	-0.010772
-4.533333	-0.011497
-4.500000	-0.012208
-4.466667	-0.012925
-4.433333	-0.013617
-4.400000	-0.014254
-4.366667	-0.014850
-4.333333	-0.015368
-4.300000	-0.015832
-4.266667	-0.016232
-4.233333	-0.016560
-4.200000	-0.016844
-4.166667	-0.017003
-4.133333	-0.017126
-4.100000	-0.017139
-4.066667	-0.017104
-4.033333	-0.017037
-4.000000	-0.016891
-3.966667	-0.016696
-3.933333	-0.016472
-3.900000	-0.016217
-3.866667	-0.015936
-3.833333	-0.015637
-3.800000	-0.015328
-3.766667	-0.015013
-3.733333	-0.014689
-3.700000	-0.014354
-3.666667	-0.014012
-3.633333	-0.013663
-3.600000	-0.013307
-3.566667	-0.012952
-3.533333	-0.012607
-3.500000	-0.012243
-3.466667	-0.011911
-3.433333	-0.011574
-3.400000	-0.011259
-3.366667	-0.010975
-3.333333	-0.010704
-3.300000	-0.010460
-3.266667	-0.010236
-3.233333	-0.010050
-3.200000	-0.009903
-3.166667	-0.009780
-3.133333	-0.009728
-3.100000	-0.009684
-3.066667	-0.009715
-3.033333	-0.009785
-3.000000	-0.009906
-2.966667	-0.010055
-2.933333	-0.010264
-2.900000	-0.010498
-2.866667	-0.010755
-2.833333	-0.011031
-2.800000	-0.011321
-2.766667	-0.011628
-2.733333	-0.011889
-2.700000	-0.012130
-2.666667	-0.012340
-2.633333	-0.012491
-2.600000	-0.012589
-2.566667	-0.012627
-2.533333	-0.012606
-2.500000	-0.012517
-2.466667	-0.012394
-2.433333	-0.012214
-2.400000	-0.012002
-2.366667	-0.011747
-2.333333	-0.011466
-2.300000	-0.011149
-2.266667	-0.010819
-2.233333	-0.010475
-2.200000	-0.010140
-2.166667	-0.009822
-2.133333	-0.009514
-2.100000	-0.009234
-2.066667	-0.008987
-2.033333	-0.008775
-2.000000	-0.008600
-1.966667	-0.008465
-1.933333	-0.008377
-1.900000	-0.008303
-1.866667	-0.008239
-1.833333	-0.008179
-1.800000	-0.008135
-1.766667	-0.008083
-1.733333	-0.007970
-1.700000	-0.007868
-1.666667	-0.007765
-1.633333	-0.007606
-1.600000	-0.007456
-1.566667	-0.007288
-1.533333	-0.007119
-1.500000	-0.006953
-1.466667	-0.006791
-1.433333	-0.006621
-1.400000	-0.006453
-1.366667	-0.006273
-1.333333	-0.006078
-1.300000	-0.005877
-1.266667	-0.005689
-1.233333	-0.005514
-1.200000	-0.005352
-1.166667	-0.005197
-1.133333	-0.005054
-1.100000	-0.004941
-1.066667	-0.004846
-1.033333	-0.004773
-1.000000	-0.004724
-0.966667	-0.004696
-0.933333	-0.004674
-0.900000	-0.004641
-0.866667	-0.004624
-0.833333	-0.004625
-0.800000	-0.004644
-0.766667	-0.004662
-0.733333	-0.004682
-0.700000	-0.004731
-0.666667	-0.004789
-0.633333	-0.004825
-0.600000	-0.004890
-0.566667	-0.004936
-0.533333	-0.004976
-0.500000	-0.005001
-0.466667	-0.005004
-0.433333	-0.004980
-0.400000	-0.004922
-0.366667	-0.004827
-0.333333	-0.004695
-0.300000	-0.004542
-0.266667	-0.004371
-0.233333	-0.004170
-0.200000	-0.003936
-0.166667	-0.003680
-0.133333	-0.003410
-0.100000	-0.003131
-0.066667	-0.002831
-0.033333	-0.002524
-0.000000	-0.002208
0.033333	-0.001880
0.066667	-0.001544
0.100000	-0.001210
0.133333	-0.000888
0.166667	-0.000566
0.200000	-0.000231
0.233333	0.000078
0.266667	0.000384
0.300000	0.000679
0.333333	0.000963
0.366667	0.001231
0.400000	0.001483
0.433333	0.001716
0.466667	0.001925
0.500000	0.002105
0.533333	0.002245
0.566667	0.002337
0.600000	0.002390
0.633333	0.002400
0.666667	0.002362
0.700000	0.002276
0.733333	0.002143
0.766667	0.001974
0.800000	0.001755
0.833333	0.001495
0.866667	0.001206
0.900000	0.000888
0.933333	0.000530
0.966667	0.000171
1.000000	-0.000205
1.033333	-0.000574
1.066667	-0.000934
1.100000	-0.001280
1.133333	-0.001598
1.166667	-0.001875
1.200000	-0.002115
1.233333	-0.002328
1.266667	-0.002486
1.300000	-0.002611
1.333333	-0.002694
1.366667	-0.002744
1.400000	-0.002771
1.433333	-0.002763
1.466667	-0.002725
1.500000	-0.002662
1.533333	-0.002592
1.566667	-0.002515
1.600000	-0.002427
1.633333	-0.002340
1.666667	-0.002254
1.700000	-0.002181
1.733333	-0.002108
1.766667	-0.002055
1.800000	-0.002014
1.833333	-0.001983
1.866667	-0.001966
1.900000	-0.001969
1.933333	-0.001980
1.966667	-0.001997
2.000000	-0.002023
2.033333	-0.002045
2.066667	-0.002081
2.100000	-0.002109
2.133333	-0.002167
2.166667	-0.002249
2.200000	-0.002344
2.233333	-0.002449
2.266667	-0.002581
2.300000	-0.002728
2.333333	-0.002898
2.366667	-0.003088
2.400000	-0.003289
2.433333	-0.003493
2.466667	-0.003712
2.500000	-0.003949
2.533333	-0.004202
2.566667	-0.004473
2.600000	-0.004740
2.633333	-0.005005
2.666667	-0.005262
2.700000	-0.005508
2.733333	-0.005735
2.766667	-0.005953
2.800000	-0.006137
2.833333	-0.006306
2.866667	-0.006456
2.900000	-0.006579
2.933333	-0.006650
2.966667	-0.006723
3.000000	-0.006762
3.033333	-0.006761
3.066667	-0.006758
3.100000	-0.006725
3.133333	-0.006688
3.166667	-0.006616
3.200000	-0.006537
3.233333	-0.006414
3.266667	-0.006304
3.300000	-0.006172
3.333333	-0.006024
3.366667	-0.005845
3.400000	-0.005660
3.433333	-0.005471
3.466667	-0.005266
3.500000	-0.005042
3.533333	-0.004808
3.566667	-0.004567
3.600000	-0.004291
3.633333	-0.004000
3.666667	-0.003701
3.700000	-0.003396
3.733333	-0.003077
3.766667	-0.002738
3.800000	-0.002395
3.833333	-0.002057
3.866667	-0.001721
3.900000	-0.001375
3.933333	-0.001010
3.966667	-0.000694
4.000000	-0.000357
4.033333	-0.000013
4.066667	0.000297
4.100000	0.000612
4.133333	0.000913
4.166667	0.001188
4.200000	0.001442
4.233333	0.001695
4.266667	0.001903
4.300000	0.002097
4.333333	0.002264
4.366667	0.002399
4.400000	0.002490
4.433333	0.002555
4.466667	0.002596
4.500000	0.002613
4.533333	0.002600
4.566667	0.002568
4.600000	0.002516
4.633333	0.002434
4.666667	0.002333
4.700000	0.002223
4.733333	0.002118
4.766667	0.002005
4.800000	0.001891
4.833333	0.001786
4.866667	0.001706
4.900000	0.001651
4.933333	0.001622
4.966667	0.001579
5.000000	0.001573
5.033333	0.001607
5.066667	0.001659
5.100000	0.001743
5.133333	0.001846
5.166667	0.001969
5.200000	0.002112
5.233333	0.002283
5.266667	0.002474
5.300000	0.002672
5.333333	0.002880
5.366667	0.003110
5.400000	0.003349
5.433333	0.003605
5.466667	0.003877
5.500000	0.004136
5.533333	0.004406
5.566667	0.004680
5.600000	0.004950
5.633333	0.005217
5.666667	0.005480
5.700000	0.005735
5.733333	0.005982
5.766667	0.006214
5.800000	0.006421
5.833333	0.006592
5.866667	0.006734
5.900000	0.006817
5.933333	0.006847
5.966667	0.006812
6.000000	0.006735
6.033333	0.006614
6.066667	0.006417
6.100000	0.006175
6.133333	0.005874
6.166667	0.005532
6.200000	0.005156
6.233333	0.004752
6.266667	0.004309
6.300000	0.003846
6.333333	0.003370
6.366667	0.002908
6.400000	0.002476
6.433333	0.002065
6.466667	0.001714
6.500000	0.001405
6.533333	0.001151
6.566667	0.000921
6.600000	0.000739
6.633333	0.000626
6.666667	0.000583
6.700000	0.000580
6.733333	0.000615
6.766667	0.000669
6.800000	0.000754
6.833333	0.000865
6.866667	0.000980
6.900000	0.001095
6.933333	0.001220
6.966667	0.001335
7.000000	0.001430
7.033333	0.001501
7.066667	0.001545
7.100000	0.001563
7.133333	0.001545
7.166667	0.001493
7.200000	0.001407
7.233333	0.001289
7.266667	0.001144
7.300000	0.000980
7.333333	0.000813
7.366667	0.000650
7.400000	0.000481
7.433333	0.000288
7.466667	0.000105
7.500000	-0.000113
7.533333	-0.000370
7.566667	-0.000629
7.600000	-0.000893
7.633333	-0.001144
7.666667	-0.001415
7.700000	-0.001708
7.733333	-0.002010
7.766667	-0.002315
7.800000	-0.002639
7.833333	-0.002963
7.866667	-0.003302
7.900000	-0.003641
7.933333	-0.003991
7.966667	-0.004347
8.000000	-0.004699
8.033333	-0.005066
8.066667	-0.005412
8.100000	-0.005752
8.133333	-0.006091
8.166667	-0.006417
8.200000	-0.006709
8.233333	-0.007011
8.266667	-0.007282
8.300000	-0.007538
8.333333	-0.007779
8.366667	-0.008014
8.400000	-0.008245
8.433333	-0.008462
8.466667	-0.008670
8.500000	-0.008884
8.533333	-0.009096
8.566667	-0.009302
8.600000	-0.009519
8.633333	-0.009724
8.666667	-0.009933
8.700000	-0.010147
8.733333	-0.010376
8.766667	-0.010617
8.800000	-0.010869
8.833333	-0.011101
8.866667	-0.011354
8.900000	-0.011572
8.933333	-0.011787
8.966667	-0.011988
9.000000	-0.012183
9.033333	-0.012383
9.066667	-0.012538
9.100000	-0.012698
9.133333	-0.012852
9.166667	-0.012957
9.200000	-0.013053
9.233333	-0.013150
9.266667	-0.013205
9.300000	-0.013253
9.333333	-0.013280
9.366667	-0.013287
9.400000	-0.013273
9.433333	-0.013241
9.466667	-0.013202
9.500000	-0.013154
9.533333	-0.013097
9.566667	-0.013038
9.600000	-0.012974
9.633333	-0.012903
9.666667	-0.012833
9.700000	-0.012775
9.733333	-0.012721
9.766667	-0.012658
9.800000	-0.012588
9.833333	-0.012514
9.866667	-0.012434
9.900000	-0.012331
9.933333	-0.012249
9.966667	-0.012154
10.000000	-0.012053
10.033333	-0.011932
10.066667	-0.011789
10.100000	-0.011639
10.133333	-0.011459
10.166667	-0.011239
10.200000	-0.011015
10.233333	-0.010754
10.266667	-0.010467
10.300000	-0.010152
10.333333	-0.009811
10.366667	-0.009444
10.400000	-0.009055
10.433333	-0.008645
10.466667	-0.008219
10.500000	-0.007780
10.533333	-0.007330
10.566667	-0.006873
10.600000	-0.006413
10.633333	-0.005960
10.666667	-0.005520
10.700000	-0.005091
10.733333	-0.004679
10.766667	-0.004282
10.800000	-0.003913
10.833333	-0.003565
10.866667	-0.003241
10.900000	-0.002942
10.933333	-0.002667
10.966667	-0.002415
11.000000	-0.002186
11.033333	-0.001977
11.066667	-0.001787
11.100000	-0.001614
11.133333	-0.001456
11.166667	-0.001311
11.200000	-0.001178
11.233333	-0.001055
11.266667	-0.000941
11.300000	-0.000834
11.333333	-0.000734
11.366667	-0.000640
11.400000	-0.000551
11.433333	-0.000467
11.466667	-0.000390
11.500000	-0.000313
11.533333	-0.000245
11.566667	-0.000184
11.600000	-0.000131
11.633333	-0.000087
11.666667	-0.000051
11.700000	-0.000023
11.733333	-0.000005
11.766667	0.000005
11.800000	0.000005
11.833333	-0.000004
11.866667	-0.000024
11.900000	-0.000053
11.933333	-0.000092
11.966667	-0.000142
