-88.000000	0.000010
-87.966667	0.000010
-87.933333	0.000009
-87.900000	0.000008
-87.866667	0.000006
-87.833333	0.000003
-87.800000	0.000000
-87.766667	-0.000003
-87.733333	-0.000006
-87.700000	-0.000009
-87.666667	-0.000013
-87.633333	-0.000016
-87.600000	-0.000019
-87.566667	-0.000021
-87.533333	-0.000024
-87.500000	-0.000025
-87.466667	-0.000026
-87.433333	-0.000025
-87.400000	-0.000023
-87.366667	-0.000020
-87.333333	-0.000015
-87.300000	-0.000010
-87.266667	-0.000003
-87.233333	0.000005
-87.200000	0.000014
-87.166667	0.000023
-87.133333	0.000032
-87.100000	0.000043
-87.066667	0.000053
-87.033333	0.000063
-87.000000	0.000072
-86.966667	0.000080
-86.933333	0.000087
-86.900000	0.000092
-86.866667	0.000095
-86.833333	0.000095
-86.800000	0.000094
-86.766667	0.000089
-86.733333	0.000083
-86.700000	0.000074
-86.666667	0.000063
-86.633333	0.000049
-86.600000	0.000033
-86.566667	0.000015
-86.533333	-0.000005
-86.500000	-0.000025
-86.466667	-0.000043
-86.433333	-0.000065
-86.400000	-0.000086
-86.366667	-0.000107
-86.333333	-0.000126
-86.300000	-0.000142
-86.266667	-0.000159
-86.233333	-0.000178
-86.200000	-0.000193
-86.166667	-0.000208
-86.133333	-0.000233
-86.100000	-0.000235
-86.066667	-0.000254
-86.033333	-0.000273
-86.000000	-0.000282
-85.966667	-0.000284
-85.933333	-0.000291
-85.900000	-0.000304
-85.866667	-0.000314
-85.833333	-0.000321
-85.800000	-0.000328
-85.766667	-0.000335
-85.733333	-0.000342
-85.700000	-0.000347
-85.666667	-0.000350
-85.633333	-0.000352
-85.600000	-0.000357
-85.566667	-0.000359
-85.533333	-0.000362
-85.500000	-0.000368
-85.466667	-0.000366
-85.433333	-0.000363
-85.400000	-0.000358
-85.366667	-0.000354
-85.333333	-0.000349
-85.300000	-0.000351
-85.266667	-0.000351
-85.233333	-0.000344
-85.200000	-0.000338
-85.166667	-0.000339
-85.133333	-0.000350
-85.100000	-0.000336
-85.066667	-0.000360
-85.033333	-0.000341
-85.000000	-0.000338
-84.966667	-0.000344
-84.933333	-0.000355
-84.900000	-0.000363
-84.866667	-0.000366
-84.833333	-0.000366
-84.800000	-0.000370
-84.766667	-0.000374
-84.733333	-0.000382
-84.700000	-0.000390
-84.666667	-0.000395
-84.633333	-0.000399
-84.600000	-0.000408
-84.566667	-0.000418
-84.533333	-0.000439
-84.500000	-0.000465
-84.466667	-0.000486
-84.433333	-0.000505
-84.400000	-0.000515
-84.366667	-0.000515
-84.333333	-0.000522
-84.300000	-0.000539
-84.266667	-0.000544
-84.233333	-0.000550
-84.200000	-0.000558
-84.166667	-0.000567
-84.133333	-0.000575
-84.100000	-0.000571
-84.066667	-0.000574
-84.033333	-0.000553
-84.000000	-0.000564
-83.966667	-0.000556
-83.933333	-0.000537
-83.900000	-0.000522
-83.866667	-0.000505
-83.833333	-0.000488
-83.800000	-0.000474
-83.766667	-0.000461
-83.733333	-0.000454
-83.700000	-0.000437
-83.666667	-0.000420
-83.633333	-0.000409
-83.600000	-0.000414
-83.566667	-0.000432
-83.533333	-0.000440
-83.500000	-0.000449
-83.466667	-0.000455
-83.433333	-0.000458
-83.400000	-0.000441
-83.366667	-0.000458
-83.333333	-0.000478
-83.300000	-0.000500
-83.266667	-0.000514
-83.233333	-0.000529
-83.200000	-0.000544
-83.166667	-0.000559
-83.133333	-0.000578
-83.100000	-0.000596
-83.066667	-0.000603
-83.033333	-0.000611
-83.000000	-0.000632
-82.966667	-0.000632
-82.933333	-0.000640
-82.900000	-0.000648
-82.866667	-0.000657
-82.833333	-0.000659
-82.800000	-0.000661
-82.766667	-0.000664
-82.733333	-0.000662
-82.700000	-0.000656
-82.666667	-0.000653
-82.633333	-0.000650
-82.600000	-0.000647
-82.566667	-0.000637
-82.533333	-0.000619
-82.500000	-0.000609
-82.466667	-0.000594
-82.433333	-0.000570
-82.400000	-0.000537
-82.366667	-0.000516
-82.333333	-0.000485
-82.300000	-0.000441
-82.266667	-0.000401
-82.233333	-0.000354
-82.200000	-0.000304
-82.166667	-0.000253
-82.133333	-0.000200
-82.100000	-0.000138
-82.066667	-0.000068
-82.033333	0.000002
-82.000000	0.000070
-81.966667	0.000150
-81.933333	0.000232
-81.900000	0.000333
-81.866667	0.000436
-81.833333	0.000543
-81.800000	0.000642
-81.766667	0.000738
-81.733333	0.000831
-81.700000	0.000916
-81.666667	0.001008
-81.633333	0.001086
-81.600000	0.001170
-81.566667	0.001236
-81.533333	0.001297
-81.500000	0.001351
-81.466667	0.001388
-81.433333	0.001413
-81.400000	0.001429
-81.366667	0.001442
-81.333333	0.001441
-81.300000	0.001437
-81.266667	0.001404
-81.233333	0.001366
-81.200000	0.001330
-81.166667	0.001273
-81.133333	0.001222
-81.100000	0.001170
-81.066667	0.001114
-81.033333	0.001065
-81.000000	0.001018
-80.966667	0.000980
-80.933333	0.000955
-80.900000	0.000927
-80.866667	0.000902
-80.833333	0.000884
-80.800000	0.000860
-80.766667	0.000829
-80.733333	0.000810
-80.700000	0.000804
-80.666667	0.000800
-80.633333	0.000787
-80.600000	0.000785
-80.566667	0.000769
-80.533333	0.000758
-80.500000	0.000738
-80.466667	0.000715
-80.433333	0.000692
-80.400000	0.000670
-80.366667	0.000643
-80.333333	0.000610
-80.300000	0.000554
-80.266667	0.000509
-80.233333	0.000465
-80.200000	0.000422
-80.166667	0.000355
-80.133333	0.000308
-80.100000	0.000256
-80.066667	0.000204
-80.033333	0.000153
-80.000000	0.000098
-79.966667	0.000054
-79.933333	0.000014
-79.900000	-0.000015
-79.866667	-0.000045
-79.833333	-0.000087
-79.800000	-0.000135
-79.766667	-0.000174
-79.733333	-0.000205
-79.700000	-0.000239
-79.666667	-0.000273
-79.633333	-0.000299
-79.600000	-0.000319
-79.566667	-0.000340
-79.533333	-0.000362
-79.500000	-0.000385
-79.466667	-0.000409
-79.433333	-0.000433
-79.400000	-0.000460
-79.366667	-0.000484
-79.333333	-0.000503
-79.300000	-0.000526
-79.266667	-0.000549
-79.233333	-0.000561
-79.200000	-0.000586
-79.166667	-0.000613
-79.133333	-0.000629
-79.100000	-0.000648
-79.066667	-0.000669
-79.033333	-0.000685
-79.000000	-0.000693
-78.966667	-0.000703
-78.933333	-0.000714
-78.900000	-0.000731
-78.866667	-0.000755
-78.833333	-0.000778
-78.800000	-0.000797
-78.766667	-0.000817
-78.733333	-0.000833
-78.700000	-0.000844
-78.666667	-0.000865
-78.633333	-0.000863
-78.600000	-0.000874
-78.566667	-0.000885
-78.533333	-0.000903
-78.500000	-0.000921
-78.466667	-0.000924
-78.433333	-0.000936
-78.400000	-0.000939
-78.366667	-0.000942
-78.333333	-0.000943
-78.300000	-0.000947
-78.266667	-0.000947
-78.233333	-0.000928
-78.200000	-0.000929
-78.166667	-0.000924
-78.133333	-0.000908
-78.100000	-0.000894
-78.066667	-0.000866
-78.033333	-0.000835
-78.000000	-0.000817
-77.966667	-0.000813
-77.933333	-0.000788
-77.900000	-0.000753
-77.866667	-0.000720
-77.833333	-0.000696
-77.800000	-0.000664
-77.766667	-0.000626
-77.733333	-0.000590
-77.700000	-0.000564
-77.666667	-0.000542
-77.633333	-0.000502
-77.600000	-0.000485
-77.566667	-0.000456
-77.533333	-0.000415
-77.500000	-0.000362
-77.466667	-0.000324
-77.433333	-0.000308
-77.400000	-0.000286
-77.366667	-0.000263
-77.333333	-0.000228
-77.300000	-0.000183
-77.266667	-0.000141
-77.233333	-0.000111
-77.200000	-0.000087
-77.166667	-0.000057
-77.133333	-0.000023
-77.100000	0.000007
-77.066667	0.000054
-77.033333	0.000068
-77.000000	0.000080
-76.966667	0.000101
-76.933333	0.000145
-76.900000	0.000170
-76.866667	0.000190
-76.833333	0.000207
-76.800000	0.000230
-76.766667	0.000249
-76.733333	0.000255
-76.700000	0.000267
-76.666667	0.000275
-76.633333	0.000287
-76.600000	0.000300
-76.566667	0.000314
-76.533333	0.000320
-76.500000	0.000310
-76.466667	0.000278
-76.433333	0.000254
-76.400000	0.000238
-76.366667	0.000234
-76.333333	0.000237
-76.300000	0.000240
-76.266667	0.000231
-76.233333	0.000219
-76.200000	0.000212
-76.166667	0.000199
-76.133333	0.000161
-76.100000	0.000155
-76.066667	0.000136
-76.033333	0.000110
-76.000000	0.000102
-75.966667	0.000090
-75.933333	0.000083
-75.900000	0.000060
-75.866667	0.000058
-75.833333	0.000046
-75.800000	0.000038
-75.766667	0.000034
-75.733333	0.000030
-75.700000	0.000032
-75.666667	0.000018
-75.633333	0.000022
-75.600000	0.000016
-75.566667	0.000011
-75.533333	0.000005
-75.500000	0.000005
-75.466667	0.000008
-75.433333	0.000017
-75.400000	0.000035
-75.366667	0.000060
-75.333333	0.000095
-75.300000	0.000114
-75.266667	0.000133
-75.233333	0.000148
-75.200000	0.000159
-75.166667	0.000165
-75.133333	0.000176
-75.100000	0.000219
-75.066667	0.000222
-75.033333	0.000246
-75.000000	0.000260
-74.966667	0.000301
-74.933333	0.000312
-74.900000	0.000320
-74.866667	0.000341
-74.833333	0.000365
-74.800000	0.000395
-74.766667	0.000423
-74.733333	0.000453
-74.700000	0.000485
-74.666667	0.000529
-74.633333	0.000577
-74.600000	0.000625
-74.566667	0.000683
-74.533333	0.000747
-74.500000	0.000819
-74.466667	0.000898
-74.433333	0.000980
-74.400000	0.001068
-74.366667	0.001160
-74.333333	0.001253
-74.300000	0.001341
-74.266667	0.001443
-74.233333	0.001544
-74.200000	0.001647
-74.166667	0.001752
-74.133333	0.001852
-74.100000	0.001937
-74.066667	0.001999
-74.033333	0.002068
-74.000000	0.002138
-73.966667	0.002224
-73.933333	0.002269
-73.900000	0.002322
-73.866667	0.002363
-73.833333	0.002393
-73.800000	0.002424
-73.766667	0.002450
-73.733333	0.002470
-73.700000	0.002485
-73.666667	0.002516
-73.633333	0.002522
-73.600000	0.002531
-73.566667	0.002552
-73.533333	0.002564
-73.500000	0.002580
-73.466667	0.002599
-73.433333	0.002623
-73.400000	0.002652
-73.366667	0.002688
-73.333333	0.002723
-73.300000	0.002759
-73.266667	0.002798
-73.233333	0.002831
-73.200000	0.002853
-73.166667	0.002894
-73.133333	0.002919
-73.100000	0.002938
-73.066667	0.002954
-73.033333	0.002972
-73.000000	0.002993
-72.966667	0.003011
-72.933333	0.003008
-72.900000	0.002997
-72.866667	0.002980
-72.833333	0.002964
-72.800000	0.002956
-72.766667	0.002930
-72.733333	0.002899
-72.700000	0.002868
-72.666667	0.002843
-72.633333	0.002798
-72.600000	0.002763
-72.566667	0.002742
-72.533333	0.002703
-72.500000	0.002678
-72.466667	0.002667
-72.433333	0.002651
-72.400000	0.002637
-72.366667	0.002629
-72.333333	0.002625
-72.300000	0.002612
-72.266667	0.002608
-72.233333	0.002601
-72.200000	0.002601
-72.166667	0.002614
-72.133333	0.002604
-72.100000	0.002596
-72.066667	0.002581
-72.033333	0.002560
-72.000000	0.002535
-71.966667	0.002502
-71.933333	0.002459
-71.900000	0.002406
-71.866667	0.002333
-71.833333	0.002245
-71.800000	0.002157
-71.766667	0.002042
-71.733333	0.001915
-71.700000	0.001771
-71.666667	0.001612
-71.633333	0.001437
-71.600000	0.001244
-71.566667	0.001032
-71.533333	0.000809
-71.500000	0.000572
-71.466667	0.000303
-71.433333	0.000022
-71.400000	-0.000287
-71.366667	-0.000615
-71.333333	-0.000961
-71.300000	-0.001333
-71.266667	-0.001714
-71.233333	-0.002099
-71.200000	-0.002492
-71.166667	-0.002887
-71.133333	-0.003289
-71.100000	-0.003685
-71.066667	-0.004045
-71.033333	-0.004407
-71.000000	-0.004747
-70.966667	-0.005029
-70.933333	-0.005265
-70.900000	-0.005455
-70.866667	-0.005587
-70.833333	-0.005649
-70.800000	-0.005635
-70.766667	-0.005565
-70.733333	-0.005409
-70.700000	-0.005188
-70.666667	-0.004899
-70.633333	-0.004548
-70.600000	-0.004143
-70.566667	-0.003688
-70.533333	-0.003190
-70.500000	-0.002664
-70.466667	-0.002115
-70.433333	-0.001534
-70.400000	-0.000979
-70.366667	-0.000426
-70.333333	0.000116
-70.300000	0.000635
-70.266667	0.001123
-70.233333	0.001584
-70.200000	0.001995
-70.166667	0.002373
-70.133333	0.002707
-70.100000	0.003000
-70.066667	0.003258
-70.033333	0.003448
-70.000000	0.003623
-69.966667	0.003781
-69.933333	0.003896
-69.900000	0.003975
-69.866667	0.004013
-69.833333	0.004011
-69.800000	0.003992
-69.766667	0.003950
-69.733333	0.003873
-69.700000	0.003758
-69.666667	0.003624
-69.633333	0.003464
-69.600000	0.003259
-69.566667	0.003047
-69.533333	0.002801
-69.500000	0.002533
-69.466667	0.002245
-69.433333	0.001939
-69.400000	0.001624
-69.366667	0.001306
-69.333333	0.000981
-69.300000	0.000651
-69.266667	0.000340
-69.233333	0.000057
-69.200000	-0.000207
-69.166667	-0.000451
-69.133333	-0.000678
-69.100000	-0.000882
-69.066667	-0.001048
-69.033333	-0.001184
-69.000000	-0.001296
-68.966667	-0.001363
-68.933333	-0.001422
-68.900000	-0.001473
-68.866667	-0.001501
-68.833333	-0.001502
-68.800000	-0.001457
-68.766667	-0.001391
-68.733333	-0.001329
-68.700000	-0.001264
-68.666667	-0.001175
-68.633333	-0.001080
-68.600000	-0.000983
-68.566667	-0.000866
-68.533333	-0.000755
-68.500000	-0.000623
-68.466667	-0.000478
-68.433333	-0.000319
-68.400000	-0.000153
-68.366667	0.000009
-68.333333	0.000167
-68.300000	0.000334
-68.266667	0.000511
-68.233333	0.000680
-68.200000	0.000828
-68.166667	0.000968
-68.133333	0.001100
-68.100000	0.001221
-68.066667	0.001331
-68.033333	0.001425
-68.000000	0.001503
-67.966667	0.001579
-67.933333	0.001625
-67.900000	0.001662
-67.866667	0.001694
-67.833333	0.001729
-67.800000	0.001771
-67.766667	0.001805
-67.733333	0.001820
-67.700000	0.001833
-67.666667	0.001878
-67.633333	0.001939
-67.600000	0.002006
-67.566667	0.002084
-67.533333	0.002187
-67.500000	0.002306
-67.466667	0.002431
-67.433333	0.002585
-67.400000	0.002747
-67.366667	0.002924
-67.333333	0.003114
-67.300000	0.003317
-67.266667	0.003534
-67.233333	0.003765
-67.200000	0.004009
-67.166667	0.004268
-67.133333	0.004543
-67.100000	0.004835
-67.066667	0.005146
-67.033333	0.005477
-67.000000	0.005827
-66.966667	0.006208
-66.933333	0.006611
-66.900000	0.007043
-66.866667	0.007524
-66.833333	0.008031
-66.800000	0.008593
-66.766667	0.009202
-66.733333	0.009859
-66.700000	0.010579
-66.666667	0.011375
-66.633333	0.012238
-66.600000	0.013166
-66.566667	0.014171
-66.533333	0.015253
-66.500000	0.016405
-66.466667	0.017625
-66.433333	0.018930
-66.400000	0.020292
-66.366667	0.021729
-66.333333	0.023231
-66.300000	0.024795
-66.266667	0.026410
-66.233333	0.028071
-66.200000	0.029780
-66.166667	0.031533
-66.133333	0.033315
-66.100000	0.035111
-66.066667	0.036941
-66.033333	0.038757
-66.000000	0.040569
-65.966667	0.042350
-65.933333	0.044078
-65.900000	0.045752
-65.866667	0.047364
-65.833333	0.048893
-65.800000	0.050368
-65.766667	0.051743
-65.733333	0.053016
-65.700000	0.054185
-65.666667	0.055259
-65.633333	0.056234
-65.600000	0.057101
-65.566667	0.057852
-65.533333	0.058498
-65.500000	0.059037
-65.466667	0.059471
-65.433333	0.059807
-65.400000	0.060050
-65.366667	0.060202
-65.333333	0.060270
-65.300000	0.060258
-65.266667	0.060170
-65.233333	0.060015
-65.200000	0.059792
-65.166667	0.059490
-65.133333	0.059103
-65.100000	0.058624
-65.066667	0.058040
-65.033333	0.057346
-65.000000	0.056527
-64.966667	0.055566
-64.933333	0.054475
-64.900000	0.053235
-64.866667	0.051858
-64.833333	0.050329
-64.800000	0.048641
-64.766667	0.046777
-64.733333	0.044750
-64.700000	0.042569
-64.666667	0.040252
-64.633333	0.037808
-64.600000	0.035259
-64.566667	0.032626
-64.533333	0.029925
-64.500000	0.027160
-64.466667	0.024346
-64.433333	0.021487
-64.400000	0.018577
-64.366667	0.015600
-64.333333	0.012534
-64.300000	0.009334
-64.266667	0.005942
-64.233333	0.002262
-64.200000	-0.001834
-64.166667	-0.006492
-64.133333	-0.011888
-64.100000	-0.018252
-64.066667	-0.025849
-64.033333	-0.034889
-64.000000	-0.045714
-63.966667	-0.058623
-63.933333	-0.073911
-63.900000	-0.091888
-63.866667	-0.112797
-63.833333	-0.136862
-63.800000	-0.164280
-63.766667	-0.195115
-63.733333	-0.229326
-63.700000	-0.266829
-63.666667	-0.307373
-63.633333	-0.350588
-63.600000	-0.395933
-63.566667	-0.442777
-63.533333	-0.490368
-63.500000	-0.537823
-63.466667	-0.584165
-63.433333	-0.628341
-63.400000	-0.669232
-63.366667	-0.705724
-63.333333	-0.736748
-63.300000	-0.761267
-63.266667	-0.778327
-63.233333	-0.787123
-63.200000	-0.787009
-63.166667	-0.777493
-63.133333	-0.758280
-63.100000	-0.729344
-63.066667	-0.690814
-63.033333	-0.643051
-63.000000	-0.586699
-62.966667	-0.522538
-62.933333	-0.451475
-62.900000	-0.374626
-62.866667	-0.293218
-62.833333	-0.208560
-62.800000	-0.122015
-62.766667	-0.034916
-62.733333	0.051380
-62.700000	0.135568
-62.666667	0.216513
-62.633333	0.293125
-62.600000	0.364506
-62.566667	0.429838
-62.533333	0.488493
-62.500000	0.540020
-62.466667	0.584132
-62.433333	0.620683
-62.400000	0.649659
-62.366667	0.671156
-62.333333	0.685395
-62.300000	0.692761
-62.266667	0.693703
-62.233333	0.688671
-62.200000	0.678208
-62.166667	0.662890
-62.133333	0.643338
-62.100000	0.620138
-62.066667	0.593912
-62.033333	0.565222
-62.000000	0.534639
-61.966667	0.502712
-61.933333	0.469962
-61.900000	0.436829
-61.866667	0.403715
-61.833333	0.371001
-61.800000	0.339013
-61.766667	0.308001
-61.733333	0.278176
-61.700000	0.249732
-61.666667	0.222786
-61.633333	0.197414
-61.600000	0.173706
-61.566667	0.151673
-61.533333	0.131325
-61.500000	0.112629
-61.466667	0.095527
-61.433333	0.079948
-61.400000	0.065812
-61.366667	0.053043
-61.333333	0.041562
-61.300000	0.031294
-61.266667	0.022127
-61.233333	0.013988
-61.200000	0.006793
-61.166667	0.000488
-61.133333	-0.004964
-61.100000	-0.009646
-61.066667	-0.013625
-61.033333	-0.016953
-61.000000	-0.019676
-60.966667	-0.021883
-60.933333	-0.023618
-60.900000	-0.024980
-60.866667	-0.026044
-60.833333	-0.026872
-60.800000	-0.027558
-60.766667	-0.028184
-60.733333	-0.028828
-60.700000	-0.029559
-60.666667	-0.030464
-60.633333	-0.031567
-60.600000	-0.032902
-60.566667	-0.034505
-60.533333	-0.036421
-60.500000	-0.038639
-60.466667	-0.041168
-60.433333	-0.043959
-60.400000	-0.046957
-60.366667	-0.050088
-60.333333	-0.053264
-60.300000	-0.056390
-60.266667	-0.059370
-60.233333	-0.062089
-60.200000	-0.064485
-60.166667	-0.066433
-60.133333	-0.067858
-60.100000	-0.068724
-60.066667	-0.069047
-60.033333	-0.068751
-60.000000	-0.067871
-59.966667	-0.066424
-59.933333	-0.064428
-59.900000	-0.061966
-59.866667	-0.059088
-59.833333	-0.055877
-59.800000	-0.052428
-59.766667	-0.048849
-59.733333	-0.045230
-59.700000	-0.041686
-59.666667	-0.038317
-59.633333	-0.035189
-59.600000	-0.032375
-59.566667	-0.029936
-59.533333	-0.027910
-59.500000	-0.026296
-59.466667	-0.025126
-59.433333	-0.024368
-59.400000	-0.023999
-59.366667	-0.023984
-59.333333	-0.024280
-59.300000	-0.024848
-59.266667	-0.025640
-59.233333	-0.026601
-59.200000	-0.027688
-59.166667	-0.028840
-59.133333	-0.030046
-59.100000	-0.031277
-59.066667	-0.032485
-59.033333	-0.033622
-59.000000	-0.034673
-58.966667	-0.035607
-58.933333	-0.036430
-58.900000	-0.037141
-58.866667	-0.037727
-58.833333	-0.038193
-58.800000	-0.038532
-58.766667	-0.038752
-58.733333	-0.038828
-58.700000	-0.038764
-58.666667	-0.038538
-58.633333	-0.038143
-58.600000	-0.037565
-58.566667	-0.036775
-58.533333	-0.035793
-58.500000	-0.034637
-58.466667	-0.033313
-58.433333	-0.031823
-58.400000	-0.030153
-58.366667	-0.028314
-58.333333	-0.026338
-58.300000	-0.024245
-58.266667	-0.022048
-58.233333	-0.019784
-58.200000	-0.017493
-58.166667	-0.015209
-58.133333	-0.012991
-58.100000	-0.010870
-58.066667	-0.008880
-58.033333	-0.007070
-58.000000	-0.005405
-57.966667	-0.003938
-57.933333	-0.002692
-57.900000	-0.001680
-57.866667	-0.000886
-57.833333	-0.000304
-57.800000	0.000065
-57.766667	0.000229
-57.733333	0.000202
-57.700000	0.000007
-57.666667	-0.000349
-57.633333	-0.000856
-57.600000	-0.001482
-57.566667	-0.002192
-57.533333	-0.002982
-57.500000	-0.003823
-57.466667	-0.004674
-57.433333	-0.005517
-57.400000	-0.006328
-57.366667	-0.007108
-57.333333	-0.007840
-57.300000	-0.008516
-57.266667	-0.009113
-57.233333	-0.009647
-57.200000	-0.010123
-57.166667	-0.010540
-57.133333	-0.010901
-57.100000	-0.011197
-57.066667	-0.011395
-57.033333	-0.011501
-57.000000	-0.011541
-56.966667	-0.011487
-56.933333	-0.011379
-56.900000	-0.011178
-56.866667	-0.010884
-56.833333	-0.010517
-56.800000	-0.010086
-56.766667	-0.009589
-56.733333	-0.009027
-56.700000	-0.008391
-56.666667	-0.007711
-56.633333	-0.006981
-56.600000	-0.006204
-56.566667	-0.005386
-56.533333	-0.004539
-56.500000	-0.003672
-56.466667	-0.002775
-56.433333	-0.001885
-56.400000	-0.001015
-56.366667	-0.000149
-56.333333	0.000716
-56.300000	0.001531
-56.266667	0.002320
-56.233333	0.003040
-56.200000	0.003686
-56.166667	0.004242
-56.133333	0.004693
-56.100000	0.005025
-56.066667	0.005212
-56.033333	0.005228
-56.000000	0.005076
-55.966667	0.004790
-55.933333	0.004327
-55.900000	0.003720
-55.866667	0.002953
-55.833333	0.002047
-55.800000	0.001005
-55.766667	-0.000154
-55.733333	-0.001417
-55.700000	-0.002762
-55.666667	-0.004176
-55.633333	-0.005626
-55.600000	-0.007113
-55.566667	-0.008609
-55.533333	-0.010050
-55.500000	-0.011441
-55.466667	-0.012764
-55.433333	-0.014015
-55.400000	-0.015127
-55.366667	-0.016104
-55.333333	-0.016898
-55.300000	-0.017540
-55.266667	-0.018015
-55.233333	-0.018348
-55.200000	-0.018508
-55.166667	-0.018509
-55.133333	-0.018368
-55.100000	-0.018100
-55.066667	-0.017714
-55.033333	-0.017214
-55.000000	-0.016614
-54.966667	-0.015925
-54.933333	-0.015169
-54.900000	-0.014356
-54.866667	-0.013501
-54.833333	-0.012612
-54.800000	-0.011697
-54.766667	-0.010774
-54.733333	-0.009836
-54.700000	-0.008889
-54.666667	-0.007935
-54.633333	-0.006994
-54.600000	-0.006067
-54.566667	-0.005139
-54.533333	-0.004219
-54.500000	-0.003374
-54.466667	-0.002568
-54.433333	-0.001817
-54.400000	-0.001126
-54.366667	-0.000534
-54.333333	-0.000010
-54.300000	0.000384
-54.266667	0.000648
-54.233333	0.000792
-54.200000	0.000835
-54.166667	0.000752
-54.133333	0.000528
-54.100000	0.000160
-54.066667	-0.000354
-54.033333	-0.001014
-54.000000	-0.001812
-53.966667	-0.002726
-53.933333	-0.003754
-53.900000	-0.004874
-53.866667	-0.006066
-53.833333	-0.007305
-53.800000	-0.008570
-53.766667	-0.009834
-53.733333	-0.011068
-53.700000	-0.012242
-53.666667	-0.013338
-53.633333	-0.014329
-53.600000	-0.015206
-53.566667	-0.015956
-53.533333	-0.016556
-53.500000	-0.017025
-53.466667	-0.017303
-53.433333	-0.017418
-53.400000	-0.017384
-53.366667	-0.017203
-53.333333	-0.016864
-53.300000	-0.016372
-53.266667	-0.015733
-53.233333	-0.014964
-53.200000	-0.014062
-53.166667	-0.013055
-53.133333	-0.011964
-53.100000	-0.010798
-53.066667	-0.009571
-53.033333	-0.008295
-53.000000	-0.006984
-52.966667	-0.005657
-52.933333	-0.004334
-52.900000	-0.003016
-52.866667	-0.001725
-52.833333	-0.000472
-52.800000	0.000725
-52.766667	0.001858
-52.733333	0.002905
-52.700000	0.003867
-52.666667	0.004728
-52.633333	0.005488
-52.600000	0.006145
-52.566667	0.006698
-52.533333	0.007130
-52.500000	0.007434
-52.466667	0.007616
-52.433333	0.007637
-52.400000	0.007492
-52.366667	0.007188
-52.333333	0.006724
-52.300000	0.006093
-52.266667	0.005303
-52.233333	0.004357
-52.200000	0.003288
-52.166667	0.002094
-52.133333	0.000788
-52.100000	-0.000617
-52.066667	-0.002109
-52.033333	-0.003664
-52.000000	-0.005252
-51.966667	-0.006852
-51.933333	-0.008454
-51.900000	-0.009981
-51.866667	-0.011449
-51.833333	-0.012804
-51.800000	-0.014019
-51.766667	-0.015058
-51.733333	-0.015892
-51.700000	-0.016491
-51.666667	-0.016836
-51.633333	-0.016917
-51.600000	-0.016731
-51.566667	-0.016286
-51.533333	-0.015593
-51.500000	-0.014666
-51.466667	-0.013553
-51.433333	-0.012270
-51.400000	-0.010833
-51.366667	-0.009278
-51.333333	-0.007657
-51.300000	-0.006000
-51.266667	-0.004341
-51.233333	-0.002721
-51.200000	-0.001165
-51.166667	0.000290
-51.133333	0.001619
-51.100000	0.002806
-51.066667	0.003841
-51.033333	0.004721
-51.000000	0.005452
-50.966667	0.006033
-50.933333	0.006481
-50.900000	0.006838
-50.866667	0.007084
-50.833333	0.007285
-50.800000	0.007426
-50.766667	0.007522
-50.733333	0.007580
-50.700000	0.007616
-50.666667	0.007638
-50.633333	0.007638
-50.600000	0.007641
-50.566667	0.007638
-50.533333	0.007621
-50.500000	0.007581
-50.466667	0.007527
-50.433333	0.007442
-50.400000	0.007320
-50.366667	0.007147
-50.333333	0.006893
-50.300000	0.006568
-50.266667	0.006163
-50.233333	0.005710
-50.200000	0.005203
-50.166667	0.004661
-50.133333	0.004090
-50.100000	0.003504
-50.066667	0.002923
-50.033333	0.002362
-50.000000	0.001838
-49.966667	0.001364
-49.933333	0.000950
-49.900000	0.000601
-49.866667	0.000330
-49.833333	0.000124
-49.800000	-0.000013
-49.766667	-0.000068
-49.733333	-0.000044
-49.700000	0.000044
-49.666667	0.000191
-49.633333	0.000390
-49.600000	0.000635
-49.566667	0.000899
-49.533333	0.001175
-49.500000	0.001451
-49.466667	0.001701
-49.433333	0.001935
-49.400000	0.002143
-49.366667	0.002333
-49.333333	0.002486
-49.300000	0.002631
-49.266667	0.002753
-49.233333	0.002875
-49.200000	0.002977
-49.166667	0.003072
-49.133333	0.003145
-49.100000	0.003204
-49.066667	0.003269
-49.033333	0.003312
-49.000000	0.003351
-48.966667	0.003383
-48.933333	0.003400
-48.900000	0.003399
-48.866667	0.003377
-48.833333	0.003323
-48.800000	0.003238
-48.766667	0.003100
-48.733333	0.002901
-48.700000	0.002629
-48.666667	0.002281
-48.633333	0.001840
-48.600000	0.001292
-48.566667	0.000642
-48.533333	-0.000113
-48.500000	-0.000972
-48.466667	-0.001924
-48.433333	-0.002932
-48.400000	-0.004022
-48.366667	-0.005140
-48.333333	-0.006261
-48.300000	-0.007384
-48.266667	-0.008482
-48.233333	-0.009531
-48.200000	-0.010512
-48.166667	-0.011408
-48.133333	-0.012193
-48.100000	-0.012829
-48.066667	-0.013287
-48.033333	-0.013577
-48.000000	-0.013689
-47.966667	-0.013616
-47.933333	-0.013378
-47.900000	-0.012973
-47.866667	-0.012423
-47.833333	-0.011749
-47.800000	-0.010970
-47.766667	-0.010098
-47.733333	-0.009164
-47.700000	-0.008189
-47.666667	-0.007199
-47.633333	-0.006212
-47.600000	-0.005240
-47.566667	-0.004300
-47.533333	-0.003398
-47.500000	-0.002546
-47.466667	-0.001756
-47.433333	-0.001001
-47.400000	-0.000284
-47.366667	0.000384
-47.333333	0.001014
-47.300000	0.001579
-47.266667	0.002101
-47.233333	0.002556
-47.200000	0.002953
-47.166667	0.003293
-47.133333	0.003567
-47.100000	0.003771
-47.066667	0.003897
-47.033333	0.003912
-47.000000	0.003785
-46.966667	0.003561
-46.933333	0.003180
-46.900000	0.002651
-46.866667	0.001962
-46.833333	0.001119
-46.800000	0.000120
-46.766667	-0.001016
-46.733333	-0.002278
-46.700000	-0.003643
-46.666667	-0.005090
-46.633333	-0.006595
-46.600000	-0.008127
-46.566667	-0.009653
-46.533333	-0.011132
-46.500000	-0.012529
-46.466667	-0.013801
-46.433333	-0.014903
-46.400000	-0.015838
-46.366667	-0.016606
-46.333333	-0.017163
-46.300000	-0.017534
-46.266667	-0.017716
-46.233333	-0.017706
-46.200000	-0.017496
-46.166667	-0.017144
-46.133333	-0.016638
-46.100000	-0.016010
-46.066667	-0.015270
-46.033333	-0.014479
-46.000000	-0.013650
-45.966667	-0.012793
-45.933333	-0.011940
-45.900000	-0.011094
-45.866667	-0.010291
-45.833333	-0.009550
-45.800000	-0.008882
-45.766667	-0.008288
-45.733333	-0.007772
-45.700000	-0.007322
-45.666667	-0.006928
-45.633333	-0.006574
-45.600000	-0.006249
-45.566667	-0.005930
-45.533333	-0.005594
-45.500000	-0.005238
-45.466667	-0.004846
-45.433333	-0.004419
-45.400000	-0.003963
-45.366667	-0.003487
-45.333333	-0.002997
-45.300000	-0.002505
-45.266667	-0.002000
-45.233333	-0.001483
-45.200000	-0.000977
-45.166667	-0.000520
-45.133333	-0.000086
-45.100000	0.000275
-45.066667	0.000557
-45.033333	0.000765
-45.000000	0.000887
-44.966667	0.000927
-44.933333	0.000894
-44.900000	0.000757
-44.866667	0.000530
-44.833333	0.000210
-44.800000	-0.000168
-44.766667	-0.000597
-44.733333	-0.001053
-44.700000	-0.001519
-44.666667	-0.001985
-44.633333	-0.002442
-44.600000	-0.002884
-44.566667	-0.003290
-44.533333	-0.003635
-44.500000	-0.003925
-44.466667	-0.004170
-44.433333	-0.004349
-44.400000	-0.004481
-44.366667	-0.004561
-44.333333	-0.004601
-44.300000	-0.004590
-44.266667	-0.004526
-44.233333	-0.004428
-44.200000	-0.004310
-44.166667	-0.004174
-44.133333	-0.004016
-44.100000	-0.003842
-44.066667	-0.003657
-44.033333	-0.003414
-44.000000	-0.003182
-43.966667	-0.002915
-43.933333	-0.002624
-43.900000	-0.002308
-43.866667	-0.001958
-43.833333	-0.001593
-43.800000	-0.001192
-43.766667	-0.000774
-43.733333	-0.000337
-43.700000	0.000113
-43.666667	0.000567
-43.633333	0.001012
-43.600000	0.001426
-43.566667	0.001812
-43.533333	0.002185
-43.500000	0.002513
-43.466667	0.002760
-43.433333	0.002941
-43.400000	0.003018
-43.366667	0.002994
-43.333333	0.002848
-43.300000	0.002590
-43.266667	0.002223
-43.233333	0.001727
-43.200000	0.001118
-43.166667	0.000402
-43.133333	-0.000405
-43.100000	-0.001316
-43.066667	-0.002300
-43.033333	-0.003321
-43.000000	-0.004380
-42.966667	-0.005464
-42.933333	-0.006539
-42.900000	-0.007601
-42.866667	-0.008632
-42.833333	-0.009618
-42.800000	-0.010541
-42.766667	-0.011385
-42.733333	-0.012135
-42.700000	-0.012783
-42.666667	-0.013323
-42.633333	-0.013751
-42.600000	-0.014045
-42.566667	-0.014199
-42.533333	-0.014192
-42.500000	-0.014059
-42.466667	-0.013816
-42.433333	-0.013445
-42.400000	-0.012947
-42.366667	-0.012336
-42.333333	-0.011639
-42.300000	-0.010826
-42.266667	-0.009948
-42.233333	-0.009038
-42.200000	-0.008087
-42.166667	-0.007135
-42.133333	-0.006189
-42.100000	-0.005278
-42.066667	-0.004395
-42.033333	-0.003566
-42.000000	-0.002808
-41.966667	-0.002150
-41.933333	-0.001551
-41.900000	-0.001045
-41.866667	-0.000624
-41.833333	-0.000307
-41.800000	-0.000077
-41.766667	0.000069
-41.733333	0.000112
-41.700000	0.000083
-41.666667	-0.000017
-41.633333	-0.000200
-41.600000	-0.000441
-41.566667	-0.000748
-41.533333	-0.001085
-41.500000	-0.001473
-41.466667	-0.001913
-41.433333	-0.002345
-41.400000	-0.002802
-41.366667	-0.003269
-41.333333	-0.003757
-41.300000	-0.004219
-41.266667	-0.004718
-41.233333	-0.005216
-41.200000	-0.005706
-41.166667	-0.006192
-41.133333	-0.006654
-41.100000	-0.007091
-41.066667	-0.007495
-41.033333	-0.007861
-41.000000	-0.008178
-40.966667	-0.008427
-40.933333	-0.008595
-40.900000	-0.008697
-40.866667	-0.008744
-40.833333	-0.008741
-40.800000	-0.008665
-40.766667	-0.008530
-40.733333	-0.008347
-40.700000	-0.008099
-40.666667	-0.007819
-40.633333	-0.007518
-40.600000	-0.007185
-40.566667	-0.006840
-40.533333	-0.006475
-40.500000	-0.006115
-40.466667	-0.005768
-40.433333	-0.005432
-40.400000	-0.005135
-40.366667	-0.004850
-40.333333	-0.004605
-40.300000	-0.004375
-40.266667	-0.004169
-40.233333	-0.003976
-40.200000	-0.003832
-40.166667	-0.003698
-40.133333	-0.003580
-40.100000	-0.003494
-40.066667	-0.003419
-40.033333	-0.003358
-40.000000	-0.003301
-39.966667	-0.003253
-39.933333	-0.003239
-39.900000	-0.003210
-39.866667	-0.003210
-39.833333	-0.003209
-39.800000	-0.003213
-39.766667	-0.003227
-39.733333	-0.003253
-39.700000	-0.003291
-39.666667	-0.003348
-39.633333	-0.003424
-39.600000	-0.003514
-39.566667	-0.003610
-39.533333	-0.003711
-39.500000	-0.003825
-39.466667	-0.003954
-39.433333	-0.004083
-39.400000	-0.004198
-39.366667	-0.004302
-39.333333	-0.004400
-39.300000	-0.004480
-39.266667	-0.004542
-39.233333	-0.004607
-39.200000	-0.004670
-39.166667	-0.004682
-39.133333	-0.004676
-39.100000	-0.004639
-39.066667	-0.004555
-39.033333	-0.004432
-39.000000	-0.004267
-38.966667	-0.004063
-38.933333	-0.003808
-38.900000	-0.003472
-38.866667	-0.003103
-38.833333	-0.002666
-38.800000	-0.002175
-38.766667	-0.001625
-38.733333	-0.001019
-38.700000	-0.000364
-38.666667	0.000339
-38.633333	0.001088
-38.600000	0.001880
-38.566667	0.002705
-38.533333	0.003551
-38.500000	0.004412
-38.466667	0.005280
-38.433333	0.006128
-38.400000	0.006957
-38.366667	0.007756
-38.333333	0.008504
-38.300000	0.009196
-38.266667	0.009818
-38.233333	0.010366
-38.200000	0.010849
-38.166667	0.011279
-38.133333	0.011623
-38.100000	0.011889
-38.066667	0.012076
-38.033333	0.012187
-38.000000	0.012216
-37.966667	0.012172
-37.933333	0.012054
-37.900000	0.011857
-37.866667	0.011590
-37.833333	0.011252
-37.800000	0.010852
-37.766667	0.010385
-37.733333	0.009850
-37.700000	0.009248
-37.666667	0.008585
-37.633333	0.007866
-37.600000	0.007106
-37.566667	0.006314
-37.533333	0.005498
-37.500000	0.004701
-37.466667	0.003909
-37.433333	0.003138
-37.400000	0.002419
-37.366667	0.001756
-37.333333	0.001172
-37.300000	0.000692
-37.266667	0.000352
-37.233333	0.000146
-37.200000	0.000102
-37.166667	0.000208
-37.133333	0.000451
-37.100000	0.000841
-37.066667	0.001376
-37.033333	0.002048
-37.000000	0.002851
-36.966667	0.003763
-36.933333	0.004758
-36.900000	0.005819
-36.866667	0.006911
-36.833333	0.008013
-36.800000	0.009097
-36.766667	0.010133
-36.733333	0.011100
-36.700000	0.011982
-36.666667	0.012767
-36.633333	0.013448
-36.600000	0.014024
-36.566667	0.014485
-36.533333	0.014829
-36.500000	0.015072
-36.466667	0.015183
-36.433333	0.015196
-36.400000	0.015114
-36.366667	0.014952
-36.333333	0.014728
-36.300000	0.014456
-36.266667	0.014144
-36.233333	0.013782
-36.200000	0.013402
-36.166667	0.012997
-36.133333	0.012578
-36.100000	0.012149
-36.066667	0.011702
-36.033333	0.011263
-36.000000	0.010806
-35.966667	0.010327
-35.933333	0.009819
-35.900000	0.009298
-35.866667	0.008748
-35.833333	0.008188
-35.800000	0.007623
-35.766667	0.007063
-35.733333	0.006505
-35.700000	0.005962
-35.666667	0.005424
-35.633333	0.004920
-35.600000	0.004438
-35.566667	0.003991
-35.533333	0.003579
-35.500000	0.003213
-35.466667	0.002892
-35.433333	0.002626
-35.400000	0.002419
-35.366667	0.002275
-35.333333	0.002197
-35.300000	0.002187
-35.266667	0.002238
-35.233333	0.002356
-35.200000	0.002527
-35.166667	0.002742
-35.133333	0.002991
-35.100000	0.003256
-35.066667	0.003527
-35.033333	0.003804
-35.000000	0.004051
-34.966667	0.004271
-34.933333	0.004446
-34.900000	0.004597
-34.866667	0.004695
-34.833333	0.004751
-34.800000	0.004759
-34.766667	0.004721
-34.733333	0.004636
-34.700000	0.004501
-34.666667	0.004323
-34.633333	0.004117
-34.600000	0.003867
-34.566667	0.003594
-34.533333	0.003293
-34.500000	0.002967
-34.466667	0.002633
-34.433333	0.002277
-34.400000	0.001925
-34.366667	0.001576
-34.333333	0.001223
-34.300000	0.000870
-34.266667	0.000527
-34.233333	0.000175
-34.200000	-0.000187
-34.166667	-0.000566
-34.133333	-0.000972
-34.100000	-0.001418
-34.066667	-0.001914
-34.033333	-0.002461
-34.000000	-0.003055
-33.966667	-0.003694
-33.933333	-0.004375
-33.900000	-0.005081
-33.866667	-0.005827
-33.833333	-0.006576
-33.800000	-0.007353
-33.766667	-0.008107
-33.733333	-0.008844
-33.700000	-0.009553
-33.666667	-0.010202
-33.633333	-0.010793
-33.600000	-0.011316
-33.566667	-0.011762
-33.533333	-0.012112
-33.500000	-0.012358
-33.466667	-0.012494
-33.433333	-0.012526
-33.400000	-0.012430
-33.366667	-0.012228
-33.333333	-0.011925
-33.300000	-0.011517
-33.266667	-0.011011
-33.233333	-0.010448
-33.200000	-0.009814
-33.166667	-0.009144
-33.133333	-0.008449
-33.100000	-0.007744
-33.066667	-0.007031
-33.033333	-0.006313
-33.000000	-0.005626
-32.966667	-0.004952
-32.933333	-0.004321
-32.900000	-0.003726
-32.866667	-0.003171
-32.833333	-0.002662
-32.800000	-0.002211
-32.766667	-0.001785
-32.733333	-0.001415
-32.700000	-0.001084
-32.666667	-0.000796
-32.633333	-0.000558
-32.600000	-0.000369
-32.566667	-0.000220
-32.533333	-0.000107
-32.500000	-0.000041
-32.466667	-0.000031
-32.433333	-0.000064
-32.400000	-0.000116
-32.366667	-0.000230
-32.333333	-0.000364
-32.300000	-0.000527
-32.266667	-0.000717
-32.233333	-0.000941
-32.200000	-0.001190
-32.166667	-0.001464
-32.133333	-0.001749
-32.100000	-0.002023
-32.066667	-0.002258
-32.033333	-0.002481
-32.000000	-0.002646
-31.966667	-0.002724
-31.933333	-0.002737
-31.900000	-0.002655
-31.866667	-0.002478
-31.833333	-0.002202
-31.800000	-0.001830
-31.766667	-0.001367
-31.733333	-0.000813
-31.700000	-0.000175
-31.666667	0.000538
-31.633333	0.001312
-31.600000	0.002133
-31.566667	0.002983
-31.533333	0.003845
-31.500000	0.004696
-31.466667	0.005521
-31.433333	0.006309
-31.400000	0.007039
-31.366667	0.007673
-31.333333	0.008245
-31.300000	0.008711
-31.266667	0.009075
-31.233333	0.009333
-31.200000	0.009491
-31.166667	0.009531
-31.133333	0.009491
-31.100000	0.009349
-31.066667	0.009133
-31.033333	0.008818
-31.000000	0.008437
-30.966667	0.007982
-30.933333	0.007447
-30.900000	0.006849
-30.866667	0.006192
-30.833333	0.005475
-30.800000	0.004700
-30.766667	0.003868
-30.733333	0.003033
-30.700000	0.002123
-30.666667	0.001200
-30.633333	0.000242
-30.600000	-0.000744
-30.566667	-0.001749
-30.533333	-0.002764
-30.500000	-0.003772
-30.466667	-0.004757
-30.433333	-0.005710
-30.400000	-0.006618
-30.366667	-0.007467
-30.333333	-0.008241
-30.300000	-0.008936
-30.266667	-0.009547
-30.233333	-0.010055
-30.200000	-0.010462
-30.166667	-0.010780
-30.133333	-0.011002
-30.100000	-0.011119
-30.066667	-0.011146
-30.033333	-0.011074
-30.000000	-0.010929
-29.966667	-0.010692
-29.933333	-0.010394
-29.900000	-0.010031
-29.866667	-0.009637
-29.833333	-0.009199
-29.800000	-0.008735
-29.766667	-0.008274
-29.733333	-0.007794
-29.700000	-0.007348
-29.666667	-0.006876
-29.633333	-0.006426
-29.600000	-0.005979
-29.566667	-0.005535
-29.533333	-0.005089
-29.500000	-0.004640
-29.466667	-0.004205
-29.433333	-0.003787
-29.400000	-0.003397
-29.366667	-0.003021
-29.333333	-0.002684
-29.300000	-0.002385
-29.266667	-0.002122
-29.233333	-0.001894
-29.200000	-0.001727
-29.166667	-0.001600
-29.133333	-0.001552
-29.100000	-0.001522
-29.066667	-0.001569
-29.033333	-0.001654
-29.000000	-0.001823
-28.966667	-0.002054
-28.933333	-0.002356
-28.900000	-0.002735
-28.866667	-0.003197
-28.833333	-0.003718
-28.800000	-0.004316
-28.766667	-0.004983
-28.733333	-0.005682
-28.700000	-0.006420
-28.666667	-0.007197
-28.633333	-0.008002
-28.600000	-0.008839
-28.566667	-0.009695
-28.533333	-0.010570
-28.500000	-0.011457
-28.466667	-0.012353
-28.433333	-0.013238
-28.400000	-0.014105
-28.366667	-0.014928
-28.333333	-0.015714
-28.300000	-0.016427
-28.266667	-0.017062
-28.233333	-0.017606
-28.200000	-0.018033
-28.166667	-0.018345
-28.133333	-0.018536
-28.100000	-0.018569
-28.066667	-0.018472
-28.033333	-0.018237
-28.000000	-0.017883
-27.966667	-0.017413
-27.933333	-0.016833
-27.900000	-0.016176
-27.866667	-0.015439
-27.833333	-0.014632
-27.800000	-0.013765
-27.766667	-0.012854
-27.733333	-0.011920
-27.700000	-0.010987
-27.666667	-0.010086
-27.633333	-0.009225
-27.600000	-0.008395
-27.566667	-0.007638
-27.533333	-0.006936
-27.500000	-0.006297
-27.466667	-0.005720
-27.433333	-0.005210
-27.400000	-0.004754
-27.366667	-0.004351
-27.333333	-0.004004
-27.300000	-0.003710
-27.266667	-0.003462
-27.233333	-0.003248
-27.200000	-0.003069
-27.166667	-0.002936
-27.133333	-0.002820
-27.100000	-0.002737
-27.066667	-0.002671
-27.033333	-0.002632
-27.000000	-0.002639
-26.966667	-0.002640
-26.933333	-0.002674
-26.900000	-0.002724
-26.866667	-0.002771
-26.833333	-0.002821
-26.800000	-0.002861
-26.766667	-0.002882
-26.733333	-0.002870
-26.700000	-0.002819
-26.666667	-0.002729
-26.633333	-0.002558
-26.600000	-0.002304
-26.566667	-0.001975
-26.533333	-0.001528
-26.500000	-0.000998
-26.466667	-0.000391
-26.433333	0.000322
-26.400000	0.001127
-26.366667	0.002019
-26.333333	0.002980
-26.300000	0.004002
-26.266667	0.005072
-26.233333	0.006187
-26.200000	0.007325
-26.166667	0.008451
-26.133333	0.009583
-26.100000	0.010683
-26.066667	0.011746
-26.033333	0.012743
-26.000000	0.013657
-25.966667	0.014505
-25.933333	0.015233
-25.900000	0.015874
-25.866667	0.016406
-25.833333	0.016821
-25.800000	0.017103
-25.766667	0.017293
-25.733333	0.017354
-25.700000	0.017294
-25.666667	0.017100
-25.633333	0.016790
-25.600000	0.016352
-25.566667	0.015788
-25.533333	0.015090
-25.500000	0.014258
-25.466667	0.013298
-25.433333	0.012244
-25.400000	0.011088
-25.366667	0.009809
-25.333333	0.008428
-25.300000	0.006944
-25.266667	0.005366
-25.233333	0.003701
-25.200000	0.001945
-25.166667	0.000103
-25.133333	-0.001790
-25.100000	-0.003759
-25.066667	-0.005779
-25.033333	-0.007857
-25.000000	-0.009969
-24.966667	-0.012100
-24.933333	-0.014239
-24.900000	-0.016390
-24.866667	-0.018565
-24.833333	-0.020723
-24.800000	-0.022879
-24.766667	-0.024995
-24.733333	-0.027106
-24.700000	-0.029180
-24.666667	-0.031218
-24.633333	-0.033206
-24.600000	-0.035135
-24.566667	-0.037002
-24.533333	-0.038799
-24.500000	-0.040518
-24.466667	-0.042151
-24.433333	-0.043686
-24.400000	-0.045115
-24.366667	-0.046455
-24.333333	-0.047661
-24.300000	-0.048756
-24.266667	-0.049738
-24.233333	-0.050598
-24.200000	-0.051315
-24.166667	-0.051882
-24.133333	-0.052318
-24.100000	-0.052607
-24.066667	-0.052749
-24.033333	-0.052741
-24.000000	-0.052573
-23.966667	-0.052253
-23.933333	-0.051781
-23.900000	-0.051162
-23.866667	-0.050396
-23.833333	-0.049471
-23.800000	-0.048423
-23.766667	-0.047236
-23.733333	-0.045919
-23.700000	-0.044477
-23.666667	-0.042915
-23.633333	-0.041244
-23.600000	-0.039477
-23.566667	-0.037622
-23.533333	-0.035687
-23.500000	-0.033685
-23.466667	-0.031619
-23.433333	-0.029497
-23.400000	-0.027331
-23.366667	-0.025132
-23.333333	-0.022910
-23.300000	-0.020688
-23.266667	-0.018446
-23.233333	-0.016186
-23.200000	-0.013920
-23.166667	-0.011650
-23.133333	-0.009391
-23.100000	-0.007129
-23.066667	-0.004880
-23.033333	-0.002632
-23.000000	-0.000397
-22.966667	0.001830
-22.933333	0.004050
-22.900000	0.006264
-22.866667	0.008472
-22.833333	0.010652
-22.800000	0.012824
-22.766667	0.014967
-22.733333	0.017101
-22.700000	0.019196
-22.666667	0.021263
-22.633333	0.023291
-22.600000	0.025278
-22.566667	0.027220
-22.533333	0.029113
-22.500000	0.030972
-22.466667	0.032790
-22.433333	0.034565
-22.400000	0.036289
-22.366667	0.037966
-22.333333	0.039589
-22.300000	0.041153
-22.266667	0.042662
-22.233333	0.044086
-22.200000	0.045417
-22.166667	0.046665
-22.133333	0.047812
-22.100000	0.048847
-22.066667	0.049758
-22.033333	0.050544
-22.000000	0.051195
-21.966667	0.051719
-21.933333	0.052108
-21.900000	0.052359
-21.866667	0.052461
-21.833333	0.052404
-21.800000	0.052217
-21.766667	0.051874
-21.733333	0.051386
-21.700000	0.050774
-21.666667	0.050040
-21.633333	0.049199
-21.600000	0.048269
-21.566667	0.047264
-21.533333	0.046206
-21.500000	0.045117
-21.466667	0.043997
-21.433333	0.042864
-21.400000	0.041723
-21.366667	0.040589
-21.333333	0.039467
-21.300000	0.038365
-21.266667	0.037286
-21.233333	0.036239
-21.200000	0.035251
-21.166667	0.034287
-21.133333	0.033376
-21.100000	0.032514
-21.066667	0.031699
-21.033333	0.030945
-21.000000	0.030261
-20.966667	0.029627
-20.933333	0.029030
-20.900000	0.028519
-20.866667	0.028032
-20.833333	0.027607
-20.800000	0.027210
-20.766667	0.026845
-20.733333	0.026521
-20.700000	0.026261
-20.666667	0.026022
-20.633333	0.025838
-20.600000	0.025706
-20.566667	0.025625
-20.533333	0.025577
-20.500000	0.025556
-20.466667	0.025564
-20.433333	0.025595
-20.400000	0.025639
-20.366667	0.025697
-20.333333	0.025778
-20.300000	0.025857
-20.266667	0.025941
-20.233333	0.026021
-20.200000	0.026092
-20.166667	0.026126
-20.133333	0.026163
-20.100000	0.026181
-20.066667	0.026174
-20.033333	0.026148
-20.000000	0.026100
-19.966667	0.026003
-19.933333	0.025903
-19.900000	0.025778
-19.866667	0.025605
-19.833333	0.025428
-19.800000	0.025220
-19.766667	0.025017
-19.733333	0.024819
-19.700000	0.024619
-19.666667	0.024397
-19.633333	0.024181
-19.600000	0.023949
-19.566667	0.023693
-19.533333	0.023404
-19.500000	0.023088
-19.466667	0.022751
-19.433333	0.022383
-19.400000	0.021981
-19.366667	0.021526
-19.333333	0.021043
-19.300000	0.020505
-19.266667	0.019926
-19.233333	0.019296
-19.200000	0.018625
-19.166667	0.017920
-19.133333	0.017188
-19.100000	0.016432
-19.066667	0.015664
-19.033333	0.014887
-19.000000	0.014091
-18.966667	0.013310
-18.933333	0.012540
-18.900000	0.011764
-18.866667	0.011021
-18.833333	0.010288
-18.800000	0.009571
-18.766667	0.008866
-18.733333	0.008178
-18.700000	0.007467
-18.666667	0.006759
-18.633333	0.006043
-18.600000	0.005305
-18.566667	0.004552
-18.533333	0.003778
-18.500000	0.002984
-18.466667	0.002192
-18.433333	0.001365
-18.400000	0.000543
-18.366667	-0.000310
-18.333333	-0.001147
-18.300000	-0.001997
-18.266667	-0.002844
-18.233333	-0.003678
-18.200000	-0.004492
-18.166667	-0.005291
-18.133333	-0.006068
-18.100000	-0.006821
-18.066667	-0.007540
-18.033333	-0.008230
-18.000000	-0.008885
-17.966667	-0.009484
-17.933333	-0.010063
-17.900000	-0.010595
-17.866667	-0.011088
-17.833333	-0.011545
-17.800000	-0.011967
-17.766667	-0.012354
-17.733333	-0.012709
-17.700000	-0.013048
-17.666667	-0.013340
-17.633333	-0.013633
-17.600000	-0.013886
-17.566667	-0.014113
-17.533333	-0.014306
-17.500000	-0.014465
-17.466667	-0.014581
-17.433333	-0.014674
-17.400000	-0.014691
-17.366667	-0.014676
-17.333333	-0.014605
-17.300000	-0.014487
-17.266667	-0.014303
-17.233333	-0.014081
-17.200000	-0.013805
-17.166667	-0.013491
-17.133333	-0.013131
-17.100000	-0.012734
-17.066667	-0.012299
-17.033333	-0.011834
-17.000000	-0.011343
-16.966667	-0.010834
-16.933333	-0.010329
-16.900000	-0.009800
-16.866667	-0.009282
-16.833333	-0.008777
-16.800000	-0.008308
-16.766667	-0.007875
-16.733333	-0.007466
-16.700000	-0.007089
-16.666667	-0.006770
-16.633333	-0.006520
-16.600000	-0.006301
-16.566667	-0.006128
-16.533333	-0.006006
-16.500000	-0.005925
-16.466667	-0.005866
-16.433333	-0.005815
-16.400000	-0.005772
-16.366667	-0.005747
-16.333333	-0.005745
-16.300000	-0.005740
-16.266667	-0.005735
-16.233333	-0.005735
-16.200000	-0.005710
-16.166667	-0.005677
-16.133333	-0.005633
-16.100000	-0.005583
-16.066667	-0.005520
-16.033333	-0.005440
-16.000000	-0.005346
-15.966667	-0.005245
-15.933333	-0.005140
-15.900000	-0.005008
-15.866667	-0.004865
-15.833333	-0.004747
-15.800000	-0.004618
-15.766667	-0.004483
-15.733333	-0.004337
-15.700000	-0.004201
-15.666667	-0.004079
-15.633333	-0.003950
-15.600000	-0.003811
-15.566667	-0.003681
-15.533333	-0.003565
-15.500000	-0.003451
-15.466667	-0.003336
-15.433333	-0.003231
-15.400000	-0.003140
-15.366667	-0.003064
-15.333333	-0.003016
-15.300000	-0.002986
-15.266667	-0.002966
-15.233333	-0.002946
-15.200000	-0.002935
-15.166667	-0.002938
-15.133333	-0.002964
-15.100000	-0.003022
-15.066667	-0.003088
-15.033333	-0.003169
-15.000000	-0.003279
-14.966667	-0.003418
-14.933333	-0.003565
-14.900000	-0.003732
-14.866667	-0.003901
-14.833333	-0.004108
-14.800000	-0.004288
-14.766667	-0.004481
-14.733333	-0.004668
-14.700000	-0.004853
-14.666667	-0.005044
-14.633333	-0.005242
-14.600000	-0.005445
-14.566667	-0.005650
-14.533333	-0.005854
-14.500000	-0.006035
-14.466667	-0.006192
-14.433333	-0.006299
-14.400000	-0.006390
-14.366667	-0.006435
-14.333333	-0.006464
-14.300000	-0.006436
-14.266667	-0.006351
-14.233333	-0.006219
-14.200000	-0.006052
-14.166667	-0.005839
-14.133333	-0.005603
-14.100000	-0.005338
-14.066667	-0.005028
-14.033333	-0.004712
-14.000000	-0.004386
-13.966667	-0.004052
-13.933333	-0.003705
-13.900000	-0.003377
-13.866667	-0.003067
-13.833333	-0.002782
-13.800000	-0.002536
-13.766667	-0.002331
-13.733333	-0.002191
-13.700000	-0.002113
-13.666667	-0.002079
-13.633333	-0.002124
-13.600000	-0.002208
-13.566667	-0.002343
-13.533333	-0.002518
-13.500000	-0.002721
-13.466667	-0.002963
-13.433333	-0.003229
-13.400000	-0.003538
-13.366667	-0.003851
-13.333333	-0.004204
-13.300000	-0.004548
-13.266667	-0.004892
-13.233333	-0.005239
-13.200000	-0.005576
-13.166667	-0.005903
-13.133333	-0.006229
-13.100000	-0.006529
-13.066667	-0.006817
-13.033333	-0.007096
-13.000000	-0.007353
-12.966667	-0.007593
-12.933333	-0.007817
-12.900000	-0.008030
-12.866667	-0.008229
-12.833333	-0.008393
-12.800000	-0.008524
-12.766667	-0.008613
-12.733333	-0.008674
-12.700000	-0.008685
-12.666667	-0.008635
-12.633333	-0.008562
-12.600000	-0.008415
-12.566667	-0.008230
-12.533333	-0.007997
-12.500000	-0.007725
-12.466667	-0.007420
-12.433333	-0.007080
-12.400000	-0.006699
-12.366667	-0.006294
-12.333333	-0.005893
-12.300000	-0.005442
-12.266667	-0.005000
-12.233333	-0.004568
-12.200000	-0.004149
-12.166667	-0.003751
-12.133333	-0.003377
-12.100000	-0.003025
-12.066667	-0.002707
-12.033333	-0.002414
-12.000000	-0.002152
-11.966667	-0.001919
-11.933333	-0.001716
-11.900000	-0.001537
-11.866667	-0.001383
-11.833333	-0.001245
-11.800000	-0.001117
-11.766667	-0.001021
-11.733333	-0.000941
-11.700000	-0.000867
-11.666667	-0.000794
-11.633333	-0.000736
-11.600000	-0.000684
-11.566667	-0.000647
-11.533333	-0.000621
-11.500000	-0.000609
-11.466667	-0.000613
-11.433333	-0.000629
-11.400000	-0.000658
-11.366667	-0.000713
-11.333333	-0.000792
-11.300000	-0.000873
-11.266667	-0.001018
-11.233333	-0.001171
-11.200000	-0.001365
-11.166667	-0.001563
-11.133333	-0.001793
-11.100000	-0.002040
-11.066667	-0.002303
-11.033333	-0.002582
-11.000000	-0.002880
-10.966667	-0.003191
-10.933333	-0.003506
-10.900000	-0.003821
-10.866667	-0.004134
-10.833333	-0.004447
-10.800000	-0.004761
-10.766667	-0.005040
-10.733333	-0.005298
-10.700000	-0.005526
-10.666667	-0.005719
-10.633333	-0.005875
-10.600000	-0.005991
-10.566667	-0.006067
-10.533333	-0.006106
-10.500000	-0.006118
-10.466667	-0.006116
-10.433333	-0.006105
-10.400000	-0.006089
-10.366667	-0.006074
-10.333333	-0.006068
-10.300000	-0.006077
-10.266667	-0.006106
-10.233333	-0.006148
-10.200000	-0.006225
-10.166667	-0.006317
-10.133333	-0.006446
-10.100000	-0.006593
-10.066667	-0.006765
-10.033333	-0.006968
-10.000000	-0.007206
-9.966667	-0.007460
-9.933333	-0.007695
-9.900000	-0.007940
-9.866667	-0.008186
-9.833333	-0.008430
-9.800000	-0.008633
-9.766667	-0.008790
-9.733333	-0.008932
-9.700000	-0.009029
-9.666667	-0.009089
-9.633333	-0.009113
-9.600000	-0.009105
-9.566667	-0.009075
-9.533333	-0.009039
-9.500000	-0.008997
-9.466667	-0.008935
-9.433333	-0.008899
-9.400000	-0.008859
-9.366667	-0.008825
-9.333333	-0.008817
-9.300000	-0.008824
-9.266667	-0.008853
-9.233333	-0.008906
-9.200000	-0.008997
-9.166667	-0.009100
-9.133333	-0.009208
-9.100000	-0.009362
-9.066667	-0.009510
-9.033333	-0.009667
-9.000000	-0.009837
-8.966667	-0.010000
-8.933333	-0.010130
-8.900000	-0.010297
-8.866667	-0.010446
-8.833333	-0.010595
-8.800000	-0.010730
-8.766667	-0.010873
-8.733333	-0.011012
-8.700000	-0.011154
-8.666667	-0.011290
-8.633333	-0.011420
-8.600000	-0.011543
-8.566667	-0.011656
-8.533333	-0.011761
-8.500000	-0.011846
-8.466667	-0.011912
-8.433333	-0.011991
-8.400000	-0.012034
-8.366667	-0.012068
-8.333333	-0.012096
-8.300000	-0.012104
-8.266667	-0.012101
-8.233333	-0.012086
-8.200000	-0.012056
-8.166667	-0.011988
-8.133333	-0.011895
-8.100000	-0.011788
-8.066667	-0.011620
-8.033333	-0.011438
-8.000000	-0.011239
-7.966667	-0.011009
-7.933333	-0.010755
-7.900000	-0.010509
-7.866667	-0.010240
-7.833333	-0.009974
-7.800000	-0.009706
-7.766667	-0.009448
-7.733333	-0.009210
-7.700000	-0.008975
-7.666667	-0.008766
-7.633333	-0.008579
-7.600000	-0.008420
-7.566667	-0.008294
-7.533333	-0.008213
-7.500000	-0.008171
-7.466667	-0.008182
-7.433333	-0.008249
-7.400000	-0.008371
-7.366667	-0.008555
-7.333333	-0.008805
-7.300000	-0.009099
-7.266667	-0.009449
-7.233333	-0.009840
-7.200000	-0.010264
-7.166667	-0.010719
-7.133333	-0.011192
-7.100000	-0.011674
-7.066667	-0.012151
-7.033333	-0.012619
-7.000000	-0.013087
-6.966667	-0.013513
-6.933333	-0.013921
-6.900000	-0.014291
-6.866667	-0.014614
-6.833333	-0.014886
-6.800000	-0.015104
-6.766667	-0.015273
-6.733333	-0.015408
-6.700000	-0.015457
-6.666667	-0.015480
-6.633333	-0.015447
-6.600000	-0.015370
-6.566667	-0.015254
-6.533333	-0.015101
-6.500000	-0.014916
-6.466667	-0.014718
-6.433333	-0.014491
-6.400000	-0.014261
-6.366667	-0.014017
-6.333333	-0.013774
-6.300000	-0.013518
-6.266667	-0.013273
-6.233333	-0.013027
-6.200000	-0.012787
-6.166667	-0.012555
-6.133333	-0.012332
-6.100000	-0.012112
-6.066667	-0.011900
-6.033333	-0.011704
-6.000000	-0.011524
-5.966667	-0.011347
-5.933333	-0.011212
-5.900000	-0.011085
-5.866667	-0.010982
-5.833333	-0.010910
-5.800000	-0.010871
-5.766667	-0.010872
-5.733333	-0.010906
-5.700000	-0.010946
-5.666667	-0.011033
-5.633333	-0.011138
-5.600000	-0.011286
-5.566667	-0.011472
-5.533333	-0.011667
-5.500000	-0.011876
-5.466667	-0.012122
-5.433333	-0.012357
-5.400000	-0.012614
-5.366667	-0.012850
-5.333333	-0.013073
-5.300000	-0.013275
-5.266667	-0.013435
-5.233333	-0.013554
-5.200000	-0.013645
-5.166667	-0.013675
-5.133333	-0.013666
-5.100000	-0.013604
-5.066667	-0.013516
-5.033333	-0.013376
-5.000000	-0.013191
-4.966667	-0.012987
-4.933333	-0.012755
-4.900000	-0.012490
-4.866667	-0.012210
-4.833333	-0.011915
-4.800000	-0.011616
-4.766667	-0.011302
-4.733333	-0.010990
-4.700000	-0.010681
-4.666667	-0.010383
-4.633333	-0.010105
-4.600000	-0.009847
-4.566667	-0.009596
-4.533333	-0.009344
-4.500000	-0.009115
-4.466667	-0.008905
-4.433333	-0.008693
-4.400000	-0.008497
-4.366667	-0.008304
-4.333333	-0.008122
-4.300000	-0.007956
-4.266667	-0.007798
-4.233333	-0.007665
-4.200000	-0.007561
-4.166667	-0.007463
-4.133333	-0.007403
-4.100000	-0.007366
-4.066667	-0.007356
-4.033333	-0.007352
-4.000000	-0.007380
-3.966667	-0.007439
-3.933333	-0.007509
-3.900000	-0.007601
-3.866667	-0.007722
-3.833333	-0.007867
-3.800000	-0.008027
-3.766667	-0.008188
-3.733333	-0.008365
-3.700000	-0.008544
-3.666667	-0.008725
-3.633333	-0.008901
-3.600000	-0.009071
-3.566667	-0.009233
-3.533333	-0.009385
-3.500000	-0.009525
-3.466667	-0.009652
-3.433333	-0.009773
-3.400000	-0.009878
-3.366667	-0.009978
-3.333333	-0.010060
-3.300000	-0.010132
-3.266667	-0.010187
-3.233333	-0.010224
-3.200000	-0.010259
-3.166667	-0.010284
-3.133333	-0.010286
-3.100000	-0.010265
-3.066667	-0.010230
-3.033333	-0.010179
-3.000000	-0.010109
-2.966667	-0.010021
-2.933333	-0.009917
-2.900000	-0.009792
-2.866667	-0.009655
-2.833333	-0.009492
-2.800000	-0.009287
-2.766667	-0.009078
-2.733333	-0.008836
-2.700000	-0.008575
-2.666667	-0.008297
-2.633333	-0.007997
-2.600000	-0.007664
-2.566667	-0.007333
-2.533333	-0.006978
-2.500000	-0.006619
-2.466667	-0.006251
-2.433333	-0.005879
-2.400000	-0.005497
-2.366667	-0.005107
-2.333333	-0.004716
-2.300000	-0.004340
-2.266667	-0.003975
-2.233333	-0.003633
-2.200000	-0.003314
-2.166667	-0.003024
-2.133333	-0.002793
-2.100000	-0.002578
-2.066667	-0.002435
-2.033333	-0.002338
-2.000000	-0.002291
-1.966667	-0.002293
-1.933333	-0.002339
-1.900000	-0.002423
-1.866667	-0.002553
-1.833333	-0.002711
-1.800000	-0.002889
-1.766667	-0.003100
-1.733333	-0.003306
-1.700000	-0.003530
-1.666667	-0.003734
-1.633333	-0.003931
-1.600000	-0.004078
-1.566667	-0.004203
-1.533333	-0.004290
-1.500000	-0.004305
-1.466667	-0.004268
-1.433333	-0.004164
-1.400000	-0.004002
-1.366667	-0.003776
-1.333333	-0.003502
-1.300000	-0.003174
-1.266667	-0.002786
-1.233333	-0.002357
-1.200000	-0.001903
-1.166667	-0.001436
-1.133333	-0.000955
-1.100000	-0.000436
-1.066667	0.000046
-1.033333	0.000544
-1.000000	0.001027
-0.966667	0.001497
-0.933333	0.001947
-0.900000	0.002370
-0.866667	0.002766
-0.833333	0.003138
-0.800000	0.003484
-0.766667	0.003797
-0.733333	0.004076
-0.700000	0.004324
-0.666667	0.004544
-0.633333	0.004721
-0.600000	0.004874
-0.566667	0.004969
-0.533333	0.005018
-0.500000	0.005039
-0.466667	0.004987
-0.433333	0.004891
-0.400000	0.004739
-0.366667	0.004552
-0.333333	0.004322
-0.300000	0.004055
-0.266667	0.003725
-0.233333	0.003353
-0.200000	0.002938
-0.166667	0.002503
-0.133333	0.002038
-0.100000	0.001549
-0.066667	0.001046
-0.033333	0.000545
-0.000000	0.000047
0.033333	-0.000430
0.066667	-0.000880
0.100000	-0.001293
0.133333	-0.001663
0.166667	-0.001992
0.200000	-0.002285
0.233333	-0.002535
0.266667	-0.002731
0.300000	-0.002902
0.333333	-0.003030
0.366667	-0.003127
0.400000	-0.003206
0.433333	-0.003266
0.466667	-0.003321
0.500000	-0.003381
0.533333	-0.003427
0.566667	-0.003477
0.600000	-0.003546
0.633333	-0.003633
0.666667	-0.003722
0.700000	-0.003847
0.733333	-0.003997
0.766667	-0.004128
0.800000	-0.004285
0.833333	-0.004442
0.866667	-0.004624
0.900000	-0.004814
0.933333	-0.004999
0.966667	-0.005182
1.000000	-0.005364
1.033333	-0.005515
1.066667	-0.005656
1.100000	-0.005776
1.133333	-0.005881
1.166667	-0.005971
1.200000	-0.006039
1.233333	-0.006084
1.266667	-0.006101
1.300000	-0.006112
1.333333	-0.006101
1.366667	-0.006070
1.400000	-0.006048
1.433333	-0.006007
1.466667	-0.005976
1.500000	-0.005939
1.533333	-0.005903
1.566667	-0.005879
1.600000	-0.005872
1.633333	-0.005851
1.666667	-0.005835
1.700000	-0.005843
1.733333	-0.005843
1.766667	-0.005847
1.800000	-0.005900
1.833333	-0.005932
1.866667	-0.005980
1.900000	-0.006041
1.933333	-0.006091
1.966667	-0.006143
2.000000	-0.006187
2.033333	-0.006205
2.066667	-0.006224
2.100000	-0.006218
2.133333	-0.006197
2.166667	-0.006147
2.200000	-0.006056
2.233333	-0.005945
2.266667	-0.005795
2.300000	-0.005611
2.333333	-0.005397
2.366667	-0.005141
2.400000	-0.004867
2.433333	-0.004545
2.466667	-0.004211
2.500000	-0.003843
2.533333	-0.003451
2.566667	-0.003036
2.600000	-0.002601
2.633333	-0.002149
2.666667	-0.001696
2.700000	-0.001227
2.733333	-0.000748
2.766667	-0.000274
2.800000	0.000195
2.833333	0.000685
2.866667	0.001153
2.900000	0.001608
2.933333	0.002066
2.966667	0.002507
3.000000	0.002947
3.033333	0.003361
3.066667	0.003763
3.100000	0.004143
3.133333	0.004495
3.166667	0.004819
3.200000	0.005112
3.233333	0.005355
3.266667	0.005563
3.300000	0.005725
3.333333	0.005831
3.366667	0.005895
3.400000	0.005908
3.433333	0.005873
3.466667	0.005789
3.500000	0.005664
3.533333	0.005506
3.566667	0.005310
3.600000	0.005089
3.633333	0.004845
3.666667	0.004586
3.700000	0.004320
3.733333	0.004056
3.766667	0.003804
3.800000	0.003570
3.833333	0.003362
3.866667	0.003183
3.900000	0.003030
3.933333	0.002901
3.966667	0.002799
4.000000	0.002739
4.033333	0.002697
4.066667	0.002661
4.100000	0.002687
4.133333	0.002716
4.166667	0.002768
4.200000	0.002817
4.233333	0.002894
4.266667	0.002966
4.300000	0.003033
4.333333	0.003092
4.366667	0.003146
4.400000	0.003199
4.433333	0.003249
4.466667	0.003276
4.500000	0.003294
4.533333	0.003304
4.566667	0.003304
4.600000	0.003317
4.633333	0.003314
4.666667	0.003311
4.700000	0.003293
4.733333	0.003254
4.766667	0.003189
4.800000	0.003108
4.833333	0.003006
4.866667	0.002876
4.900000	0.002718
4.933333	0.002541
4.966667	0.002338
5.000000	0.002121
5.033333	0.001866
5.066667	0.001580
5.100000	0.001306
5.133333	0.000977
5.166667	0.000646
5.200000	0.000297
5.233333	-0.000046
5.266667	-0.000416
5.300000	-0.000773
5.333333	-0.001125
5.366667	-0.001458
5.400000	-0.001772
5.433333	-0.002062
5.466667	-0.002321
5.500000	-0.002525
5.533333	-0.002698
5.566667	-0.002851
5.600000	-0.002961
5.633333	-0.003051
5.666667	-0.003112
5.700000	-0.003154
5.733333	-0.003186
5.766667	-0.003190
5.800000	-0.003146
5.833333	-0.003110
5.866667	-0.003038
5.900000	-0.002946
5.933333	-0.002846
5.966667	-0.002751
6.000000	-0.002644
6.033333	-0.002534
6.066667	-0.002418
6.100000	-0.002295
6.133333	-0.002159
6.166667	-0.002016
6.200000	-0.001862
6.233333	-0.001701
6.266667	-0.001548
6.300000	-0.001367
6.333333	-0.001187
6.366667	-0.001009
6.400000	-0.000813
6.433333	-0.000603
6.466667	-0.000392
6.500000	-0.000192
6.533333	-0.000008
6.566667	0.000171
6.600000	0.000358
6.633333	0.000536
6.666667	0.000716
6.700000	0.000896
6.733333	0.001037
6.766667	0.001170
6.800000	0.001280
6.833333	0.001360
6.866667	0.001446
6.900000	0.001492
6.933333	0.001501
6.966667	0.001495
7.000000	0.001461
7.033333	0.001398
7.066667	0.001306
7.100000	0.001185
7.133333	0.001038
7.166667	0.000866
7.200000	0.000670
7.233333	0.000445
7.266667	0.000196
7.300000	-0.000068
7.333333	-0.000358
7.366667	-0.000660
7.400000	-0.000960
7.433333	-0.001268
7.466667	-0.001567
7.500000	-0.001874
7.533333	-0.002167
7.566667	-0.002449
7.600000	-0.002706
7.633333	-0.002933
7.666667	-0.003139
7.700000	-0.003345
7.733333	-0.003548
7.766667	-0.003713
7.800000	-0.003862
7.833333	-0.003981
7.866667	-0.004093
7.900000	-0.004194
7.933333	-0.004288
7.966667	-0.004368
8.000000	-0.004451
8.033333	-0.004522
8.066667	-0.004586
8.100000	-0.004642
8.133333	-0.004693
8.166667	-0.004743
8.200000	-0.004800
8.233333	-0.004865
8.266667	-0.004929
8.300000	-0.005018
8.333333	-0.005099
8.366667	-0.005195
8.400000	-0.005295
8.433333	-0.005413
8.466667	-0.005590
8.500000	-0.005771
8.533333	-0.005991
8.566667	-0.006243
8.600000	-0.006538
8.633333	-0.006886
8.666667	-0.007287
8.700000	-0.007731
8.733333	-0.008214
8.766667	-0.008734
8.800000	-0.009305
8.833333	-0.009906
8.866667	-0.010549
8.900000	-0.011219
8.933333	-0.011890
8.966667	-0.012584
9.000000	-0.013256
9.033333	-0.013910
9.066667	-0.014533
9.100000	-0.015118
9.133333	-0.015656
9.166667	-0.016141
9.200000	-0.016566
9.233333	-0.016921
9.266667	-0.017210
9.300000	-0.017440
9.333333	-0.017596
9.366667	-0.017689
9.400000	-0.017716
9.433333	-0.017704
9.466667	-0.017659
9.500000	-0.017515
9.533333	-0.017370
9.566667	-0.017175
9.600000	-0.016958
9.633333	-0.016712
9.666667	-0.016441
9.700000	-0.016153
9.733333	-0.015854
9.766667	-0.015549
9.800000	-0.015236
9.833333	-0.014914
9.866667	-0.014594
9.900000	-0.014259
9.933333	-0.013912
9.966667	-0.013574
10.000000	-0.013208
10.033333	-0.012842
10.066667	-0.012468
10.100000	-0.012088
10.133333	-0.011706
10.166667	-0.011324
10.200000	-0.010947
10.233333	-0.010579
10.266667	-0.010221
10.300000	-0.009869
10.333333	-0.009530
10.366667	-0.009196
10.400000	-0.008873
10.433333	-0.008568
10.466667	-0.008276
10.500000	-0.007984
10.533333	-0.007717
10.566667	-0.007453
10.600000	-0.007196
10.633333	-0.006944
10.666667	-0.006695
10.700000	-0.006446
10.733333	-0.006193
10.766667	-0.005931
10.800000	-0.005659
10.833333	-0.005380
10.866667	-0.005097
10.900000	-0.004808
10.933333	-0.004512
10.966667	-0.004212
11.000000	-0.003912
11.033333	-0.003611
11.066667	-0.003313
11.100000	-0.003020
11.133333	-0.002732
11.166667	-0.002453
11.200000	-0.002186
11.233333	-0.001932
11.266667	-0.001695
11.300000	-0.001475
11.333333	-0.001275
11.366667	-0.001095
11.400000	-0.000935
11.433333	-0.000794
11.466667	-0.000672
11.500000	-0.000571
11.533333	-0.000481
11.566667	-0.000404
11.600000	-0.000337
11.633333	-0.000279
11.666667	-0.000230
11.700000	-0.000189
11.733333	-0.000154
11.766667	-0.000124
11.800000	-0.000099
11.833333	-0.000077
11.866667	-0.000058
11.900000	-0.000040
11.933333	-0.000023
11.966667	-0.000005
