-88.000000	-0.000011
-87.966667	-0.000011
-87.933333	-0.000010
-87.900000	-0.000009
-87.866667	-0.000007
-87.833333	-0.000005
-87.800000	-0.000002
-87.766667	0.000001
-87.733333	0.000004
-87.700000	0.000008
-87.666667	0.000011
-87.633333	0.000015
-87.600000	0.000018
-87.566667	0.000022
-87.533333	0.000025
-87.500000	0.000027
-87.466667	0.000029
-87.433333	0.000031
-87.400000	0.000031
-87.366667	0.000031
-87.333333	0.000029
-87.300000	0.000027
-87.266667	0.000024
-87.233333	0.000020
-87.200000	0.000015
-87.166667	0.000009
-87.133333	0.000003
-87.100000	-0.000003
-87.066667	-0.000010
-87.033333	-0.000018
-87.000000	-0.000025
-86.966667	-0.000032
-86.933333	-0.000038
-86.900000	-0.000041
-86.866667	-0.000044
-86.833333	-0.000047
-86.800000	-0.000048
-86.766667	-0.000048
-86.733333	-0.000049
-86.700000	-0.000051
-86.666667	-0.000047
-86.633333	-0.000048
-86.600000	-0.000048
-86.566667	-0.000048
-86.533333	-0.000040
-86.500000	-0.000041
-86.466667	-0.000035
-86.433333	-0.000031
-86.400000	-0.000032
-86.366667	-0.000036
-86.333333	-0.000037
-86.300000	-0.000036
-86.266667	-0.000043
-86.233333	-0.000048
-86.200000	-0.000053
-86.166667	-0.000065
-86.133333	-0.000076
-86.100000	-0.000091
-86.066667	-0.000107
-86.033333	-0.000124
-86.000000	-0.000141
-85.966667	-0.000156
-85.933333	-0.000169
-85.900000	-0.000177
-85.866667	-0.000184
-85.833333	-0.000190
-85.800000	-0.000204
-85.766667	-0.000221
-85.733333	-0.000219
-85.700000	-0.000238
-85.666667	-0.000238
-85.633333	-0.000243
-85.600000	-0.000239
-85.566667	-0.000235
-85.533333	-0.000230
-85.500000	-0.000235
-85.466667	-0.000228
-85.433333	-0.000223
-85.400000	-0.000213
-85.366667	-0.000201
-85.333333	-0.000197
-85.300000	-0.000205
-85.266667	-0.000208
-85.233333	-0.000201
-85.200000	-0.000212
-85.166667	-0.000216
-85.133333	-0.000220
-85.100000	-0.000226
-85.066667	-0.000225
-85.033333	-0.000230
-85.000000	-0.000233
-84.966667	-0.000240
-84.933333	-0.000247
-84.900000	-0.000255
-84.866667	-0.000266
-84.833333	-0.000281
-84.800000	-0.000299
-84.766667	-0.000310
-84.733333	-0.000315
-84.700000	-0.000341
-84.666667	-0.000343
-84.633333	-0.000357
-84.600000	-0.000373
-84.566667	-0.000391
-84.533333	-0.000408
-84.500000	-0.000421
-84.466667	-0.000432
-84.433333	-0.000437
-84.400000	-0.000451
-84.366667	-0.000475
-84.333333	-0.000502
-84.300000	-0.000517
-84.266667	-0.000519
-84.233333	-0.000525
-84.200000	-0.000537
-84.166667	-0.000532
-84.133333	-0.000534
-84.100000	-0.000529
-84.066667	-0.000524
-84.033333	-0.000524
-84.000000	-0.000525
-83.966667	-0.000521
-83.933333	-0.000517
-83.900000	-0.000511
-83.866667	-0.000501
-83.833333	-0.000490
-83.800000	-0.000489
-83.766667	-0.000482
-83.733333	-0.000469
-83.700000	-0.000470
-83.666667	-0.000466
-83.633333	-0.000465
-83.600000	-0.000467
-83.566667	-0.000474
-83.533333	-0.000487
-83.500000	-0.000507
-83.466667	-0.000533
-83.433333	-0.000559
-83.400000	-0.000594
-83.366667	-0.000622
-83.333333	-0.000639
-83.300000	-0.000656
-83.266667	-0.000689
-83.233333	-0.000712
-83.200000	-0.000740
-83.166667	-0.000763
-83.133333	-0.000790
-83.100000	-0.000804
-83.066667	-0.000820
-83.033333	-0.000835
-83.000000	-0.000847
-82.966667	-0.000851
-82.933333	-0.000857
-82.900000	-0.000854
-82.866667	-0.000845
-82.833333	-0.000833
-82.800000	-0.000820
-82.766667	-0.000795
-82.733333	-0.000777
-82.700000	-0.000769
-82.666667	-0.000735
-82.633333	-0.000704
-82.600000	-0.000676
-82.566667	-0.000657
-82.533333	-0.000636
-82.500000	-0.000609
-82.466667	-0.000563
-82.433333	-0.000528
-82.400000	-0.000479
-82.366667	-0.000432
-82.333333	-0.000385
-82.300000	-0.000346
-82.266667	-0.000308
-82.233333	-0.000238
-82.200000	-0.000184
-82.166667	-0.000125
-82.133333	-0.000055
-82.100000	0.000012
-82.066667	0.000058
-82.033333	0.000115
-82.000000	0.000183
-81.966667	0.000268
-81.933333	0.000345
-81.900000	0.000407
-81.866667	0.000478
-81.833333	0.000547
-81.800000	0.000612
-81.766667	0.000671
-81.733333	0.000727
-81.700000	0.000801
-81.666667	0.000869
-81.633333	0.000923
-81.600000	0.000972
-81.566667	0.001020
-81.533333	0.001061
-81.500000	0.001111
-81.466667	0.001153
-81.433333	0.001168
-81.400000	0.001189
-81.366667	0.001191
-81.333333	0.001200
-81.300000	0.001194
-81.266667	0.001194
-81.233333	0.001192
-81.200000	0.001175
-81.166667	0.001160
-81.133333	0.001129
-81.100000	0.001090
-81.066667	0.001053
-81.033333	0.001016
-81.000000	0.000991
-80.966667	0.000961
-80.933333	0.000906
-80.900000	0.000845
-80.866667	0.000799
-80.833333	0.000747
-80.800000	0.000693
-80.766667	0.000640
-80.733333	0.000594
-80.700000	0.000557
-80.666667	0.000497
-80.633333	0.000438
-80.600000	0.000387
-80.566667	0.000338
-80.533333	0.000286
-80.500000	0.000245
-80.466667	0.000201
-80.433333	0.000145
-80.400000	0.000100
-80.366667	0.000061
-80.333333	0.000025
-80.300000	-0.000017
-80.266667	-0.000036
-80.233333	-0.000063
-80.200000	-0.000081
-80.166667	-0.000103
-80.133333	-0.000127
-80.100000	-0.000139
-80.066667	-0.000162
-80.033333	-0.000191
-80.000000	-0.000197
-79.966667	-0.000209
-79.933333	-0.000225
-79.900000	-0.000243
-79.866667	-0.000265
-79.833333	-0.000294
-79.800000	-0.000316
-79.766667	-0.000339
-79.733333	-0.000363
-79.700000	-0.000397
-79.666667	-0.000444
-79.633333	-0.000480
-79.600000	-0.000513
-79.566667	-0.000549
-79.533333	-0.000594
-79.500000	-0.000640
-79.466667	-0.000684
-79.433333	-0.000734
-79.400000	-0.000783
-79.366667	-0.000833
-79.333333	-0.000902
-79.300000	-0.000947
-79.266667	-0.001002
-79.233333	-0.001060
-79.200000	-0.001104
-79.166667	-0.001171
-79.133333	-0.001232
-79.100000	-0.001308
-79.066667	-0.001365
-79.033333	-0.001404
-79.000000	-0.001447
-78.966667	-0.001470
-78.933333	-0.001513
-78.900000	-0.001561
-78.866667	-0.001604
-78.833333	-0.001622
-78.800000	-0.001622
-78.766667	-0.001617
-78.733333	-0.001607
-78.700000	-0.001593
-78.666667	-0.001565
-78.633333	-0.001520
-78.600000	-0.001474
-78.566667	-0.001419
-78.533333	-0.001358
-78.500000	-0.001295
-78.466667	-0.001238
-78.433333	-0.001193
-78.400000	-0.001151
-78.366667	-0.001116
-78.333333	-0.001076
-78.300000	-0.001022
-78.266667	-0.001005
-78.233333	-0.000976
-78.200000	-0.000959
-78.166667	-0.000946
-78.133333	-0.000934
-78.100000	-0.000928
-78.066667	-0.000916
-78.033333	-0.000920
-78.000000	-0.000944
-77.966667	-0.000959
-77.933333	-0.000999
-77.900000	-0.001021
-77.866667	-0.001018
-77.833333	-0.001023
-77.800000	-0.001027
-77.766667	-0.001029
-77.733333	-0.001018
-77.700000	-0.001001
-77.666667	-0.000994
-77.633333	-0.000949
-77.600000	-0.000932
-77.566667	-0.000897
-77.533333	-0.000871
-77.500000	-0.000848
-77.466667	-0.000824
-77.433333	-0.000794
-77.400000	-0.000760
-77.366667	-0.000721
-77.333333	-0.000670
-77.300000	-0.000630
-77.266667	-0.000591
-77.233333	-0.000538
-77.200000	-0.000491
-77.166667	-0.000438
-77.133333	-0.000399
-77.100000	-0.000354
-77.066667	-0.000321
-77.033333	-0.000284
-77.000000	-0.000244
-76.966667	-0.000199
-76.933333	-0.000155
-76.900000	-0.000111
-76.866667	-0.000067
-76.833333	-0.000042
-76.800000	-0.000009
-76.766667	0.000016
-76.733333	0.000039
-76.700000	0.000046
-76.666667	0.000047
-76.633333	0.000070
-76.600000	0.000059
-76.566667	0.000075
-76.533333	0.000072
-76.500000	0.000070
-76.466667	0.000060
-76.433333	0.000039
-76.400000	0.000013
-76.366667	-0.000012
-76.333333	-0.000044
-76.300000	-0.000072
-76.266667	-0.000093
-76.233333	-0.000118
-76.200000	-0.000138
-76.166667	-0.000156
-76.133333	-0.000168
-76.100000	-0.000187
-76.066667	-0.000201
-76.033333	-0.000206
-76.000000	-0.000204
-75.966667	-0.000201
-75.933333	-0.000211
-75.900000	-0.000203
-75.866667	-0.000204
-75.833333	-0.000202
-75.800000	-0.000191
-75.766667	-0.000188
-75.733333	-0.000179
-75.700000	-0.000166
-75.666667	-0.000142
-75.633333	-0.000123
-75.600000	-0.000095
-75.566667	-0.000069
-75.533333	-0.000049
-75.500000	-0.000033
-75.466667	-0.000012
-75.433333	0.000001
-75.400000	0.000023
-75.366667	0.000048
-75.333333	0.000075
-75.300000	0.000105
-75.266667	0.000135
-75.233333	0.000158
-75.200000	0.000184
-75.166667	0.000207
-75.133333	0.000229
-75.100000	0.000245
-75.066667	0.000269
-75.033333	0.000288
-75.000000	0.000302
-74.966667	0.000313
-74.933333	0.000326
-74.900000	0.000350
-74.866667	0.000343
-74.833333	0.000359
-74.800000	0.000383
-74.766667	0.000385
-74.733333	0.000401
-74.700000	0.000423
-74.666667	0.000445
-74.633333	0.000465
-74.600000	0.000506
-74.566667	0.000541
-74.533333	0.000581
-74.500000	0.000636
-74.466667	0.000694
-74.433333	0.000749
-74.400000	0.000822
-74.366667	0.000897
-74.333333	0.000968
-74.300000	0.001055
-74.266667	0.001134
-74.233333	0.001218
-74.200000	0.001313
-74.166667	0.001401
-74.133333	0.001480
-74.100000	0.001569
-74.066667	0.001651
-74.033333	0.001731
-74.000000	0.001806
-73.966667	0.001882
-73.933333	0.001952
-73.900000	0.002014
-73.866667	0.002069
-73.833333	0.002138
-73.800000	0.002195
-73.766667	0.002239
-73.733333	0.002292
-73.700000	0.002342
-73.666667	0.002386
-73.633333	0.002434
-73.600000	0.002481
-73.566667	0.002519
-73.533333	0.002559
-73.500000	0.002599
-73.466667	0.002638
-73.433333	0.002683
-73.400000	0.002722
-73.366667	0.002768
-73.333333	0.002814
-73.300000	0.002854
-73.266667	0.002892
-73.233333	0.002943
-73.200000	0.003001
-73.166667	0.003052
-73.133333	0.003107
-73.100000	0.003173
-73.066667	0.003240
-73.033333	0.003327
-73.000000	0.003421
-72.966667	0.003517
-72.933333	0.003626
-72.900000	0.003744
-72.866667	0.003866
-72.833333	0.003994
-72.800000	0.004132
-72.766667	0.004280
-72.733333	0.004428
-72.700000	0.004576
-72.666667	0.004724
-72.633333	0.004867
-72.600000	0.005005
-72.566667	0.005140
-72.533333	0.005261
-72.500000	0.005369
-72.466667	0.005461
-72.433333	0.005530
-72.400000	0.005579
-72.366667	0.005617
-72.333333	0.005612
-72.300000	0.005573
-72.266667	0.005536
-72.233333	0.005454
-72.200000	0.005346
-72.166667	0.005208
-72.133333	0.005034
-72.100000	0.004832
-72.066667	0.004597
-72.033333	0.004319
-72.000000	0.004000
-71.966667	0.003632
-71.933333	0.003232
-71.900000	0.002785
-71.866667	0.002297
-71.833333	0.001774
-71.800000	0.001222
-71.766667	0.000633
-71.733333	0.000013
-71.700000	-0.000627
-71.666667	-0.001279
-71.633333	-0.001939
-71.600000	-0.002593
-71.566667	-0.003232
-71.533333	-0.003851
-71.500000	-0.004431
-71.466667	-0.004959
-71.433333	-0.005426
-71.400000	-0.005817
-71.366667	-0.006130
-71.333333	-0.006365
-71.300000	-0.006505
-71.266667	-0.006552
-71.233333	-0.006527
-71.200000	-0.006409
-71.166667	-0.006212
-71.133333	-0.005947
-71.100000	-0.005617
-71.066667	-0.005224
-71.033333	-0.004765
-71.000000	-0.004276
-70.966667	-0.003772
-70.933333	-0.003236
-70.900000	-0.002695
-70.866667	-0.002183
-70.833333	-0.001664
-70.800000	-0.001172
-70.766667	-0.000703
-70.733333	-0.000254
-70.700000	0.000165
-70.666667	0.000548
-70.633333	0.000923
-70.600000	0.001265
-70.566667	0.001593
-70.533333	0.001907
-70.500000	0.002209
-70.466667	0.002491
-70.433333	0.002754
-70.400000	0.003005
-70.366667	0.003240
-70.333333	0.003457
-70.300000	0.003656
-70.266667	0.003835
-70.233333	0.003993
-70.200000	0.004131
-70.166667	0.004252
-70.133333	0.004351
-70.100000	0.004434
-70.066667	0.004494
-70.033333	0.004524
-70.000000	0.004511
-69.966667	0.004480
-69.933333	0.004435
-69.900000	0.004359
-69.866667	0.004255
-69.833333	0.004160
-69.800000	0.004036
-69.766667	0.003912
-69.733333	0.003788
-69.700000	0.003664
-69.666667	0.003551
-69.633333	0.003426
-69.600000	0.003302
-69.566667	0.003166
-69.533333	0.003038
-69.500000	0.002906
-69.466667	0.002763
-69.433333	0.002613
-69.400000	0.002458
-69.366667	0.002296
-69.333333	0.002134
-69.300000	0.001953
-69.266667	0.001752
-69.233333	0.001537
-69.200000	0.001339
-69.166667	0.001083
-69.133333	0.000836
-69.100000	0.000575
-69.066667	0.000303
-69.033333	0.000026
-69.000000	-0.000250
-68.966667	-0.000525
-68.933333	-0.000798
-68.900000	-0.001068
-68.866667	-0.001328
-68.833333	-0.001586
-68.800000	-0.001810
-68.766667	-0.002023
-68.733333	-0.002215
-68.700000	-0.002393
-68.666667	-0.002549
-68.633333	-0.002691
-68.600000	-0.002796
-68.566667	-0.002899
-68.533333	-0.002955
-68.500000	-0.002994
-68.466667	-0.003017
-68.433333	-0.003017
-68.400000	-0.002992
-68.366667	-0.002941
-68.333333	-0.002865
-68.300000	-0.002780
-68.266667	-0.002667
-68.233333	-0.002530
-68.200000	-0.002364
-68.166667	-0.002215
-68.133333	-0.002008
-68.100000	-0.001807
-68.066667	-0.001591
-68.033333	-0.001367
-68.000000	-0.001136
-67.966667	-0.000905
-67.933333	-0.000678
-67.900000	-0.000458
-67.866667	-0.000247
-67.833333	-0.000071
-67.800000	0.000097
-67.766667	0.000198
-67.733333	0.000263
-67.700000	0.000272
-67.666667	0.000227
-67.633333	0.000110
-67.600000	-0.000087
-67.566667	-0.000353
-67.533333	-0.000683
-67.500000	-0.001089
-67.466667	-0.001565
-67.433333	-0.002112
-67.400000	-0.002723
-67.366667	-0.003393
-67.333333	-0.004109
-67.300000	-0.004861
-67.266667	-0.005642
-67.233333	-0.006449
-67.200000	-0.007252
-67.166667	-0.008046
-67.133333	-0.008820
-67.100000	-0.009559
-67.066667	-0.010248
-67.033333	-0.010874
-67.000000	-0.011428
-66.966667	-0.011897
-66.933333	-0.012272
-66.900000	-0.012544
-66.866667	-0.012711
-66.833333	-0.012769
-66.800000	-0.012697
-66.766667	-0.012517
-66.733333	-0.012228
-66.700000	-0.011800
-66.666667	-0.011259
-66.633333	-0.010597
-66.600000	-0.009811
-66.566667	-0.008903
-66.533333	-0.007875
-66.500000	-0.006738
-66.466667	-0.005488
-66.433333	-0.004132
-66.400000	-0.002663
-66.366667	-0.001079
-66.333333	0.000622
-66.300000	0.002436
-66.266667	0.004364
-66.233333	0.006400
-66.200000	0.008562
-66.166667	0.010843
-66.133333	0.013232
-66.100000	0.015736
-66.066667	0.018369
-66.033333	0.021131
-66.000000	0.024018
-65.966667	0.027029
-65.933333	0.030156
-65.900000	0.033410
-65.866667	0.036786
-65.833333	0.040287
-65.800000	0.043903
-65.766667	0.047624
-65.733333	0.051449
-65.700000	0.055402
-65.666667	0.059445
-65.633333	0.063600
-65.600000	0.067859
-65.566667	0.072213
-65.533333	0.076663
-65.500000	0.081204
-65.466667	0.085830
-65.433333	0.090541
-65.400000	0.095336
-65.366667	0.100206
-65.333333	0.105136
-65.300000	0.110136
-65.266667	0.115238
-65.233333	0.120362
-65.200000	0.125593
-65.166667	0.130906
-65.133333	0.136310
-65.100000	0.141825
-65.066667	0.147484
-65.033333	0.153257
-65.000000	0.159165
-64.966667	0.165202
-64.933333	0.171368
-64.900000	0.177632
-64.866667	0.183959
-64.833333	0.190278
-64.800000	0.196480
-64.766667	0.202418
-64.733333	0.207891
-64.700000	0.212634
-64.666667	0.216344
-64.633333	0.218628
-64.600000	0.219043
-64.566667	0.217116
-64.533333	0.212353
-64.500000	0.204211
-64.466667	0.192117
-64.433333	0.175541
-64.400000	0.153997
-64.366667	0.127058
-64.333333	0.094393
-64.300000	0.055832
-64.266667	0.011353
-64.233333	-0.038955
-64.200000	-0.094679
-64.166667	-0.155361
-64.133333	-0.220248
-64.100000	-0.288415
-64.066667	-0.358743
-64.033333	-0.429988
-64.000000	-0.500820
-63.966667	-0.569801
-63.933333	-0.635419
-63.900000	-0.696238
-63.866667	-0.750854
-63.833333	-0.797997
-63.800000	-0.836513
-63.766667	-0.865463
-63.733333	-0.884140
-63.700000	-0.892091
-63.666667	-0.889077
-63.633333	-0.875174
-63.600000	-0.850682
-63.566667	-0.816149
-63.533333	-0.772366
-63.500000	-0.720346
-63.466667	-0.661251
-63.433333	-0.596332
-63.400000	-0.526929
-63.366667	-0.454463
-63.333333	-0.380241
-63.300000	-0.305550
-63.266667	-0.231582
-63.233333	-0.159475
-63.200000	-0.090224
-63.166667	-0.024616
-63.133333	0.036647
-63.100000	0.093077
-63.066667	0.144335
-63.033333	0.190186
-63.000000	0.230476
-62.966667	0.265287
-62.933333	0.294762
-62.900000	0.319058
-62.866667	0.338473
-62.833333	0.353316
-62.800000	0.363979
-62.766667	0.370826
-62.733333	0.374254
-62.700000	0.374674
-62.666667	0.372517
-62.633333	0.368173
-62.600000	0.362042
-62.566667	0.354487
-62.533333	0.345840
-62.500000	0.336417
-62.466667	0.326505
-62.433333	0.316355
-62.400000	0.306186
-62.366667	0.296177
-62.333333	0.286528
-62.300000	0.277316
-62.266667	0.268617
-62.233333	0.260442
-62.200000	0.252803
-62.166667	0.245718
-62.133333	0.239121
-62.100000	0.233005
-62.066667	0.227290
-62.033333	0.221879
-62.000000	0.216707
-61.966667	0.211726
-61.933333	0.206877
-61.900000	0.202077
-61.866667	0.197247
-61.833333	0.192351
-61.800000	0.187375
-61.766667	0.182288
-61.733333	0.177077
-61.700000	0.171755
-61.666667	0.166355
-61.633333	0.160868
-61.600000	0.155322
-61.566667	0.149710
-61.533333	0.144032
-61.500000	0.138294
-61.466667	0.132468
-61.433333	0.126524
-61.400000	0.120416
-61.366667	0.114105
-61.333333	0.107559
-61.300000	0.100743
-61.266667	0.093629
-61.233333	0.086177
-61.200000	0.078403
-61.166667	0.070278
-61.133333	0.061815
-61.100000	0.053069
-61.066667	0.044051
-61.033333	0.034837
-61.000000	0.025500
-60.966667	0.016122
-60.933333	0.006821
-60.900000	-0.002289
-60.866667	-0.011086
-60.833333	-0.019387
-60.800000	-0.027092
-60.766667	-0.034072
-60.733333	-0.040228
-60.700000	-0.045447
-60.666667	-0.049674
-60.633333	-0.052887
-60.600000	-0.055056
-60.566667	-0.056228
-60.533333	-0.056421
-60.500000	-0.055708
-60.466667	-0.054195
-60.433333	-0.051981
-60.400000	-0.049187
-60.366667	-0.045934
-60.333333	-0.042355
-60.300000	-0.038581
-60.266667	-0.034726
-60.233333	-0.030934
-60.200000	-0.027287
-60.166667	-0.023921
-60.133333	-0.020881
-60.100000	-0.018229
-60.066667	-0.016030
-60.033333	-0.014296
-60.000000	-0.013036
-59.966667	-0.012222
-59.933333	-0.011815
-59.900000	-0.011803
-59.866667	-0.012149
-59.833333	-0.012825
-59.800000	-0.013824
-59.766667	-0.015108
-59.733333	-0.016645
-59.700000	-0.018393
-59.666667	-0.020341
-59.633333	-0.022451
-59.600000	-0.024729
-59.566667	-0.027130
-59.533333	-0.029617
-59.500000	-0.032184
-59.466667	-0.034791
-59.433333	-0.037394
-59.400000	-0.039987
-59.366667	-0.042530
-59.333333	-0.044982
-59.300000	-0.047290
-59.266667	-0.049402
-59.233333	-0.051288
-59.200000	-0.052893
-59.166667	-0.054177
-59.133333	-0.055092
-59.100000	-0.055605
-59.066667	-0.055691
-59.033333	-0.055346
-59.000000	-0.054557
-58.966667	-0.053330
-58.933333	-0.051681
-58.900000	-0.049647
-58.866667	-0.047252
-58.833333	-0.044547
-58.800000	-0.041581
-58.766667	-0.038411
-58.733333	-0.035105
-58.700000	-0.031713
-58.666667	-0.028302
-58.633333	-0.024959
-58.600000	-0.021717
-58.566667	-0.018621
-58.533333	-0.015753
-58.500000	-0.013077
-58.466667	-0.010663
-58.433333	-0.008520
-58.400000	-0.006693
-58.366667	-0.005176
-58.333333	-0.003978
-58.300000	-0.003096
-58.266667	-0.002522
-58.233333	-0.002246
-58.200000	-0.002259
-58.166667	-0.002530
-58.133333	-0.003029
-58.100000	-0.003729
-58.066667	-0.004609
-58.033333	-0.005610
-58.000000	-0.006718
-57.966667	-0.007888
-57.933333	-0.009085
-57.900000	-0.010291
-57.866667	-0.011463
-57.833333	-0.012605
-57.800000	-0.013686
-57.766667	-0.014701
-57.733333	-0.015634
-57.700000	-0.016459
-57.666667	-0.017173
-57.633333	-0.017779
-57.600000	-0.018226
-57.566667	-0.018540
-57.533333	-0.018689
-57.500000	-0.018634
-57.466667	-0.018436
-57.433333	-0.018054
-57.400000	-0.017507
-57.366667	-0.016791
-57.333333	-0.015915
-57.300000	-0.014886
-57.266667	-0.013702
-57.233333	-0.012394
-57.200000	-0.010971
-57.166667	-0.009446
-57.133333	-0.007819
-57.100000	-0.006127
-57.066667	-0.004398
-57.033333	-0.002655
-57.000000	-0.000944
-56.966667	0.000722
-56.933333	0.002348
-56.900000	0.003908
-56.866667	0.005383
-56.833333	0.006732
-56.800000	0.007966
-56.766667	0.009047
-56.733333	0.009952
-56.700000	0.010665
-56.666667	0.011179
-56.633333	0.011487
-56.600000	0.011585
-56.566667	0.011474
-56.533333	0.011165
-56.500000	0.010666
-56.466667	0.009990
-56.433333	0.009165
-56.400000	0.008226
-56.366667	0.007147
-56.333333	0.005964
-56.300000	0.004708
-56.266667	0.003393
-56.233333	0.002010
-56.200000	0.000603
-56.166667	-0.000820
-56.133333	-0.002237
-56.100000	-0.003671
-56.066667	-0.005097
-56.033333	-0.006498
-56.000000	-0.007849
-55.966667	-0.009144
-55.933333	-0.010348
-55.900000	-0.011476
-55.866667	-0.012535
-55.833333	-0.013508
-55.800000	-0.014393
-55.766667	-0.015196
-55.733333	-0.015905
-55.700000	-0.016508
-55.666667	-0.017006
-55.633333	-0.017393
-55.600000	-0.017668
-55.566667	-0.017824
-55.533333	-0.017865
-55.500000	-0.017794
-55.466667	-0.017605
-55.433333	-0.017294
-55.400000	-0.016871
-55.366667	-0.016361
-55.333333	-0.015729
-55.300000	-0.014989
-55.266667	-0.014163
-55.233333	-0.013246
-55.200000	-0.012243
-55.166667	-0.011166
-55.133333	-0.010011
-55.100000	-0.008826
-55.066667	-0.007598
-55.033333	-0.006360
-55.000000	-0.005140
-54.966667	-0.003950
-54.933333	-0.002814
-54.900000	-0.001753
-54.866667	-0.000788
-54.833333	0.000064
-54.800000	0.000777
-54.766667	0.001345
-54.733333	0.001740
-54.700000	0.001944
-54.666667	0.001942
-54.633333	0.001734
-54.600000	0.001308
-54.566667	0.000668
-54.533333	-0.000181
-54.500000	-0.001221
-54.466667	-0.002434
-54.433333	-0.003792
-54.400000	-0.005271
-54.366667	-0.006854
-54.333333	-0.008485
-54.300000	-0.010159
-54.266667	-0.011817
-54.233333	-0.013435
-54.200000	-0.014978
-54.166667	-0.016406
-54.133333	-0.017700
-54.100000	-0.018858
-54.066667	-0.019836
-54.033333	-0.020643
-54.000000	-0.021257
-53.966667	-0.021679
-53.933333	-0.021936
-53.900000	-0.021967
-53.866667	-0.021844
-53.833333	-0.021567
-53.800000	-0.021153
-53.766667	-0.020612
-53.733333	-0.019973
-53.700000	-0.019225
-53.666667	-0.018380
-53.633333	-0.017462
-53.600000	-0.016474
-53.566667	-0.015432
-53.533333	-0.014350
-53.500000	-0.013236
-53.466667	-0.012094
-53.433333	-0.010931
-53.400000	-0.009773
-53.366667	-0.008602
-53.333333	-0.007434
-53.300000	-0.006297
-53.266667	-0.005182
-53.233333	-0.004117
-53.200000	-0.003090
-53.166667	-0.002129
-53.133333	-0.001218
-53.100000	-0.000372
-53.066667	0.000392
-53.033333	0.001062
-53.000000	0.001628
-52.966667	0.002079
-52.933333	0.002420
-52.900000	0.002664
-52.866667	0.002756
-52.833333	0.002742
-52.800000	0.002607
-52.766667	0.002356
-52.733333	0.002001
-52.700000	0.001550
-52.666667	0.000982
-52.633333	0.000322
-52.600000	-0.000445
-52.566667	-0.001308
-52.533333	-0.002241
-52.500000	-0.003224
-52.466667	-0.004242
-52.433333	-0.005281
-52.400000	-0.006304
-52.366667	-0.007271
-52.333333	-0.008179
-52.300000	-0.008987
-52.266667	-0.009685
-52.233333	-0.010247
-52.200000	-0.010661
-52.166667	-0.010921
-52.133333	-0.010993
-52.100000	-0.010902
-52.066667	-0.010665
-52.033333	-0.010286
-52.000000	-0.009769
-51.966667	-0.009130
-51.933333	-0.008384
-51.900000	-0.007566
-51.866667	-0.006691
-51.833333	-0.005781
-51.800000	-0.004854
-51.766667	-0.003953
-51.733333	-0.003105
-51.700000	-0.002339
-51.666667	-0.001638
-51.633333	-0.000996
-51.600000	-0.000460
-51.566667	0.000006
-51.533333	0.000419
-51.500000	0.000789
-51.466667	0.001136
-51.433333	0.001481
-51.400000	0.001827
-51.366667	0.002179
-51.333333	0.002556
-51.300000	0.002951
-51.266667	0.003351
-51.233333	0.003750
-51.200000	0.004142
-51.166667	0.004521
-51.133333	0.004873
-51.100000	0.005172
-51.066667	0.005397
-51.033333	0.005548
-51.000000	0.005615
-50.966667	0.005582
-50.933333	0.005447
-50.900000	0.005200
-50.866667	0.004851
-50.833333	0.004417
-50.800000	0.003885
-50.766667	0.003261
-50.733333	0.002578
-50.700000	0.001868
-50.666667	0.001171
-50.633333	0.000487
-50.600000	-0.000172
-50.566667	-0.000744
-50.533333	-0.001211
-50.500000	-0.001576
-50.466667	-0.001832
-50.433333	-0.001989
-50.400000	-0.002038
-50.366667	-0.001964
-50.333333	-0.001787
-50.300000	-0.001530
-50.266667	-0.001212
-50.233333	-0.000808
-50.200000	-0.000362
-50.166667	0.000120
-50.133333	0.000617
-50.100000	0.001111
-50.066667	0.001584
-50.033333	0.002023
-50.000000	0.002429
-49.966667	0.002797
-49.933333	0.003121
-49.900000	0.003418
-49.866667	0.003680
-49.833333	0.003921
-49.800000	0.004129
-49.766667	0.004323
-49.733333	0.004524
-49.700000	0.004757
-49.666667	0.005036
-49.633333	0.005366
-49.600000	0.005748
-49.566667	0.006200
-49.533333	0.006670
-49.500000	0.007150
-49.466667	0.007638
-49.433333	0.008134
-49.400000	0.008592
-49.366667	0.009016
-49.333333	0.009357
-49.300000	0.009608
-49.266667	0.009726
-49.233333	0.009753
-49.200000	0.009590
-49.166667	0.009258
-49.133333	0.008752
-49.100000	0.008071
-49.066667	0.007216
-49.033333	0.006193
-49.000000	0.005002
-48.966667	0.003696
-48.933333	0.002265
-48.900000	0.000766
-48.866667	-0.000773
-48.833333	-0.002299
-48.800000	-0.003777
-48.766667	-0.005164
-48.733333	-0.006404
-48.700000	-0.007466
-48.666667	-0.008348
-48.633333	-0.009046
-48.600000	-0.009555
-48.566667	-0.009879
-48.533333	-0.010038
-48.500000	-0.010024
-48.466667	-0.009851
-48.433333	-0.009543
-48.400000	-0.009152
-48.366667	-0.008663
-48.333333	-0.008139
-48.300000	-0.007599
-48.266667	-0.007079
-48.233333	-0.006539
-48.200000	-0.006065
-48.166667	-0.005615
-48.133333	-0.005191
-48.100000	-0.004804
-48.066667	-0.004445
-48.033333	-0.004104
-48.000000	-0.003767
-47.966667	-0.003401
-47.933333	-0.003008
-47.900000	-0.002551
-47.866667	-0.002055
-47.833333	-0.001476
-47.800000	-0.000873
-47.766667	-0.000233
-47.733333	0.000451
-47.700000	0.001150
-47.666667	0.001823
-47.633333	0.002443
-47.600000	0.002980
-47.566667	0.003401
-47.533333	0.003684
-47.500000	0.003794
-47.466667	0.003706
-47.433333	0.003401
-47.400000	0.002866
-47.366667	0.002113
-47.333333	0.001150
-47.300000	-0.000019
-47.266667	-0.001355
-47.233333	-0.002810
-47.200000	-0.004357
-47.166667	-0.005950
-47.133333	-0.007536
-47.100000	-0.009047
-47.066667	-0.010469
-47.033333	-0.011756
-47.000000	-0.012870
-46.966667	-0.013785
-46.933333	-0.014481
-46.900000	-0.014968
-46.866667	-0.015234
-46.833333	-0.015263
-46.800000	-0.015112
-46.766667	-0.014758
-46.733333	-0.014242
-46.700000	-0.013601
-46.666667	-0.012871
-46.633333	-0.012109
-46.600000	-0.011355
-46.566667	-0.010612
-46.533333	-0.009935
-46.500000	-0.009341
-46.466667	-0.008839
-46.433333	-0.008443
-46.400000	-0.008157
-46.366667	-0.007971
-46.333333	-0.007866
-46.300000	-0.007843
-46.266667	-0.007880
-46.233333	-0.007960
-46.200000	-0.008046
-46.166667	-0.008131
-46.133333	-0.008176
-46.100000	-0.008164
-46.066667	-0.008097
-46.033333	-0.007938
-46.000000	-0.007688
-45.966667	-0.007362
-45.933333	-0.006982
-45.900000	-0.006539
-45.866667	-0.006054
-45.833333	-0.005566
-45.800000	-0.005085
-45.766667	-0.004628
-45.733333	-0.004231
-45.700000	-0.003883
-45.666667	-0.003612
-45.633333	-0.003441
-45.600000	-0.003376
-45.566667	-0.003411
-45.533333	-0.003574
-45.500000	-0.003837
-45.466667	-0.004201
-45.433333	-0.004650
-45.400000	-0.005157
-45.366667	-0.005700
-45.333333	-0.006262
-45.300000	-0.006830
-45.266667	-0.007377
-45.233333	-0.007852
-45.200000	-0.008257
-45.166667	-0.008587
-45.133333	-0.008833
-45.100000	-0.008990
-45.066667	-0.009057
-45.033333	-0.009045
-45.000000	-0.008962
-44.966667	-0.008816
-44.933333	-0.008601
-44.900000	-0.008353
-44.866667	-0.008061
-44.833333	-0.007748
-44.800000	-0.007407
-44.766667	-0.007048
-44.733333	-0.006689
-44.700000	-0.006308
-44.666667	-0.005941
-44.633333	-0.005581
-44.600000	-0.005229
-44.566667	-0.004869
-44.533333	-0.004503
-44.500000	-0.004119
-44.466667	-0.003713
-44.433333	-0.003261
-44.400000	-0.002755
-44.366667	-0.002193
-44.333333	-0.001579
-44.300000	-0.000905
-44.266667	-0.000163
-44.233333	0.000635
-44.200000	0.001453
-44.166667	0.002293
-44.133333	0.003130
-44.100000	0.003940
-44.066667	0.004698
-44.033333	0.005383
-44.000000	0.005985
-43.966667	0.006495
-43.933333	0.006872
-43.900000	0.007120
-43.866667	0.007237
-43.833333	0.007194
-43.800000	0.007004
-43.766667	0.006667
-43.733333	0.006188
-43.700000	0.005567
-43.666667	0.004825
-43.633333	0.003973
-43.600000	0.003045
-43.566667	0.002027
-43.533333	0.000963
-43.500000	-0.000146
-43.466667	-0.001268
-43.433333	-0.002376
-43.400000	-0.003451
-43.366667	-0.004475
-43.333333	-0.005444
-43.300000	-0.006337
-43.266667	-0.007139
-43.233333	-0.007851
-43.200000	-0.008479
-43.166667	-0.009015
-43.133333	-0.009455
-43.100000	-0.009821
-43.066667	-0.010094
-43.033333	-0.010265
-43.000000	-0.010324
-42.966667	-0.010284
-42.933333	-0.010151
-42.900000	-0.009906
-42.866667	-0.009584
-42.833333	-0.009161
-42.800000	-0.008654
-42.766667	-0.008080
-42.733333	-0.007456
-42.700000	-0.006804
-42.666667	-0.006135
-42.633333	-0.005479
-42.600000	-0.004835
-42.566667	-0.004221
-42.533333	-0.003641
-42.500000	-0.003133
-42.466667	-0.002672
-42.433333	-0.002269
-42.400000	-0.001932
-42.366667	-0.001675
-42.333333	-0.001503
-42.300000	-0.001417
-42.266667	-0.001417
-42.233333	-0.001506
-42.200000	-0.001678
-42.166667	-0.001924
-42.133333	-0.002247
-42.100000	-0.002617
-42.066667	-0.003027
-42.033333	-0.003476
-42.000000	-0.003973
-41.966667	-0.004462
-41.933333	-0.004984
-41.900000	-0.005498
-41.866667	-0.006015
-41.833333	-0.006530
-41.800000	-0.007031
-41.766667	-0.007541
-41.733333	-0.008021
-41.700000	-0.008503
-41.666667	-0.008949
-41.633333	-0.009353
-41.600000	-0.009700
-41.566667	-0.009961
-41.533333	-0.010176
-41.500000	-0.010312
-41.466667	-0.010359
-41.433333	-0.010334
-41.400000	-0.010236
-41.366667	-0.010072
-41.333333	-0.009861
-41.300000	-0.009571
-41.266667	-0.009238
-41.233333	-0.008852
-41.200000	-0.008426
-41.166667	-0.007966
-41.133333	-0.007478
-41.100000	-0.006957
-41.066667	-0.006449
-41.033333	-0.005942
-41.000000	-0.005443
-40.966667	-0.004940
-40.933333	-0.004490
-40.900000	-0.004038
-40.866667	-0.003622
-40.833333	-0.003218
-40.800000	-0.002840
-40.766667	-0.002500
-40.733333	-0.002171
-40.700000	-0.001886
-40.666667	-0.001606
-40.633333	-0.001353
-40.600000	-0.001120
-40.566667	-0.000898
-40.533333	-0.000716
-40.500000	-0.000551
-40.466667	-0.000406
-40.433333	-0.000287
-40.400000	-0.000180
-40.366667	-0.000098
-40.333333	-0.000051
-40.300000	-0.000023
-40.266667	-0.000040
-40.233333	-0.000077
-40.200000	-0.000150
-40.166667	-0.000253
-40.133333	-0.000389
-40.100000	-0.000557
-40.066667	-0.000760
-40.033333	-0.000985
-40.000000	-0.001237
-39.966667	-0.001511
-39.933333	-0.001799
-39.900000	-0.002102
-39.866667	-0.002412
-39.833333	-0.002739
-39.800000	-0.003078
-39.766667	-0.003427
-39.733333	-0.003780
-39.700000	-0.004131
-39.666667	-0.004474
-39.633333	-0.004802
-39.600000	-0.005107
-39.566667	-0.005379
-39.533333	-0.005611
-39.500000	-0.005791
-39.466667	-0.005907
-39.433333	-0.005949
-39.400000	-0.005913
-39.366667	-0.005810
-39.333333	-0.005654
-39.300000	-0.005428
-39.266667	-0.005113
-39.233333	-0.004722
-39.200000	-0.004264
-39.166667	-0.003741
-39.133333	-0.003158
-39.100000	-0.002510
-39.066667	-0.001821
-39.033333	-0.001090
-39.000000	-0.000342
-38.966667	0.000419
-38.933333	0.001179
-38.900000	0.001929
-38.866667	0.002657
-38.833333	0.003345
-38.800000	0.004000
-38.766667	0.004606
-38.733333	0.005162
-38.700000	0.005666
-38.666667	0.006104
-38.633333	0.006481
-38.600000	0.006811
-38.566667	0.007076
-38.533333	0.007283
-38.500000	0.007418
-38.466667	0.007482
-38.433333	0.007471
-38.400000	0.007387
-38.366667	0.007220
-38.333333	0.006959
-38.300000	0.006620
-38.266667	0.006218
-38.233333	0.005742
-38.200000	0.005189
-38.166667	0.004572
-38.133333	0.003913
-38.100000	0.003203
-38.066667	0.002454
-38.033333	0.001682
-38.000000	0.000916
-37.966667	0.000164
-37.933333	-0.000537
-37.900000	-0.001169
-37.866667	-0.001709
-37.833333	-0.002134
-37.800000	-0.002422
-37.766667	-0.002561
-37.733333	-0.002542
-37.700000	-0.002364
-37.666667	-0.002033
-37.633333	-0.001543
-37.600000	-0.000897
-37.566667	-0.000125
-37.533333	0.000770
-37.500000	0.001765
-37.466667	0.002831
-37.433333	0.003960
-37.400000	0.005105
-37.366667	0.006236
-37.333333	0.007333
-37.300000	0.008352
-37.266667	0.009290
-37.233333	0.010107
-37.200000	0.010788
-37.166667	0.011352
-37.133333	0.011784
-37.100000	0.012082
-37.066667	0.012269
-37.033333	0.012337
-37.000000	0.012304
-36.966667	0.012187
-36.933333	0.012002
-36.900000	0.011759
-36.866667	0.011471
-36.833333	0.011155
-36.800000	0.010830
-36.766667	0.010496
-36.733333	0.010174
-36.700000	0.009870
-36.666667	0.009591
-36.633333	0.009348
-36.600000	0.009151
-36.566667	0.008987
-36.533333	0.008833
-36.500000	0.008708
-36.466667	0.008589
-36.433333	0.008487
-36.400000	0.008350
-36.366667	0.008204
-36.333333	0.008019
-36.300000	0.007785
-36.266667	0.007530
-36.233333	0.007246
-36.200000	0.006955
-36.166667	0.006674
-36.133333	0.006391
-36.100000	0.006123
-36.066667	0.005871
-36.033333	0.005646
-36.000000	0.005465
-35.966667	0.005353
-35.933333	0.005303
-35.900000	0.005339
-35.866667	0.005448
-35.833333	0.005631
-35.800000	0.005879
-35.766667	0.006179
-35.733333	0.006534
-35.700000	0.006928
-35.666667	0.007353
-35.633333	0.007790
-35.600000	0.008206
-35.566667	0.008598
-35.533333	0.008926
-35.500000	0.009217
-35.466667	0.009432
-35.433333	0.009569
-35.400000	0.009611
-35.366667	0.009582
-35.333333	0.009472
-35.300000	0.009293
-35.266667	0.009032
-35.233333	0.008741
-35.200000	0.008434
-35.166667	0.008111
-35.133333	0.007790
-35.100000	0.007526
-35.066667	0.007274
-35.033333	0.007057
-35.000000	0.006889
-34.966667	0.006765
-34.933333	0.006673
-34.900000	0.006606
-34.866667	0.006548
-34.833333	0.006493
-34.800000	0.006424
-34.766667	0.006334
-34.733333	0.006216
-34.700000	0.006049
-34.666667	0.005814
-34.633333	0.005489
-34.600000	0.005069
-34.566667	0.004549
-34.533333	0.003874
-34.500000	0.003136
-34.466667	0.002278
-34.433333	0.001336
-34.400000	0.000303
-34.366667	-0.000796
-34.333333	-0.001921
-34.300000	-0.003110
-34.266667	-0.004285
-34.233333	-0.005411
-34.200000	-0.006489
-34.166667	-0.007502
-34.133333	-0.008419
-34.100000	-0.009225
-34.066667	-0.009959
-34.033333	-0.010560
-34.000000	-0.011030
-33.966667	-0.011370
-33.933333	-0.011581
-33.900000	-0.011657
-33.866667	-0.011600
-33.833333	-0.011420
-33.800000	-0.011124
-33.766667	-0.010731
-33.733333	-0.010264
-33.700000	-0.009745
-33.666667	-0.009179
-33.633333	-0.008588
-33.600000	-0.007996
-33.566667	-0.007432
-33.533333	-0.006899
-33.500000	-0.006373
-33.466667	-0.005926
-33.433333	-0.005523
-33.400000	-0.005182
-33.366667	-0.004887
-33.333333	-0.004646
-33.300000	-0.004476
-33.266667	-0.004323
-33.233333	-0.004225
-33.200000	-0.004176
-33.166667	-0.004175
-33.133333	-0.004207
-33.100000	-0.004267
-33.066667	-0.004363
-33.033333	-0.004509
-33.000000	-0.004690
-32.966667	-0.004911
-32.933333	-0.005167
-32.900000	-0.005449
-32.866667	-0.005747
-32.833333	-0.006079
-32.800000	-0.006433
-32.766667	-0.006812
-32.733333	-0.007187
-32.700000	-0.007588
-32.666667	-0.007956
-32.633333	-0.008307
-32.600000	-0.008623
-32.566667	-0.008876
-32.533333	-0.009071
-32.500000	-0.009183
-32.466667	-0.009178
-32.433333	-0.009046
-32.400000	-0.008797
-32.366667	-0.008407
-32.333333	-0.007887
-32.300000	-0.007230
-32.266667	-0.006459
-32.233333	-0.005572
-32.200000	-0.004587
-32.166667	-0.003508
-32.133333	-0.002364
-32.100000	-0.001165
-32.066667	0.000042
-32.033333	0.001240
-32.000000	0.002423
-31.966667	0.003563
-31.933333	0.004667
-31.900000	0.005675
-31.866667	0.006607
-31.833333	0.007431
-31.800000	0.008164
-31.766667	0.008796
-31.733333	0.009324
-31.700000	0.009730
-31.666667	0.010075
-31.633333	0.010317
-31.600000	0.010441
-31.566667	0.010510
-31.533333	0.010477
-31.500000	0.010386
-31.466667	0.010228
-31.433333	0.009983
-31.400000	0.009659
-31.366667	0.009280
-31.333333	0.008828
-31.300000	0.008318
-31.266667	0.007746
-31.233333	0.007113
-31.200000	0.006403
-31.166667	0.005640
-31.133333	0.004804
-31.100000	0.003921
-31.066667	0.002972
-31.033333	0.001986
-31.000000	0.000974
-30.966667	-0.000044
-30.933333	-0.001067
-30.900000	-0.002091
-30.866667	-0.003056
-30.833333	-0.004009
-30.800000	-0.004904
-30.766667	-0.005745
-30.733333	-0.006525
-30.700000	-0.007241
-30.666667	-0.007911
-30.633333	-0.008513
-30.600000	-0.009060
-30.566667	-0.009505
-30.533333	-0.009922
-30.500000	-0.010265
-30.466667	-0.010550
-30.433333	-0.010776
-30.400000	-0.010945
-30.366667	-0.011062
-30.333333	-0.011118
-30.300000	-0.011149
-30.266667	-0.011153
-30.233333	-0.011109
-30.200000	-0.011051
-30.166667	-0.010942
-30.133333	-0.010817
-30.100000	-0.010650
-30.066667	-0.010442
-30.033333	-0.010189
-30.000000	-0.009895
-29.966667	-0.009567
-29.933333	-0.009209
-29.900000	-0.008816
-29.866667	-0.008409
-29.833333	-0.008001
-29.800000	-0.007576
-29.766667	-0.007163
-29.733333	-0.006751
-29.700000	-0.006359
-29.666667	-0.006007
-29.633333	-0.005624
-29.600000	-0.005279
-29.566667	-0.004951
-29.533333	-0.004674
-29.500000	-0.004413
-29.466667	-0.004194
-29.433333	-0.004025
-29.400000	-0.003922
-29.366667	-0.003860
-29.333333	-0.003858
-29.300000	-0.003934
-29.266667	-0.004080
-29.233333	-0.004259
-29.200000	-0.004529
-29.166667	-0.004839
-29.133333	-0.005215
-29.100000	-0.005634
-29.066667	-0.006091
-29.033333	-0.006587
-29.000000	-0.007126
-28.966667	-0.007676
-28.933333	-0.008255
-28.900000	-0.008837
-28.866667	-0.009391
-28.833333	-0.009898
-28.800000	-0.010357
-28.766667	-0.010742
-28.733333	-0.011044
-28.700000	-0.011245
-28.666667	-0.011346
-28.633333	-0.011311
-28.600000	-0.011196
-28.566667	-0.010980
-28.533333	-0.010673
-28.500000	-0.010260
-28.466667	-0.009771
-28.433333	-0.009212
-28.400000	-0.008598
-28.366667	-0.007926
-28.333333	-0.007241
-28.300000	-0.006549
-28.266667	-0.005871
-28.233333	-0.005201
-28.200000	-0.004598
-28.166667	-0.004046
-28.133333	-0.003560
-28.100000	-0.003138
-28.066667	-0.002776
-28.033333	-0.002488
-28.000000	-0.002291
-27.966667	-0.002160
-27.933333	-0.002099
-27.900000	-0.002078
-27.866667	-0.002083
-27.833333	-0.002162
-27.800000	-0.002280
-27.766667	-0.002439
-27.733333	-0.002633
-27.700000	-0.002853
-27.666667	-0.003118
-27.633333	-0.003411
-27.600000	-0.003737
-27.566667	-0.004094
-27.533333	-0.004466
-27.500000	-0.004861
-27.466667	-0.005285
-27.433333	-0.005709
-27.400000	-0.006150
-27.366667	-0.006598
-27.333333	-0.007050
-27.300000	-0.007495
-27.266667	-0.007916
-27.233333	-0.008304
-27.200000	-0.008670
-27.166667	-0.008964
-27.133333	-0.009178
-27.100000	-0.009302
-27.066667	-0.009336
-27.033333	-0.009292
-27.000000	-0.009162
-26.966667	-0.008939
-26.933333	-0.008614
-26.900000	-0.008208
-26.866667	-0.007720
-26.833333	-0.007175
-26.800000	-0.006544
-26.766667	-0.005862
-26.733333	-0.005123
-26.700000	-0.004362
-26.666667	-0.003563
-26.633333	-0.002765
-26.600000	-0.001971
-26.566667	-0.001200
-26.533333	-0.000457
-26.500000	0.000243
-26.466667	0.000892
-26.433333	0.001500
-26.400000	0.002031
-26.366667	0.002499
-26.333333	0.002896
-26.300000	0.003223
-26.266667	0.003483
-26.233333	0.003669
-26.200000	0.003783
-26.166667	0.003854
-26.133333	0.003847
-26.100000	0.003781
-26.066667	0.003644
-26.033333	0.003444
-26.000000	0.003187
-25.966667	0.002871
-25.933333	0.002518
-25.900000	0.002118
-25.866667	0.001662
-25.833333	0.001167
-25.800000	0.000623
-25.766667	0.000040
-25.733333	-0.000590
-25.700000	-0.001277
-25.666667	-0.001991
-25.633333	-0.002766
-25.600000	-0.003592
-25.566667	-0.004465
-25.533333	-0.005391
-25.500000	-0.006370
-25.466667	-0.007413
-25.433333	-0.008486
-25.400000	-0.009611
-25.366667	-0.010770
-25.333333	-0.011955
-25.300000	-0.013162
-25.266667	-0.014401
-25.233333	-0.015622
-25.200000	-0.016844
-25.166667	-0.018050
-25.133333	-0.019233
-25.100000	-0.020374
-25.066667	-0.021470
-25.033333	-0.022500
-25.000000	-0.023467
-24.966667	-0.024343
-24.933333	-0.025143
-24.900000	-0.025855
-24.866667	-0.026482
-24.833333	-0.027002
-24.800000	-0.027427
-24.766667	-0.027747
-24.733333	-0.027965
-24.700000	-0.028078
-24.666667	-0.028088
-24.633333	-0.028004
-24.600000	-0.027822
-24.566667	-0.027540
-24.533333	-0.027171
-24.500000	-0.026706
-24.466667	-0.026138
-24.433333	-0.025502
-24.400000	-0.024793
-24.366667	-0.024011
-24.333333	-0.023178
-24.300000	-0.022309
-24.266667	-0.021415
-24.233333	-0.020469
-24.200000	-0.019531
-24.166667	-0.018578
-24.133333	-0.017632
-24.100000	-0.016693
-24.066667	-0.015766
-24.033333	-0.014864
-24.000000	-0.013994
-23.966667	-0.013152
-23.933333	-0.012364
-23.900000	-0.011617
-23.866667	-0.010929
-23.833333	-0.010295
-23.800000	-0.009718
-23.766667	-0.009201
-23.733333	-0.008745
-23.700000	-0.008343
-23.666667	-0.007974
-23.633333	-0.007664
-23.600000	-0.007388
-23.566667	-0.007147
-23.533333	-0.006904
-23.500000	-0.006654
-23.466667	-0.006405
-23.433333	-0.006165
-23.400000	-0.005870
-23.366667	-0.005554
-23.333333	-0.005206
-23.300000	-0.004802
-23.266667	-0.004356
-23.233333	-0.003847
-23.200000	-0.003274
-23.166667	-0.002622
-23.133333	-0.001898
-23.100000	-0.001096
-23.066667	-0.000212
-23.033333	0.000753
-23.000000	0.001793
-22.966667	0.002906
-22.933333	0.004084
-22.900000	0.005319
-22.866667	0.006599
-22.833333	0.007912
-22.800000	0.009247
-22.766667	0.010574
-22.733333	0.011882
-22.700000	0.013156
-22.666667	0.014377
-22.633333	0.015522
-22.600000	0.016606
-22.566667	0.017614
-22.533333	0.018548
-22.500000	0.019386
-22.466667	0.020119
-22.433333	0.020755
-22.400000	0.021289
-22.366667	0.021739
-22.333333	0.022077
-22.300000	0.022324
-22.266667	0.022475
-22.233333	0.022558
-22.200000	0.022579
-22.166667	0.022543
-22.133333	0.022460
-22.100000	0.022345
-22.066667	0.022199
-22.033333	0.022030
-22.000000	0.021865
-21.966667	0.021715
-21.933333	0.021594
-21.900000	0.021507
-21.866667	0.021457
-21.833333	0.021447
-21.800000	0.021479
-21.766667	0.021548
-21.733333	0.021662
-21.700000	0.021824
-21.666667	0.022053
-21.633333	0.022330
-21.600000	0.022666
-21.566667	0.023060
-21.533333	0.023515
-21.500000	0.024028
-21.466667	0.024586
-21.433333	0.025186
-21.400000	0.025831
-21.366667	0.026480
-21.333333	0.027160
-21.300000	0.027874
-21.266667	0.028587
-21.233333	0.029287
-21.200000	0.029979
-21.166667	0.030662
-21.133333	0.031322
-21.100000	0.031954
-21.066667	0.032566
-21.033333	0.033165
-21.000000	0.033740
-20.966667	0.034281
-20.933333	0.034790
-20.900000	0.035262
-20.866667	0.035681
-20.833333	0.036052
-20.800000	0.036373
-20.766667	0.036641
-20.733333	0.036849
-20.700000	0.037010
-20.666667	0.037137
-20.633333	0.037230
-20.600000	0.037316
-20.566667	0.037389
-20.533333	0.037465
-20.500000	0.037543
-20.466667	0.037627
-20.433333	0.037726
-20.400000	0.037847
-20.366667	0.037972
-20.333333	0.038156
-20.300000	0.038330
-20.266667	0.038495
-20.233333	0.038664
-20.200000	0.038840
-20.166667	0.038994
-20.133333	0.039135
-20.100000	0.039255
-20.066667	0.039344
-20.033333	0.039374
-20.000000	0.039324
-19.966667	0.039195
-19.933333	0.038982
-19.900000	0.038654
-19.866667	0.038215
-19.833333	0.037686
-19.800000	0.037063
-19.766667	0.036358
-19.733333	0.035580
-19.700000	0.034756
-19.666667	0.033901
-19.633333	0.033026
-19.600000	0.032140
-19.566667	0.031262
-19.533333	0.030404
-19.500000	0.029557
-19.466667	0.028700
-19.433333	0.027862
-19.400000	0.027058
-19.366667	0.026272
-19.333333	0.025488
-19.300000	0.024694
-19.266667	0.023881
-19.233333	0.023043
-19.200000	0.022168
-19.166667	0.021245
-19.133333	0.020279
-19.100000	0.019245
-19.066667	0.018145
-19.033333	0.016973
-19.000000	0.015736
-18.966667	0.014442
-18.933333	0.013086
-18.900000	0.011677
-18.866667	0.010275
-18.833333	0.008824
-18.800000	0.007378
-18.766667	0.005931
-18.733333	0.004488
-18.700000	0.003062
-18.666667	0.001661
-18.633333	0.000293
-18.600000	-0.001030
-18.566667	-0.002310
-18.533333	-0.003557
-18.500000	-0.004760
-18.466667	-0.005931
-18.433333	-0.007028
-18.400000	-0.008071
-18.366667	-0.009080
-18.333333	-0.010065
-18.300000	-0.011010
-18.266667	-0.011920
-18.233333	-0.012795
-18.200000	-0.013632
-18.166667	-0.014426
-18.133333	-0.015172
-18.100000	-0.015859
-18.066667	-0.016481
-18.033333	-0.017030
-18.000000	-0.017498
-17.966667	-0.017883
-17.933333	-0.018182
-17.900000	-0.018373
-17.866667	-0.018456
-17.833333	-0.018465
-17.800000	-0.018332
-17.766667	-0.018102
-17.733333	-0.017765
-17.700000	-0.017328
-17.666667	-0.016796
-17.633333	-0.016180
-17.600000	-0.015494
-17.566667	-0.014760
-17.533333	-0.013996
-17.500000	-0.013207
-17.466667	-0.012422
-17.433333	-0.011653
-17.400000	-0.010908
-17.366667	-0.010207
-17.333333	-0.009567
-17.300000	-0.008995
-17.266667	-0.008507
-17.233333	-0.008108
-17.200000	-0.007795
-17.166667	-0.007566
-17.133333	-0.007416
-17.100000	-0.007340
-17.066667	-0.007331
-17.033333	-0.007381
-17.000000	-0.007481
-16.966667	-0.007613
-16.933333	-0.007768
-16.900000	-0.007935
-16.866667	-0.008118
-16.833333	-0.008308
-16.800000	-0.008483
-16.766667	-0.008637
-16.733333	-0.008778
-16.700000	-0.008898
-16.666667	-0.008993
-16.633333	-0.009056
-16.600000	-0.009079
-16.566667	-0.009081
-16.533333	-0.009044
-16.500000	-0.008972
-16.466667	-0.008866
-16.433333	-0.008735
-16.400000	-0.008569
-16.366667	-0.008385
-16.333333	-0.008189
-16.300000	-0.007967
-16.266667	-0.007723
-16.233333	-0.007440
-16.200000	-0.007108
-16.166667	-0.006726
-16.133333	-0.006298
-16.100000	-0.005838
-16.066667	-0.005366
-16.033333	-0.004868
-16.000000	-0.004362
-15.966667	-0.003841
-15.933333	-0.003318
-15.900000	-0.002806
-15.866667	-0.002318
-15.833333	-0.001846
-15.800000	-0.001387
-15.766667	-0.000961
-15.733333	-0.000569
-15.700000	-0.000189
-15.666667	0.000159
-15.633333	0.000477
-15.600000	0.000755
-15.566667	0.000993
-15.533333	0.001189
-15.500000	0.001328
-15.466667	0.001417
-15.433333	0.001456
-15.400000	0.001444
-15.366667	0.001386
-15.333333	0.001292
-15.300000	0.001172
-15.266667	0.001010
-15.233333	0.000818
-15.200000	0.000613
-15.166667	0.000362
-15.133333	0.000082
-15.100000	-0.000234
-15.066667	-0.000573
-15.033333	-0.000910
-15.000000	-0.001251
-14.966667	-0.001573
-14.933333	-0.001876
-14.900000	-0.002151
-14.866667	-0.002392
-14.833333	-0.002586
-14.800000	-0.002722
-14.766667	-0.002800
-14.733333	-0.002825
-14.700000	-0.002783
-14.666667	-0.002708
-14.633333	-0.002581
-14.600000	-0.002409
-14.566667	-0.002205
-14.533333	-0.001985
-14.500000	-0.001745
-14.466667	-0.001496
-14.433333	-0.001250
-14.400000	-0.001016
-14.366667	-0.000803
-14.333333	-0.000622
-14.300000	-0.000492
-14.266667	-0.000422
-14.233333	-0.000400
-14.200000	-0.000411
-14.166667	-0.000508
-14.133333	-0.000637
-14.100000	-0.000816
-14.066667	-0.001036
-14.033333	-0.001292
-14.000000	-0.001576
-13.966667	-0.001909
-13.933333	-0.002262
-13.900000	-0.002640
-13.866667	-0.003037
-13.833333	-0.003456
-13.800000	-0.003907
-13.766667	-0.004364
-13.733333	-0.004848
-13.700000	-0.005336
-13.666667	-0.005837
-13.633333	-0.006339
-13.600000	-0.006849
-13.566667	-0.007368
-13.533333	-0.007881
-13.500000	-0.008404
-13.466667	-0.008921
-13.433333	-0.009428
-13.400000	-0.009908
-13.366667	-0.010367
-13.333333	-0.010800
-13.300000	-0.011177
-13.266667	-0.011513
-13.233333	-0.011776
-13.200000	-0.011981
-13.166667	-0.012127
-13.133333	-0.012201
-13.100000	-0.012220
-13.066667	-0.012178
-13.033333	-0.012067
-13.000000	-0.011906
-12.966667	-0.011688
-12.933333	-0.011423
-12.900000	-0.011116
-12.866667	-0.010773
-12.833333	-0.010400
-12.800000	-0.010014
-12.766667	-0.009604
-12.733333	-0.009189
-12.700000	-0.008788
-12.666667	-0.008394
-12.633333	-0.008004
-12.600000	-0.007636
-12.566667	-0.007280
-12.533333	-0.006934
-12.500000	-0.006617
-12.466667	-0.006301
-12.433333	-0.005993
-12.400000	-0.005683
-12.366667	-0.005375
-12.333333	-0.005053
-12.300000	-0.004709
-12.266667	-0.004374
-12.233333	-0.004033
-12.200000	-0.003708
-12.166667	-0.003382
-12.133333	-0.003075
-12.100000	-0.002764
-12.066667	-0.002448
-12.033333	-0.002126
-12.000000	-0.001809
-11.966667	-0.001495
-11.933333	-0.001230
-11.900000	-0.000949
-11.866667	-0.000705
-11.833333	-0.000480
-11.800000	-0.000303
-11.766667	-0.000142
-11.733333	-0.000017
-11.700000	0.000054
-11.666667	0.000102
-11.633333	0.000118
-11.600000	0.000091
-11.566667	0.000043
-11.533333	-0.000028
-11.500000	-0.000124
-11.466667	-0.000220
-11.433333	-0.000320
-11.400000	-0.000414
-11.366667	-0.000497
-11.333333	-0.000563
-11.300000	-0.000626
-11.266667	-0.000674
-11.233333	-0.000705
-11.200000	-0.000716
-11.166667	-0.000692
-11.133333	-0.000651
-11.100000	-0.000593
-11.066667	-0.000523
-11.033333	-0.000455
-11.000000	-0.000403
-10.966667	-0.000386
-10.933333	-0.000420
-10.900000	-0.000493
-10.866667	-0.000640
-10.833333	-0.000843
-10.800000	-0.001123
-10.766667	-0.001460
-10.733333	-0.001861
-10.700000	-0.002312
-10.666667	-0.002803
-10.633333	-0.003322
-10.600000	-0.003849
-10.566667	-0.004375
-10.533333	-0.004905
-10.500000	-0.005409
-10.466667	-0.005899
-10.433333	-0.006355
-10.400000	-0.006753
-10.366667	-0.007083
-10.333333	-0.007357
-10.300000	-0.007576
-10.266667	-0.007715
-10.233333	-0.007796
-10.200000	-0.007824
-10.166667	-0.007809
-10.133333	-0.007774
-10.100000	-0.007722
-10.066667	-0.007671
-10.033333	-0.007629
-10.000000	-0.007606
-9.966667	-0.007605
-9.933333	-0.007629
-9.900000	-0.007667
-9.866667	-0.007726
-9.833333	-0.007804
-9.800000	-0.007883
-9.766667	-0.007951
-9.733333	-0.008017
-9.700000	-0.008080
-9.666667	-0.008130
-9.633333	-0.008166
-9.600000	-0.008193
-9.566667	-0.008226
-9.533333	-0.008265
-9.500000	-0.008296
-9.466667	-0.008339
-9.433333	-0.008363
-9.400000	-0.008371
-9.366667	-0.008379
-9.333333	-0.008395
-9.300000	-0.008410
-9.266667	-0.008424
-9.233333	-0.008456
-9.200000	-0.008504
-9.166667	-0.008573
-9.133333	-0.008665
-9.100000	-0.008780
-9.066667	-0.008905
-9.033333	-0.009036
-9.000000	-0.009162
-8.966667	-0.009272
-8.933333	-0.009385
-8.900000	-0.009490
-8.866667	-0.009574
-8.833333	-0.009616
-8.800000	-0.009622
-8.766667	-0.009604
-8.733333	-0.009562
-8.700000	-0.009484
-8.666667	-0.009376
-8.633333	-0.009242
-8.600000	-0.009090
-8.566667	-0.008917
-8.533333	-0.008724
-8.500000	-0.008511
-8.466667	-0.008275
-8.433333	-0.008021
-8.400000	-0.007755
-8.366667	-0.007489
-8.333333	-0.007219
-8.300000	-0.006973
-8.266667	-0.006772
-8.233333	-0.006572
-8.200000	-0.006446
-8.166667	-0.006361
-8.133333	-0.006319
-8.100000	-0.006347
-8.066667	-0.006415
-8.033333	-0.006553
-8.000000	-0.006773
-7.966667	-0.007076
-7.933333	-0.007446
-7.900000	-0.007856
-7.866667	-0.008315
-7.833333	-0.008831
-7.800000	-0.009393
-7.766667	-0.009984
-7.733333	-0.010599
-7.700000	-0.011232
-7.666667	-0.011869
-7.633333	-0.012505
-7.600000	-0.013138
-7.566667	-0.013747
-7.533333	-0.014337
-7.500000	-0.014894
-7.466667	-0.015408
-7.433333	-0.015875
-7.400000	-0.016294
-7.366667	-0.016658
-7.333333	-0.016962
-7.300000	-0.017234
-7.266667	-0.017451
-7.233333	-0.017595
-7.200000	-0.017716
-7.166667	-0.017753
-7.133333	-0.017749
-7.100000	-0.017716
-7.066667	-0.017625
-7.033333	-0.017511
-7.000000	-0.017366
-6.966667	-0.017175
-6.933333	-0.016942
-6.900000	-0.016664
-6.866667	-0.016387
-6.833333	-0.016055
-6.800000	-0.015686
-6.766667	-0.015293
-6.733333	-0.014879
-6.700000	-0.014426
-6.666667	-0.013955
-6.633333	-0.013469
-6.600000	-0.012980
-6.566667	-0.012485
-6.533333	-0.012000
-6.500000	-0.011519
-6.466667	-0.011052
-6.433333	-0.010611
-6.400000	-0.010206
-6.366667	-0.009842
-6.333333	-0.009529
-6.300000	-0.009283
-6.266667	-0.009084
-6.233333	-0.008946
-6.200000	-0.008882
-6.166667	-0.008863
-6.133333	-0.008908
-6.100000	-0.009010
-6.066667	-0.009164
-6.033333	-0.009366
-6.000000	-0.009602
-5.966667	-0.009860
-5.933333	-0.010134
-5.900000	-0.010410
-5.866667	-0.010698
-5.833333	-0.010946
-5.800000	-0.011177
-5.766667	-0.011372
-5.733333	-0.011526
-5.700000	-0.011633
-5.666667	-0.011712
-5.633333	-0.011752
-5.600000	-0.011757
-5.566667	-0.011724
-5.533333	-0.011655
-5.500000	-0.011552
-5.466667	-0.011433
-5.433333	-0.011296
-5.400000	-0.011131
-5.366667	-0.010979
-5.333333	-0.010810
-5.300000	-0.010633
-5.266667	-0.010465
-5.233333	-0.010312
-5.200000	-0.010165
-5.166667	-0.010004
-5.133333	-0.009865
-5.100000	-0.009736
-5.066667	-0.009623
-5.033333	-0.009518
-5.000000	-0.009406
-4.966667	-0.009291
-4.933333	-0.009175
-4.900000	-0.009058
-4.866667	-0.008942
-4.833333	-0.008819
-4.800000	-0.008698
-4.766667	-0.008569
-4.733333	-0.008467
-4.700000	-0.008360
-4.666667	-0.008271
-4.633333	-0.008195
-4.600000	-0.008134
-4.566667	-0.008092
-4.533333	-0.008072
-4.500000	-0.008073
-4.466667	-0.008096
-4.433333	-0.008136
-4.400000	-0.008203
-4.366667	-0.008295
-4.333333	-0.008395
-4.300000	-0.008514
-4.266667	-0.008630
-4.233333	-0.008728
-4.200000	-0.008822
-4.166667	-0.008915
-4.133333	-0.008992
-4.100000	-0.009057
-4.066667	-0.009125
-4.033333	-0.009173
-4.000000	-0.009203
-3.966667	-0.009217
-3.933333	-0.009213
-3.900000	-0.009221
-3.866667	-0.009216
-3.833333	-0.009196
-3.800000	-0.009176
-3.766667	-0.009145
-3.733333	-0.009119
-3.700000	-0.009088
-3.666667	-0.009069
-3.633333	-0.009051
-3.600000	-0.009040
-3.566667	-0.009034
-3.533333	-0.009035
-3.500000	-0.009040
-3.466667	-0.009051
-3.433333	-0.009086
-3.400000	-0.009107
-3.366667	-0.009106
-3.333333	-0.009094
-3.300000	-0.009044
-3.266667	-0.008950
-3.233333	-0.008826
-3.200000	-0.008676
-3.166667	-0.008492
-3.133333	-0.008273
-3.100000	-0.008022
-3.066667	-0.007758
-3.033333	-0.007467
-3.000000	-0.007165
-2.966667	-0.006852
-2.933333	-0.006543
-2.900000	-0.006255
-2.866667	-0.005969
-2.833333	-0.005719
-2.800000	-0.005506
-2.766667	-0.005332
-2.733333	-0.005210
-2.700000	-0.005148
-2.666667	-0.005123
-2.633333	-0.005152
-2.600000	-0.005247
-2.566667	-0.005390
-2.533333	-0.005592
-2.500000	-0.005843
-2.466667	-0.006142
-2.433333	-0.006482
-2.400000	-0.006822
-2.366667	-0.007180
-2.333333	-0.007535
-2.300000	-0.007871
-2.266667	-0.008173
-2.233333	-0.008455
-2.200000	-0.008696
-2.166667	-0.008904
-2.133333	-0.009059
-2.100000	-0.009148
-2.066667	-0.009190
-2.033333	-0.009168
-2.000000	-0.009085
-1.966667	-0.008943
-1.933333	-0.008747
-1.900000	-0.008492
-1.866667	-0.008184
-1.833333	-0.007824
-1.800000	-0.007412
-1.766667	-0.006950
-1.733333	-0.006445
-1.700000	-0.005898
-1.666667	-0.005317
-1.633333	-0.004722
-1.600000	-0.004120
-1.566667	-0.003498
-1.533333	-0.002880
-1.500000	-0.002264
-1.466667	-0.001667
-1.433333	-0.001068
-1.400000	-0.000480
-1.366667	0.000096
-1.333333	0.000656
-1.300000	0.001200
-1.266667	0.001720
-1.233333	0.002205
-1.200000	0.002668
-1.166667	0.003087
-1.133333	0.003468
-1.100000	0.003801
-1.066667	0.004081
-1.033333	0.004312
-1.000000	0.004490
-0.966667	0.004612
-0.933333	0.004683
-0.900000	0.004707
-0.866667	0.004674
-0.833333	0.004603
-0.800000	0.004484
-0.766667	0.004319
-0.733333	0.004098
-0.700000	0.003848
-0.666667	0.003565
-0.633333	0.003268
-0.600000	0.002974
-0.566667	0.002679
-0.533333	0.002409
-0.500000	0.002165
-0.466667	0.001956
-0.433333	0.001802
-0.400000	0.001692
-0.366667	0.001635
-0.333333	0.001606
-0.300000	0.001630
-0.266667	0.001698
-0.233333	0.001776
-0.200000	0.001865
-0.166667	0.001979
-0.133333	0.002086
-0.100000	0.002204
-0.066667	0.002310
-0.033333	0.002396
-0.000000	0.002462
0.033333	0.002502
0.066667	0.002505
0.100000	0.002467
0.133333	0.002393
0.166667	0.002292
0.200000	0.002158
0.233333	0.002001
0.266667	0.001822
0.300000	0.001639
0.333333	0.001441
0.366667	0.001239
0.400000	0.001038
0.433333	0.000836
0.466667	0.000649
0.500000	0.000466
0.533333	0.000294
0.566667	0.000122
0.600000	-0.000033
0.633333	-0.000197
0.666667	-0.000395
0.700000	-0.000552
0.733333	-0.000735
0.766667	-0.000929
0.800000	-0.001112
0.833333	-0.001289
0.866667	-0.001485
0.900000	-0.001679
0.933333	-0.001897
0.966667	-0.002127
1.000000	-0.002378
1.033333	-0.002652
1.066667	-0.002934
1.100000	-0.003216
1.133333	-0.003504
1.166667	-0.003802
1.200000	-0.004116
1.233333	-0.004453
1.266667	-0.004809
1.300000	-0.005176
1.333333	-0.005535
1.366667	-0.005894
1.400000	-0.006272
1.433333	-0.006640
1.466667	-0.007005
1.500000	-0.007347
1.533333	-0.007672
1.566667	-0.007975
1.600000	-0.008234
1.633333	-0.008482
1.666667	-0.008694
1.700000	-0.008837
1.733333	-0.008956
1.766667	-0.009012
1.800000	-0.009018
1.833333	-0.008971
1.866667	-0.008877
1.900000	-0.008738
1.933333	-0.008560
1.966667	-0.008344
2.000000	-0.008081
2.033333	-0.007774
2.066667	-0.007416
2.100000	-0.007044
2.133333	-0.006661
2.166667	-0.006249
2.200000	-0.005831
2.233333	-0.005398
2.266667	-0.004945
2.300000	-0.004475
2.333333	-0.003994
2.366667	-0.003523
2.400000	-0.003062
2.433333	-0.002576
2.466667	-0.002095
2.500000	-0.001608
2.533333	-0.001132
2.566667	-0.000666
2.600000	-0.000224
2.633333	0.000183
2.666667	0.000575
2.700000	0.000931
2.733333	0.001231
2.766667	0.001520
2.800000	0.001753
2.833333	0.001946
2.866667	0.002096
2.900000	0.002205
2.933333	0.002274
2.966667	0.002307
3.000000	0.002308
3.033333	0.002269
3.066667	0.002208
3.100000	0.002120
3.133333	0.002031
3.166667	0.001947
3.200000	0.001858
3.233333	0.001791
3.266667	0.001747
3.300000	0.001734
3.333333	0.001761
3.366667	0.001817
3.400000	0.001912
3.433333	0.002040
3.466667	0.002199
3.500000	0.002385
3.533333	0.002598
3.566667	0.002822
3.600000	0.003060
3.633333	0.003317
3.666667	0.003612
3.700000	0.003882
3.733333	0.004142
3.766667	0.004403
3.800000	0.004635
3.833333	0.004870
3.866667	0.005074
3.900000	0.005248
3.933333	0.005405
3.966667	0.005532
4.000000	0.005640
4.033333	0.005726
4.066667	0.005795
4.100000	0.005846
4.133333	0.005883
4.166667	0.005904
4.200000	0.005901
4.233333	0.005890
4.266667	0.005855
4.300000	0.005802
4.333333	0.005724
4.366667	0.005614
4.400000	0.005493
4.433333	0.005335
4.466667	0.005160
4.500000	0.004965
4.533333	0.004750
4.566667	0.004513
4.600000	0.004268
4.633333	0.004013
4.666667	0.003742
4.700000	0.003436
4.733333	0.003124
4.766667	0.002813
4.800000	0.002513
4.833333	0.002211
4.866667	0.001912
4.900000	0.001640
4.933333	0.001391
4.966667	0.001153
5.000000	0.000936
5.033333	0.000735
5.066667	0.000559
5.100000	0.000397
5.133333	0.000256
5.166667	0.000129
5.200000	0.000014
5.233333	-0.000078
5.266667	-0.000165
5.300000	-0.000234
5.333333	-0.000291
5.366667	-0.000335
5.400000	-0.000377
5.433333	-0.000411
5.466667	-0.000438
5.500000	-0.000470
5.533333	-0.000505
5.566667	-0.000544
5.600000	-0.000579
5.633333	-0.000606
5.666667	-0.000611
5.700000	-0.000597
5.733333	-0.000582
5.766667	-0.000555
5.800000	-0.000525
5.833333	-0.000479
5.866667	-0.000420
5.900000	-0.000351
5.933333	-0.000271
5.966667	-0.000178
6.000000	-0.000083
6.033333	0.000015
6.066667	0.000125
6.100000	0.000238
6.133333	0.000360
6.166667	0.000481
6.200000	0.000598
6.233333	0.000716
6.266667	0.000845
6.300000	0.000941
6.333333	0.001034
6.366667	0.001103
6.400000	0.001146
6.433333	0.001192
6.466667	0.001180
6.500000	0.001136
6.533333	0.001068
6.566667	0.000986
6.600000	0.000896
6.633333	0.000791
6.666667	0.000649
6.700000	0.000461
6.733333	0.000249
6.766667	0.000024
6.800000	-0.000209
6.833333	-0.000453
6.866667	-0.000708
6.900000	-0.000970
6.933333	-0.001229
6.966667	-0.001490
7.000000	-0.001756
7.033333	-0.002010
7.066667	-0.002245
7.100000	-0.002452
7.133333	-0.002655
7.166667	-0.002849
7.200000	-0.003026
7.233333	-0.003183
7.266667	-0.003319
7.300000	-0.003466
7.333333	-0.003555
7.366667	-0.003660
7.400000	-0.003740
7.433333	-0.003798
7.466667	-0.003848
7.500000	-0.003869
7.533333	-0.003857
7.566667	-0.003829
7.600000	-0.003786
7.633333	-0.003736
7.666667	-0.003686
7.700000	-0.003617
7.733333	-0.003523
7.766667	-0.003419
7.800000	-0.003317
7.833333	-0.003218
7.866667	-0.003127
7.900000	-0.003050
7.933333	-0.003002
7.966667	-0.002989
8.000000	-0.002996
8.033333	-0.003063
8.066667	-0.003170
8.100000	-0.003341
8.133333	-0.003586
8.166667	-0.003886
8.200000	-0.004241
8.233333	-0.004650
8.266667	-0.005112
8.300000	-0.005626
8.333333	-0.006178
8.366667	-0.006783
8.400000	-0.007400
8.433333	-0.008030
8.466667	-0.008643
8.500000	-0.009275
8.533333	-0.009864
8.566667	-0.010429
8.600000	-0.010949
8.633333	-0.011411
8.666667	-0.011814
8.700000	-0.012166
8.733333	-0.012450
8.766667	-0.012675
8.800000	-0.012846
8.833333	-0.012956
8.866667	-0.013020
8.900000	-0.013049
8.933333	-0.013054
8.966667	-0.013024
9.000000	-0.012967
9.033333	-0.012933
9.066667	-0.012882
9.100000	-0.012844
9.133333	-0.012805
9.166667	-0.012781
9.200000	-0.012790
9.233333	-0.012807
9.266667	-0.012846
9.300000	-0.012918
9.333333	-0.013006
9.366667	-0.013106
9.400000	-0.013216
9.433333	-0.013324
9.466667	-0.013435
9.500000	-0.013560
9.533333	-0.013653
9.566667	-0.013748
9.600000	-0.013832
9.633333	-0.013889
9.666667	-0.013940
9.700000	-0.013982
9.733333	-0.013998
9.766667	-0.014005
9.800000	-0.013997
9.833333	-0.013969
9.866667	-0.013925
9.900000	-0.013873
9.933333	-0.013803
9.966667	-0.013713
10.000000	-0.013610
10.033333	-0.013500
10.066667	-0.013365
10.100000	-0.013217
10.133333	-0.013049
10.166667	-0.012866
10.200000	-0.012663
10.233333	-0.012419
10.266667	-0.012160
10.300000	-0.011881
10.333333	-0.011565
10.366667	-0.011230
10.400000	-0.010870
10.433333	-0.010493
10.466667	-0.010097
10.500000	-0.009679
10.533333	-0.009241
10.566667	-0.008795
10.600000	-0.008344
10.633333	-0.007879
10.666667	-0.007420
10.700000	-0.006965
10.733333	-0.006520
10.766667	-0.006089
10.800000	-0.005674
10.833333	-0.005270
10.866667	-0.004878
10.900000	-0.004507
10.933333	-0.004145
10.966667	-0.003803
11.000000	-0.003479
11.033333	-0.003173
11.066667	-0.002884
11.100000	-0.002610
11.133333	-0.002351
11.166667	-0.002106
11.200000	-0.001876
11.233333	-0.001660
11.266667	-0.001459
11.300000	-0.001273
11.333333	-0.001100
11.366667	-0.000940
11.400000	-0.000793
11.433333	-0.000658
11.466667	-0.000537
11.500000	-0.000427
11.533333	-0.000329
11.566667	-0.000244
11.600000	-0.000172
11.633333	-0.000112
11.666667	-0.000065
11.700000	-0.000030
11.733333	-0.000007
11.766667	0.000003
11.800000	0.000002
11.833333	-0.000012
11.866667	-0.000038
11.900000	-0.000075
11.933333	-0.000124
11.966667	-0.000185
