-88.000000	-0.000007
-87.966667	-0.000007
-87.933333	-0.000006
-87.900000	-0.000004
-87.866667	-0.000003
-87.833333	-0.000001
-87.800000	0.000002
-87.766667	0.000005
-87.733333	0.000007
-87.700000	0.000010
-87.666667	0.000013
-87.633333	0.000016
-87.600000	0.000019
-87.566667	0.000022
-87.533333	0.000024
-87.500000	0.000026
-87.466667	0.000027
-87.433333	0.000028
-87.400000	0.000028
-87.366667	0.000027
-87.333333	0.000026
-87.300000	0.000023
-87.266667	0.000020
-87.233333	0.000017
-87.200000	0.000012
-87.166667	0.000008
-87.133333	0.000003
-87.100000	-0.000001
-87.066667	-0.000005
-87.033333	-0.000009
-87.000000	-0.000014
-86.966667	-0.000017
-86.933333	-0.000018
-86.900000	-0.000015
-86.866667	-0.000012
-86.833333	-0.000009
-86.800000	-0.000004
-86.766667	0.000003
-86.733333	0.000013
-86.700000	0.000024
-86.666667	0.000028
-86.633333	0.000042
-86.600000	0.000050
-86.566667	0.000058
-86.533333	0.000064
-86.500000	0.000067
-86.466667	0.000065
-86.433333	0.000059
-86.400000	0.000045
-86.366667	0.000024
-86.333333	-0.000006
-86.300000	-0.000045
-86.266667	-0.000091
-86.233333	-0.000144
-86.200000	-0.000205
-86.166667	-0.000270
-86.133333	-0.000343
-86.100000	-0.000426
-86.066667	-0.000521
-86.033333	-0.000620
-86.000000	-0.000711
-85.966667	-0.000791
-85.933333	-0.000872
-85.900000	-0.000956
-85.866667	-0.001032
-85.833333	-0.001093
-85.800000	-0.001140
-85.766667	-0.001175
-85.733333	-0.001208
-85.700000	-0.001215
-85.666667	-0.001214
-85.633333	-0.001191
-85.600000	-0.001176
-85.566667	-0.001152
-85.533333	-0.001112
-85.500000	-0.001051
-85.466667	-0.000985
-85.433333	-0.000919
-85.400000	-0.000857
-85.366667	-0.000787
-85.333333	-0.000714
-85.300000	-0.000646
-85.266667	-0.000567
-85.233333	-0.000497
-85.200000	-0.000448
-85.166667	-0.000421
-85.133333	-0.000400
-85.100000	-0.000368
-85.066667	-0.000351
-85.033333	-0.000341
-85.000000	-0.000329
-84.966667	-0.000328
-84.933333	-0.000341
-84.900000	-0.000353
-84.866667	-0.000358
-84.833333	-0.000361
-84.800000	-0.000367
-84.766667	-0.000378
-84.733333	-0.000396
-84.700000	-0.000408
-84.666667	-0.000445
-84.633333	-0.000474
-84.600000	-0.000511
-84.566667	-0.000537
-84.533333	-0.000550
-84.500000	-0.000565
-84.466667	-0.000592
-84.433333	-0.000620
-84.400000	-0.000645
-84.366667	-0.000664
-84.333333	-0.000693
-84.300000	-0.000725
-84.266667	-0.000735
-84.233333	-0.000769
-84.200000	-0.000804
-84.166667	-0.000834
-84.133333	-0.000841
-84.100000	-0.000844
-84.066667	-0.000863
-84.033333	-0.000875
-84.000000	-0.000882
-83.966667	-0.000878
-83.933333	-0.000871
-83.900000	-0.000858
-83.866667	-0.000844
-83.833333	-0.000829
-83.800000	-0.000807
-83.766667	-0.000783
-83.733333	-0.000772
-83.700000	-0.000771
-83.666667	-0.000773
-83.633333	-0.000768
-83.600000	-0.000767
-83.566667	-0.000753
-83.533333	-0.000731
-83.500000	-0.000728
-83.466667	-0.000735
-83.433333	-0.000757
-83.400000	-0.000771
-83.366667	-0.000777
-83.333333	-0.000790
-83.300000	-0.000799
-83.266667	-0.000793
-83.233333	-0.000809
-83.200000	-0.000818
-83.166667	-0.000835
-83.133333	-0.000839
-83.100000	-0.000839
-83.066667	-0.000849
-83.033333	-0.000847
-83.000000	-0.000850
-82.966667	-0.000841
-82.933333	-0.000836
-82.900000	-0.000827
-82.866667	-0.000818
-82.833333	-0.000803
-82.800000	-0.000780
-82.766667	-0.000761
-82.733333	-0.000753
-82.700000	-0.000730
-82.666667	-0.000706
-82.633333	-0.000672
-82.600000	-0.000625
-82.566667	-0.000568
-82.533333	-0.000514
-82.500000	-0.000480
-82.466667	-0.000440
-82.433333	-0.000386
-82.400000	-0.000311
-82.366667	-0.000234
-82.333333	-0.000175
-82.300000	-0.000104
-82.266667	-0.000031
-82.233333	0.000035
-82.200000	0.000105
-82.166667	0.000169
-82.133333	0.000236
-82.100000	0.000296
-82.066667	0.000343
-82.033333	0.000396
-82.000000	0.000431
-81.966667	0.000464
-81.933333	0.000488
-81.900000	0.000504
-81.866667	0.000514
-81.833333	0.000518
-81.800000	0.000519
-81.766667	0.000513
-81.733333	0.000498
-81.700000	0.000488
-81.666667	0.000464
-81.633333	0.000445
-81.600000	0.000428
-81.566667	0.000410
-81.533333	0.000389
-81.500000	0.000364
-81.466667	0.000344
-81.433333	0.000338
-81.400000	0.000334
-81.366667	0.000332
-81.333333	0.000321
-81.300000	0.000315
-81.266667	0.000312
-81.233333	0.000318
-81.200000	0.000317
-81.166667	0.000313
-81.133333	0.000324
-81.100000	0.000324
-81.066667	0.000325
-81.033333	0.000323
-81.000000	0.000310
-80.966667	0.000295
-80.933333	0.000295
-80.900000	0.000299
-80.866667	0.000279
-80.833333	0.000278
-80.800000	0.000272
-80.766667	0.000272
-80.733333	0.000269
-80.700000	0.000278
-80.666667	0.000278
-80.633333	0.000276
-80.600000	0.000265
-80.566667	0.000246
-80.533333	0.000225
-80.500000	0.000206
-80.466667	0.000194
-80.433333	0.000193
-80.400000	0.000192
-80.366667	0.000187
-80.333333	0.000175
-80.300000	0.000162
-80.266667	0.000146
-80.233333	0.000137
-80.200000	0.000107
-80.166667	0.000096
-80.133333	0.000083
-80.100000	0.000054
-80.066667	0.000026
-80.033333	-0.000006
-80.000000	-0.000031
-79.966667	-0.000055
-79.933333	-0.000066
-79.900000	-0.000091
-79.866667	-0.000124
-79.833333	-0.000130
-79.800000	-0.000149
-79.766667	-0.000161
-79.733333	-0.000183
-79.700000	-0.000207
-79.666667	-0.000239
-79.633333	-0.000276
-79.600000	-0.000336
-79.566667	-0.000362
-79.533333	-0.000382
-79.500000	-0.000390
-79.466667	-0.000410
-79.433333	-0.000443
-79.400000	-0.000471
-79.366667	-0.000489
-79.333333	-0.000516
-79.300000	-0.000552
-79.266667	-0.000582
-79.233333	-0.000601
-79.200000	-0.000633
-79.166667	-0.000646
-79.133333	-0.000673
-79.100000	-0.000696
-79.066667	-0.000721
-79.033333	-0.000738
-79.000000	-0.000756
-78.966667	-0.000780
-78.933333	-0.000796
-78.900000	-0.000813
-78.866667	-0.000813
-78.833333	-0.000824
-78.800000	-0.000826
-78.766667	-0.000835
-78.733333	-0.000852
-78.700000	-0.000867
-78.666667	-0.000864
-78.633333	-0.000852
-78.600000	-0.000850
-78.566667	-0.000838
-78.533333	-0.000836
-78.500000	-0.000823
-78.466667	-0.000835
-78.433333	-0.000838
-78.400000	-0.000808
-78.366667	-0.000797
-78.333333	-0.000793
-78.300000	-0.000788
-78.266667	-0.000775
-78.233333	-0.000763
-78.200000	-0.000765
-78.166667	-0.000754
-78.133333	-0.000752
-78.100000	-0.000746
-78.066667	-0.000735
-78.033333	-0.000723
-78.000000	-0.000727
-77.966667	-0.000724
-77.933333	-0.000722
-77.900000	-0.000709
-77.866667	-0.000698
-77.833333	-0.000703
-77.800000	-0.000699
-77.766667	-0.000702
-77.733333	-0.000703
-77.700000	-0.000694
-77.666667	-0.000680
-77.633333	-0.000675
-77.600000	-0.000688
-77.566667	-0.000692
-77.533333	-0.000675
-77.500000	-0.000665
-77.466667	-0.000671
-77.433333	-0.000660
-77.400000	-0.000638
-77.366667	-0.000633
-77.333333	-0.000616
-77.300000	-0.000602
-77.266667	-0.000570
-77.233333	-0.000551
-77.200000	-0.000533
-77.166667	-0.000483
-77.133333	-0.000448
-77.100000	-0.000402
-77.066667	-0.000352
-77.033333	-0.000315
-77.000000	-0.000279
-76.966667	-0.000226
-76.933333	-0.000175
-76.900000	-0.000120
-76.866667	-0.000072
-76.833333	-0.000027
-76.800000	0.000016
-76.766667	0.000056
-76.733333	0.000099
-76.700000	0.000143
-76.666667	0.000171
-76.633333	0.000176
-76.600000	0.000183
-76.566667	0.000189
-76.533333	0.000187
-76.500000	0.000177
-76.466667	0.000164
-76.433333	0.000162
-76.400000	0.000154
-76.366667	0.000134
-76.333333	0.000102
-76.300000	0.000066
-76.266667	0.000058
-76.233333	0.000027
-76.200000	0.000018
-76.166667	0.000011
-76.133333	-0.000016
-76.100000	-0.000041
-76.066667	-0.000058
-76.033333	-0.000073
-76.000000	-0.000079
-75.966667	-0.000086
-75.933333	-0.000086
-75.900000	-0.000083
-75.866667	-0.000080
-75.833333	-0.000079
-75.800000	-0.000083
-75.766667	-0.000084
-75.733333	-0.000072
-75.700000	-0.000061
-75.666667	-0.000068
-75.633333	-0.000082
-75.600000	-0.000079
-75.566667	-0.000076
-75.533333	-0.000073
-75.500000	-0.000061
-75.466667	-0.000046
-75.433333	-0.000035
-75.400000	-0.000042
-75.366667	-0.000054
-75.333333	-0.000054
-75.300000	-0.000029
-75.266667	0.000001
-75.233333	-0.000002
-75.200000	0.000009
-75.166667	0.000012
-75.133333	0.000017
-75.100000	0.000025
-75.066667	0.000034
-75.033333	0.000048
-75.000000	0.000054
-74.966667	0.000062
-74.933333	0.000067
-74.900000	0.000080
-74.866667	0.000079
-74.833333	0.000079
-74.800000	0.000095
-74.766667	0.000096
-74.733333	0.000124
-74.700000	0.000149
-74.666667	0.000162
-74.633333	0.000178
-74.600000	0.000212
-74.566667	0.000262
-74.533333	0.000308
-74.500000	0.000349
-74.466667	0.000395
-74.433333	0.000447
-74.400000	0.000501
-74.366667	0.000565
-74.333333	0.000647
-74.300000	0.000716
-74.266667	0.000776
-74.233333	0.000847
-74.200000	0.000950
-74.166667	0.001048
-74.133333	0.001144
-74.100000	0.001235
-74.066667	0.001336
-74.033333	0.001432
-74.000000	0.001525
-73.966667	0.001618
-73.933333	0.001711
-73.900000	0.001816
-73.866667	0.001914
-73.833333	0.002014
-73.800000	0.002124
-73.766667	0.002209
-73.733333	0.002323
-73.700000	0.002425
-73.666667	0.002524
-73.633333	0.002627
-73.600000	0.002733
-73.566667	0.002832
-73.533333	0.002912
-73.500000	0.002992
-73.466667	0.003083
-73.433333	0.003164
-73.400000	0.003242
-73.366667	0.003323
-73.333333	0.003409
-73.300000	0.003463
-73.266667	0.003536
-73.233333	0.003631
-73.200000	0.003719
-73.166667	0.003784
-73.133333	0.003849
-73.100000	0.003914
-73.066667	0.003988
-73.033333	0.004061
-73.000000	0.004156
-72.966667	0.004255
-72.933333	0.004349
-72.900000	0.004435
-72.866667	0.004526
-72.833333	0.004620
-72.800000	0.004724
-72.766667	0.004816
-72.733333	0.004910
-72.700000	0.004990
-72.666667	0.005058
-72.633333	0.005117
-72.600000	0.005153
-72.566667	0.005165
-72.533333	0.005153
-72.500000	0.005119
-72.466667	0.005057
-72.433333	0.004958
-72.400000	0.004827
-72.366667	0.004655
-72.333333	0.004444
-72.300000	0.004188
-72.266667	0.003930
-72.233333	0.003641
-72.200000	0.003310
-72.166667	0.002961
-72.133333	0.002587
-72.100000	0.002195
-72.066667	0.001791
-72.033333	0.001386
-72.000000	0.000980
-71.966667	0.000571
-71.933333	0.000153
-71.900000	-0.000256
-71.866667	-0.000636
-71.833333	-0.000996
-71.800000	-0.001345
-71.766667	-0.001679
-71.733333	-0.001992
-71.700000	-0.002276
-71.666667	-0.002522
-71.633333	-0.002730
-71.600000	-0.002899
-71.566667	-0.003016
-71.533333	-0.003075
-71.500000	-0.003071
-71.466667	-0.002999
-71.433333	-0.002850
-71.400000	-0.002624
-71.366667	-0.002318
-71.333333	-0.001937
-71.300000	-0.001478
-71.266667	-0.000945
-71.233333	-0.000345
-71.200000	0.000307
-71.166667	0.001010
-71.133333	0.001741
-71.100000	0.002515
-71.066667	0.003319
-71.033333	0.004136
-71.000000	0.004946
-70.966667	0.005735
-70.933333	0.006475
-70.900000	0.007168
-70.866667	0.007809
-70.833333	0.008363
-70.800000	0.008833
-70.766667	0.009221
-70.733333	0.009536
-70.700000	0.009766
-70.666667	0.009884
-70.633333	0.009958
-70.600000	0.009951
-70.566667	0.009871
-70.533333	0.009735
-70.500000	0.009548
-70.466667	0.009331
-70.433333	0.009070
-70.400000	0.008797
-70.366667	0.008508
-70.333333	0.008209
-70.300000	0.007910
-70.266667	0.007616
-70.233333	0.007328
-70.200000	0.007045
-70.166667	0.006775
-70.133333	0.006507
-70.100000	0.006254
-70.066667	0.006002
-70.033333	0.005756
-70.000000	0.005516
-69.966667	0.005284
-69.933333	0.005058
-69.900000	0.004846
-69.866667	0.004647
-69.833333	0.004455
-69.800000	0.004296
-69.766667	0.004150
-69.733333	0.004029
-69.700000	0.003911
-69.666667	0.003804
-69.633333	0.003744
-69.600000	0.003667
-69.566667	0.003610
-69.533333	0.003573
-69.500000	0.003550
-69.466667	0.003536
-69.433333	0.003510
-69.400000	0.003476
-69.366667	0.003426
-69.333333	0.003350
-69.300000	0.003247
-69.266667	0.003095
-69.233333	0.002879
-69.200000	0.002584
-69.166667	0.002248
-69.133333	0.001865
-69.100000	0.001400
-69.066667	0.000871
-69.033333	0.000298
-69.000000	-0.000342
-68.966667	-0.001031
-68.933333	-0.001761
-68.900000	-0.002533
-68.866667	-0.003351
-68.833333	-0.004210
-68.800000	-0.005098
-68.766667	-0.006015
-68.733333	-0.006947
-68.700000	-0.007906
-68.666667	-0.008858
-68.633333	-0.009827
-68.600000	-0.010789
-68.566667	-0.011742
-68.533333	-0.012686
-68.500000	-0.013619
-68.466667	-0.014542
-68.433333	-0.015447
-68.400000	-0.016316
-68.366667	-0.017131
-68.333333	-0.017892
-68.300000	-0.018585
-68.266667	-0.019205
-68.233333	-0.019741
-68.200000	-0.020172
-68.166667	-0.020466
-68.133333	-0.020668
-68.100000	-0.020780
-68.066667	-0.020778
-68.033333	-0.020675
-68.000000	-0.020493
-67.966667	-0.020211
-67.933333	-0.019853
-67.900000	-0.019442
-67.866667	-0.019013
-67.833333	-0.018580
-67.800000	-0.018158
-67.766667	-0.017777
-67.733333	-0.017456
-67.700000	-0.017220
-67.666667	-0.017092
-67.633333	-0.017101
-67.600000	-0.017249
-67.566667	-0.017543
-67.533333	-0.017965
-67.500000	-0.018502
-67.466667	-0.019152
-67.433333	-0.019905
-67.400000	-0.020725
-67.366667	-0.021598
-67.333333	-0.022477
-67.300000	-0.023358
-67.266667	-0.024195
-67.233333	-0.024965
-67.200000	-0.025614
-67.166667	-0.026112
-67.133333	-0.026450
-67.100000	-0.026604
-67.066667	-0.026551
-67.033333	-0.026276
-67.000000	-0.025782
-66.966667	-0.025076
-66.933333	-0.024159
-66.900000	-0.023045
-66.866667	-0.021744
-66.833333	-0.020261
-66.800000	-0.018608
-66.766667	-0.016797
-66.733333	-0.014845
-66.700000	-0.012774
-66.666667	-0.010601
-66.633333	-0.008329
-66.600000	-0.005983
-66.566667	-0.003548
-66.533333	-0.001031
-66.500000	0.001545
-66.466667	0.004159
-66.433333	0.006830
-66.400000	0.009560
-66.366667	0.012343
-66.333333	0.015190
-66.300000	0.018097
-66.266667	0.021086
-66.233333	0.024162
-66.200000	0.027352
-66.166667	0.030607
-66.133333	0.033975
-66.100000	0.037413
-66.066667	0.040958
-66.033333	0.044585
-66.000000	0.048288
-65.966667	0.052088
-65.933333	0.055982
-65.900000	0.059962
-65.866667	0.064032
-65.833333	0.068187
-65.800000	0.072424
-65.766667	0.076745
-65.733333	0.081151
-65.700000	0.085636
-65.666667	0.090190
-65.633333	0.094811
-65.600000	0.099496
-65.566667	0.104244
-65.533333	0.109047
-65.500000	0.113891
-65.466667	0.118765
-65.433333	0.123657
-65.400000	0.128528
-65.366667	0.133372
-65.333333	0.138177
-65.300000	0.142895
-65.266667	0.147519
-65.233333	0.152027
-65.200000	0.156402
-65.166667	0.160602
-65.133333	0.164648
-65.100000	0.168443
-65.066667	0.171959
-65.033333	0.175087
-65.000000	0.177733
-64.966667	0.179754
-64.933333	0.180938
-64.900000	0.181053
-64.866667	0.179839
-64.833333	0.176972
-64.800000	0.172096
-64.766667	0.164822
-64.733333	0.154724
-64.700000	0.141369
-64.666667	0.124319
-64.633333	0.103158
-64.600000	0.077500
-64.566667	0.047033
-64.533333	0.011550
-64.500000	-0.029034
-64.466667	-0.074683
-64.433333	-0.125186
-64.400000	-0.180140
-64.366667	-0.238991
-64.333333	-0.300969
-64.300000	-0.365159
-64.266667	-0.430425
-64.233333	-0.495590
-64.200000	-0.559268
-64.166667	-0.620088
-64.133333	-0.676653
-64.100000	-0.727566
-64.066667	-0.771506
-64.033333	-0.807220
-64.000000	-0.833658
-63.966667	-0.849970
-63.933333	-0.855520
-63.900000	-0.849886
-63.866667	-0.832911
-63.833333	-0.804731
-63.800000	-0.765771
-63.766667	-0.716678
-63.733333	-0.658312
-63.700000	-0.591754
-63.666667	-0.518280
-63.633333	-0.439278
-63.600000	-0.356221
-63.566667	-0.270610
-63.533333	-0.183963
-63.500000	-0.097743
-63.466667	-0.013338
-63.433333	0.068004
-63.400000	0.145165
-63.366667	0.217169
-63.333333	0.283252
-63.300000	0.342797
-63.266667	0.395382
-63.233333	0.440716
-63.200000	0.478718
-63.166667	0.509373
-63.133333	0.532854
-63.100000	0.549446
-63.066667	0.559502
-63.033333	0.563461
-63.000000	0.561783
-62.966667	0.555013
-62.933333	0.543739
-62.900000	0.528559
-62.866667	0.510056
-62.833333	0.488794
-62.800000	0.465326
-62.766667	0.440203
-62.733333	0.413908
-62.700000	0.386919
-62.666667	0.359602
-62.633333	0.332337
-62.600000	0.305432
-62.566667	0.279158
-62.533333	0.253710
-62.500000	0.229285
-62.466667	0.206026
-62.433333	0.184010
-62.400000	0.163317
-62.366667	0.143970
-62.333333	0.125968
-62.300000	0.109298
-62.266667	0.093931
-62.233333	0.079786
-62.200000	0.066805
-62.166667	0.054921
-62.133333	0.044065
-62.100000	0.034166
-62.066667	0.025169
-62.033333	0.017016
-62.000000	0.009651
-61.966667	0.003045
-61.933333	-0.002830
-61.900000	-0.008019
-61.866667	-0.012566
-61.833333	-0.016442
-61.800000	-0.019712
-61.766667	-0.022398
-61.733333	-0.024553
-61.700000	-0.026201
-61.666667	-0.027432
-61.633333	-0.028299
-61.600000	-0.028846
-61.566667	-0.029149
-61.533333	-0.029301
-61.500000	-0.029357
-61.466667	-0.029373
-61.433333	-0.029424
-61.400000	-0.029555
-61.366667	-0.029833
-61.333333	-0.030290
-61.300000	-0.030941
-61.266667	-0.031786
-61.233333	-0.032830
-61.200000	-0.034039
-61.166667	-0.035386
-61.133333	-0.036814
-61.100000	-0.038266
-61.066667	-0.039682
-61.033333	-0.041000
-61.000000	-0.042150
-60.966667	-0.043053
-60.933333	-0.043642
-60.900000	-0.043825
-60.866667	-0.043552
-60.833333	-0.042751
-60.800000	-0.041466
-60.766667	-0.039675
-60.733333	-0.037417
-60.700000	-0.034711
-60.666667	-0.031599
-60.633333	-0.028185
-60.600000	-0.024494
-60.566667	-0.020642
-60.533333	-0.016707
-60.500000	-0.012761
-60.466667	-0.008890
-60.433333	-0.005182
-60.400000	-0.001712
-60.366667	0.001452
-60.333333	0.004278
-60.300000	0.006722
-60.266667	0.008753
-60.233333	0.010350
-60.200000	0.011508
-60.166667	0.012231
-60.133333	0.012537
-60.100000	0.012438
-60.066667	0.011958
-60.033333	0.011133
-60.000000	0.010006
-59.966667	0.008620
-59.933333	0.007021
-59.900000	0.005264
-59.866667	0.003359
-59.833333	0.001352
-59.800000	-0.000737
-59.766667	-0.002870
-59.733333	-0.005014
-59.700000	-0.007145
-59.666667	-0.009246
-59.633333	-0.011313
-59.600000	-0.013298
-59.566667	-0.015205
-59.533333	-0.016999
-59.500000	-0.018663
-59.466667	-0.020174
-59.433333	-0.021500
-59.400000	-0.022630
-59.366667	-0.023549
-59.333333	-0.024221
-59.300000	-0.024648
-59.266667	-0.024813
-59.233333	-0.024711
-59.200000	-0.024347
-59.166667	-0.023720
-59.133333	-0.022852
-59.100000	-0.021759
-59.066667	-0.020460
-59.033333	-0.018978
-59.000000	-0.017343
-58.966667	-0.015588
-58.933333	-0.013741
-58.900000	-0.011836
-58.866667	-0.009910
-58.833333	-0.008000
-58.800000	-0.006153
-58.766667	-0.004409
-58.733333	-0.002805
-58.700000	-0.001365
-58.666667	-0.000164
-58.633333	0.000797
-58.600000	0.001467
-58.566667	0.001838
-58.533333	0.001915
-58.500000	0.001687
-58.466667	0.001150
-58.433333	0.000325
-58.400000	-0.000778
-58.366667	-0.002123
-58.333333	-0.003677
-58.300000	-0.005407
-58.266667	-0.007282
-58.233333	-0.009233
-58.200000	-0.011239
-58.166667	-0.013237
-58.133333	-0.015204
-58.100000	-0.017087
-58.066667	-0.018856
-58.033333	-0.020474
-58.000000	-0.021922
-57.966667	-0.023188
-57.933333	-0.024260
-57.900000	-0.025132
-57.866667	-0.025802
-57.833333	-0.026290
-57.800000	-0.026599
-57.766667	-0.026732
-57.733333	-0.026704
-57.700000	-0.026521
-57.666667	-0.026212
-57.633333	-0.025750
-57.600000	-0.025179
-57.566667	-0.024480
-57.533333	-0.023661
-57.500000	-0.022741
-57.466667	-0.021750
-57.433333	-0.020645
-57.400000	-0.019481
-57.366667	-0.018242
-57.333333	-0.016935
-57.300000	-0.015565
-57.266667	-0.014127
-57.233333	-0.012618
-57.200000	-0.011083
-57.166667	-0.009522
-57.133333	-0.007967
-57.100000	-0.006441
-57.066667	-0.004956
-57.033333	-0.003541
-57.000000	-0.002254
-56.966667	-0.001123
-56.933333	-0.000157
-56.900000	0.000635
-56.866667	0.001242
-56.833333	0.001655
-56.800000	0.001876
-56.766667	0.001892
-56.733333	0.001709
-56.700000	0.001354
-56.666667	0.000816
-56.633333	0.000103
-56.600000	-0.000769
-56.566667	-0.001785
-56.533333	-0.002935
-56.500000	-0.004165
-56.466667	-0.005488
-56.433333	-0.006841
-56.400000	-0.008242
-56.366667	-0.009654
-56.333333	-0.011042
-56.300000	-0.012405
-56.266667	-0.013724
-56.233333	-0.014997
-56.200000	-0.016213
-56.166667	-0.017360
-56.133333	-0.018419
-56.100000	-0.019367
-56.066667	-0.020181
-56.033333	-0.020871
-56.000000	-0.021413
-55.966667	-0.021790
-55.933333	-0.021999
-55.900000	-0.021995
-55.866667	-0.021807
-55.833333	-0.021433
-55.800000	-0.020887
-55.766667	-0.020182
-55.733333	-0.019321
-55.700000	-0.018322
-55.666667	-0.017220
-55.633333	-0.016021
-55.600000	-0.014743
-55.566667	-0.013403
-55.533333	-0.012000
-55.500000	-0.010556
-55.466667	-0.009114
-55.433333	-0.007671
-55.400000	-0.006258
-55.366667	-0.004892
-55.333333	-0.003561
-55.300000	-0.002325
-55.266667	-0.001169
-55.233333	-0.000110
-55.200000	0.000861
-55.166667	0.001720
-55.133333	0.002486
-55.100000	0.003150
-55.066667	0.003708
-55.033333	0.004154
-55.000000	0.004489
-54.966667	0.004693
-54.933333	0.004767
-54.900000	0.004725
-54.866667	0.004525
-54.833333	0.004190
-54.800000	0.003683
-54.766667	0.003044
-54.733333	0.002241
-54.700000	0.001296
-54.666667	0.000230
-54.633333	-0.000946
-54.600000	-0.002260
-54.566667	-0.003625
-54.533333	-0.005051
-54.500000	-0.006499
-54.466667	-0.007918
-54.433333	-0.009291
-54.400000	-0.010580
-54.366667	-0.011761
-54.333333	-0.012828
-54.300000	-0.013774
-54.266667	-0.014548
-54.233333	-0.015147
-54.200000	-0.015566
-54.166667	-0.015806
-54.133333	-0.015854
-54.100000	-0.015730
-54.066667	-0.015440
-54.033333	-0.014993
-54.000000	-0.014403
-53.966667	-0.013681
-53.933333	-0.012842
-53.900000	-0.011906
-53.866667	-0.010897
-53.833333	-0.009849
-53.800000	-0.008792
-53.766667	-0.007712
-53.733333	-0.006658
-53.700000	-0.005601
-53.666667	-0.004561
-53.633333	-0.003555
-53.600000	-0.002592
-53.566667	-0.001606
-53.533333	-0.000654
-53.500000	0.000301
-53.466667	0.001235
-53.433333	0.002139
-53.400000	0.002990
-53.366667	0.003769
-53.333333	0.004466
-53.300000	0.005083
-53.266667	0.005614
-53.233333	0.006036
-53.200000	0.006336
-53.166667	0.006520
-53.133333	0.006581
-53.100000	0.006522
-53.066667	0.006329
-53.033333	0.006033
-53.000000	0.005602
-52.966667	0.005040
-52.933333	0.004359
-52.900000	0.003564
-52.866667	0.002664
-52.833333	0.001651
-52.800000	0.000564
-52.766667	-0.000576
-52.733333	-0.001763
-52.700000	-0.002948
-52.666667	-0.004125
-52.633333	-0.005260
-52.600000	-0.006311
-52.566667	-0.007272
-52.533333	-0.008114
-52.500000	-0.008824
-52.466667	-0.009388
-52.433333	-0.009795
-52.400000	-0.010042
-52.366667	-0.010120
-52.333333	-0.010023
-52.300000	-0.009774
-52.266667	-0.009370
-52.233333	-0.008831
-52.200000	-0.008176
-52.166667	-0.007421
-52.133333	-0.006588
-52.100000	-0.005711
-52.066667	-0.004820
-52.033333	-0.003930
-52.000000	-0.003099
-51.966667	-0.002319
-51.933333	-0.001604
-51.900000	-0.000977
-51.866667	-0.000449
-51.833333	-0.000034
-51.800000	0.000293
-51.766667	0.000519
-51.733333	0.000663
-51.700000	0.000756
-51.666667	0.000799
-51.633333	0.000830
-51.600000	0.000871
-51.566667	0.000902
-51.533333	0.000928
-51.500000	0.000965
-51.466667	0.001019
-51.433333	0.001087
-51.400000	0.001168
-51.366667	0.001250
-51.333333	0.001309
-51.300000	0.001331
-51.266667	0.001340
-51.233333	0.001308
-51.200000	0.001198
-51.166667	0.001006
-51.133333	0.000751
-51.100000	0.000424
-51.066667	0.000007
-51.033333	-0.000500
-51.000000	-0.001087
-50.966667	-0.001745
-50.933333	-0.002458
-50.900000	-0.003208
-50.866667	-0.003977
-50.833333	-0.004739
-50.800000	-0.005473
-50.766667	-0.006154
-50.733333	-0.006752
-50.700000	-0.007269
-50.666667	-0.007656
-50.633333	-0.007938
-50.600000	-0.008087
-50.566667	-0.008132
-50.533333	-0.008078
-50.500000	-0.007898
-50.466667	-0.007616
-50.433333	-0.007274
-50.400000	-0.006851
-50.366667	-0.006390
-50.333333	-0.005904
-50.300000	-0.005373
-50.266667	-0.004817
-50.233333	-0.004263
-50.200000	-0.003719
-50.166667	-0.003163
-50.133333	-0.002597
-50.100000	-0.002052
-50.066667	-0.001537
-50.033333	-0.001038
-50.000000	-0.000546
-49.966667	-0.000053
-49.933333	0.000454
-49.900000	0.000981
-49.866667	0.001527
-49.833333	0.002098
-49.800000	0.002696
-49.766667	0.003318
-49.733333	0.003962
-49.700000	0.004606
-49.666667	0.005263
-49.633333	0.005876
-49.600000	0.006459
-49.566667	0.006958
-49.533333	0.007355
-49.500000	0.007626
-49.466667	0.007744
-49.433333	0.007683
-49.400000	0.007455
-49.366667	0.007019
-49.333333	0.006396
-49.300000	0.005601
-49.266667	0.004632
-49.233333	0.003519
-49.200000	0.002266
-49.166667	0.000901
-49.133333	-0.000533
-49.100000	-0.002043
-49.066667	-0.003548
-49.033333	-0.005021
-49.000000	-0.006417
-48.966667	-0.007692
-48.933333	-0.008832
-48.900000	-0.009813
-48.866667	-0.010621
-48.833333	-0.011243
-48.800000	-0.011674
-48.766667	-0.011910
-48.733333	-0.011966
-48.700000	-0.011852
-48.666667	-0.011570
-48.633333	-0.011177
-48.600000	-0.010667
-48.566667	-0.010082
-48.533333	-0.009447
-48.500000	-0.008790
-48.466667	-0.008136
-48.433333	-0.007500
-48.400000	-0.006905
-48.366667	-0.006347
-48.333333	-0.005822
-48.300000	-0.005336
-48.266667	-0.004898
-48.233333	-0.004479
-48.200000	-0.004094
-48.166667	-0.003712
-48.133333	-0.003329
-48.100000	-0.002957
-48.066667	-0.002531
-48.033333	-0.002083
-48.000000	-0.001607
-47.966667	-0.001116
-47.933333	-0.000644
-47.900000	-0.000177
-47.866667	0.000242
-47.833333	0.000610
-47.800000	0.000884
-47.766667	0.001068
-47.733333	0.001110
-47.700000	0.001009
-47.666667	0.000736
-47.633333	0.000259
-47.600000	-0.000381
-47.566667	-0.001207
-47.533333	-0.002193
-47.500000	-0.003323
-47.466667	-0.004576
-47.433333	-0.005924
-47.400000	-0.007337
-47.366667	-0.008766
-47.333333	-0.010175
-47.300000	-0.011529
-47.266667	-0.012788
-47.233333	-0.013895
-47.200000	-0.014842
-47.166667	-0.015590
-47.133333	-0.016144
-47.100000	-0.016449
-47.066667	-0.016537
-47.033333	-0.016412
-47.000000	-0.016102
-46.966667	-0.015629
-46.933333	-0.015017
-46.900000	-0.014292
-46.866667	-0.013520
-46.833333	-0.012704
-46.800000	-0.011901
-46.766667	-0.011133
-46.733333	-0.010441
-46.700000	-0.009838
-46.666667	-0.009339
-46.633333	-0.008940
-46.600000	-0.008647
-46.566667	-0.008457
-46.533333	-0.008355
-46.500000	-0.008331
-46.466667	-0.008372
-46.433333	-0.008452
-46.400000	-0.008539
-46.366667	-0.008616
-46.333333	-0.008652
-46.300000	-0.008628
-46.266667	-0.008536
-46.233333	-0.008366
-46.200000	-0.008116
-46.166667	-0.007798
-46.133333	-0.007423
-46.100000	-0.006957
-46.066667	-0.006474
-46.033333	-0.005955
-46.000000	-0.005432
-45.966667	-0.004918
-45.933333	-0.004433
-45.900000	-0.003998
-45.866667	-0.003624
-45.833333	-0.003307
-45.800000	-0.003081
-45.766667	-0.002934
-45.733333	-0.002861
-45.700000	-0.002894
-45.666667	-0.003009
-45.633333	-0.003214
-45.600000	-0.003496
-45.566667	-0.003832
-45.533333	-0.004206
-45.500000	-0.004601
-45.466667	-0.004994
-45.433333	-0.005368
-45.400000	-0.005715
-45.366667	-0.006032
-45.333333	-0.006289
-45.300000	-0.006491
-45.266667	-0.006632
-45.233333	-0.006716
-45.200000	-0.006741
-45.166667	-0.006719
-45.133333	-0.006654
-45.100000	-0.006541
-45.066667	-0.006417
-45.033333	-0.006271
-45.000000	-0.006121
-44.966667	-0.005966
-44.933333	-0.005793
-44.900000	-0.005602
-44.866667	-0.005400
-44.833333	-0.005192
-44.800000	-0.004962
-44.766667	-0.004702
-44.733333	-0.004439
-44.700000	-0.004153
-44.666667	-0.003833
-44.633333	-0.003484
-44.600000	-0.003092
-44.566667	-0.002657
-44.533333	-0.002177
-44.500000	-0.001648
-44.466667	-0.001076
-44.433333	-0.000476
-44.400000	0.000132
-44.366667	0.000743
-44.333333	0.001359
-44.300000	0.001956
-44.266667	0.002498
-44.233333	0.002956
-44.200000	0.003311
-44.166667	0.003540
-44.133333	0.003633
-44.100000	0.003591
-44.066667	0.003406
-44.033333	0.003087
-44.000000	0.002642
-43.966667	0.002066
-43.933333	0.001385
-43.900000	0.000598
-43.866667	-0.000276
-43.833333	-0.001208
-43.800000	-0.002171
-43.766667	-0.003150
-43.733333	-0.004128
-43.700000	-0.005059
-43.666667	-0.005947
-43.633333	-0.006761
-43.600000	-0.007483
-43.566667	-0.008130
-43.533333	-0.008682
-43.500000	-0.009148
-43.466667	-0.009530
-43.433333	-0.009833
-43.400000	-0.010056
-43.366667	-0.010208
-43.333333	-0.010279
-43.300000	-0.010292
-43.266667	-0.010258
-43.233333	-0.010167
-43.200000	-0.010012
-43.166667	-0.009807
-43.133333	-0.009533
-43.100000	-0.009202
-43.066667	-0.008824
-43.033333	-0.008398
-43.000000	-0.007935
-42.966667	-0.007438
-42.933333	-0.006890
-42.900000	-0.006303
-42.866667	-0.005678
-42.833333	-0.005025
-42.800000	-0.004356
-42.766667	-0.003677
-42.733333	-0.003016
-42.700000	-0.002374
-42.666667	-0.001768
-42.633333	-0.001210
-42.600000	-0.000735
-42.566667	-0.000379
-42.533333	-0.000087
-42.500000	0.000097
-42.466667	0.000187
-42.433333	0.000200
-42.400000	0.000102
-42.366667	-0.000100
-42.333333	-0.000367
-42.300000	-0.000703
-42.266667	-0.001100
-42.233333	-0.001543
-42.200000	-0.002016
-42.166667	-0.002512
-42.133333	-0.003001
-42.100000	-0.003481
-42.066667	-0.003931
-42.033333	-0.004329
-42.000000	-0.004670
-41.966667	-0.004947
-41.933333	-0.005165
-41.900000	-0.005325
-41.866667	-0.005428
-41.833333	-0.005486
-41.800000	-0.005501
-41.766667	-0.005485
-41.733333	-0.005439
-41.700000	-0.005363
-41.666667	-0.005260
-41.633333	-0.005148
-41.600000	-0.005033
-41.566667	-0.004906
-41.533333	-0.004752
-41.500000	-0.004608
-41.466667	-0.004456
-41.433333	-0.004301
-41.400000	-0.004170
-41.366667	-0.004030
-41.333333	-0.003880
-41.300000	-0.003728
-41.266667	-0.003575
-41.233333	-0.003410
-41.200000	-0.003226
-41.166667	-0.003026
-41.133333	-0.002807
-41.100000	-0.002571
-41.066667	-0.002322
-41.033333	-0.002069
-41.000000	-0.001822
-40.966667	-0.001588
-40.933333	-0.001367
-40.900000	-0.001160
-40.866667	-0.000961
-40.833333	-0.000784
-40.800000	-0.000620
-40.766667	-0.000475
-40.733333	-0.000340
-40.700000	-0.000222
-40.666667	-0.000132
-40.633333	-0.000057
-40.600000	-0.000019
-40.566667	-0.000013
-40.533333	-0.000040
-40.500000	-0.000098
-40.466667	-0.000188
-40.433333	-0.000309
-40.400000	-0.000459
-40.366667	-0.000635
-40.333333	-0.000834
-40.300000	-0.001056
-40.266667	-0.001304
-40.233333	-0.001589
-40.200000	-0.001893
-40.166667	-0.002197
-40.133333	-0.002529
-40.100000	-0.002881
-40.066667	-0.003250
-40.033333	-0.003627
-40.000000	-0.004016
-39.966667	-0.004407
-39.933333	-0.004792
-39.900000	-0.005165
-39.866667	-0.005522
-39.833333	-0.005860
-39.800000	-0.006163
-39.766667	-0.006435
-39.733333	-0.006667
-39.700000	-0.006861
-39.666667	-0.007014
-39.633333	-0.007111
-39.600000	-0.007163
-39.566667	-0.007150
-39.533333	-0.007071
-39.500000	-0.006918
-39.466667	-0.006687
-39.433333	-0.006375
-39.400000	-0.005988
-39.366667	-0.005517
-39.333333	-0.004973
-39.300000	-0.004376
-39.266667	-0.003728
-39.233333	-0.003036
-39.200000	-0.002300
-39.166667	-0.001532
-39.133333	-0.000768
-39.100000	0.000003
-39.066667	0.000770
-39.033333	0.001519
-39.000000	0.002236
-38.966667	0.002916
-38.933333	0.003545
-38.900000	0.004114
-38.866667	0.004611
-38.833333	0.005031
-38.800000	0.005371
-38.766667	0.005626
-38.733333	0.005800
-38.700000	0.005888
-38.666667	0.005886
-38.633333	0.005796
-38.600000	0.005629
-38.566667	0.005391
-38.533333	0.005088
-38.500000	0.004742
-38.466667	0.004345
-38.433333	0.003910
-38.400000	0.003449
-38.366667	0.002974
-38.333333	0.002473
-38.300000	0.001965
-38.266667	0.001461
-38.233333	0.000971
-38.200000	0.000502
-38.166667	0.000070
-38.133333	-0.000318
-38.100000	-0.000659
-38.066667	-0.000942
-38.033333	-0.001144
-38.000000	-0.001268
-37.966667	-0.001311
-37.933333	-0.001260
-37.900000	-0.001112
-37.866667	-0.000868
-37.833333	-0.000517
-37.800000	-0.000048
-37.766667	0.000513
-37.733333	0.001155
-37.700000	0.001888
-37.666667	0.002669
-37.633333	0.003504
-37.600000	0.004378
-37.566667	0.005275
-37.533333	0.006180
-37.500000	0.007081
-37.466667	0.007945
-37.433333	0.008776
-37.400000	0.009551
-37.366667	0.010240
-37.333333	0.010804
-37.300000	0.011321
-37.266667	0.011702
-37.233333	0.011978
-37.200000	0.012142
-37.166667	0.012198
-37.133333	0.012155
-37.100000	0.012019
-37.066667	0.011797
-37.033333	0.011507
-37.000000	0.011147
-36.966667	0.010729
-36.933333	0.010276
-36.900000	0.009795
-36.866667	0.009310
-36.833333	0.008800
-36.800000	0.008302
-36.766667	0.007792
-36.733333	0.007293
-36.700000	0.006812
-36.666667	0.006317
-36.633333	0.005830
-36.600000	0.005334
-36.566667	0.004835
-36.533333	0.004343
-36.500000	0.003857
-36.466667	0.003361
-36.433333	0.002896
-36.400000	0.002403
-36.366667	0.001915
-36.333333	0.001445
-36.300000	0.001055
-36.266667	0.000670
-36.233333	0.000366
-36.200000	0.000125
-36.166667	-0.000045
-36.133333	-0.000135
-36.100000	-0.000148
-36.066667	-0.000093
-36.033333	0.000030
-36.000000	0.000222
-35.966667	0.000480
-35.933333	0.000805
-35.900000	0.001187
-35.866667	0.001617
-35.833333	0.002061
-35.800000	0.002535
-35.766667	0.003016
-35.733333	0.003476
-35.700000	0.003912
-35.666667	0.004284
-35.633333	0.004609
-35.600000	0.004866
-35.566667	0.005067
-35.533333	0.005213
-35.500000	0.005294
-35.466667	0.005313
-35.433333	0.005281
-35.400000	0.005171
-35.366667	0.005039
-35.333333	0.004880
-35.300000	0.004714
-35.266667	0.004534
-35.233333	0.004360
-35.200000	0.004187
-35.166667	0.004030
-35.133333	0.003894
-35.100000	0.003772
-35.066667	0.003657
-35.033333	0.003552
-35.000000	0.003444
-34.966667	0.003323
-34.933333	0.003167
-34.900000	0.002970
-34.866667	0.002728
-34.833333	0.002429
-34.800000	0.002063
-34.766667	0.001638
-34.733333	0.001137
-34.700000	0.000579
-34.666667	-0.000052
-34.633333	-0.000727
-34.600000	-0.001466
-34.566667	-0.002240
-34.533333	-0.003042
-34.500000	-0.003855
-34.466667	-0.004662
-34.433333	-0.005449
-34.400000	-0.006191
-34.366667	-0.006863
-34.333333	-0.007448
-34.300000	-0.007931
-34.266667	-0.008303
-34.233333	-0.008554
-34.200000	-0.008694
-34.166667	-0.008715
-34.133333	-0.008619
-34.100000	-0.008416
-34.066667	-0.008113
-34.033333	-0.007729
-34.000000	-0.007291
-33.966667	-0.006814
-33.933333	-0.006289
-33.900000	-0.005723
-33.866667	-0.005135
-33.833333	-0.004541
-33.800000	-0.003944
-33.766667	-0.003349
-33.733333	-0.002778
-33.700000	-0.002232
-33.666667	-0.001740
-33.633333	-0.001299
-33.600000	-0.000916
-33.566667	-0.000586
-33.533333	-0.000307
-33.500000	-0.000083
-33.466667	0.000082
-33.433333	0.000186
-33.400000	0.000240
-33.366667	0.000224
-33.333333	0.000151
-33.300000	0.000016
-33.266667	-0.000187
-33.233333	-0.000455
-33.200000	-0.000779
-33.166667	-0.001137
-33.133333	-0.001542
-33.100000	-0.001950
-33.066667	-0.002379
-33.033333	-0.002814
-33.000000	-0.003249
-32.966667	-0.003663
-32.933333	-0.004037
-32.900000	-0.004383
-32.866667	-0.004702
-32.833333	-0.004973
-32.800000	-0.005172
-32.766667	-0.005306
-32.733333	-0.005388
-32.700000	-0.005392
-32.666667	-0.005333
-32.633333	-0.005182
-32.600000	-0.004931
-32.566667	-0.004576
-32.533333	-0.004138
-32.500000	-0.003596
-32.466667	-0.002961
-32.433333	-0.002249
-32.400000	-0.001451
-32.366667	-0.000614
-32.333333	0.000280
-32.300000	0.001191
-32.266667	0.002114
-32.233333	0.003037
-32.200000	0.003944
-32.166667	0.004833
-32.133333	0.005671
-32.100000	0.006474
-32.066667	0.007198
-32.033333	0.007848
-32.000000	0.008396
-31.966667	0.008830
-31.933333	0.009139
-31.900000	0.009309
-31.866667	0.009342
-31.833333	0.009246
-31.800000	0.009024
-31.766667	0.008664
-31.733333	0.008170
-31.700000	0.007570
-31.666667	0.006869
-31.633333	0.006090
-31.600000	0.005243
-31.566667	0.004331
-31.533333	0.003365
-31.500000	0.002378
-31.466667	0.001358
-31.433333	0.000316
-31.400000	-0.000725
-31.366667	-0.001782
-31.333333	-0.002838
-31.300000	-0.003891
-31.266667	-0.004927
-31.233333	-0.005942
-31.200000	-0.006935
-31.166667	-0.007895
-31.133333	-0.008826
-31.100000	-0.009714
-31.066667	-0.010554
-31.033333	-0.011341
-31.000000	-0.012066
-30.966667	-0.012725
-30.933333	-0.013319
-30.900000	-0.013839
-30.866667	-0.014269
-30.833333	-0.014608
-30.800000	-0.014859
-30.766667	-0.015024
-30.733333	-0.015100
-30.700000	-0.015087
-30.666667	-0.014984
-30.633333	-0.014787
-30.600000	-0.014497
-30.566667	-0.014115
-30.533333	-0.013653
-30.500000	-0.013116
-30.466667	-0.012517
-30.433333	-0.011867
-30.400000	-0.011181
-30.366667	-0.010468
-30.333333	-0.009746
-30.300000	-0.009019
-30.266667	-0.008298
-30.233333	-0.007590
-30.200000	-0.006887
-30.166667	-0.006216
-30.133333	-0.005559
-30.100000	-0.004927
-30.066667	-0.004319
-30.033333	-0.003738
-30.000000	-0.003189
-29.966667	-0.002681
-29.933333	-0.002217
-29.900000	-0.001799
-29.866667	-0.001433
-29.833333	-0.001130
-29.800000	-0.000888
-29.766667	-0.000704
-29.733333	-0.000582
-29.700000	-0.000523
-29.666667	-0.000530
-29.633333	-0.000591
-29.600000	-0.000720
-29.566667	-0.000918
-29.533333	-0.001190
-29.500000	-0.001539
-29.466667	-0.001969
-29.433333	-0.002477
-29.400000	-0.003048
-29.366667	-0.003676
-29.333333	-0.004375
-29.300000	-0.005112
-29.266667	-0.005892
-29.233333	-0.006692
-29.200000	-0.007501
-29.166667	-0.008320
-29.133333	-0.009110
-29.100000	-0.009875
-29.066667	-0.010598
-29.033333	-0.011269
-29.000000	-0.011878
-28.966667	-0.012415
-28.933333	-0.012869
-28.900000	-0.013235
-28.866667	-0.013510
-28.833333	-0.013686
-28.800000	-0.013753
-28.766667	-0.013715
-28.733333	-0.013579
-28.700000	-0.013333
-28.666667	-0.012992
-28.633333	-0.012559
-28.600000	-0.012052
-28.566667	-0.011470
-28.533333	-0.010822
-28.500000	-0.010141
-28.466667	-0.009418
-28.433333	-0.008673
-28.400000	-0.007937
-28.366667	-0.007227
-28.333333	-0.006527
-28.300000	-0.005862
-28.266667	-0.005259
-28.233333	-0.004697
-28.200000	-0.004204
-28.166667	-0.003779
-28.133333	-0.003428
-28.100000	-0.003158
-28.066667	-0.002974
-28.033333	-0.002869
-28.000000	-0.002835
-27.966667	-0.002886
-27.933333	-0.003006
-27.900000	-0.003212
-27.866667	-0.003484
-27.833333	-0.003810
-27.800000	-0.004171
-27.766667	-0.004572
-27.733333	-0.004989
-27.700000	-0.005414
-27.666667	-0.005850
-27.633333	-0.006277
-27.600000	-0.006690
-27.566667	-0.007083
-27.533333	-0.007450
-27.500000	-0.007813
-27.466667	-0.008137
-27.433333	-0.008449
-27.400000	-0.008745
-27.366667	-0.008988
-27.333333	-0.009181
-27.300000	-0.009345
-27.266667	-0.009448
-27.233333	-0.009485
-27.200000	-0.009468
-27.166667	-0.009381
-27.133333	-0.009225
-27.100000	-0.009001
-27.066667	-0.008698
-27.033333	-0.008319
-27.000000	-0.007880
-26.966667	-0.007394
-26.933333	-0.006838
-26.900000	-0.006234
-26.866667	-0.005575
-26.833333	-0.004864
-26.800000	-0.004124
-26.766667	-0.003372
-26.733333	-0.002619
-26.700000	-0.001896
-26.666667	-0.001216
-26.633333	-0.000601
-26.600000	-0.000072
-26.566667	0.000357
-26.533333	0.000669
-26.500000	0.000858
-26.466667	0.000949
-26.433333	0.000901
-26.400000	0.000760
-26.366667	0.000513
-26.333333	0.000160
-26.300000	-0.000286
-26.266667	-0.000810
-26.233333	-0.001407
-26.200000	-0.002069
-26.166667	-0.002783
-26.133333	-0.003530
-26.100000	-0.004300
-26.066667	-0.005080
-26.033333	-0.005870
-26.000000	-0.006667
-25.966667	-0.007460
-25.933333	-0.008247
-25.900000	-0.009036
-25.866667	-0.009818
-25.833333	-0.010582
-25.800000	-0.011372
-25.766667	-0.012192
-25.733333	-0.013026
-25.700000	-0.013879
-25.666667	-0.014759
-25.633333	-0.015670
-25.600000	-0.016612
-25.566667	-0.017577
-25.533333	-0.018567
-25.500000	-0.019570
-25.466667	-0.020582
-25.433333	-0.021615
-25.400000	-0.022635
-25.366667	-0.023673
-25.333333	-0.024698
-25.300000	-0.025703
-25.266667	-0.026668
-25.233333	-0.027593
-25.200000	-0.028466
-25.166667	-0.029271
-25.133333	-0.029984
-25.100000	-0.030595
-25.066667	-0.031102
-25.033333	-0.031497
-25.000000	-0.031770
-24.966667	-0.031919
-24.933333	-0.031938
-24.900000	-0.031811
-24.866667	-0.031545
-24.833333	-0.031146
-24.800000	-0.030627
-24.766667	-0.029982
-24.733333	-0.029198
-24.700000	-0.028307
-24.666667	-0.027314
-24.633333	-0.026224
-24.600000	-0.025049
-24.566667	-0.023798
-24.533333	-0.022491
-24.500000	-0.021152
-24.466667	-0.019777
-24.433333	-0.018393
-24.400000	-0.016978
-24.366667	-0.015538
-24.333333	-0.014087
-24.300000	-0.012635
-24.266667	-0.011191
-24.233333	-0.009738
-24.200000	-0.008283
-24.166667	-0.006811
-24.133333	-0.005327
-24.100000	-0.003839
-24.066667	-0.002348
-24.033333	-0.000849
-24.000000	0.000654
-23.966667	0.002162
-23.933333	0.003678
-23.900000	0.005195
-23.866667	0.006717
-23.833333	0.008235
-23.800000	0.009757
-23.766667	0.011272
-23.733333	0.012784
-23.700000	0.014290
-23.666667	0.015794
-23.633333	0.017286
-23.600000	0.018764
-23.566667	0.020239
-23.533333	0.021714
-23.500000	0.023171
-23.466667	0.024657
-23.433333	0.026156
-23.400000	0.027703
-23.366667	0.029268
-23.333333	0.030837
-23.300000	0.032414
-23.266667	0.034004
-23.233333	0.035612
-23.200000	0.037208
-23.166667	0.038788
-23.133333	0.040335
-23.100000	0.041842
-23.066667	0.043285
-23.033333	0.044643
-23.000000	0.045901
-22.966667	0.047039
-22.933333	0.048034
-22.900000	0.048861
-22.866667	0.049514
-22.833333	0.049963
-22.800000	0.050214
-22.766667	0.050254
-22.733333	0.050086
-22.700000	0.049712
-22.666667	0.049132
-22.633333	0.048348
-22.600000	0.047377
-22.566667	0.046235
-22.533333	0.044932
-22.500000	0.043478
-22.466667	0.041910
-22.433333	0.040231
-22.400000	0.038461
-22.366667	0.036612
-22.333333	0.034703
-22.300000	0.032762
-22.266667	0.030799
-22.233333	0.028836
-22.200000	0.026868
-22.166667	0.024911
-22.133333	0.022979
-22.100000	0.021072
-22.066667	0.019192
-22.033333	0.017350
-22.000000	0.015553
-21.966667	0.013808
-21.933333	0.012126
-21.900000	0.010516
-21.866667	0.008987
-21.833333	0.007547
-21.800000	0.006209
-21.766667	0.004979
-21.733333	0.003865
-21.700000	0.002872
-21.666667	0.002001
-21.633333	0.001254
-21.600000	0.000621
-21.566667	0.000106
-21.533333	-0.000274
-21.500000	-0.000522
-21.466667	-0.000648
-21.433333	-0.000663
-21.400000	-0.000583
-21.366667	-0.000420
-21.333333	-0.000181
-21.300000	0.000119
-21.266667	0.000461
-21.233333	0.000833
-21.200000	0.001206
-21.166667	0.001599
-21.133333	0.002007
-21.100000	0.002401
-21.066667	0.002793
-21.033333	0.003173
-21.000000	0.003535
-20.966667	0.003886
-20.933333	0.004241
-20.900000	0.004576
-20.866667	0.004917
-20.833333	0.005260
-20.800000	0.005612
-20.766667	0.005974
-20.733333	0.006364
-20.700000	0.006800
-20.666667	0.007261
-20.633333	0.007750
-20.600000	0.008271
-20.566667	0.008839
-20.533333	0.009465
-20.500000	0.010132
-20.466667	0.010831
-20.433333	0.011542
-20.400000	0.012249
-20.366667	0.012950
-20.333333	0.013661
-20.300000	0.014367
-20.266667	0.015037
-20.233333	0.015661
-20.200000	0.016238
-20.166667	0.016781
-20.133333	0.017297
-20.100000	0.017709
-20.066667	0.018098
-20.033333	0.018424
-20.000000	0.018700
-19.966667	0.018931
-19.933333	0.019128
-19.900000	0.019275
-19.866667	0.019405
-19.833333	0.019502
-19.800000	0.019580
-19.766667	0.019646
-19.733333	0.019721
-19.700000	0.019800
-19.666667	0.019869
-19.633333	0.019949
-19.600000	0.020045
-19.566667	0.020125
-19.533333	0.020206
-19.500000	0.020265
-19.466667	0.020287
-19.433333	0.020256
-19.400000	0.020169
-19.366667	0.020026
-19.333333	0.019815
-19.300000	0.019507
-19.266667	0.019093
-19.233333	0.018584
-19.200000	0.017980
-19.166667	0.017293
-19.133333	0.016513
-19.100000	0.015622
-19.066667	0.014698
-19.033333	0.013700
-19.000000	0.012661
-18.966667	0.011588
-18.933333	0.010495
-18.900000	0.009384
-18.866667	0.008267
-18.833333	0.007149
-18.800000	0.006040
-18.766667	0.004954
-18.733333	0.003911
-18.700000	0.002889
-18.666667	0.001903
-18.633333	0.000954
-18.600000	0.000018
-18.566667	-0.000912
-18.533333	-0.001798
-18.500000	-0.002660
-18.466667	-0.003488
-18.433333	-0.004266
-18.400000	-0.005026
-18.366667	-0.005731
-18.333333	-0.006405
-18.300000	-0.007027
-18.266667	-0.007591
-18.233333	-0.008091
-18.200000	-0.008521
-18.166667	-0.008860
-18.133333	-0.009112
-18.100000	-0.009256
-18.066667	-0.009293
-18.033333	-0.009211
-18.000000	-0.009006
-17.966667	-0.008684
-17.933333	-0.008261
-17.900000	-0.007757
-17.866667	-0.007158
-17.833333	-0.006477
-17.800000	-0.005726
-17.766667	-0.004915
-17.733333	-0.004065
-17.700000	-0.003216
-17.666667	-0.002375
-17.633333	-0.001577
-17.600000	-0.000841
-17.566667	-0.000164
-17.533333	0.000435
-17.500000	0.000941
-17.466667	0.001351
-17.433333	0.001660
-17.400000	0.001850
-17.366667	0.001961
-17.333333	0.001955
-17.300000	0.001859
-17.266667	0.001679
-17.233333	0.001424
-17.200000	0.001104
-17.166667	0.000735
-17.133333	0.000329
-17.100000	-0.000088
-17.066667	-0.000482
-17.033333	-0.000836
-17.000000	-0.001152
-16.966667	-0.001427
-16.933333	-0.001647
-16.900000	-0.001799
-16.866667	-0.001859
-16.833333	-0.001872
-16.800000	-0.001811
-16.766667	-0.001692
-16.733333	-0.001527
-16.700000	-0.001330
-16.666667	-0.001079
-16.633333	-0.000830
-16.600000	-0.000539
-16.566667	-0.000235
-16.533333	0.000080
-16.500000	0.000408
-16.466667	0.000748
-16.433333	0.001093
-16.400000	0.001445
-16.366667	0.001797
-16.333333	0.002157
-16.300000	0.002498
-16.266667	0.002836
-16.233333	0.003161
-16.200000	0.003487
-16.166667	0.003814
-16.133333	0.004137
-16.100000	0.004462
-16.066667	0.004798
-16.033333	0.005101
-16.000000	0.005347
-15.966667	0.005540
-15.933333	0.005698
-15.900000	0.005813
-15.866667	0.005868
-15.833333	0.005851
-15.800000	0.005788
-15.766667	0.005655
-15.733333	0.005465
-15.700000	0.005229
-15.666667	0.004955
-15.633333	0.004604
-15.600000	0.004246
-15.566667	0.003844
-15.533333	0.003425
-15.500000	0.002996
-15.466667	0.002561
-15.433333	0.002164
-15.400000	0.001771
-15.366667	0.001404
-15.333333	0.001076
-15.300000	0.000782
-15.266667	0.000525
-15.233333	0.000304
-15.200000	0.000133
-15.166667	0.000001
-15.133333	-0.000099
-15.100000	-0.000166
-15.066667	-0.000205
-15.033333	-0.000241
-15.000000	-0.000260
-14.966667	-0.000252
-14.933333	-0.000205
-14.900000	-0.000139
-14.866667	-0.000060
-14.833333	0.000030
-14.800000	0.000121
-14.766667	0.000214
-14.733333	0.000307
-14.700000	0.000418
-14.666667	0.000511
-14.633333	0.000591
-14.600000	0.000666
-14.566667	0.000728
-14.533333	0.000772
-14.500000	0.000792
-14.466667	0.000792
-14.433333	0.000753
-14.400000	0.000632
-14.366667	0.000459
-14.333333	0.000231
-14.300000	-0.000066
-14.266667	-0.000467
-14.233333	-0.000931
-14.200000	-0.001471
-14.166667	-0.002083
-14.133333	-0.002766
-14.100000	-0.003518
-14.066667	-0.004336
-14.033333	-0.005200
-14.000000	-0.006110
-13.966667	-0.007050
-13.933333	-0.008007
-13.900000	-0.008970
-13.866667	-0.009929
-13.833333	-0.010875
-13.800000	-0.011797
-13.766667	-0.012672
-13.733333	-0.013497
-13.700000	-0.014261
-13.666667	-0.014990
-13.633333	-0.015657
-13.600000	-0.016268
-13.566667	-0.016823
-13.533333	-0.017315
-13.500000	-0.017764
-13.466667	-0.018155
-13.433333	-0.018512
-13.400000	-0.018813
-13.366667	-0.019065
-13.333333	-0.019264
-13.300000	-0.019422
-13.266667	-0.019540
-13.233333	-0.019601
-13.200000	-0.019641
-13.166667	-0.019617
-13.133333	-0.019565
-13.100000	-0.019472
-13.066667	-0.019337
-13.033333	-0.019151
-13.000000	-0.018923
-12.966667	-0.018645
-12.933333	-0.018324
-12.900000	-0.017963
-12.866667	-0.017571
-12.833333	-0.017151
-12.800000	-0.016706
-12.766667	-0.016242
-12.733333	-0.015770
-12.700000	-0.015290
-12.666667	-0.014805
-12.633333	-0.014330
-12.600000	-0.013858
-12.566667	-0.013392
-12.533333	-0.012937
-12.500000	-0.012503
-12.466667	-0.012071
-12.433333	-0.011658
-12.400000	-0.011260
-12.366667	-0.010882
-12.333333	-0.010525
-12.300000	-0.010189
-12.266667	-0.009876
-12.233333	-0.009590
-12.200000	-0.009324
-12.166667	-0.009062
-12.133333	-0.008850
-12.100000	-0.008637
-12.066667	-0.008465
-12.033333	-0.008324
-12.000000	-0.008205
-11.966667	-0.008116
-11.933333	-0.008049
-11.900000	-0.008007
-11.866667	-0.007998
-11.833333	-0.008010
-11.800000	-0.008019
-11.766667	-0.008015
-11.733333	-0.008002
-11.700000	-0.007969
-11.666667	-0.007908
-11.633333	-0.007823
-11.600000	-0.007699
-11.566667	-0.007528
-11.533333	-0.007312
-11.500000	-0.007049
-11.466667	-0.006755
-11.433333	-0.006408
-11.400000	-0.006037
-11.366667	-0.005637
-11.333333	-0.005217
-11.300000	-0.004782
-11.266667	-0.004343
-11.233333	-0.003905
-11.200000	-0.003478
-11.166667	-0.003085
-11.133333	-0.002752
-11.100000	-0.002446
-11.066667	-0.002216
-11.033333	-0.002040
-11.000000	-0.001910
-10.966667	-0.001842
-10.933333	-0.001829
-10.900000	-0.001880
-10.866667	-0.001978
-10.833333	-0.002095
-10.800000	-0.002228
-10.766667	-0.002380
-10.733333	-0.002549
-10.700000	-0.002717
-10.666667	-0.002874
-10.633333	-0.003017
-10.600000	-0.003130
-10.566667	-0.003202
-10.533333	-0.003254
-10.500000	-0.003265
-10.466667	-0.003252
-10.433333	-0.003201
-10.400000	-0.003135
-10.366667	-0.003037
-10.333333	-0.002918
-10.300000	-0.002783
-10.266667	-0.002644
-10.233333	-0.002491
-10.200000	-0.002349
-10.166667	-0.002224
-10.133333	-0.002119
-10.100000	-0.002011
-10.066667	-0.001938
-10.033333	-0.001888
-10.000000	-0.001853
-9.966667	-0.001849
-9.933333	-0.001871
-9.900000	-0.001913
-9.866667	-0.001973
-9.833333	-0.002055
-9.800000	-0.002165
-9.766667	-0.002294
-9.733333	-0.002440
-9.700000	-0.002601
-9.666667	-0.002771
-9.633333	-0.002954
-9.600000	-0.003156
-9.566667	-0.003375
-9.533333	-0.003632
-9.500000	-0.003915
-9.466667	-0.004240
-9.433333	-0.004593
-9.400000	-0.004972
-9.366667	-0.005378
-9.333333	-0.005811
-9.300000	-0.006267
-9.266667	-0.006737
-9.233333	-0.007221
-9.200000	-0.007722
-9.166667	-0.008222
-9.133333	-0.008712
-9.100000	-0.009184
-9.066667	-0.009645
-9.033333	-0.010066
-9.000000	-0.010452
-8.966667	-0.010792
-8.933333	-0.011082
-8.900000	-0.011320
-8.866667	-0.011504
-8.833333	-0.011631
-8.800000	-0.011693
-8.766667	-0.011692
-8.733333	-0.011638
-8.700000	-0.011539
-8.666667	-0.011409
-8.633333	-0.011244
-8.600000	-0.011077
-8.566667	-0.010907
-8.533333	-0.010749
-8.500000	-0.010597
-8.466667	-0.010458
-8.433333	-0.010338
-8.400000	-0.010249
-8.366667	-0.010201
-8.333333	-0.010202
-8.300000	-0.010248
-8.266667	-0.010330
-8.233333	-0.010457
-8.200000	-0.010630
-8.166667	-0.010840
-8.133333	-0.011082
-8.100000	-0.011356
-8.066667	-0.011662
-8.033333	-0.011982
-8.000000	-0.012319
-7.966667	-0.012667
-7.933333	-0.013026
-7.900000	-0.013374
-7.866667	-0.013719
-7.833333	-0.014048
-7.800000	-0.014356
-7.766667	-0.014648
-7.733333	-0.014931
-7.700000	-0.015192
-7.666667	-0.015436
-7.633333	-0.015652
-7.600000	-0.015856
-7.566667	-0.016024
-7.533333	-0.016155
-7.500000	-0.016254
-7.466667	-0.016335
-7.433333	-0.016400
-7.400000	-0.016436
-7.366667	-0.016441
-7.333333	-0.016421
-7.300000	-0.016381
-7.266667	-0.016307
-7.233333	-0.016214
-7.200000	-0.016100
-7.166667	-0.015947
-7.133333	-0.015771
-7.100000	-0.015575
-7.066667	-0.015370
-7.033333	-0.015124
-7.000000	-0.014867
-6.966667	-0.014604
-6.933333	-0.014331
-6.900000	-0.014051
-6.866667	-0.013790
-6.833333	-0.013536
-6.800000	-0.013292
-6.766667	-0.013060
-6.733333	-0.012840
-6.700000	-0.012627
-6.666667	-0.012427
-6.633333	-0.012239
-6.600000	-0.012079
-6.566667	-0.011925
-6.533333	-0.011796
-6.500000	-0.011697
-6.466667	-0.011647
-6.433333	-0.011597
-6.400000	-0.011575
-6.366667	-0.011580
-6.333333	-0.011621
-6.300000	-0.011687
-6.266667	-0.011758
-6.233333	-0.011839
-6.200000	-0.011921
-6.166667	-0.012000
-6.133333	-0.012081
-6.100000	-0.012154
-6.066667	-0.012213
-6.033333	-0.012246
-6.000000	-0.012280
-5.966667	-0.012293
-5.933333	-0.012297
-5.900000	-0.012286
-5.866667	-0.012245
-5.833333	-0.012189
-5.800000	-0.012093
-5.766667	-0.011966
-5.733333	-0.011810
-5.700000	-0.011625
-5.666667	-0.011417
-5.633333	-0.011194
-5.600000	-0.010959
-5.566667	-0.010701
-5.533333	-0.010442
-5.500000	-0.010185
-5.466667	-0.009946
-5.433333	-0.009683
-5.400000	-0.009452
-5.366667	-0.009220
-5.333333	-0.008998
-5.300000	-0.008781
-5.266667	-0.008566
-5.233333	-0.008354
-5.200000	-0.008151
-5.166667	-0.007951
-5.133333	-0.007758
-5.100000	-0.007565
-5.066667	-0.007374
-5.033333	-0.007190
-5.000000	-0.007028
-4.966667	-0.006858
-4.933333	-0.006706
-4.900000	-0.006556
-4.866667	-0.006411
-4.833333	-0.006278
-4.800000	-0.006152
-4.766667	-0.006029
-4.733333	-0.005923
-4.700000	-0.005828
-4.666667	-0.005745
-4.633333	-0.005676
-4.600000	-0.005618
-4.566667	-0.005570
-4.533333	-0.005535
-4.500000	-0.005519
-4.466667	-0.005524
-4.433333	-0.005529
-4.400000	-0.005543
-4.366667	-0.005567
-4.333333	-0.005599
-4.300000	-0.005643
-4.266667	-0.005697
-4.233333	-0.005764
-4.200000	-0.005839
-4.166667	-0.005914
-4.133333	-0.005992
-4.100000	-0.006076
-4.066667	-0.006165
-4.033333	-0.006260
-4.000000	-0.006359
-3.966667	-0.006444
-3.933333	-0.006547
-3.900000	-0.006639
-3.866667	-0.006718
-3.833333	-0.006789
-3.800000	-0.006846
-3.766667	-0.006892
-3.733333	-0.006931
-3.700000	-0.006946
-3.666667	-0.006925
-3.633333	-0.006903
-3.600000	-0.006835
-3.566667	-0.006748
-3.533333	-0.006627
-3.500000	-0.006476
-3.466667	-0.006292
-3.433333	-0.006070
-3.400000	-0.005808
-3.366667	-0.005528
-3.333333	-0.005228
-3.300000	-0.004896
-3.266667	-0.004556
-3.233333	-0.004215
-3.200000	-0.003903
-3.166667	-0.003566
-3.133333	-0.003271
-3.100000	-0.003003
-3.066667	-0.002781
-3.033333	-0.002612
-3.000000	-0.002486
-2.966667	-0.002412
-2.933333	-0.002409
-2.900000	-0.002476
-2.866667	-0.002603
-2.833333	-0.002807
-2.800000	-0.003078
-2.766667	-0.003407
-2.733333	-0.003783
-2.700000	-0.004194
-2.666667	-0.004638
-2.633333	-0.005115
-2.600000	-0.005580
-2.566667	-0.006057
-2.533333	-0.006516
-2.500000	-0.006963
-2.466667	-0.007395
-2.433333	-0.007800
-2.400000	-0.008155
-2.366667	-0.008497
-2.333333	-0.008790
-2.300000	-0.009031
-2.266667	-0.009248
-2.233333	-0.009417
-2.200000	-0.009535
-2.166667	-0.009571
-2.133333	-0.009596
-2.100000	-0.009561
-2.066667	-0.009481
-2.033333	-0.009347
-2.000000	-0.009167
-1.966667	-0.008927
-1.933333	-0.008674
-1.900000	-0.008380
-1.866667	-0.008034
-1.833333	-0.007646
-1.800000	-0.007209
-1.766667	-0.006719
-1.733333	-0.006205
-1.700000	-0.005650
-1.666667	-0.005083
-1.633333	-0.004506
-1.600000	-0.003932
-1.566667	-0.003370
-1.533333	-0.002832
-1.500000	-0.002329
-1.466667	-0.001867
-1.433333	-0.001439
-1.400000	-0.001049
-1.366667	-0.000723
-1.333333	-0.000428
-1.300000	-0.000194
-1.266667	-0.000007
-1.233333	0.000122
-1.200000	0.000210
-1.166667	0.000245
-1.133333	0.000215
-1.100000	0.000130
-1.066667	0.000020
-1.033333	-0.000118
-1.000000	-0.000298
-0.966667	-0.000501
-0.933333	-0.000732
-0.900000	-0.000963
-0.866667	-0.001183
-0.833333	-0.001395
-0.800000	-0.001592
-0.766667	-0.001768
-0.733333	-0.001934
-0.700000	-0.002074
-0.666667	-0.002216
-0.633333	-0.002348
-0.600000	-0.002457
-0.566667	-0.002549
-0.533333	-0.002639
-0.500000	-0.002717
-0.466667	-0.002789
-0.433333	-0.002853
-0.400000	-0.002905
-0.366667	-0.002951
-0.333333	-0.002996
-0.300000	-0.003039
-0.266667	-0.003083
-0.233333	-0.003127
-0.200000	-0.003175
-0.166667	-0.003238
-0.133333	-0.003300
-0.100000	-0.003368
-0.066667	-0.003415
-0.033333	-0.003472
-0.000000	-0.003536
0.033333	-0.003581
0.066667	-0.003602
0.100000	-0.003606
0.133333	-0.003586
0.166667	-0.003545
0.200000	-0.003482
0.233333	-0.003401
0.266667	-0.003304
0.300000	-0.003197
0.333333	-0.003088
0.366667	-0.002964
0.400000	-0.002835
0.433333	-0.002719
0.466667	-0.002617
0.500000	-0.002515
0.533333	-0.002419
0.566667	-0.002325
0.600000	-0.002255
0.633333	-0.002208
0.666667	-0.002166
0.700000	-0.002129
0.733333	-0.002115
0.766667	-0.002121
0.800000	-0.002140
0.833333	-0.002165
0.866667	-0.002209
0.900000	-0.002268
0.933333	-0.002327
0.966667	-0.002394
1.000000	-0.002461
1.033333	-0.002528
1.066667	-0.002600
1.100000	-0.002656
1.133333	-0.002718
1.166667	-0.002773
1.200000	-0.002824
1.233333	-0.002866
1.266667	-0.002895
1.300000	-0.002923
1.333333	-0.002926
1.366667	-0.002922
1.400000	-0.002917
1.433333	-0.002898
1.466667	-0.002839
1.500000	-0.002781
1.533333	-0.002686
1.566667	-0.002575
1.600000	-0.002453
1.633333	-0.002279
1.666667	-0.002067
1.700000	-0.001831
1.733333	-0.001576
1.766667	-0.001285
1.800000	-0.000957
1.833333	-0.000612
1.866667	-0.000242
1.900000	0.000157
1.933333	0.000571
1.966667	0.001008
2.000000	0.001462
2.033333	0.001922
2.066667	0.002375
2.100000	0.002827
2.133333	0.003271
2.166667	0.003701
2.200000	0.004076
2.233333	0.004431
2.266667	0.004756
2.300000	0.005058
2.333333	0.005331
2.366667	0.005532
2.400000	0.005707
2.433333	0.005855
2.466667	0.005965
2.500000	0.006024
2.533333	0.006081
2.566667	0.006083
2.600000	0.006061
2.633333	0.006020
2.666667	0.005944
2.700000	0.005852
2.733333	0.005735
2.766667	0.005599
2.800000	0.005466
2.833333	0.005295
2.866667	0.005126
2.900000	0.004948
2.933333	0.004761
2.966667	0.004567
3.000000	0.004367
3.033333	0.004157
3.066667	0.003938
3.100000	0.003729
3.133333	0.003547
3.166667	0.003350
3.200000	0.003163
3.233333	0.003021
3.266667	0.002914
3.300000	0.002848
3.333333	0.002800
3.366667	0.002777
3.400000	0.002814
3.433333	0.002870
3.466667	0.002951
3.500000	0.003069
3.533333	0.003215
3.566667	0.003367
3.600000	0.003551
3.633333	0.003733
3.666667	0.003919
3.700000	0.004094
3.733333	0.004251
3.766667	0.004390
3.800000	0.004498
3.833333	0.004545
3.866667	0.004575
3.900000	0.004548
3.933333	0.004476
3.966667	0.004360
4.000000	0.004199
4.033333	0.003998
4.066667	0.003764
4.100000	0.003501
4.133333	0.003198
4.166667	0.002869
4.200000	0.002521
4.233333	0.002156
4.266667	0.001787
4.300000	0.001405
4.333333	0.001008
4.366667	0.000609
4.400000	0.000215
4.433333	-0.000177
4.466667	-0.000573
4.500000	-0.000959
4.533333	-0.001306
4.566667	-0.001689
4.600000	-0.002044
4.633333	-0.002404
4.666667	-0.002759
4.700000	-0.003115
4.733333	-0.003472
4.766667	-0.003830
4.800000	-0.004183
4.833333	-0.004523
4.866667	-0.004837
4.900000	-0.005114
4.933333	-0.005368
4.966667	-0.005600
5.000000	-0.005807
5.033333	-0.005994
5.066667	-0.006174
5.100000	-0.006308
5.133333	-0.006438
5.166667	-0.006514
5.200000	-0.006577
5.233333	-0.006612
5.266667	-0.006617
5.300000	-0.006597
5.333333	-0.006549
5.366667	-0.006488
5.400000	-0.006411
5.433333	-0.006322
5.466667	-0.006204
5.500000	-0.006050
5.533333	-0.005891
5.566667	-0.005751
5.600000	-0.005566
5.633333	-0.005386
5.666667	-0.005204
5.700000	-0.005018
5.733333	-0.004834
5.766667	-0.004642
5.800000	-0.004435
5.833333	-0.004223
5.866667	-0.004009
5.900000	-0.003790
5.933333	-0.003600
5.966667	-0.003421
6.000000	-0.003254
6.033333	-0.003108
6.066667	-0.002979
6.100000	-0.002845
6.133333	-0.002738
6.166667	-0.002647
6.200000	-0.002575
6.233333	-0.002532
6.266667	-0.002507
6.300000	-0.002509
6.333333	-0.002533
6.366667	-0.002596
6.400000	-0.002672
6.433333	-0.002764
6.466667	-0.002869
6.500000	-0.003003
6.533333	-0.003168
6.566667	-0.003336
6.600000	-0.003537
6.633333	-0.003750
6.666667	-0.003977
6.700000	-0.004218
6.733333	-0.004471
6.766667	-0.004729
6.800000	-0.004988
6.833333	-0.005254
6.866667	-0.005513
6.900000	-0.005755
6.933333	-0.005981
6.966667	-0.006179
7.000000	-0.006350
7.033333	-0.006494
7.066667	-0.006604
7.100000	-0.006674
7.133333	-0.006710
7.166667	-0.006727
7.200000	-0.006704
7.233333	-0.006655
7.266667	-0.006581
7.300000	-0.006482
7.333333	-0.006367
7.366667	-0.006230
7.400000	-0.006089
7.433333	-0.005946
7.466667	-0.005784
7.500000	-0.005660
7.533333	-0.005548
7.566667	-0.005465
7.600000	-0.005400
7.633333	-0.005349
7.666667	-0.005328
7.700000	-0.005352
7.733333	-0.005405
7.766667	-0.005476
7.800000	-0.005574
7.833333	-0.005700
7.866667	-0.005859
7.900000	-0.006048
7.933333	-0.006263
7.966667	-0.006514
8.000000	-0.006800
8.033333	-0.007123
8.066667	-0.007464
8.100000	-0.007855
8.133333	-0.008264
8.166667	-0.008710
8.200000	-0.009181
8.233333	-0.009660
8.266667	-0.010139
8.300000	-0.010612
8.333333	-0.011104
8.366667	-0.011576
8.400000	-0.012046
8.433333	-0.012493
8.466667	-0.012911
8.500000	-0.013322
8.533333	-0.013662
8.566667	-0.013946
8.600000	-0.014167
8.633333	-0.014356
8.666667	-0.014475
8.700000	-0.014535
8.733333	-0.014528
8.766667	-0.014459
8.800000	-0.014351
8.833333	-0.014194
8.866667	-0.013986
8.900000	-0.013747
8.933333	-0.013490
8.966667	-0.013206
9.000000	-0.012923
9.033333	-0.012641
9.066667	-0.012365
9.100000	-0.012123
9.133333	-0.011890
9.166667	-0.011700
9.200000	-0.011534
9.233333	-0.011394
9.266667	-0.011282
9.300000	-0.011215
9.333333	-0.011194
9.366667	-0.011185
9.400000	-0.011211
9.433333	-0.011265
9.466667	-0.011328
9.500000	-0.011408
9.533333	-0.011490
9.566667	-0.011581
9.600000	-0.011687
9.633333	-0.011801
9.666667	-0.011898
9.700000	-0.011997
9.733333	-0.012069
9.766667	-0.012118
9.800000	-0.012158
9.833333	-0.012187
9.866667	-0.012193
9.900000	-0.012194
9.933333	-0.012183
9.966667	-0.012147
10.000000	-0.012110
10.033333	-0.012051
10.066667	-0.011978
10.100000	-0.011884
10.133333	-0.011767
10.166667	-0.011625
10.200000	-0.011455
10.233333	-0.011253
10.266667	-0.011023
10.300000	-0.010762
10.333333	-0.010475
10.366667	-0.010160
10.400000	-0.009819
10.433333	-0.009448
10.466667	-0.009050
10.500000	-0.008631
10.533333	-0.008190
10.566667	-0.007738
10.600000	-0.007278
10.633333	-0.006815
10.666667	-0.006351
10.700000	-0.005887
10.733333	-0.005428
10.766667	-0.004999
10.800000	-0.004605
10.833333	-0.004231
10.866667	-0.003871
10.900000	-0.003538
10.933333	-0.003234
10.966667	-0.002953
11.000000	-0.002692
11.033333	-0.002452
11.066667	-0.002230
11.100000	-0.002026
11.133333	-0.001838
11.166667	-0.001664
11.200000	-0.001502
11.233333	-0.001351
11.266667	-0.001209
11.300000	-0.001075
11.333333	-0.000948
11.366667	-0.000826
11.400000	-0.000710
11.433333	-0.000599
11.466667	-0.000494
11.500000	-0.000393
11.533333	-0.000300
11.566667	-0.000217
11.600000	-0.000145
11.633333	-0.000082
11.666667	-0.000031
11.700000	0.000008
11.733333	0.000036
11.766667	0.000052
11.800000	0.000054
11.833333	0.000043
11.866667	0.000019
11.900000	-0.000020
11.933333	-0.000073
11.966667	-0.000142
