-88.000000	-0.000012
-87.966667	-0.000012
-87.933333	-0.000012
-87.900000	-0.000012
-87.866667	-0.000010
-87.833333	-0.000008
-87.800000	-0.000005
-87.766667	-0.000002
-87.733333	0.000002
-87.700000	0.000005
-87.666667	0.000009
-87.633333	0.000014
-87.600000	0.000018
-87.566667	0.000022
-87.533333	0.000025
-87.500000	0.000029
-87.466667	0.000032
-87.433333	0.000034
-87.400000	0.000035
-87.366667	0.000036
-87.333333	0.000037
-87.300000	0.000036
-87.266667	0.000034
-87.233333	0.000032
-87.200000	0.000028
-87.166667	0.000024
-87.133333	0.000019
-87.100000	0.000012
-87.066667	0.000005
-87.033333	-0.000003
-87.000000	-0.000013
-86.966667	-0.000023
-86.933333	-0.000034
-86.900000	-0.000047
-86.866667	-0.000060
-86.833333	-0.000075
-86.800000	-0.000090
-86.766667	-0.000107
-86.733333	-0.000125
-86.700000	-0.000143
-86.666667	-0.000162
-86.633333	-0.000182
-86.600000	-0.000204
-86.566667	-0.000227
-86.533333	-0.000247
-86.500000	-0.000267
-86.466667	-0.000297
-86.433333	-0.000315
-86.400000	-0.000341
-86.366667	-0.000365
-86.333333	-0.000382
-86.300000	-0.000405
-86.266667	-0.000428
-86.233333	-0.000452
-86.200000	-0.000464
-86.166667	-0.000492
-86.133333	-0.000512
-86.100000	-0.000532
-86.066667	-0.000544
-86.033333	-0.000556
-86.000000	-0.000585
-85.966667	-0.000601
-85.933333	-0.000622
-85.900000	-0.000637
-85.866667	-0.000655
-85.833333	-0.000677
-85.800000	-0.000701
-85.766667	-0.000727
-85.733333	-0.000751
-85.700000	-0.000773
-85.666667	-0.000799
-85.633333	-0.000826
-85.600000	-0.000851
-85.566667	-0.000881
-85.533333	-0.000914
-85.500000	-0.000944
-85.466667	-0.000966
-85.433333	-0.000994
-85.400000	-0.001024
-85.366667	-0.001046
-85.333333	-0.001067
-85.300000	-0.001092
-85.266667	-0.001110
-85.233333	-0.001124
-85.200000	-0.001136
-85.166667	-0.001158
-85.133333	-0.001152
-85.100000	-0.001159
-85.066667	-0.001156
-85.033333	-0.001160
-85.000000	-0.001166
-84.966667	-0.001153
-84.933333	-0.001148
-84.900000	-0.001138
-84.866667	-0.001135
-84.833333	-0.001133
-84.800000	-0.001129
-84.766667	-0.001122
-84.733333	-0.001107
-84.700000	-0.001093
-84.666667	-0.001092
-84.633333	-0.001099
-84.600000	-0.001100
-84.566667	-0.001102
-84.533333	-0.001099
-84.500000	-0.001099
-84.466667	-0.001100
-84.433333	-0.001114
-84.400000	-0.001112
-84.366667	-0.001118
-84.333333	-0.001123
-84.300000	-0.001128
-84.266667	-0.001131
-84.233333	-0.001140
-84.200000	-0.001139
-84.166667	-0.001134
-84.133333	-0.001148
-84.100000	-0.001144
-84.066667	-0.001143
-84.033333	-0.001143
-84.000000	-0.001139
-83.966667	-0.001136
-83.933333	-0.001140
-83.900000	-0.001136
-83.866667	-0.001135
-83.833333	-0.001133
-83.800000	-0.001132
-83.766667	-0.001129
-83.733333	-0.001119
-83.700000	-0.001127
-83.666667	-0.001138
-83.633333	-0.001145
-83.600000	-0.001143
-83.566667	-0.001143
-83.533333	-0.001154
-83.500000	-0.001167
-83.466667	-0.001174
-83.433333	-0.001185
-83.400000	-0.001199
-83.366667	-0.001215
-83.333333	-0.001228
-83.300000	-0.001242
-83.266667	-0.001269
-83.233333	-0.001284
-83.200000	-0.001302
-83.166667	-0.001331
-83.133333	-0.001365
-83.100000	-0.001378
-83.066667	-0.001418
-83.033333	-0.001446
-83.000000	-0.001476
-82.966667	-0.001510
-82.933333	-0.001548
-82.900000	-0.001580
-82.866667	-0.001624
-82.833333	-0.001669
-82.800000	-0.001709
-82.766667	-0.001742
-82.733333	-0.001778
-82.700000	-0.001828
-82.666667	-0.001865
-82.633333	-0.001904
-82.600000	-0.001942
-82.566667	-0.001979
-82.533333	-0.002013
-82.500000	-0.002043
-82.466667	-0.002075
-82.433333	-0.002099
-82.400000	-0.002123
-82.366667	-0.002143
-82.333333	-0.002164
-82.300000	-0.002189
-82.266667	-0.002203
-82.233333	-0.002199
-82.200000	-0.002215
-82.166667	-0.002196
-82.133333	-0.002201
-82.100000	-0.002207
-82.066667	-0.002184
-82.033333	-0.002165
-82.000000	-0.002134
-81.966667	-0.002112
-81.933333	-0.002084
-81.900000	-0.002052
-81.866667	-0.002015
-81.833333	-0.001965
-81.800000	-0.001890
-81.766667	-0.001846
-81.733333	-0.001787
-81.700000	-0.001721
-81.666667	-0.001645
-81.633333	-0.001566
-81.600000	-0.001485
-81.566667	-0.001400
-81.533333	-0.001309
-81.500000	-0.001215
-81.466667	-0.001120
-81.433333	-0.001019
-81.400000	-0.000923
-81.366667	-0.000825
-81.333333	-0.000725
-81.300000	-0.000618
-81.266667	-0.000504
-81.233333	-0.000397
-81.200000	-0.000293
-81.166667	-0.000184
-81.133333	-0.000116
-81.100000	-0.000031
-81.066667	0.000076
-81.033333	0.000163
-81.000000	0.000225
-80.966667	0.000278
-80.933333	0.000328
-80.900000	0.000376
-80.866667	0.000418
-80.833333	0.000455
-80.800000	0.000472
-80.766667	0.000452
-80.733333	0.000457
-80.700000	0.000447
-80.666667	0.000423
-80.633333	0.000388
-80.600000	0.000348
-80.566667	0.000304
-80.533333	0.000252
-80.500000	0.000187
-80.466667	0.000105
-80.433333	0.000015
-80.400000	-0.000061
-80.366667	-0.000132
-80.333333	-0.000227
-80.300000	-0.000321
-80.266667	-0.000422
-80.233333	-0.000521
-80.200000	-0.000629
-80.166667	-0.000741
-80.133333	-0.000854
-80.100000	-0.000957
-80.066667	-0.001053
-80.033333	-0.001158
-80.000000	-0.001272
-79.966667	-0.001373
-79.933333	-0.001447
-79.900000	-0.001523
-79.866667	-0.001611
-79.833333	-0.001671
-79.800000	-0.001743
-79.766667	-0.001799
-79.733333	-0.001838
-79.700000	-0.001873
-79.666667	-0.001906
-79.633333	-0.001930
-79.600000	-0.001947
-79.566667	-0.001964
-79.533333	-0.001981
-79.500000	-0.001999
-79.466667	-0.002023
-79.433333	-0.002022
-79.400000	-0.002030
-79.366667	-0.002056
-79.333333	-0.002086
-79.300000	-0.002113
-79.266667	-0.002161
-79.233333	-0.002188
-79.200000	-0.002237
-79.166667	-0.002287
-79.133333	-0.002339
-79.100000	-0.002393
-79.066667	-0.002447
-79.033333	-0.002503
-79.000000	-0.002562
-78.966667	-0.002623
-78.933333	-0.002658
-78.900000	-0.002727
-78.866667	-0.002780
-78.833333	-0.002813
-78.800000	-0.002865
-78.766667	-0.002901
-78.733333	-0.002942
-78.700000	-0.002971
-78.666667	-0.003001
-78.633333	-0.003029
-78.600000	-0.003055
-78.566667	-0.003078
-78.533333	-0.003100
-78.500000	-0.003125
-78.466667	-0.003151
-78.433333	-0.003167
-78.400000	-0.003200
-78.366667	-0.003220
-78.333333	-0.003235
-78.300000	-0.003270
-78.266667	-0.003298
-78.233333	-0.003310
-78.200000	-0.003342
-78.166667	-0.003364
-78.133333	-0.003387
-78.100000	-0.003409
-78.066667	-0.003429
-78.033333	-0.003448
-78.000000	-0.003465
-77.966667	-0.003476
-77.933333	-0.003481
-77.900000	-0.003489
-77.866667	-0.003484
-77.833333	-0.003475
-77.800000	-0.003461
-77.766667	-0.003442
-77.733333	-0.003417
-77.700000	-0.003378
-77.666667	-0.003347
-77.633333	-0.003307
-77.600000	-0.003247
-77.566667	-0.003198
-77.533333	-0.003144
-77.500000	-0.003077
-77.466667	-0.003011
-77.433333	-0.002943
-77.400000	-0.002873
-77.366667	-0.002804
-77.333333	-0.002733
-77.300000	-0.002666
-77.266667	-0.002600
-77.233333	-0.002537
-77.200000	-0.002476
-77.166667	-0.002419
-77.133333	-0.002366
-77.100000	-0.002317
-77.066667	-0.002269
-77.033333	-0.002225
-77.000000	-0.002188
-76.966667	-0.002147
-76.933333	-0.002112
-76.900000	-0.002078
-76.866667	-0.002045
-76.833333	-0.002013
-76.800000	-0.001982
-76.766667	-0.001950
-76.733333	-0.001920
-76.700000	-0.001891
-76.666667	-0.001860
-76.633333	-0.001823
-76.600000	-0.001790
-76.566667	-0.001759
-76.533333	-0.001732
-76.500000	-0.001690
-76.466667	-0.001653
-76.433333	-0.001612
-76.400000	-0.001597
-76.366667	-0.001559
-76.333333	-0.001518
-76.300000	-0.001489
-76.266667	-0.001480
-76.233333	-0.001434
-76.200000	-0.001400
-76.166667	-0.001376
-76.133333	-0.001355
-76.100000	-0.001322
-76.066667	-0.001296
-76.033333	-0.001271
-76.000000	-0.001248
-75.966667	-0.001217
-75.933333	-0.001194
-75.900000	-0.001167
-75.866667	-0.001136
-75.833333	-0.001107
-75.800000	-0.001094
-75.766667	-0.001072
-75.733333	-0.001035
-75.700000	-0.001013
-75.666667	-0.000977
-75.633333	-0.000957
-75.600000	-0.000930
-75.566667	-0.000904
-75.533333	-0.000887
-75.500000	-0.000850
-75.466667	-0.000824
-75.433333	-0.000805
-75.400000	-0.000793
-75.366667	-0.000753
-75.333333	-0.000730
-75.300000	-0.000719
-75.266667	-0.000702
-75.233333	-0.000657
-75.200000	-0.000650
-75.166667	-0.000637
-75.133333	-0.000620
-75.100000	-0.000599
-75.066667	-0.000584
-75.033333	-0.000571
-75.000000	-0.000560
-74.966667	-0.000549
-74.933333	-0.000532
-74.900000	-0.000522
-74.866667	-0.000511
-74.833333	-0.000501
-74.800000	-0.000501
-74.766667	-0.000483
-74.733333	-0.000450
-74.700000	-0.000447
-74.666667	-0.000420
-74.633333	-0.000407
-74.600000	-0.000376
-74.566667	-0.000349
-74.533333	-0.000321
-74.500000	-0.000273
-74.466667	-0.000239
-74.433333	-0.000189
-74.400000	-0.000143
-74.366667	-0.000096
-74.333333	-0.000044
-74.300000	0.000010
-74.266667	0.000065
-74.233333	0.000119
-74.200000	0.000172
-74.166667	0.000223
-74.133333	0.000271
-74.100000	0.000317
-74.066667	0.000360
-74.033333	0.000391
-74.000000	0.000423
-73.966667	0.000449
-73.933333	0.000473
-73.900000	0.000481
-73.866667	0.000494
-73.833333	0.000504
-73.800000	0.000500
-73.766667	0.000502
-73.733333	0.000508
-73.700000	0.000496
-73.666667	0.000492
-73.633333	0.000478
-73.600000	0.000477
-73.566667	0.000480
-73.533333	0.000477
-73.500000	0.000482
-73.466667	0.000469
-73.433333	0.000490
-73.400000	0.000506
-73.366667	0.000531
-73.333333	0.000553
-73.300000	0.000568
-73.266667	0.000591
-73.233333	0.000628
-73.200000	0.000669
-73.166667	0.000709
-73.133333	0.000744
-73.100000	0.000797
-73.066667	0.000848
-73.033333	0.000902
-73.000000	0.000954
-72.966667	0.001019
-72.933333	0.001084
-72.900000	0.001155
-72.866667	0.001230
-72.833333	0.001307
-72.800000	0.001387
-72.766667	0.001469
-72.733333	0.001556
-72.700000	0.001642
-72.666667	0.001730
-72.633333	0.001825
-72.600000	0.001922
-72.566667	0.002014
-72.533333	0.002111
-72.500000	0.002190
-72.466667	0.002281
-72.433333	0.002377
-72.400000	0.002465
-72.366667	0.002542
-72.333333	0.002603
-72.300000	0.002678
-72.266667	0.002763
-72.233333	0.002843
-72.200000	0.002900
-72.166667	0.002966
-72.133333	0.003038
-72.100000	0.003130
-72.066667	0.003207
-72.033333	0.003302
-72.000000	0.003414
-71.966667	0.003515
-71.933333	0.003638
-71.900000	0.003780
-71.866667	0.003929
-71.833333	0.004085
-71.800000	0.004249
-71.766667	0.004414
-71.733333	0.004584
-71.700000	0.004753
-71.666667	0.004921
-71.633333	0.005076
-71.600000	0.005206
-71.566667	0.005309
-71.533333	0.005385
-71.500000	0.005405
-71.466667	0.005392
-71.433333	0.005319
-71.400000	0.005189
-71.366667	0.004988
-71.333333	0.004716
-71.300000	0.004391
-71.266667	0.003991
-71.233333	0.003531
-71.200000	0.003007
-71.166667	0.002441
-71.133333	0.001819
-71.100000	0.001150
-71.066667	0.000444
-71.033333	-0.000277
-71.000000	-0.001010
-70.966667	-0.001759
-70.933333	-0.002486
-70.900000	-0.003220
-70.866667	-0.003921
-70.833333	-0.004583
-70.800000	-0.005205
-70.766667	-0.005785
-70.733333	-0.006310
-70.700000	-0.006780
-70.666667	-0.007202
-70.633333	-0.007564
-70.600000	-0.007876
-70.566667	-0.008124
-70.533333	-0.008302
-70.500000	-0.008412
-70.466667	-0.008454
-70.433333	-0.008411
-70.400000	-0.008287
-70.366667	-0.008078
-70.333333	-0.007781
-70.300000	-0.007397
-70.266667	-0.006922
-70.233333	-0.006368
-70.200000	-0.005748
-70.166667	-0.005068
-70.133333	-0.004325
-70.100000	-0.003526
-70.066667	-0.002675
-70.033333	-0.001786
-70.000000	-0.000876
-69.966667	0.000037
-69.933333	0.000944
-69.900000	0.001842
-69.866667	0.002707
-69.833333	0.003528
-69.800000	0.004271
-69.766667	0.004938
-69.733333	0.005518
-69.700000	0.006014
-69.666667	0.006413
-69.633333	0.006731
-69.600000	0.006959
-69.566667	0.007108
-69.533333	0.007164
-69.500000	0.007176
-69.466667	0.007122
-69.433333	0.007028
-69.400000	0.006898
-69.366667	0.006749
-69.333333	0.006593
-69.300000	0.006441
-69.266667	0.006300
-69.233333	0.006176
-69.200000	0.006070
-69.166667	0.005996
-69.133333	0.005956
-69.100000	0.005943
-69.066667	0.005950
-69.033333	0.005974
-69.000000	0.006016
-68.966667	0.006077
-68.933333	0.006153
-68.900000	0.006225
-68.866667	0.006302
-68.833333	0.006393
-68.800000	0.006464
-68.766667	0.006533
-68.733333	0.006598
-68.700000	0.006665
-68.666667	0.006710
-68.633333	0.006748
-68.600000	0.006790
-68.566667	0.006797
-68.533333	0.006810
-68.500000	0.006838
-68.466667	0.006835
-68.433333	0.006852
-68.400000	0.006904
-68.366667	0.006931
-68.333333	0.006981
-68.300000	0.007044
-68.266667	0.007110
-68.233333	0.007181
-68.200000	0.007241
-68.166667	0.007296
-68.133333	0.007357
-68.100000	0.007397
-68.066667	0.007446
-68.033333	0.007493
-68.000000	0.007527
-67.966667	0.007546
-67.933333	0.007569
-67.900000	0.007592
-67.866667	0.007624
-67.833333	0.007641
-67.800000	0.007633
-67.766667	0.007649
-67.733333	0.007663
-67.700000	0.007671
-67.666667	0.007666
-67.633333	0.007689
-67.600000	0.007710
-67.566667	0.007721
-67.533333	0.007757
-67.500000	0.007783
-67.466667	0.007815
-67.433333	0.007866
-67.400000	0.007923
-67.366667	0.007951
-67.333333	0.008015
-67.300000	0.008073
-67.266667	0.008137
-67.233333	0.008206
-67.200000	0.008288
-67.166667	0.008386
-67.133333	0.008501
-67.100000	0.008613
-67.066667	0.008748
-67.033333	0.008869
-67.000000	0.008975
-66.966667	0.009093
-66.933333	0.009216
-66.900000	0.009322
-66.866667	0.009397
-66.833333	0.009441
-66.800000	0.009444
-66.766667	0.009414
-66.733333	0.009299
-66.700000	0.009104
-66.666667	0.008816
-66.633333	0.008447
-66.600000	0.007946
-66.566667	0.007339
-66.533333	0.006621
-66.500000	0.005788
-66.466667	0.004857
-66.433333	0.003832
-66.400000	0.002725
-66.366667	0.001546
-66.333333	0.000311
-66.300000	-0.000956
-66.266667	-0.002221
-66.233333	-0.003469
-66.200000	-0.004643
-66.166667	-0.005737
-66.133333	-0.006695
-66.100000	-0.007519
-66.066667	-0.008163
-66.033333	-0.008617
-66.000000	-0.008864
-65.966667	-0.008891
-65.933333	-0.008713
-65.900000	-0.008317
-65.866667	-0.007719
-65.833333	-0.006916
-65.800000	-0.005929
-65.766667	-0.004776
-65.733333	-0.003488
-65.700000	-0.002063
-65.666667	-0.000547
-65.633333	0.001046
-65.600000	0.002700
-65.566667	0.004368
-65.533333	0.006051
-65.500000	0.007720
-65.466667	0.009384
-65.433333	0.011025
-65.400000	0.012630
-65.366667	0.014206
-65.333333	0.015776
-65.300000	0.017353
-65.266667	0.018933
-65.233333	0.020521
-65.200000	0.022157
-65.166667	0.023817
-65.133333	0.025532
-65.100000	0.027277
-65.066667	0.029095
-65.033333	0.030969
-65.000000	0.032912
-64.966667	0.034925
-64.933333	0.037013
-64.900000	0.039196
-64.866667	0.041477
-64.833333	0.043867
-64.800000	0.046352
-64.766667	0.048955
-64.733333	0.051663
-64.700000	0.054507
-64.666667	0.057480
-64.633333	0.060619
-64.600000	0.063939
-64.566667	0.067449
-64.533333	0.071194
-64.500000	0.075185
-64.466667	0.079462
-64.433333	0.084009
-64.400000	0.088849
-64.366667	0.093989
-64.333333	0.099422
-64.300000	0.105132
-64.266667	0.111125
-64.233333	0.117415
-64.200000	0.124006
-64.166667	0.130895
-64.133333	0.138109
-64.100000	0.145688
-64.066667	0.153673
-64.033333	0.162001
-64.000000	0.170644
-63.966667	0.179488
-63.933333	0.188394
-63.900000	0.197138
-63.866667	0.205396
-63.833333	0.212739
-63.800000	0.218625
-63.766667	0.222414
-63.733333	0.223304
-63.700000	0.220415
-63.666667	0.212789
-63.633333	0.199401
-63.600000	0.179240
-63.566667	0.151323
-63.533333	0.114731
-63.500000	0.068808
-63.466667	0.013161
-63.433333	-0.052371
-63.400000	-0.127576
-63.366667	-0.211860
-63.333333	-0.304265
-63.300000	-0.403330
-63.266667	-0.507294
-63.233333	-0.614073
-63.200000	-0.721356
-63.166667	-0.826611
-63.133333	-0.927176
-63.100000	-1.020383
-63.066667	-1.103662
-63.033333	-1.174682
-63.000000	-1.231240
-62.966667	-1.271583
-62.933333	-1.294314
-62.900000	-1.298541
-62.866667	-1.283867
-62.833333	-1.250414
-62.800000	-1.198813
-62.766667	-1.130215
-62.733333	-1.046248
-62.700000	-0.948912
-62.666667	-0.840460
-62.633333	-0.723428
-62.600000	-0.600483
-62.566667	-0.474314
-62.533333	-0.347511
-62.500000	-0.222450
-62.466667	-0.101324
-62.433333	0.013896
-62.400000	0.121585
-62.366667	0.220483
-62.333333	0.309663
-62.300000	0.388564
-62.266667	0.456805
-62.233333	0.514329
-62.200000	0.561292
-62.166667	0.598103
-62.133333	0.625311
-62.100000	0.643552
-62.066667	0.653567
-62.033333	0.656130
-62.000000	0.652101
-61.966667	0.642302
-61.933333	0.627599
-61.900000	0.608825
-61.866667	0.586790
-61.833333	0.562300
-61.800000	0.536029
-61.766667	0.508639
-61.733333	0.480736
-61.700000	0.452884
-61.666667	0.425552
-61.633333	0.399124
-61.600000	0.373941
-61.566667	0.350288
-61.533333	0.328360
-61.500000	0.308270
-61.466667	0.290046
-61.433333	0.273662
-61.400000	0.259050
-61.366667	0.246134
-61.333333	0.234733
-61.300000	0.224645
-61.266667	0.215679
-61.233333	0.207641
-61.200000	0.200345
-61.166667	0.193622
-61.133333	0.187337
-61.100000	0.181366
-61.066667	0.175620
-61.033333	0.170051
-61.000000	0.164659
-60.966667	0.159448
-60.933333	0.154452
-60.900000	0.149704
-60.866667	0.145238
-60.833333	0.141094
-60.800000	0.137266
-60.766667	0.133793
-60.733333	0.130662
-60.700000	0.127831
-60.666667	0.125243
-60.633333	0.122847
-60.600000	0.120555
-60.566667	0.118238
-60.533333	0.115732
-60.500000	0.112884
-60.466667	0.109545
-60.433333	0.105553
-60.400000	0.100817
-60.366667	0.095214
-60.333333	0.088621
-60.300000	0.081027
-60.266667	0.072443
-60.233333	0.062911
-60.200000	0.052528
-60.166667	0.041423
-60.133333	0.029758
-60.100000	0.017743
-60.066667	0.005582
-60.033333	-0.006463
-60.000000	-0.018150
-59.966667	-0.029271
-59.933333	-0.039578
-59.900000	-0.048879
-59.866667	-0.056988
-59.833333	-0.063796
-59.800000	-0.069185
-59.766667	-0.073126
-59.733333	-0.075618
-59.700000	-0.076718
-59.666667	-0.076525
-59.633333	-0.075143
-59.600000	-0.072754
-59.566667	-0.069556
-59.533333	-0.065774
-59.500000	-0.061599
-59.466667	-0.057229
-59.433333	-0.052858
-59.400000	-0.048624
-59.366667	-0.044700
-59.333333	-0.041188
-59.300000	-0.038149
-59.266667	-0.035608
-59.233333	-0.033580
-59.200000	-0.032063
-59.166667	-0.031006
-59.133333	-0.030348
-59.100000	-0.030015
-59.066667	-0.029988
-59.033333	-0.030179
-59.000000	-0.030573
-58.966667	-0.031126
-58.933333	-0.031783
-58.900000	-0.032541
-58.866667	-0.033400
-58.833333	-0.034364
-58.800000	-0.035413
-58.766667	-0.036570
-58.733333	-0.037829
-58.700000	-0.039197
-58.666667	-0.040673
-58.633333	-0.042255
-58.600000	-0.043901
-58.566667	-0.045586
-58.533333	-0.047292
-58.500000	-0.048962
-58.466667	-0.050555
-58.433333	-0.052018
-58.400000	-0.053281
-58.366667	-0.054275
-58.333333	-0.054936
-58.300000	-0.055201
-58.266667	-0.055015
-58.233333	-0.054350
-58.200000	-0.053180
-58.166667	-0.051487
-58.133333	-0.049308
-58.100000	-0.046686
-58.066667	-0.043672
-58.033333	-0.040307
-58.000000	-0.036672
-57.966667	-0.032820
-57.933333	-0.028839
-57.900000	-0.024800
-57.866667	-0.020750
-57.833333	-0.016742
-57.800000	-0.012832
-57.766667	-0.009065
-57.733333	-0.005492
-57.700000	-0.002168
-57.666667	0.000852
-57.633333	0.003537
-57.600000	0.005863
-57.566667	0.007754
-57.533333	0.009173
-57.500000	0.010103
-57.466667	0.010541
-57.433333	0.010483
-57.400000	0.009956
-57.366667	0.008976
-57.333333	0.007586
-57.300000	0.005842
-57.266667	0.003806
-57.233333	0.001541
-57.200000	-0.000886
-57.166667	-0.003417
-57.133333	-0.005992
-57.100000	-0.008541
-57.066667	-0.011001
-57.033333	-0.013323
-57.000000	-0.015460
-56.966667	-0.017372
-56.933333	-0.019047
-56.900000	-0.020450
-56.866667	-0.021573
-56.833333	-0.022426
-56.800000	-0.022988
-56.766667	-0.023281
-56.733333	-0.023286
-56.700000	-0.023026
-56.666667	-0.022538
-56.633333	-0.021845
-56.600000	-0.020991
-56.566667	-0.019998
-56.533333	-0.018892
-56.500000	-0.017698
-56.466667	-0.016433
-56.433333	-0.015124
-56.400000	-0.013778
-56.366667	-0.012408
-56.333333	-0.011008
-56.300000	-0.009590
-56.266667	-0.008156
-56.233333	-0.006704
-56.200000	-0.005223
-56.166667	-0.003748
-56.133333	-0.002267
-56.100000	-0.000819
-56.066667	0.000576
-56.033333	0.001882
-56.000000	0.003064
-55.966667	0.004105
-55.933333	0.004928
-55.900000	0.005521
-55.866667	0.005865
-55.833333	0.005957
-55.800000	0.005800
-55.766667	0.005382
-55.733333	0.004697
-55.700000	0.003735
-55.666667	0.002481
-55.633333	0.000967
-55.600000	-0.000780
-55.566667	-0.002725
-55.533333	-0.004835
-55.500000	-0.007075
-55.466667	-0.009407
-55.433333	-0.011802
-55.400000	-0.014232
-55.366667	-0.016657
-55.333333	-0.019048
-55.300000	-0.021387
-55.266667	-0.023653
-55.233333	-0.025829
-55.200000	-0.027912
-55.166667	-0.029916
-55.133333	-0.031816
-55.100000	-0.033635
-55.066667	-0.035348
-55.033333	-0.036951
-55.000000	-0.038425
-54.966667	-0.039752
-54.933333	-0.040946
-54.900000	-0.041970
-54.866667	-0.042809
-54.833333	-0.043456
-54.800000	-0.043913
-54.766667	-0.044165
-54.733333	-0.044229
-54.700000	-0.044079
-54.666667	-0.043728
-54.633333	-0.043152
-54.600000	-0.042350
-54.566667	-0.041332
-54.533333	-0.040094
-54.500000	-0.038640
-54.466667	-0.036973
-54.433333	-0.035101
-54.400000	-0.033033
-54.366667	-0.030771
-54.333333	-0.028327
-54.300000	-0.025714
-54.266667	-0.022945
-54.233333	-0.020039
-54.200000	-0.017013
-54.166667	-0.013891
-54.133333	-0.010701
-54.100000	-0.007480
-54.066667	-0.004261
-54.033333	-0.001101
-54.000000	0.001922
-53.966667	0.004744
-53.933333	0.007264
-53.900000	0.009421
-53.866667	0.011162
-53.833333	0.012425
-53.800000	0.013177
-53.766667	0.013398
-53.733333	0.013052
-53.700000	0.012187
-53.666667	0.010827
-53.633333	0.008983
-53.600000	0.006727
-53.566667	0.004097
-53.533333	0.001180
-53.500000	-0.001960
-53.466667	-0.005229
-53.433333	-0.008544
-53.400000	-0.011814
-53.366667	-0.014946
-53.333333	-0.017853
-53.300000	-0.020453
-53.266667	-0.022679
-53.233333	-0.024470
-53.200000	-0.025810
-53.166667	-0.026692
-53.133333	-0.027139
-53.100000	-0.027165
-53.066667	-0.026804
-53.033333	-0.026114
-53.000000	-0.025146
-52.966667	-0.023948
-52.933333	-0.022585
-52.900000	-0.021050
-52.866667	-0.019375
-52.833333	-0.017609
-52.800000	-0.015762
-52.766667	-0.013869
-52.733333	-0.011945
-52.700000	-0.009988
-52.666667	-0.008022
-52.633333	-0.006076
-52.600000	-0.004124
-52.566667	-0.002195
-52.533333	-0.000280
-52.500000	0.001611
-52.466667	0.003486
-52.433333	0.005334
-52.400000	0.007155
-52.366667	0.008940
-52.333333	0.010672
-52.300000	0.012332
-52.266667	0.013897
-52.233333	0.015319
-52.200000	0.016558
-52.166667	0.017586
-52.133333	0.018379
-52.100000	0.018931
-52.066667	0.019219
-52.033333	0.019236
-52.000000	0.018972
-51.966667	0.018425
-51.933333	0.017601
-51.900000	0.016517
-51.866667	0.015165
-51.833333	0.013541
-51.800000	0.011656
-51.766667	0.009549
-51.733333	0.007260
-51.700000	0.004847
-51.666667	0.002378
-51.633333	-0.000097
-51.600000	-0.002511
-51.566667	-0.004810
-51.533333	-0.006925
-51.500000	-0.008788
-51.466667	-0.010333
-51.433333	-0.011500
-51.400000	-0.012246
-51.366667	-0.012550
-51.333333	-0.012415
-51.300000	-0.011863
-51.266667	-0.010937
-51.233333	-0.009694
-51.200000	-0.008168
-51.166667	-0.006435
-51.133333	-0.004572
-51.100000	-0.002657
-51.066667	-0.000764
-51.033333	0.001035
-51.000000	0.002670
-50.966667	0.004086
-50.933333	0.005239
-50.900000	0.006103
-50.866667	0.006670
-50.833333	0.006940
-50.800000	0.006937
-50.766667	0.006740
-50.733333	0.006381
-50.700000	0.005940
-50.666667	0.005474
-50.633333	0.005051
-50.600000	0.004751
-50.566667	0.004635
-50.533333	0.004735
-50.500000	0.005070
-50.466667	0.005639
-50.433333	0.006425
-50.400000	0.007402
-50.366667	0.008518
-50.333333	0.009712
-50.300000	0.010919
-50.266667	0.012068
-50.233333	0.013154
-50.200000	0.014070
-50.166667	0.014770
-50.133333	0.015214
-50.100000	0.015379
-50.066667	0.015247
-50.033333	0.014795
-50.000000	0.014024
-49.966667	0.012941
-49.933333	0.011560
-49.900000	0.009921
-49.866667	0.008084
-49.833333	0.006086
-49.800000	0.004027
-49.766667	0.001953
-49.733333	-0.000049
-49.700000	-0.001916
-49.666667	-0.003576
-49.633333	-0.004975
-49.600000	-0.006091
-49.566667	-0.006933
-49.533333	-0.007517
-49.500000	-0.007852
-49.466667	-0.007962
-49.433333	-0.007886
-49.400000	-0.007681
-49.366667	-0.007361
-49.333333	-0.006984
-49.300000	-0.006574
-49.266667	-0.006159
-49.233333	-0.005745
-49.200000	-0.005400
-49.166667	-0.005080
-49.133333	-0.004777
-49.100000	-0.004477
-49.066667	-0.004180
-49.033333	-0.003893
-49.000000	-0.003557
-48.966667	-0.003169
-48.933333	-0.002700
-48.900000	-0.002112
-48.866667	-0.001378
-48.833333	-0.000490
-48.800000	0.000578
-48.766667	0.001791
-48.733333	0.003170
-48.700000	0.004668
-48.666667	0.006269
-48.633333	0.007914
-48.600000	0.009540
-48.566667	0.011082
-48.533333	0.012460
-48.500000	0.013594
-48.466667	0.014406
-48.433333	0.014826
-48.400000	0.014809
-48.366667	0.014331
-48.333333	0.013363
-48.300000	0.011910
-48.266667	0.009968
-48.233333	0.007578
-48.200000	0.004797
-48.166667	0.001704
-48.133333	-0.001613
-48.100000	-0.005052
-48.066667	-0.008520
-48.033333	-0.011901
-48.000000	-0.015075
-47.966667	-0.017968
-47.933333	-0.020478
-47.900000	-0.022538
-47.866667	-0.024114
-47.833333	-0.025158
-47.800000	-0.025682
-47.766667	-0.025696
-47.733333	-0.025243
-47.700000	-0.024381
-47.666667	-0.023176
-47.633333	-0.021729
-47.600000	-0.020108
-47.566667	-0.018391
-47.533333	-0.016664
-47.500000	-0.014991
-47.466667	-0.013432
-47.433333	-0.012017
-47.400000	-0.010781
-47.366667	-0.009742
-47.333333	-0.008886
-47.300000	-0.008216
-47.266667	-0.007691
-47.233333	-0.007259
-47.200000	-0.006869
-47.166667	-0.006459
-47.133333	-0.005957
-47.100000	-0.005307
-47.066667	-0.004481
-47.033333	-0.003452
-47.000000	-0.002212
-46.966667	-0.000777
-46.933333	0.000832
-46.900000	0.002543
-46.866667	0.004277
-46.833333	0.005964
-46.800000	0.007495
-46.766667	0.008785
-46.733333	0.009727
-46.700000	0.010248
-46.666667	0.010267
-46.633333	0.009761
-46.600000	0.008722
-46.566667	0.007145
-46.533333	0.005035
-46.500000	0.002480
-46.466667	-0.000449
-46.433333	-0.003660
-46.400000	-0.007035
-46.366667	-0.010453
-46.333333	-0.013784
-46.300000	-0.016911
-46.266667	-0.019747
-46.233333	-0.022205
-46.200000	-0.024200
-46.166667	-0.025668
-46.133333	-0.026561
-46.100000	-0.026902
-46.066667	-0.026687
-46.033333	-0.025960
-46.000000	-0.024779
-45.966667	-0.023214
-45.933333	-0.021354
-45.900000	-0.019307
-45.866667	-0.017167
-45.833333	-0.015029
-45.800000	-0.012995
-45.766667	-0.011154
-45.733333	-0.009565
-45.700000	-0.008270
-45.666667	-0.007303
-45.633333	-0.006667
-45.600000	-0.006358
-45.566667	-0.006351
-45.533333	-0.006591
-45.500000	-0.007011
-45.466667	-0.007572
-45.433333	-0.008211
-45.400000	-0.008844
-45.366667	-0.009431
-45.333333	-0.009925
-45.300000	-0.010299
-45.266667	-0.010532
-45.233333	-0.010573
-45.200000	-0.010381
-45.166667	-0.009966
-45.133333	-0.009341
-45.100000	-0.008501
-45.066667	-0.007489
-45.033333	-0.006359
-45.000000	-0.005160
-44.966667	-0.003947
-44.933333	-0.002781
-44.900000	-0.001719
-44.866667	-0.000818
-44.833333	-0.000127
-44.800000	0.000339
-44.766667	0.000523
-44.733333	0.000462
-44.700000	0.000139
-44.666667	-0.000430
-44.633333	-0.001224
-44.600000	-0.002169
-44.566667	-0.003271
-44.533333	-0.004441
-44.500000	-0.005654
-44.466667	-0.006851
-44.433333	-0.007990
-44.400000	-0.009036
-44.366667	-0.009958
-44.333333	-0.010723
-44.300000	-0.011300
-44.266667	-0.011673
-44.233333	-0.011817
-44.200000	-0.011723
-44.166667	-0.011420
-44.133333	-0.010934
-44.100000	-0.010301
-44.066667	-0.009616
-44.033333	-0.008901
-44.000000	-0.008198
-43.966667	-0.007533
-43.933333	-0.006947
-43.900000	-0.006466
-43.866667	-0.006085
-43.833333	-0.005796
-43.800000	-0.005580
-43.766667	-0.005438
-43.733333	-0.005301
-43.700000	-0.005171
-43.666667	-0.004990
-43.633333	-0.004729
-43.600000	-0.004332
-43.566667	-0.003818
-43.533333	-0.003106
-43.500000	-0.002226
-43.466667	-0.001182
-43.433333	-0.000004
-43.400000	0.001266
-43.366667	0.002602
-43.333333	0.003983
-43.300000	0.005368
-43.266667	0.006714
-43.233333	0.007973
-43.200000	0.009078
-43.166667	0.009966
-43.133333	0.010584
-43.100000	0.010887
-43.066667	0.010833
-43.033333	0.010403
-43.000000	0.009590
-42.966667	0.008397
-42.933333	0.006846
-42.900000	0.004991
-42.866667	0.002881
-42.833333	0.000599
-42.800000	-0.001809
-42.766667	-0.004278
-42.733333	-0.006771
-42.700000	-0.009215
-42.666667	-0.011533
-42.633333	-0.013671
-42.600000	-0.015577
-42.566667	-0.017239
-42.533333	-0.018639
-42.500000	-0.019800
-42.466667	-0.020736
-42.433333	-0.021460
-42.400000	-0.021971
-42.366667	-0.022255
-42.333333	-0.022334
-42.300000	-0.022229
-42.266667	-0.021948
-42.233333	-0.021507
-42.200000	-0.020926
-42.166667	-0.020213
-42.133333	-0.019390
-42.100000	-0.018490
-42.066667	-0.017543
-42.033333	-0.016561
-42.000000	-0.015546
-41.966667	-0.014499
-41.933333	-0.013418
-41.900000	-0.012307
-41.866667	-0.011169
-41.833333	-0.009996
-41.800000	-0.008806
-41.766667	-0.007622
-41.733333	-0.006463
-41.700000	-0.005340
-41.666667	-0.004281
-41.633333	-0.003318
-41.600000	-0.002461
-41.566667	-0.001740
-41.533333	-0.001200
-41.500000	-0.000850
-41.466667	-0.000699
-41.433333	-0.000743
-41.400000	-0.000974
-41.366667	-0.001408
-41.333333	-0.002045
-41.300000	-0.002860
-41.266667	-0.003836
-41.233333	-0.004956
-41.200000	-0.006190
-41.166667	-0.007504
-41.133333	-0.008864
-41.100000	-0.010229
-41.066667	-0.011556
-41.033333	-0.012806
-41.000000	-0.013926
-40.966667	-0.014888
-40.933333	-0.015661
-40.900000	-0.016237
-40.866667	-0.016631
-40.833333	-0.016844
-40.800000	-0.016880
-40.766667	-0.016777
-40.733333	-0.016540
-40.700000	-0.016177
-40.666667	-0.015726
-40.633333	-0.015181
-40.600000	-0.014551
-40.566667	-0.013869
-40.533333	-0.013156
-40.500000	-0.012434
-40.466667	-0.011710
-40.433333	-0.011008
-40.400000	-0.010345
-40.366667	-0.009743
-40.333333	-0.009183
-40.300000	-0.008680
-40.266667	-0.008221
-40.233333	-0.007791
-40.200000	-0.007376
-40.166667	-0.006952
-40.133333	-0.006509
-40.100000	-0.006055
-40.066667	-0.005575
-40.033333	-0.005076
-40.000000	-0.004543
-39.966667	-0.004011
-39.933333	-0.003485
-39.900000	-0.002992
-39.866667	-0.002540
-39.833333	-0.002120
-39.800000	-0.001726
-39.766667	-0.001368
-39.733333	-0.001047
-39.700000	-0.000756
-39.666667	-0.000527
-39.633333	-0.000335
-39.600000	-0.000191
-39.566667	-0.000103
-39.533333	-0.000080
-39.500000	-0.000131
-39.466667	-0.000228
-39.433333	-0.000383
-39.400000	-0.000588
-39.366667	-0.000836
-39.333333	-0.001109
-39.300000	-0.001409
-39.266667	-0.001724
-39.233333	-0.002053
-39.200000	-0.002388
-39.166667	-0.002724
-39.133333	-0.003074
-39.100000	-0.003447
-39.066667	-0.003824
-39.033333	-0.004220
-39.000000	-0.004626
-38.966667	-0.005063
-38.933333	-0.005502
-38.900000	-0.005949
-38.866667	-0.006391
-38.833333	-0.006820
-38.800000	-0.007225
-38.766667	-0.007606
-38.733333	-0.007941
-38.700000	-0.008227
-38.666667	-0.008464
-38.633333	-0.008611
-38.600000	-0.008686
-38.566667	-0.008658
-38.533333	-0.008501
-38.500000	-0.008196
-38.466667	-0.007726
-38.433333	-0.007065
-38.400000	-0.006232
-38.366667	-0.005212
-38.333333	-0.004008
-38.300000	-0.002641
-38.266667	-0.001137
-38.233333	0.000487
-38.200000	0.002198
-38.166667	0.003965
-38.133333	0.005759
-38.100000	0.007555
-38.066667	0.009333
-38.033333	0.011061
-38.000000	0.012697
-37.966667	0.014248
-37.933333	0.015679
-37.900000	0.016968
-37.866667	0.018081
-37.833333	0.019018
-37.800000	0.019752
-37.766667	0.020254
-37.733333	0.020552
-37.700000	0.020611
-37.666667	0.020416
-37.633333	0.019986
-37.600000	0.019312
-37.566667	0.018441
-37.533333	0.017380
-37.500000	0.016125
-37.466667	0.014687
-37.433333	0.013082
-37.400000	0.011318
-37.366667	0.009442
-37.333333	0.007429
-37.300000	0.005297
-37.266667	0.003077
-37.233333	0.000801
-37.200000	-0.001508
-37.166667	-0.003816
-37.133333	-0.006069
-37.100000	-0.008236
-37.066667	-0.010283
-37.033333	-0.012180
-37.000000	-0.013879
-36.966667	-0.015321
-36.933333	-0.016515
-36.900000	-0.017414
-36.866667	-0.017999
-36.833333	-0.018235
-36.800000	-0.018134
-36.766667	-0.017676
-36.733333	-0.016855
-36.700000	-0.015707
-36.666667	-0.014247
-36.633333	-0.012486
-36.600000	-0.010463
-36.566667	-0.008229
-36.533333	-0.005820
-36.500000	-0.003290
-36.466667	-0.000684
-36.433333	0.001968
-36.400000	0.004654
-36.366667	0.007260
-36.333333	0.009770
-36.300000	0.012158
-36.266667	0.014398
-36.233333	0.016454
-36.200000	0.018303
-36.166667	0.019937
-36.133333	0.021371
-36.100000	0.022576
-36.066667	0.023581
-36.033333	0.024396
-36.000000	0.025044
-35.966667	0.025535
-35.933333	0.025881
-35.900000	0.026114
-35.866667	0.026234
-35.833333	0.026249
-35.800000	0.026156
-35.766667	0.025965
-35.733333	0.025671
-35.700000	0.025275
-35.666667	0.024761
-35.633333	0.024123
-35.600000	0.023368
-35.566667	0.022476
-35.533333	0.021480
-35.500000	0.020363
-35.466667	0.019141
-35.433333	0.017834
-35.400000	0.016440
-35.366667	0.014951
-35.333333	0.013455
-35.300000	0.011916
-35.266667	0.010391
-35.233333	0.008906
-35.200000	0.007512
-35.166667	0.006247
-35.133333	0.005157
-35.100000	0.004261
-35.066667	0.003600
-35.033333	0.003157
-35.000000	0.002954
-34.966667	0.002970
-34.933333	0.003217
-34.900000	0.003648
-34.866667	0.004236
-34.833333	0.004946
-34.800000	0.005735
-34.766667	0.006531
-34.733333	0.007299
-34.700000	0.007981
-34.666667	0.008552
-34.633333	0.008984
-34.600000	0.009245
-34.566667	0.009329
-34.533333	0.009244
-34.500000	0.008986
-34.466667	0.008579
-34.433333	0.008037
-34.400000	0.007401
-34.366667	0.006707
-34.333333	0.005979
-34.300000	0.005239
-34.266667	0.004565
-34.233333	0.003940
-34.200000	0.003412
-34.166667	0.002983
-34.133333	0.002698
-34.100000	0.002512
-34.066667	0.002436
-34.033333	0.002452
-34.000000	0.002548
-33.966667	0.002680
-33.933333	0.002814
-33.900000	0.002908
-33.866667	0.002931
-33.833333	0.002827
-33.800000	0.002563
-33.766667	0.002099
-33.733333	0.001453
-33.700000	0.000601
-33.666667	-0.000422
-33.633333	-0.001614
-33.600000	-0.002935
-33.566667	-0.004359
-33.533333	-0.005855
-33.500000	-0.007363
-33.466667	-0.008838
-33.433333	-0.010235
-33.400000	-0.011511
-33.366667	-0.012638
-33.333333	-0.013590
-33.300000	-0.014337
-33.266667	-0.014880
-33.233333	-0.015237
-33.200000	-0.015351
-33.166667	-0.015239
-33.133333	-0.014921
-33.100000	-0.014407
-33.066667	-0.013719
-33.033333	-0.012892
-33.000000	-0.011974
-32.966667	-0.010991
-32.933333	-0.009969
-32.900000	-0.008905
-32.866667	-0.007848
-32.833333	-0.006800
-32.800000	-0.005780
-32.766667	-0.004802
-32.733333	-0.003882
-32.700000	-0.003031
-32.666667	-0.002242
-32.633333	-0.001528
-32.600000	-0.000890
-32.566667	-0.000342
-32.533333	0.000135
-32.500000	0.000532
-32.466667	0.000861
-32.433333	0.001108
-32.400000	0.001274
-32.366667	0.001354
-32.333333	0.001339
-32.300000	0.001217
-32.266667	0.000979
-32.233333	0.000667
-32.200000	0.000249
-32.166667	-0.000253
-32.133333	-0.000854
-32.100000	-0.001517
-32.066667	-0.002262
-32.033333	-0.003051
-32.000000	-0.003876
-31.966667	-0.004706
-31.933333	-0.005526
-31.900000	-0.006310
-31.866667	-0.007039
-31.833333	-0.007695
-31.800000	-0.008269
-31.766667	-0.008736
-31.733333	-0.009058
-31.700000	-0.009247
-31.666667	-0.009254
-31.633333	-0.009081
-31.600000	-0.008731
-31.566667	-0.008186
-31.533333	-0.007406
-31.500000	-0.006408
-31.466667	-0.005204
-31.433333	-0.003832
-31.400000	-0.002278
-31.366667	-0.000583
-31.333333	0.001215
-31.300000	0.003076
-31.266667	0.004972
-31.233333	0.006878
-31.200000	0.008727
-31.166667	0.010531
-31.133333	0.012230
-31.100000	0.013835
-31.066667	0.015304
-31.033333	0.016625
-31.000000	0.017789
-30.966667	0.018787
-30.933333	0.019603
-30.900000	0.020240
-30.866667	0.020696
-30.833333	0.020966
-30.800000	0.021052
-30.766667	0.020966
-30.733333	0.020709
-30.700000	0.020267
-30.666667	0.019689
-30.633333	0.018949
-30.600000	0.018076
-30.566667	0.017101
-30.533333	0.016045
-30.500000	0.014880
-30.466667	0.013623
-30.433333	0.012315
-30.400000	0.010974
-30.366667	0.009604
-30.333333	0.008214
-30.300000	0.006824
-30.266667	0.005443
-30.233333	0.004069
-30.200000	0.002698
-30.166667	0.001340
-30.133333	0.000015
-30.100000	-0.001261
-30.066667	-0.002495
-30.033333	-0.003658
-30.000000	-0.004744
-29.966667	-0.005740
-29.933333	-0.006637
-29.900000	-0.007421
-29.866667	-0.008086
-29.833333	-0.008632
-29.800000	-0.009084
-29.766667	-0.009463
-29.733333	-0.009748
-29.700000	-0.009936
-29.666667	-0.010018
-29.633333	-0.010041
-29.600000	-0.009966
-29.566667	-0.009809
-29.533333	-0.009564
-29.500000	-0.009236
-29.466667	-0.008823
-29.433333	-0.008308
-29.400000	-0.007729
-29.366667	-0.007085
-29.333333	-0.006402
-29.300000	-0.005703
-29.266667	-0.005014
-29.233333	-0.004356
-29.200000	-0.003741
-29.166667	-0.003172
-29.133333	-0.002655
-29.100000	-0.002188
-29.066667	-0.001773
-29.033333	-0.001434
-29.000000	-0.001143
-28.966667	-0.000907
-28.933333	-0.000729
-28.900000	-0.000613
-28.866667	-0.000571
-28.833333	-0.000610
-28.800000	-0.000747
-28.766667	-0.000964
-28.733333	-0.001236
-28.700000	-0.001582
-28.666667	-0.002004
-28.633333	-0.002519
-28.600000	-0.003085
-28.566667	-0.003734
-28.533333	-0.004459
-28.500000	-0.005266
-28.466667	-0.006153
-28.433333	-0.007130
-28.400000	-0.008201
-28.366667	-0.009361
-28.333333	-0.010600
-28.300000	-0.011913
-28.266667	-0.013295
-28.233333	-0.014730
-28.200000	-0.016201
-28.166667	-0.017692
-28.133333	-0.019176
-28.100000	-0.020617
-28.066667	-0.021998
-28.033333	-0.023300
-28.000000	-0.024476
-27.966667	-0.025525
-27.933333	-0.026419
-27.900000	-0.027141
-27.866667	-0.027682
-27.833333	-0.028034
-27.800000	-0.028198
-27.766667	-0.028175
-27.733333	-0.027972
-27.700000	-0.027596
-27.666667	-0.027055
-27.633333	-0.026368
-27.600000	-0.025546
-27.566667	-0.024614
-27.533333	-0.023586
-27.500000	-0.022484
-27.466667	-0.021334
-27.433333	-0.020167
-27.400000	-0.018997
-27.366667	-0.017847
-27.333333	-0.016732
-27.300000	-0.015679
-27.266667	-0.014710
-27.233333	-0.013819
-27.200000	-0.013018
-27.166667	-0.012302
-27.133333	-0.011660
-27.100000	-0.011091
-27.066667	-0.010595
-27.033333	-0.010175
-27.000000	-0.009833
-26.966667	-0.009570
-26.933333	-0.009391
-26.900000	-0.009302
-26.866667	-0.009299
-26.833333	-0.009371
-26.800000	-0.009510
-26.766667	-0.009697
-26.733333	-0.009915
-26.700000	-0.010146
-26.666667	-0.010369
-26.633333	-0.010569
-26.600000	-0.010730
-26.566667	-0.010836
-26.533333	-0.010878
-26.500000	-0.010854
-26.466667	-0.010763
-26.433333	-0.010602
-26.400000	-0.010362
-26.366667	-0.010039
-26.333333	-0.009633
-26.300000	-0.009140
-26.266667	-0.008556
-26.233333	-0.007865
-26.200000	-0.007075
-26.166667	-0.006174
-26.133333	-0.005169
-26.100000	-0.004073
-26.066667	-0.002894
-26.033333	-0.001642
-26.000000	-0.000324
-25.966667	0.001046
-25.933333	0.002463
-25.900000	0.003924
-25.866667	0.005428
-25.833333	0.006972
-25.800000	0.008548
-25.766667	0.010140
-25.733333	0.011714
-25.700000	0.013257
-25.666667	0.014723
-25.633333	0.016084
-25.600000	0.017312
-25.566667	0.018375
-25.533333	0.019234
-25.500000	0.019867
-25.466667	0.020264
-25.433333	0.020427
-25.400000	0.020367
-25.366667	0.020074
-25.333333	0.019562
-25.300000	0.018840
-25.266667	0.017930
-25.233333	0.016851
-25.200000	0.015624
-25.166667	0.014263
-25.133333	0.012785
-25.100000	0.011231
-25.066667	0.009635
-25.033333	0.008023
-25.000000	0.006403
-24.966667	0.004796
-24.933333	0.003237
-24.900000	0.001707
-24.866667	0.000225
-24.833333	-0.001218
-24.800000	-0.002622
-24.766667	-0.004005
-24.733333	-0.005385
-24.700000	-0.006769
-24.666667	-0.008181
-24.633333	-0.009619
-24.600000	-0.011097
-24.566667	-0.012632
-24.533333	-0.014231
-24.500000	-0.015893
-24.466667	-0.017615
-24.433333	-0.019401
-24.400000	-0.021243
-24.366667	-0.023147
-24.333333	-0.025101
-24.300000	-0.027092
-24.266667	-0.029091
-24.233333	-0.031123
-24.200000	-0.033141
-24.166667	-0.035140
-24.133333	-0.037090
-24.100000	-0.038958
-24.066667	-0.040734
-24.033333	-0.042406
-24.000000	-0.043966
-23.966667	-0.045381
-23.933333	-0.046640
-23.900000	-0.047760
-23.866667	-0.048682
-23.833333	-0.049456
-23.800000	-0.050037
-23.766667	-0.050448
-23.733333	-0.050690
-23.700000	-0.050783
-23.666667	-0.050732
-23.633333	-0.050559
-23.600000	-0.050280
-23.566667	-0.049913
-23.533333	-0.049479
-23.500000	-0.048994
-23.466667	-0.048474
-23.433333	-0.047934
-23.400000	-0.047383
-23.366667	-0.046839
-23.333333	-0.046315
-23.300000	-0.045808
-23.266667	-0.045318
-23.233333	-0.044867
-23.200000	-0.044422
-23.166667	-0.044007
-23.133333	-0.043598
-23.100000	-0.043207
-23.066667	-0.042805
-23.033333	-0.042394
-23.000000	-0.041985
-22.966667	-0.041548
-22.933333	-0.041089
-22.900000	-0.040590
-22.866667	-0.040042
-22.833333	-0.039468
-22.800000	-0.038831
-22.766667	-0.038145
-22.733333	-0.037377
-22.700000	-0.036580
-22.666667	-0.035702
-22.633333	-0.034765
-22.600000	-0.033753
-22.566667	-0.032659
-22.533333	-0.031475
-22.500000	-0.030189
-22.466667	-0.028785
-22.433333	-0.027248
-22.400000	-0.025562
-22.366667	-0.023715
-22.333333	-0.021685
-22.300000	-0.019458
-22.266667	-0.017025
-22.233333	-0.014410
-22.200000	-0.011615
-22.166667	-0.008646
-22.133333	-0.005507
-22.100000	-0.002229
-22.066667	0.001165
-22.033333	0.004618
-22.000000	0.008106
-21.966667	0.011608
-21.933333	0.015055
-21.900000	0.018419
-21.866667	0.021657
-21.833333	0.024731
-21.800000	0.027610
-21.766667	0.030269
-21.733333	0.032682
-21.700000	0.034804
-21.666667	0.036685
-21.633333	0.038273
-21.600000	0.039603
-21.566667	0.040675
-21.533333	0.041510
-21.500000	0.042130
-21.466667	0.042561
-21.433333	0.042829
-21.400000	0.042957
-21.366667	0.042989
-21.333333	0.042955
-21.300000	0.042882
-21.266667	0.042795
-21.233333	0.042719
-21.200000	0.042654
-21.166667	0.042602
-21.133333	0.042592
-21.100000	0.042606
-21.066667	0.042624
-21.033333	0.042651
-21.000000	0.042692
-20.966667	0.042721
-20.933333	0.042743
-20.900000	0.042768
-20.866667	0.042799
-20.833333	0.042840
-20.800000	0.042889
-20.766667	0.042947
-20.733333	0.043018
-20.700000	0.043113
-20.666667	0.043228
-20.633333	0.043352
-20.600000	0.043499
-20.566667	0.043657
-20.533333	0.043831
-20.500000	0.044020
-20.466667	0.044228
-20.433333	0.044451
-20.400000	0.044683
-20.366667	0.044940
-20.333333	0.045191
-20.300000	0.045433
-20.266667	0.045642
-20.233333	0.045792
-20.200000	0.045834
-20.166667	0.045774
-20.133333	0.045620
-20.100000	0.045296
-20.066667	0.044819
-20.033333	0.044183
-20.000000	0.043398
-19.966667	0.042467
-19.933333	0.041417
-19.900000	0.040263
-19.866667	0.039018
-19.833333	0.037710
-19.800000	0.036370
-19.766667	0.035048
-19.733333	0.033727
-19.700000	0.032455
-19.666667	0.031278
-19.633333	0.030220
-19.600000	0.029269
-19.566667	0.028443
-19.533333	0.027735
-19.500000	0.027156
-19.466667	0.026694
-19.433333	0.026340
-19.400000	0.026079
-19.366667	0.025900
-19.333333	0.025767
-19.300000	0.025664
-19.266667	0.025558
-19.233333	0.025423
-19.200000	0.025235
-19.166667	0.024979
-19.133333	0.024636
-19.100000	0.024171
-19.066667	0.023623
-19.033333	0.022963
-19.000000	0.022197
-18.966667	0.021350
-18.933333	0.020426
-18.900000	0.019454
-18.866667	0.018458
-18.833333	0.017481
-18.800000	0.016567
-18.766667	0.015749
-18.733333	0.015040
-18.700000	0.014505
-18.666667	0.014129
-18.633333	0.013868
-18.600000	0.013741
-18.566667	0.013747
-18.533333	0.013840
-18.500000	0.014008
-18.466667	0.014215
-18.433333	0.014431
-18.400000	0.014616
-18.366667	0.014734
-18.333333	0.014754
-18.300000	0.014656
-18.266667	0.014434
-18.233333	0.014090
-18.200000	0.013640
-18.166667	0.013082
-18.133333	0.012402
-18.100000	0.011626
-18.066667	0.010766
-18.033333	0.009840
-18.000000	0.008866
-17.966667	0.007884
-17.933333	0.006915
-17.900000	0.005994
-17.866667	0.005141
-17.833333	0.004383
-17.800000	0.003738
-17.766667	0.003208
-17.733333	0.002788
-17.700000	0.002454
-17.666667	0.002180
-17.633333	0.001963
-17.600000	0.001808
-17.566667	0.001654
-17.533333	0.001478
-17.500000	0.001271
-17.466667	0.001016
-17.433333	0.000696
-17.400000	0.000311
-17.366667	-0.000128
-17.333333	-0.000593
-17.300000	-0.001059
-17.266667	-0.001506
-17.233333	-0.001928
-17.200000	-0.002255
-17.166667	-0.002543
-17.133333	-0.002743
-17.100000	-0.002825
-17.066667	-0.002775
-17.033333	-0.002572
-17.000000	-0.002204
-16.966667	-0.001663
-16.933333	-0.000951
-16.900000	-0.000079
-16.866667	0.000950
-16.833333	0.002116
-16.800000	0.003394
-16.766667	0.004763
-16.733333	0.006209
-16.700000	0.007695
-16.666667	0.009174
-16.633333	0.010602
-16.600000	0.011949
-16.566667	0.013163
-16.533333	0.014225
-16.500000	0.015124
-16.466667	0.015808
-16.433333	0.016309
-16.400000	0.016605
-16.366667	0.016703
-16.333333	0.016585
-16.300000	0.016280
-16.266667	0.015770
-16.233333	0.015088
-16.200000	0.014271
-16.166667	0.013283
-16.133333	0.012199
-16.100000	0.011017
-16.066667	0.009790
-16.033333	0.008547
-16.000000	0.007310
-15.966667	0.006108
-15.933333	0.004977
-15.900000	0.003942
-15.866667	0.003014
-15.833333	0.002195
-15.800000	0.001498
-15.766667	0.000902
-15.733333	0.000416
-15.700000	0.000002
-15.666667	-0.000352
-15.633333	-0.000653
-15.600000	-0.000907
-15.566667	-0.001127
-15.533333	-0.001303
-15.500000	-0.001435
-15.466667	-0.001565
-15.433333	-0.001647
-15.400000	-0.001722
-15.366667	-0.001776
-15.333333	-0.001823
-15.300000	-0.001838
-15.266667	-0.001850
-15.233333	-0.001842
-15.200000	-0.001834
-15.166667	-0.001806
-15.133333	-0.001775
-15.100000	-0.001734
-15.066667	-0.001692
-15.033333	-0.001660
-15.000000	-0.001643
-14.966667	-0.001645
-14.933333	-0.001682
-14.900000	-0.001777
-14.866667	-0.001945
-14.833333	-0.002191
-14.800000	-0.002521
-14.766667	-0.002958
-14.733333	-0.003491
-14.700000	-0.004094
-14.666667	-0.004771
-14.633333	-0.005514
-14.600000	-0.006335
-14.566667	-0.007225
-14.533333	-0.008157
-14.500000	-0.009118
-14.466667	-0.010104
-14.433333	-0.011089
-14.400000	-0.012054
-14.366667	-0.012988
-14.333333	-0.013891
-14.300000	-0.014718
-14.266667	-0.015475
-14.233333	-0.016161
-14.200000	-0.016765
-14.166667	-0.017273
-14.133333	-0.017708
-14.100000	-0.018062
-14.066667	-0.018344
-14.033333	-0.018548
-14.000000	-0.018671
-13.966667	-0.018717
-13.933333	-0.018692
-13.900000	-0.018586
-13.866667	-0.018406
-13.833333	-0.018149
-13.800000	-0.017812
-13.766667	-0.017407
-13.733333	-0.016934
-13.700000	-0.016365
-13.666667	-0.015744
-13.633333	-0.015068
-13.600000	-0.014344
-13.566667	-0.013560
-13.533333	-0.012712
-13.500000	-0.011817
-13.466667	-0.010895
-13.433333	-0.009960
-13.400000	-0.009016
-13.366667	-0.008106
-13.333333	-0.007234
-13.300000	-0.006405
-13.266667	-0.005661
-13.233333	-0.005006
-13.200000	-0.004450
-13.166667	-0.003986
-13.133333	-0.003603
-13.100000	-0.003331
-13.066667	-0.003153
-13.033333	-0.003076
-13.000000	-0.003087
-12.966667	-0.003184
-12.933333	-0.003364
-12.900000	-0.003608
-12.866667	-0.003901
-12.833333	-0.004224
-12.800000	-0.004578
-12.766667	-0.004955
-12.733333	-0.005340
-12.700000	-0.005713
-12.666667	-0.006062
-12.633333	-0.006383
-12.600000	-0.006685
-12.566667	-0.006978
-12.533333	-0.007248
-12.500000	-0.007498
-12.466667	-0.007742
-12.433333	-0.007983
-12.400000	-0.008232
-12.366667	-0.008478
-12.333333	-0.008723
-12.300000	-0.008968
-12.266667	-0.009211
-12.233333	-0.009450
-12.200000	-0.009680
-12.166667	-0.009885
-12.133333	-0.010083
-12.100000	-0.010296
-12.066667	-0.010483
-12.033333	-0.010674
-12.000000	-0.010862
-11.966667	-0.011019
-11.933333	-0.011155
-11.900000	-0.011263
-11.866667	-0.011324
-11.833333	-0.011352
-11.800000	-0.011351
-11.766667	-0.011305
-11.733333	-0.011196
-11.700000	-0.011052
-11.666667	-0.010849
-11.633333	-0.010618
-11.600000	-0.010362
-11.566667	-0.010067
-11.533333	-0.009729
-11.500000	-0.009361
-11.466667	-0.008965
-11.433333	-0.008547
-11.400000	-0.008129
-11.366667	-0.007674
-11.333333	-0.007229
-11.300000	-0.006815
-11.266667	-0.006431
-11.233333	-0.006107
-11.200000	-0.005849
-11.166667	-0.005673
-11.133333	-0.005592
-11.100000	-0.005616
-11.066667	-0.005745
-11.033333	-0.005996
-11.000000	-0.006351
-10.966667	-0.006805
-10.933333	-0.007350
-10.900000	-0.008006
-10.866667	-0.008712
-10.833333	-0.009486
-10.800000	-0.010335
-10.766667	-0.011181
-10.733333	-0.012038
-10.700000	-0.012882
-10.666667	-0.013668
-10.633333	-0.014397
-10.600000	-0.015034
-10.566667	-0.015562
-10.533333	-0.015967
-10.500000	-0.016234
-10.466667	-0.016358
-10.433333	-0.016349
-10.400000	-0.016210
-10.366667	-0.015931
-10.333333	-0.015571
-10.300000	-0.015136
-10.266667	-0.014628
-10.233333	-0.014086
-10.200000	-0.013506
-10.166667	-0.012940
-10.133333	-0.012400
-10.100000	-0.011917
-10.066667	-0.011511
-10.033333	-0.011193
-10.000000	-0.010965
-9.966667	-0.010834
-9.933333	-0.010787
-9.900000	-0.010852
-9.866667	-0.010984
-9.833333	-0.011210
-9.800000	-0.011509
-9.766667	-0.011821
-9.733333	-0.012167
-9.700000	-0.012489
-9.666667	-0.012777
-9.633333	-0.013000
-9.600000	-0.013136
-9.566667	-0.013197
-9.533333	-0.013164
-9.500000	-0.013039
-9.466667	-0.012818
-9.433333	-0.012505
-9.400000	-0.012105
-9.366667	-0.011637
-9.333333	-0.011140
-9.300000	-0.010606
-9.266667	-0.010067
-9.233333	-0.009533
-9.200000	-0.009031
-9.166667	-0.008588
-9.133333	-0.008190
-9.100000	-0.007859
-9.066667	-0.007604
-9.033333	-0.007406
-9.000000	-0.007278
-8.966667	-0.007217
-8.933333	-0.007217
-8.900000	-0.007264
-8.866667	-0.007350
-8.833333	-0.007461
-8.800000	-0.007578
-8.766667	-0.007681
-8.733333	-0.007755
-8.700000	-0.007794
-8.666667	-0.007792
-8.633333	-0.007776
-8.600000	-0.007749
-8.566667	-0.007734
-8.533333	-0.007722
-8.500000	-0.007736
-8.466667	-0.007785
-8.433333	-0.007877
-8.400000	-0.008009
-8.366667	-0.008199
-8.333333	-0.008467
-8.300000	-0.008748
-8.266667	-0.009092
-8.233333	-0.009462
-8.200000	-0.009861
-8.166667	-0.010271
-8.133333	-0.010674
-8.100000	-0.011064
-8.066667	-0.011424
-8.033333	-0.011726
-8.000000	-0.011976
-7.966667	-0.012119
-7.933333	-0.012188
-7.900000	-0.012111
-7.866667	-0.011926
-7.833333	-0.011609
-7.800000	-0.011165
-7.766667	-0.010604
-7.733333	-0.009939
-7.700000	-0.009187
-7.666667	-0.008369
-7.633333	-0.007520
-7.600000	-0.006652
-7.566667	-0.005803
-7.533333	-0.004998
-7.500000	-0.004259
-7.466667	-0.003614
-7.433333	-0.003071
-7.400000	-0.002644
-7.366667	-0.002372
-7.333333	-0.002250
-7.300000	-0.002259
-7.266667	-0.002436
-7.233333	-0.002748
-7.200000	-0.003203
-7.166667	-0.003784
-7.133333	-0.004476
-7.100000	-0.005264
-7.066667	-0.006128
-7.033333	-0.007054
-7.000000	-0.008025
-6.966667	-0.009005
-6.933333	-0.010004
-6.900000	-0.010942
-6.866667	-0.011857
-6.833333	-0.012700
-6.800000	-0.013465
-6.766667	-0.014154
-6.733333	-0.014755
-6.700000	-0.015269
-6.666667	-0.015704
-6.633333	-0.016057
-6.600000	-0.016344
-6.566667	-0.016569
-6.533333	-0.016743
-6.500000	-0.016852
-6.466667	-0.016914
-6.433333	-0.016918
-6.400000	-0.016871
-6.366667	-0.016776
-6.333333	-0.016618
-6.300000	-0.016408
-6.266667	-0.016141
-6.233333	-0.015826
-6.200000	-0.015468
-6.166667	-0.015070
-6.133333	-0.014641
-6.100000	-0.014179
-6.066667	-0.013670
-6.033333	-0.013122
-6.000000	-0.012547
-5.966667	-0.011950
-5.933333	-0.011344
-5.900000	-0.010733
-5.866667	-0.010137
-5.833333	-0.009580
-5.800000	-0.009077
-5.766667	-0.008650
-5.733333	-0.008295
-5.700000	-0.008033
-5.666667	-0.007857
-5.633333	-0.007765
-5.600000	-0.007773
-5.566667	-0.007876
-5.533333	-0.008071
-5.500000	-0.008348
-5.466667	-0.008721
-5.433333	-0.009161
-5.400000	-0.009679
-5.366667	-0.010259
-5.333333	-0.010892
-5.300000	-0.011566
-5.266667	-0.012264
-5.233333	-0.012977
-5.200000	-0.013701
-5.166667	-0.014408
-5.133333	-0.015101
-5.100000	-0.015749
-5.066667	-0.016327
-5.033333	-0.016865
-5.000000	-0.017355
-4.966667	-0.017771
-4.933333	-0.018130
-4.900000	-0.018431
-4.866667	-0.018685
-4.833333	-0.018892
-4.800000	-0.019039
-4.766667	-0.019148
-4.733333	-0.019198
-4.700000	-0.019205
-4.666667	-0.019167
-4.633333	-0.019093
-4.600000	-0.018973
-4.566667	-0.018834
-4.533333	-0.018659
-4.500000	-0.018460
-4.466667	-0.018239
-4.433333	-0.017988
-4.400000	-0.017730
-4.366667	-0.017458
-4.333333	-0.017181
-4.300000	-0.016902
-4.266667	-0.016623
-4.233333	-0.016345
-4.200000	-0.016072
-4.166667	-0.015794
-4.133333	-0.015534
-4.100000	-0.015266
-4.066667	-0.015006
-4.033333	-0.014767
-4.000000	-0.014539
-3.966667	-0.014320
-3.933333	-0.014142
-3.900000	-0.013988
-3.866667	-0.013867
-3.833333	-0.013772
-3.800000	-0.013708
-3.766667	-0.013688
-3.733333	-0.013671
-3.700000	-0.013708
-3.666667	-0.013763
-3.633333	-0.013836
-3.600000	-0.013914
-3.566667	-0.014014
-3.533333	-0.014126
-3.500000	-0.014270
-3.466667	-0.014427
-3.433333	-0.014589
-3.400000	-0.014767
-3.366667	-0.014959
-3.333333	-0.015161
-3.300000	-0.015367
-3.266667	-0.015563
-3.233333	-0.015742
-3.200000	-0.015906
-3.166667	-0.016048
-3.133333	-0.016164
-3.100000	-0.016246
-3.066667	-0.016310
-3.033333	-0.016351
-3.000000	-0.016383
-2.966667	-0.016409
-2.933333	-0.016433
-2.900000	-0.016454
-2.866667	-0.016477
-2.833333	-0.016501
-2.800000	-0.016522
-2.766667	-0.016526
-2.733333	-0.016503
-2.700000	-0.016458
-2.666667	-0.016357
-2.633333	-0.016209
-2.600000	-0.016000
-2.566667	-0.015738
-2.533333	-0.015422
-2.500000	-0.015031
-2.466667	-0.014560
-2.433333	-0.014008
-2.400000	-0.013385
-2.366667	-0.012678
-2.333333	-0.011889
-2.300000	-0.011023
-2.266667	-0.010094
-2.233333	-0.009131
-2.200000	-0.008166
-2.166667	-0.007219
-2.133333	-0.006311
-2.100000	-0.005490
-2.066667	-0.004779
-2.033333	-0.004203
-2.000000	-0.003773
-1.966667	-0.003500
-1.933333	-0.003374
-1.900000	-0.003401
-1.866667	-0.003572
-1.833333	-0.003884
-1.800000	-0.004317
-1.766667	-0.004857
-1.733333	-0.005485
-1.700000	-0.006182
-1.666667	-0.006923
-1.633333	-0.007680
-1.600000	-0.008431
-1.566667	-0.009148
-1.533333	-0.009799
-1.500000	-0.010372
-1.466667	-0.010864
-1.433333	-0.011243
-1.400000	-0.011526
-1.366667	-0.011703
-1.333333	-0.011781
-1.300000	-0.011772
-1.266667	-0.011689
-1.233333	-0.011543
-1.200000	-0.011338
-1.166667	-0.011072
-1.133333	-0.010754
-1.100000	-0.010395
-1.066667	-0.009984
-1.033333	-0.009531
-1.000000	-0.009031
-0.966667	-0.008486
-0.933333	-0.007896
-0.900000	-0.007265
-0.866667	-0.006599
-0.833333	-0.005924
-0.800000	-0.005210
-0.766667	-0.004471
-0.733333	-0.003718
-0.700000	-0.002930
-0.666667	-0.002126
-0.633333	-0.001315
-0.600000	-0.000503
-0.566667	0.000300
-0.533333	0.001070
-0.500000	0.001783
-0.466667	0.002411
-0.433333	0.002954
-0.400000	0.003384
-0.366667	0.003712
-0.333333	0.003932
-0.300000	0.004039
-0.266667	0.004028
-0.233333	0.003901
-0.200000	0.003661
-0.166667	0.003313
-0.133333	0.002870
-0.100000	0.002343
-0.066667	0.001748
-0.033333	0.001101
-0.000000	0.000415
0.033333	-0.000293
0.066667	-0.001010
0.100000	-0.001713
0.133333	-0.002368
0.166667	-0.002976
0.200000	-0.003523
0.233333	-0.004020
0.266667	-0.004437
0.300000	-0.004756
0.333333	-0.005010
0.366667	-0.005189
0.400000	-0.005296
0.433333	-0.005381
0.466667	-0.005417
0.500000	-0.005434
0.533333	-0.005481
0.566667	-0.005532
0.600000	-0.005634
0.633333	-0.005773
0.666667	-0.005926
0.700000	-0.006153
0.733333	-0.006417
0.766667	-0.006736
0.800000	-0.007109
0.833333	-0.007502
0.866667	-0.007923
0.900000	-0.008356
0.933333	-0.008803
0.966667	-0.009243
1.000000	-0.009687
1.033333	-0.010104
1.066667	-0.010487
1.100000	-0.010809
1.133333	-0.011058
1.166667	-0.011248
1.200000	-0.011376
1.233333	-0.011422
1.266667	-0.011378
1.300000	-0.011267
1.333333	-0.011101
1.366667	-0.010879
1.400000	-0.010607
1.433333	-0.010326
1.466667	-0.010019
1.500000	-0.009720
1.533333	-0.009452
1.566667	-0.009190
1.600000	-0.008961
1.633333	-0.008735
1.666667	-0.008538
1.700000	-0.008388
1.733333	-0.008255
1.766667	-0.008170
1.800000	-0.008112
1.833333	-0.008073
1.866667	-0.008081
1.900000	-0.008110
1.933333	-0.008171
1.966667	-0.008248
2.000000	-0.008352
2.033333	-0.008454
2.066667	-0.008567
2.100000	-0.008671
2.133333	-0.008761
2.166667	-0.008837
2.200000	-0.008898
2.233333	-0.008937
2.266667	-0.008952
2.300000	-0.008940
2.333333	-0.008890
2.366667	-0.008817
2.400000	-0.008704
2.433333	-0.008570
2.466667	-0.008401
2.500000	-0.008189
2.533333	-0.007953
2.566667	-0.007672
2.600000	-0.007350
2.633333	-0.006985
2.666667	-0.006574
2.700000	-0.006099
2.733333	-0.005581
2.766667	-0.004999
2.800000	-0.004361
2.833333	-0.003674
2.866667	-0.002939
2.900000	-0.002155
2.933333	-0.001334
2.966667	-0.000470
3.000000	0.000432
3.033333	0.001360
3.066667	0.002293
3.100000	0.003225
3.133333	0.004160
3.166667	0.005063
3.200000	0.005930
3.233333	0.006741
3.266667	0.007487
3.300000	0.008159
3.333333	0.008750
3.366667	0.009246
3.400000	0.009666
3.433333	0.009997
3.466667	0.010243
3.500000	0.010409
3.533333	0.010500
3.566667	0.010521
3.600000	0.010480
3.633333	0.010379
3.666667	0.010217
3.700000	0.010017
3.733333	0.009797
3.766667	0.009560
3.800000	0.009293
3.833333	0.009022
3.866667	0.008748
3.900000	0.008483
3.933333	0.008224
3.966667	0.007974
4.000000	0.007735
4.033333	0.007502
4.066667	0.007270
4.100000	0.007052
4.133333	0.006851
4.166667	0.006654
4.200000	0.006496
4.233333	0.006351
4.266667	0.006247
4.300000	0.006189
4.333333	0.006171
4.366667	0.006214
4.400000	0.006305
4.433333	0.006446
4.466667	0.006631
4.500000	0.006858
4.533333	0.007132
4.566667	0.007447
4.600000	0.007794
4.633333	0.008160
4.666667	0.008534
4.700000	0.008948
4.733333	0.009344
4.766667	0.009703
4.800000	0.010012
4.833333	0.010278
4.866667	0.010467
4.900000	0.010570
4.933333	0.010590
4.966667	0.010520
5.000000	0.010358
5.033333	0.010105
5.066667	0.009782
5.100000	0.009363
5.133333	0.008878
5.166667	0.008345
5.200000	0.007752
5.233333	0.007123
5.266667	0.006475
5.300000	0.005814
5.333333	0.005139
5.366667	0.004488
5.400000	0.003858
5.433333	0.003250
5.466667	0.002687
5.500000	0.002170
5.533333	0.001702
5.566667	0.001278
5.600000	0.000890
5.633333	0.000538
5.666667	0.000222
5.700000	-0.000052
5.733333	-0.000315
5.766667	-0.000565
5.800000	-0.000790
5.833333	-0.001001
5.866667	-0.001196
5.900000	-0.001377
5.933333	-0.001535
5.966667	-0.001680
6.000000	-0.001817
6.033333	-0.001937
6.066667	-0.002035
6.100000	-0.002131
6.133333	-0.002198
6.166667	-0.002247
6.200000	-0.002283
6.233333	-0.002278
6.266667	-0.002249
6.300000	-0.002183
6.333333	-0.002092
6.366667	-0.001965
6.400000	-0.001809
6.433333	-0.001633
6.466667	-0.001428
6.500000	-0.001208
6.533333	-0.000974
6.566667	-0.000728
6.600000	-0.000472
6.633333	-0.000206
6.666667	0.000070
6.700000	0.000356
6.733333	0.000648
6.766667	0.000925
6.800000	0.001193
6.833333	0.001470
6.866667	0.001718
6.900000	0.001945
6.933333	0.002147
6.966667	0.002323
7.000000	0.002451
7.033333	0.002561
7.066667	0.002637
7.100000	0.002674
7.133333	0.002667
7.166667	0.002625
7.200000	0.002559
7.233333	0.002446
7.266667	0.002311
7.300000	0.002138
7.333333	0.001920
7.366667	0.001697
7.400000	0.001434
7.433333	0.001172
7.466667	0.000885
7.500000	0.000598
7.533333	0.000306
7.566667	0.000018
7.600000	-0.000265
7.633333	-0.000540
7.666667	-0.000807
7.700000	-0.001065
7.733333	-0.001306
7.766667	-0.001538
7.800000	-0.001766
7.833333	-0.001964
7.866667	-0.002158
7.900000	-0.002334
7.933333	-0.002485
7.966667	-0.002617
8.000000	-0.002720
8.033333	-0.002790
8.066667	-0.002840
8.100000	-0.002854
8.133333	-0.002840
8.166667	-0.002793
8.200000	-0.002718
8.233333	-0.002630
8.266667	-0.002505
8.300000	-0.002366
8.333333	-0.002203
8.366667	-0.002020
8.400000	-0.001837
8.433333	-0.001629
8.466667	-0.001460
8.500000	-0.001277
8.533333	-0.001125
8.566667	-0.001001
8.600000	-0.000921
8.633333	-0.000891
8.666667	-0.000911
8.700000	-0.000978
8.733333	-0.001089
8.766667	-0.001258
8.800000	-0.001504
8.833333	-0.001783
8.866667	-0.002116
8.900000	-0.002506
8.933333	-0.002937
8.966667	-0.003420
9.000000	-0.003953
9.033333	-0.004534
9.066667	-0.005157
9.100000	-0.005820
9.133333	-0.006520
9.166667	-0.007249
9.200000	-0.007998
9.233333	-0.008756
9.266667	-0.009509
9.300000	-0.010247
9.333333	-0.010966
9.366667	-0.011666
9.400000	-0.012331
9.433333	-0.012967
9.466667	-0.013553
9.500000	-0.014060
9.533333	-0.014523
9.566667	-0.014917
9.600000	-0.015250
9.633333	-0.015511
9.666667	-0.015676
9.700000	-0.015742
9.733333	-0.015726
9.766667	-0.015639
9.800000	-0.015478
9.833333	-0.015227
9.866667	-0.014932
9.900000	-0.014572
9.933333	-0.014175
9.966667	-0.013745
10.000000	-0.013291
10.033333	-0.012818
10.066667	-0.012340
10.100000	-0.011859
10.133333	-0.011383
10.166667	-0.010914
10.200000	-0.010457
10.233333	-0.010015
10.266667	-0.009591
10.300000	-0.009191
10.333333	-0.008818
10.366667	-0.008472
10.400000	-0.008151
10.433333	-0.007850
10.466667	-0.007569
10.500000	-0.007313
10.533333	-0.007082
10.566667	-0.006868
10.600000	-0.006663
10.633333	-0.006455
10.666667	-0.006233
10.700000	-0.006011
10.733333	-0.005792
10.766667	-0.005563
10.800000	-0.005322
10.833333	-0.005075
10.866667	-0.004823
10.900000	-0.004563
10.933333	-0.004301
10.966667	-0.004034
11.000000	-0.003765
11.033333	-0.003496
11.066667	-0.003228
11.100000	-0.002964
11.133333	-0.002705
11.166667	-0.002454
11.200000	-0.002213
11.233333	-0.001984
11.266667	-0.001770
11.300000	-0.001571
11.333333	-0.001389
11.366667	-0.001225
11.400000	-0.001079
11.433333	-0.000951
11.466667	-0.000838
11.500000	-0.000740
11.533333	-0.000652
11.566667	-0.000571
11.600000	-0.000498
11.633333	-0.000431
11.666667	-0.000369
11.700000	-0.000311
11.733333	-0.000256
11.766667	-0.000203
11.800000	-0.000151
11.833333	-0.000099
11.866667	-0.000046
11.900000	0.000010
11.933333	0.000069
11.966667	0.000132
