-88.000000	0.000040
-87.966667	0.000042
-87.933333	0.000041
-87.900000	0.000037
-87.866667	0.000030
-87.833333	0.000022
-87.800000	0.000012
-87.766667	0.000000
-87.733333	-0.000012
-87.700000	-0.000025
-87.666667	-0.000039
-87.633333	-0.000052
-87.600000	-0.000065
-87.566667	-0.000078
-87.533333	-0.000089
-87.500000	-0.000099
-87.466667	-0.000105
-87.433333	-0.000109
-87.400000	-0.000110
-87.366667	-0.000107
-87.333333	-0.000100
-87.300000	-0.000091
-87.266667	-0.000077
-87.233333	-0.000061
-87.200000	-0.000041
-87.166667	-0.000019
-87.133333	0.000006
-87.100000	0.000032
-87.066667	0.000060
-87.033333	0.000088
-87.000000	0.000118
-86.966667	0.000147
-86.933333	0.000166
-86.900000	0.000186
-86.866667	0.000212
-86.833333	0.000234
-86.800000	0.000215
-86.766667	0.000247
-86.733333	0.000255
-86.700000	0.000271
-86.666667	0.000281
-86.633333	0.000278
-86.600000	0.000254
-86.566667	0.000225
-86.533333	0.000235
-86.500000	0.000272
-86.466667	0.000268
-86.433333	0.000244
-86.400000	0.000296
-86.366667	0.000287
-86.333333	0.000318
-86.300000	0.000344
-86.266667	0.000379
-86.233333	0.000424
-86.200000	0.000479
-86.166667	0.000542
-86.133333	0.000604
-86.100000	0.000665
-86.066667	0.000733
-86.033333	0.000815
-86.000000	0.000917
-85.966667	0.000996
-85.933333	0.001020
-85.900000	0.001030
-85.866667	0.001140
-85.833333	0.001202
-85.800000	0.001241
-85.766667	0.001272
-85.733333	0.001288
-85.700000	0.001288
-85.666667	0.001275
-85.633333	0.001239
-85.600000	0.001200
-85.566667	0.001176
-85.533333	0.001165
-85.500000	0.001117
-85.466667	0.001031
-85.433333	0.000976
-85.400000	0.000945
-85.366667	0.000843
-85.333333	0.000840
-85.300000	0.000774
-85.266667	0.000750
-85.233333	0.000733
-85.200000	0.000723
-85.166667	0.000717
-85.133333	0.000716
-85.100000	0.000726
-85.066667	0.000751
-85.033333	0.000791
-85.000000	0.000858
-84.966667	0.000859
-84.933333	0.000927
-84.900000	0.000975
-84.866667	0.001020
-84.833333	0.001045
-84.800000	0.001061
-84.766667	0.001090
-84.733333	0.001108
-84.700000	0.001090
-84.666667	0.001067
-84.633333	0.001038
-84.600000	0.001010
-84.566667	0.000973
-84.533333	0.000913
-84.500000	0.000848
-84.466667	0.000837
-84.433333	0.000746
-84.400000	0.000694
-84.366667	0.000649
-84.333333	0.000603
-84.300000	0.000515
-84.266667	0.000476
-84.233333	0.000362
-84.200000	0.000274
-84.166667	0.000205
-84.133333	0.000184
-84.100000	0.000152
-84.066667	0.000180
-84.033333	0.000276
-84.000000	0.000383
-83.966667	0.000456
-83.933333	0.000535
-83.900000	0.000511
-83.866667	0.000565
-83.833333	0.000699
-83.800000	0.000749
-83.766667	0.000798
-83.733333	0.000853
-83.700000	0.000945
-83.666667	0.000946
-83.633333	0.001045
-83.600000	0.001096
-83.566667	0.001159
-83.533333	0.001213
-83.500000	0.001307
-83.466667	0.001341
-83.433333	0.001273
-83.400000	0.001302
-83.366667	0.001293
-83.333333	0.001263
-83.300000	0.001206
-83.266667	0.001147
-83.233333	0.001070
-83.200000	0.001050
-83.166667	0.001036
-83.133333	0.001049
-83.100000	0.001025
-83.066667	0.001069
-83.033333	0.001090
-83.000000	0.001025
-82.966667	0.000980
-82.933333	0.000890
-82.900000	0.000819
-82.866667	0.000775
-82.833333	0.000714
-82.800000	0.000636
-82.766667	0.000571
-82.733333	0.000527
-82.700000	0.000442
-82.666667	0.000341
-82.633333	0.000367
-82.600000	0.000298
-82.566667	0.000244
-82.533333	0.000167
-82.500000	0.000084
-82.466667	-0.000044
-82.433333	-0.000149
-82.400000	-0.000185
-82.366667	-0.000230
-82.333333	-0.000275
-82.300000	-0.000309
-82.266667	-0.000321
-82.233333	-0.000451
-82.200000	-0.000494
-82.166667	-0.000485
-82.133333	-0.000486
-82.100000	-0.000517
-82.066667	-0.000515
-82.033333	-0.000524
-82.000000	-0.000527
-81.966667	-0.000471
-81.933333	-0.000444
-81.900000	-0.000362
-81.866667	-0.000287
-81.833333	-0.000222
-81.800000	-0.000182
-81.766667	-0.000140
-81.733333	-0.000023
-81.700000	0.000168
-81.666667	0.000302
-81.633333	0.000412
-81.600000	0.000495
-81.566667	0.000611
-81.533333	0.000721
-81.500000	0.000827
-81.466667	0.000956
-81.433333	0.001091
-81.400000	0.001231
-81.366667	0.001341
-81.333333	0.001465
-81.300000	0.001587
-81.266667	0.001644
-81.233333	0.001643
-81.200000	0.001801
-81.166667	0.001909
-81.133333	0.001929
-81.100000	0.002017
-81.066667	0.002036
-81.033333	0.002019
-81.000000	0.002024
-80.966667	0.002042
-80.933333	0.002005
-80.900000	0.001967
-80.866667	0.001870
-80.833333	0.001763
-80.800000	0.001643
-80.766667	0.001543
-80.733333	0.001456
-80.700000	0.001316
-80.666667	0.001108
-80.633333	0.000950
-80.600000	0.000819
-80.566667	0.000674
-80.533333	0.000531
-80.500000	0.000422
-80.466667	0.000320
-80.433333	0.000216
-80.400000	0.000169
-80.366667	0.000109
-80.333333	0.000096
-80.300000	0.000045
-80.266667	-0.000022
-80.233333	-0.000041
-80.200000	0.000001
-80.166667	0.000040
-80.133333	0.000065
-80.100000	0.000132
-80.066667	0.000144
-80.033333	0.000170
-80.000000	0.000218
-79.966667	0.000232
-79.933333	0.000238
-79.900000	0.000204
-79.866667	0.000128
-79.833333	0.000091
-79.800000	0.000024
-79.766667	-0.000056
-79.733333	-0.000209
-79.700000	-0.000406
-79.666667	-0.000558
-79.633333	-0.000683
-79.600000	-0.000830
-79.566667	-0.000993
-79.533333	-0.001126
-79.500000	-0.001262
-79.466667	-0.001391
-79.433333	-0.001477
-79.400000	-0.001540
-79.366667	-0.001650
-79.333333	-0.001680
-79.300000	-0.001757
-79.266667	-0.001781
-79.233333	-0.001801
-79.200000	-0.001825
-79.166667	-0.001829
-79.133333	-0.001748
-79.100000	-0.001695
-79.066667	-0.001583
-79.033333	-0.001512
-79.000000	-0.001414
-78.966667	-0.001319
-78.933333	-0.001223
-78.900000	-0.001176
-78.866667	-0.001063
-78.833333	-0.000937
-78.800000	-0.000859
-78.766667	-0.000814
-78.733333	-0.000812
-78.700000	-0.000778
-78.666667	-0.000687
-78.633333	-0.000598
-78.600000	-0.000505
-78.566667	-0.000458
-78.533333	-0.000365
-78.500000	-0.000321
-78.466667	-0.000257
-78.433333	-0.000138
-78.400000	-0.000077
-78.366667	-0.000008
-78.333333	0.000033
-78.300000	0.000017
-78.266667	0.000022
-78.233333	0.000011
-78.200000	0.000044
-78.166667	0.000134
-78.133333	0.000231
-78.100000	0.000261
-78.066667	0.000427
-78.033333	0.000510
-78.000000	0.000603
-77.966667	0.000641
-77.933333	0.000620
-77.900000	0.000557
-77.866667	0.000524
-77.833333	0.000546
-77.800000	0.000665
-77.766667	0.000818
-77.733333	0.000864
-77.700000	0.000811
-77.666667	0.000851
-77.633333	0.000943
-77.600000	0.000996
-77.566667	0.001090
-77.533333	0.001127
-77.500000	0.001113
-77.466667	0.001192
-77.433333	0.001299
-77.400000	0.001330
-77.366667	0.001374
-77.333333	0.001414
-77.300000	0.001466
-77.266667	0.001516
-77.233333	0.001576
-77.200000	0.001643
-77.166667	0.001715
-77.133333	0.001831
-77.100000	0.001935
-77.066667	0.002025
-77.033333	0.001985
-77.000000	0.002017
-76.966667	0.002046
-76.933333	0.002020
-76.900000	0.001994
-76.866667	0.002092
-76.833333	0.002206
-76.800000	0.002345
-76.766667	0.002410
-76.733333	0.002354
-76.700000	0.002337
-76.666667	0.002457
-76.633333	0.002544
-76.600000	0.002590
-76.566667	0.002679
-76.533333	0.002670
-76.500000	0.002728
-76.466667	0.002826
-76.433333	0.002893
-76.400000	0.002929
-76.366667	0.002965
-76.333333	0.003015
-76.300000	0.003053
-76.266667	0.003083
-76.233333	0.003111
-76.200000	0.003133
-76.166667	0.003193
-76.133333	0.003214
-76.100000	0.003167
-76.066667	0.003181
-76.033333	0.003155
-76.000000	0.003205
-75.966667	0.003189
-75.933333	0.003106
-75.900000	0.003053
-75.866667	0.003009
-75.833333	0.003004
-75.800000	0.002998
-75.766667	0.002959
-75.733333	0.002882
-75.700000	0.002820
-75.666667	0.002798
-75.633333	0.002758
-75.600000	0.002711
-75.566667	0.002670
-75.533333	0.002643
-75.500000	0.002618
-75.466667	0.002569
-75.433333	0.002522
-75.400000	0.002549
-75.366667	0.002479
-75.333333	0.002461
-75.300000	0.002438
-75.266667	0.002422
-75.233333	0.002407
-75.200000	0.002381
-75.166667	0.002347
-75.133333	0.002251
-75.100000	0.002171
-75.066667	0.002143
-75.033333	0.002099
-75.000000	0.002089
-74.966667	0.002009
-74.933333	0.001965
-74.900000	0.001915
-74.866667	0.001843
-74.833333	0.001809
-74.800000	0.001697
-74.766667	0.001602
-74.733333	0.001534
-74.700000	0.001508
-74.666667	0.001477
-74.633333	0.001429
-74.600000	0.001402
-74.566667	0.001396
-74.533333	0.001451
-74.500000	0.001416
-74.466667	0.001368
-74.433333	0.001331
-74.400000	0.001376
-74.366667	0.001254
-74.333333	0.001302
-74.300000	0.001330
-74.266667	0.001372
-74.233333	0.001406
-74.200000	0.001427
-74.166667	0.001413
-74.133333	0.001434
-74.100000	0.001495
-74.066667	0.001554
-74.033333	0.001638
-74.000000	0.001703
-73.966667	0.001738
-73.933333	0.001746
-73.900000	0.001800
-73.866667	0.001848
-73.833333	0.001850
-73.800000	0.001932
-73.766667	0.002042
-73.733333	0.002126
-73.700000	0.002164
-73.666667	0.002195
-73.633333	0.002264
-73.600000	0.002351
-73.566667	0.002429
-73.533333	0.002360
-73.500000	0.002346
-73.466667	0.002325
-73.433333	0.002286
-73.400000	0.002288
-73.366667	0.002216
-73.333333	0.002230
-73.300000	0.002195
-73.266667	0.002171
-73.233333	0.002106
-73.200000	0.002017
-73.166667	0.001899
-73.133333	0.001846
-73.100000	0.001681
-73.066667	0.001559
-73.033333	0.001505
-73.000000	0.001465
-72.966667	0.001397
-72.933333	0.001256
-72.900000	0.001135
-72.866667	0.001034
-72.833333	0.000982
-72.800000	0.000958
-72.766667	0.000839
-72.733333	0.000698
-72.700000	0.000633
-72.666667	0.000570
-72.633333	0.000554
-72.600000	0.000506
-72.566667	0.000452
-72.533333	0.000372
-72.500000	0.000449
-72.466667	0.000489
-72.433333	0.000478
-72.400000	0.000560
-72.366667	0.000584
-72.333333	0.000592
-72.300000	0.000603
-72.266667	0.000689
-72.233333	0.000822
-72.200000	0.001001
-72.166667	0.001179
-72.133333	0.001299
-72.100000	0.001325
-72.066667	0.001545
-72.033333	0.001831
-72.000000	0.002057
-71.966667	0.002234
-71.933333	0.002372
-71.900000	0.002589
-71.866667	0.002850
-71.833333	0.003128
-71.800000	0.003318
-71.766667	0.003514
-71.733333	0.003687
-71.700000	0.003914
-71.666667	0.004081
-71.633333	0.004308
-71.600000	0.004478
-71.566667	0.004689
-71.533333	0.004868
-71.500000	0.005051
-71.466667	0.005183
-71.433333	0.005155
-71.400000	0.005190
-71.366667	0.005139
-71.333333	0.005095
-71.300000	0.005060
-71.266667	0.005041
-71.233333	0.004957
-71.200000	0.004771
-71.166667	0.004498
-71.133333	0.004163
-71.100000	0.003859
-71.066667	0.003615
-71.033333	0.003310
-71.000000	0.002829
-70.966667	0.002428
-70.933333	0.001965
-70.900000	0.001460
-70.866667	0.000901
-70.833333	0.000367
-70.800000	-0.000228
-70.766667	-0.000835
-70.733333	-0.001489
-70.700000	-0.002095
-70.666667	-0.002669
-70.633333	-0.003322
-70.600000	-0.003923
-70.566667	-0.004501
-70.533333	-0.005101
-70.500000	-0.005687
-70.466667	-0.006231
-70.433333	-0.006734
-70.400000	-0.007105
-70.366667	-0.007441
-70.333333	-0.007689
-70.300000	-0.007858
-70.266667	-0.007957
-70.233333	-0.007950
-70.200000	-0.007856
-70.166667	-0.007676
-70.133333	-0.007423
-70.100000	-0.007066
-70.066667	-0.006637
-70.033333	-0.006163
-70.000000	-0.005643
-69.966667	-0.005010
-69.933333	-0.004401
-69.900000	-0.003747
-69.866667	-0.003070
-69.833333	-0.002435
-69.800000	-0.001827
-69.766667	-0.001269
-69.733333	-0.000711
-69.700000	-0.000138
-69.666667	0.000356
-69.633333	0.000687
-69.600000	0.001102
-69.566667	0.001465
-69.533333	0.001771
-69.500000	0.002021
-69.466667	0.002275
-69.433333	0.002477
-69.400000	0.002671
-69.366667	0.002800
-69.333333	0.002985
-69.300000	0.003063
-69.266667	0.003179
-69.233333	0.003263
-69.200000	0.003313
-69.166667	0.003355
-69.133333	0.003440
-69.100000	0.003459
-69.066667	0.003475
-69.033333	0.003467
-69.000000	0.003470
-68.966667	0.003443
-68.933333	0.003364
-68.900000	0.003312
-68.866667	0.003239
-68.833333	0.003140
-68.800000	0.003038
-68.766667	0.002957
-68.733333	0.002854
-68.700000	0.002721
-68.666667	0.002632
-68.633333	0.002647
-68.600000	0.002649
-68.566667	0.002642
-68.533333	0.002623
-68.500000	0.002671
-68.466667	0.002764
-68.433333	0.002850
-68.400000	0.002926
-68.366667	0.003037
-68.333333	0.003132
-68.300000	0.003157
-68.266667	0.003222
-68.233333	0.003246
-68.200000	0.003247
-68.166667	0.003312
-68.133333	0.003313
-68.100000	0.003294
-68.066667	0.003293
-68.033333	0.003260
-68.000000	0.003232
-67.966667	0.003205
-67.933333	0.003194
-67.900000	0.003234
-67.866667	0.003230
-67.833333	0.003186
-67.800000	0.003046
-67.766667	0.002861
-67.733333	0.002671
-67.700000	0.002516
-67.666667	0.002499
-67.633333	0.002483
-67.600000	0.002448
-67.566667	0.002479
-67.533333	0.002512
-67.500000	0.002526
-67.466667	0.002508
-67.433333	0.002482
-67.400000	0.002452
-67.366667	0.002452
-67.333333	0.002422
-67.300000	0.002410
-67.266667	0.002417
-67.233333	0.002460
-67.200000	0.002513
-67.166667	0.002640
-67.133333	0.002717
-67.100000	0.002872
-67.066667	0.003011
-67.033333	0.003207
-67.000000	0.003434
-66.966667	0.003673
-66.933333	0.003888
-66.900000	0.004038
-66.866667	0.004157
-66.833333	0.004233
-66.800000	0.004253
-66.766667	0.004264
-66.733333	0.004295
-66.700000	0.004293
-66.666667	0.004304
-66.633333	0.004197
-66.600000	0.003986
-66.566667	0.003631
-66.533333	0.003169
-66.500000	0.002614
-66.466667	0.001979
-66.433333	0.001302
-66.400000	0.000537
-66.366667	-0.000289
-66.333333	-0.001168
-66.300000	-0.002115
-66.266667	-0.003082
-66.233333	-0.004059
-66.200000	-0.005015
-66.166667	-0.005935
-66.133333	-0.006804
-66.100000	-0.007584
-66.066667	-0.008251
-66.033333	-0.008810
-66.000000	-0.009269
-65.966667	-0.009631
-65.933333	-0.009889
-65.900000	-0.010013
-65.866667	-0.010045
-65.833333	-0.009930
-65.800000	-0.009746
-65.766667	-0.009470
-65.733333	-0.009101
-65.700000	-0.008653
-65.666667	-0.008092
-65.633333	-0.007422
-65.600000	-0.006691
-65.566667	-0.005921
-65.533333	-0.005100
-65.500000	-0.004296
-65.466667	-0.003580
-65.433333	-0.002851
-65.400000	-0.001926
-65.366667	-0.001089
-65.333333	-0.000132
-65.300000	0.000795
-65.266667	0.001773
-65.233333	0.002778
-65.200000	0.003836
-65.166667	0.004937
-65.133333	0.006053
-65.100000	0.007172
-65.066667	0.008286
-65.033333	0.009389
-65.000000	0.010495
-64.966667	0.011633
-64.933333	0.012824
-64.900000	0.013985
-64.866667	0.015202
-64.833333	0.016542
-64.800000	0.017921
-64.766667	0.019433
-64.733333	0.021098
-64.700000	0.022958
-64.666667	0.025048
-64.633333	0.027357
-64.600000	0.029904
-64.566667	0.032746
-64.533333	0.035926
-64.500000	0.039481
-64.466667	0.043513
-64.433333	0.048176
-64.400000	0.053514
-64.366667	0.059341
-64.333333	0.066032
-64.300000	0.073390
-64.266667	0.081605
-64.233333	0.090669
-64.200000	0.100615
-64.166667	0.111453
-64.133333	0.123203
-64.100000	0.135888
-64.066667	0.149512
-64.033333	0.164050
-64.000000	0.179446
-63.966667	0.195582
-63.933333	0.212280
-63.900000	0.229309
-63.866667	0.246515
-63.833333	0.263277
-63.800000	0.279357
-63.766667	0.294186
-63.733333	0.307175
-63.700000	0.317865
-63.666667	0.325505
-63.633333	0.329446
-63.600000	0.328940
-63.566667	0.323236
-63.533333	0.311583
-63.500000	0.293368
-63.466667	0.268138
-63.433333	0.235385
-63.400000	0.194937
-63.366667	0.146640
-63.333333	0.090498
-63.300000	0.026963
-63.266667	-0.043405
-63.233333	-0.119807
-63.200000	-0.201278
-63.166667	-0.286588
-63.133333	-0.374280
-63.100000	-0.462818
-63.066667	-0.550588
-63.033333	-0.635953
-63.000000	-0.717333
-62.966667	-0.792782
-62.933333	-0.860973
-62.900000	-0.920421
-62.866667	-0.970036
-62.833333	-1.008950
-62.800000	-1.036205
-62.766667	-1.051517
-62.733333	-1.054678
-62.700000	-1.045787
-62.666667	-1.025164
-62.633333	-0.993301
-62.600000	-0.951002
-62.566667	-0.899271
-62.533333	-0.839362
-62.500000	-0.772527
-62.466667	-0.700113
-62.433333	-0.623593
-62.400000	-0.544225
-62.366667	-0.463339
-62.333333	-0.382024
-62.300000	-0.301743
-62.266667	-0.223094
-62.233333	-0.147266
-62.200000	-0.074780
-62.166667	-0.006476
-62.133333	0.057414
-62.100000	0.116384
-62.066667	0.170132
-62.033333	0.218656
-62.000000	0.261823
-61.966667	0.299973
-61.933333	0.332750
-61.900000	0.360586
-61.866667	0.383494
-61.833333	0.401776
-61.800000	0.415718
-61.766667	0.425613
-61.733333	0.431895
-61.700000	0.435004
-61.666667	0.435400
-61.633333	0.433346
-61.600000	0.429203
-61.566667	0.423232
-61.533333	0.415724
-61.500000	0.407029
-61.466667	0.397412
-61.433333	0.387125
-61.400000	0.376414
-61.366667	0.365451
-61.333333	0.354344
-61.300000	0.343082
-61.266667	0.332288
-61.233333	0.321547
-61.200000	0.311215
-61.166667	0.301054
-61.133333	0.291415
-61.100000	0.282000
-61.066667	0.272969
-61.033333	0.264359
-61.000000	0.256050
-60.966667	0.248122
-60.933333	0.240427
-60.900000	0.233060
-60.866667	0.225906
-60.833333	0.219041
-60.800000	0.212464
-60.766667	0.206215
-60.733333	0.200260
-60.700000	0.194514
-60.666667	0.188932
-60.633333	0.183518
-60.600000	0.178226
-60.566667	0.173020
-60.533333	0.167896
-60.500000	0.162662
-60.466667	0.157281
-60.433333	0.151674
-60.400000	0.145793
-60.366667	0.139601
-60.333333	0.133021
-60.300000	0.126003
-60.266667	0.118496
-60.233333	0.110450
-60.200000	0.101834
-60.166667	0.092698
-60.133333	0.083120
-60.100000	0.073158
-60.066667	0.063046
-60.033333	0.052829
-60.000000	0.042598
-59.966667	0.032423
-59.933333	0.022461
-59.900000	0.012842
-59.866667	0.003758
-59.833333	-0.004596
-59.800000	-0.012213
-59.766667	-0.019121
-59.733333	-0.025099
-59.700000	-0.030131
-59.666667	-0.034219
-59.633333	-0.037380
-59.600000	-0.039640
-59.566667	-0.041041
-59.533333	-0.041687
-59.500000	-0.041747
-59.466667	-0.041229
-59.433333	-0.040292
-59.400000	-0.039019
-59.366667	-0.037536
-59.333333	-0.036006
-59.300000	-0.034514
-59.266667	-0.033147
-59.233333	-0.031992
-59.200000	-0.031118
-59.166667	-0.030445
-59.133333	-0.030038
-59.100000	-0.029883
-59.066667	-0.029990
-59.033333	-0.030400
-59.000000	-0.031126
-58.966667	-0.032123
-58.933333	-0.033342
-58.900000	-0.034763
-58.866667	-0.036342
-58.833333	-0.038074
-58.800000	-0.039971
-58.766667	-0.041949
-58.733333	-0.043888
-58.700000	-0.045884
-58.666667	-0.047796
-58.633333	-0.049839
-58.600000	-0.051729
-58.566667	-0.053705
-58.533333	-0.055593
-58.500000	-0.057412
-58.466667	-0.059135
-58.433333	-0.060723
-58.400000	-0.062108
-58.366667	-0.063282
-58.333333	-0.064299
-58.300000	-0.064894
-58.266667	-0.065230
-58.233333	-0.065223
-58.200000	-0.064860
-58.166667	-0.064082
-58.133333	-0.062947
-58.100000	-0.061378
-58.066667	-0.059381
-58.033333	-0.056975
-58.000000	-0.054197
-57.966667	-0.051077
-57.933333	-0.047608
-57.900000	-0.043928
-57.866667	-0.039961
-57.833333	-0.035764
-57.800000	-0.031368
-57.766667	-0.026866
-57.733333	-0.022329
-57.700000	-0.017790
-57.666667	-0.013374
-57.633333	-0.009260
-57.600000	-0.005173
-57.566667	-0.001614
-57.533333	0.001753
-57.500000	0.004677
-57.466667	0.007139
-57.433333	0.009158
-57.400000	0.010789
-57.366667	0.011994
-57.333333	0.012745
-57.300000	0.013154
-57.266667	0.013005
-57.233333	0.012497
-57.200000	0.011637
-57.166667	0.010507
-57.133333	0.009179
-57.100000	0.007707
-57.066667	0.006123
-57.033333	0.004468
-57.000000	0.002803
-56.966667	0.001130
-56.933333	-0.000473
-56.900000	-0.002052
-56.866667	-0.003493
-56.833333	-0.004865
-56.800000	-0.006139
-56.766667	-0.007321
-56.733333	-0.008413
-56.700000	-0.009425
-56.666667	-0.010370
-56.633333	-0.011116
-56.600000	-0.011709
-56.566667	-0.012227
-56.533333	-0.012516
-56.500000	-0.012730
-56.466667	-0.012828
-56.433333	-0.012763
-56.400000	-0.012519
-56.366667	-0.012160
-56.333333	-0.011711
-56.300000	-0.011151
-56.266667	-0.010482
-56.233333	-0.009689
-56.200000	-0.008739
-56.166667	-0.007636
-56.133333	-0.006397
-56.100000	-0.005111
-56.066667	-0.003682
-56.033333	-0.002280
-56.000000	-0.000887
-55.966667	0.000386
-55.933333	0.001593
-55.900000	0.002527
-55.866667	0.003377
-55.833333	0.004043
-55.800000	0.004502
-55.766667	0.004741
-55.733333	0.004800
-55.700000	0.004673
-55.666667	0.004355
-55.633333	0.003880
-55.600000	0.003151
-55.566667	0.002221
-55.533333	0.001120
-55.500000	-0.000129
-55.466667	-0.001529
-55.433333	-0.003066
-55.400000	-0.004732
-55.366667	-0.006430
-55.333333	-0.008235
-55.300000	-0.010113
-55.266667	-0.012063
-55.233333	-0.014036
-55.200000	-0.015954
-55.166667	-0.017834
-55.133333	-0.019767
-55.100000	-0.021757
-55.066667	-0.023668
-55.033333	-0.025637
-55.000000	-0.027548
-54.966667	-0.029438
-54.933333	-0.031253
-54.900000	-0.033021
-54.866667	-0.034544
-54.833333	-0.036027
-54.800000	-0.037316
-54.766667	-0.038399
-54.733333	-0.039283
-54.700000	-0.039975
-54.666667	-0.040398
-54.633333	-0.040758
-54.600000	-0.040984
-54.566667	-0.040963
-54.533333	-0.040768
-54.500000	-0.040367
-54.466667	-0.039767
-54.433333	-0.038958
-54.400000	-0.037967
-54.366667	-0.036807
-54.333333	-0.035521
-54.300000	-0.034052
-54.266667	-0.032442
-54.233333	-0.030669
-54.200000	-0.028736
-54.166667	-0.026728
-54.133333	-0.024694
-54.100000	-0.022562
-54.066667	-0.020305
-54.033333	-0.018050
-54.000000	-0.015829
-53.966667	-0.013642
-53.933333	-0.011516
-53.900000	-0.009511
-53.866667	-0.007764
-53.833333	-0.006125
-53.800000	-0.004759
-53.766667	-0.003716
-53.733333	-0.002982
-53.700000	-0.002535
-53.666667	-0.002409
-53.633333	-0.002730
-53.600000	-0.003295
-53.566667	-0.004123
-53.533333	-0.005280
-53.500000	-0.006643
-53.466667	-0.008213
-53.433333	-0.009959
-53.400000	-0.011842
-53.366667	-0.013782
-53.333333	-0.015684
-53.300000	-0.017544
-53.266667	-0.019300
-53.233333	-0.020907
-53.200000	-0.022371
-53.166667	-0.023677
-53.133333	-0.024765
-53.100000	-0.025602
-53.066667	-0.026203
-53.033333	-0.026622
-53.000000	-0.026852
-52.966667	-0.026914
-52.933333	-0.026804
-52.900000	-0.026550
-52.866667	-0.026151
-52.833333	-0.025499
-52.800000	-0.024831
-52.766667	-0.024002
-52.733333	-0.022981
-52.700000	-0.021805
-52.666667	-0.020513
-52.633333	-0.019106
-52.600000	-0.017562
-52.566667	-0.015927
-52.533333	-0.014185
-52.500000	-0.012314
-52.466667	-0.010309
-52.433333	-0.008201
-52.400000	-0.005996
-52.366667	-0.003729
-52.333333	-0.001437
-52.300000	0.000848
-52.266667	0.003092
-52.233333	0.005251
-52.200000	0.007311
-52.166667	0.009209
-52.133333	0.010919
-52.100000	0.012372
-52.066667	0.013607
-52.033333	0.014632
-52.000000	0.015432
-51.966667	0.016012
-51.933333	0.016328
-51.900000	0.016378
-51.866667	0.016262
-51.833333	0.015834
-51.800000	0.015136
-51.766667	0.014283
-51.733333	0.013206
-51.700000	0.011948
-51.666667	0.010507
-51.633333	0.008946
-51.600000	0.007272
-51.566667	0.005613
-51.533333	0.003975
-51.500000	0.002412
-51.466667	0.000890
-51.433333	-0.000552
-51.400000	-0.001792
-51.366667	-0.002821
-51.333333	-0.003675
-51.300000	-0.004342
-51.266667	-0.004799
-51.233333	-0.005066
-51.200000	-0.005181
-51.166667	-0.005172
-51.133333	-0.004944
-51.100000	-0.004580
-51.066667	-0.003980
-51.033333	-0.003263
-51.000000	-0.002485
-50.966667	-0.001693
-50.933333	-0.000922
-50.900000	-0.000144
-50.866667	0.000609
-50.833333	0.001186
-50.800000	0.001717
-50.766667	0.002189
-50.733333	0.002532
-50.700000	0.002877
-50.666667	0.003179
-50.633333	0.003485
-50.600000	0.003832
-50.566667	0.004297
-50.533333	0.004779
-50.500000	0.005310
-50.466667	0.005850
-50.433333	0.006460
-50.400000	0.007183
-50.366667	0.007839
-50.333333	0.008447
-50.300000	0.009002
-50.266667	0.009501
-50.233333	0.009919
-50.200000	0.010266
-50.166667	0.010558
-50.133333	0.010783
-50.100000	0.010888
-50.066667	0.010868
-50.033333	0.010637
-50.000000	0.010238
-49.966667	0.009659
-49.933333	0.008899
-49.900000	0.007969
-49.866667	0.006879
-49.833333	0.005663
-49.800000	0.004367
-49.766667	0.003021
-49.733333	0.001662
-49.700000	0.000311
-49.666667	-0.001003
-49.633333	-0.002244
-49.600000	-0.003392
-49.566667	-0.004432
-49.533333	-0.005366
-49.500000	-0.006205
-49.466667	-0.006932
-49.433333	-0.007573
-49.400000	-0.008198
-49.366667	-0.008660
-49.333333	-0.009077
-49.300000	-0.009435
-49.266667	-0.009713
-49.233333	-0.009905
-49.200000	-0.009999
-49.166667	-0.010002
-49.133333	-0.009938
-49.100000	-0.009824
-49.066667	-0.009690
-49.033333	-0.009468
-49.000000	-0.009190
-48.966667	-0.008873
-48.933333	-0.008487
-48.900000	-0.008018
-48.866667	-0.007456
-48.833333	-0.006793
-48.800000	-0.006059
-48.766667	-0.005177
-48.733333	-0.004218
-48.700000	-0.003158
-48.666667	-0.001996
-48.633333	-0.000743
-48.600000	0.000564
-48.566667	0.001903
-48.533333	0.003248
-48.500000	0.004485
-48.466667	0.005604
-48.433333	0.006527
-48.400000	0.007257
-48.366667	0.007865
-48.333333	0.008114
-48.300000	0.008163
-48.266667	0.007929
-48.233333	0.007403
-48.200000	0.006571
-48.166667	0.005436
-48.133333	0.004038
-48.100000	0.002414
-48.066667	0.000617
-48.033333	-0.001349
-48.000000	-0.003448
-47.966667	-0.005627
-47.933333	-0.007809
-47.900000	-0.009952
-47.866667	-0.011959
-47.833333	-0.013812
-47.800000	-0.015547
-47.766667	-0.017081
-47.733333	-0.018404
-47.700000	-0.019425
-47.666667	-0.020176
-47.633333	-0.020650
-47.600000	-0.020847
-47.566667	-0.020784
-47.533333	-0.020515
-47.500000	-0.020125
-47.466667	-0.019619
-47.433333	-0.019152
-47.400000	-0.018542
-47.366667	-0.017851
-47.333333	-0.017169
-47.300000	-0.016504
-47.266667	-0.015815
-47.233333	-0.015100
-47.200000	-0.014376
-47.166667	-0.013626
-47.133333	-0.012837
-47.100000	-0.012002
-47.066667	-0.011068
-47.033333	-0.010034
-47.000000	-0.008917
-46.966667	-0.007746
-46.933333	-0.006504
-46.900000	-0.005179
-46.866667	-0.003700
-46.833333	-0.002245
-46.800000	-0.000801
-46.766667	0.000611
-46.733333	0.001941
-46.700000	0.003154
-46.666667	0.004360
-46.633333	0.005218
-46.600000	0.005856
-46.566667	0.006105
-46.533333	0.005997
-46.500000	0.005522
-46.466667	0.004678
-46.433333	0.003521
-46.400000	0.002210
-46.366667	0.000618
-46.333333	-0.001202
-46.300000	-0.003131
-46.266667	-0.005100
-46.233333	-0.007103
-46.200000	-0.009098
-46.166667	-0.011020
-46.133333	-0.012828
-46.100000	-0.014452
-46.066667	-0.015810
-46.033333	-0.016908
-46.000000	-0.017786
-45.966667	-0.018442
-45.933333	-0.018836
-45.900000	-0.018962
-45.866667	-0.018902
-45.833333	-0.018651
-45.800000	-0.018230
-45.766667	-0.017752
-45.733333	-0.017166
-45.700000	-0.016473
-45.666667	-0.015735
-45.633333	-0.015206
-45.600000	-0.014612
-45.566667	-0.014122
-45.533333	-0.013637
-45.500000	-0.013204
-45.466667	-0.012814
-45.433333	-0.012452
-45.400000	-0.012125
-45.366667	-0.011813
-45.333333	-0.011480
-45.300000	-0.011102
-45.266667	-0.010662
-45.233333	-0.010151
-45.200000	-0.009567
-45.166667	-0.008936
-45.133333	-0.008304
-45.100000	-0.007572
-45.066667	-0.006842
-45.033333	-0.006064
-45.000000	-0.005362
-44.966667	-0.004636
-44.933333	-0.003944
-44.900000	-0.003293
-44.866667	-0.002683
-44.833333	-0.002045
-44.800000	-0.001528
-44.766667	-0.001106
-44.733333	-0.000782
-44.700000	-0.000592
-44.666667	-0.000493
-44.633333	-0.000493
-44.600000	-0.000654
-44.566667	-0.000959
-44.533333	-0.001329
-44.500000	-0.001830
-44.466667	-0.002398
-44.433333	-0.003035
-44.400000	-0.003666
-44.366667	-0.004276
-44.333333	-0.004931
-44.300000	-0.005501
-44.266667	-0.006066
-44.233333	-0.006577
-44.200000	-0.007046
-44.166667	-0.007505
-44.133333	-0.007998
-44.100000	-0.008398
-44.066667	-0.008855
-44.033333	-0.009246
-44.000000	-0.009674
-43.966667	-0.009957
-43.933333	-0.010230
-43.900000	-0.010413
-43.866667	-0.010520
-43.833333	-0.010566
-43.800000	-0.010567
-43.766667	-0.010525
-43.733333	-0.010440
-43.700000	-0.010307
-43.666667	-0.010144
-43.633333	-0.009982
-43.600000	-0.009799
-43.566667	-0.009492
-43.533333	-0.009003
-43.500000	-0.008386
-43.466667	-0.007588
-43.433333	-0.006663
-43.400000	-0.005628
-43.366667	-0.004561
-43.333333	-0.003450
-43.300000	-0.002214
-43.266667	-0.001014
-43.233333	0.000230
-43.200000	0.001519
-43.166667	0.002659
-43.133333	0.003686
-43.100000	0.004560
-43.066667	0.005194
-43.033333	0.005661
-43.000000	0.006024
-42.966667	0.006306
-42.933333	0.006355
-42.900000	0.006244
-42.866667	0.005950
-42.833333	0.005473
-42.800000	0.004807
-42.766667	0.003966
-42.733333	0.002966
-42.700000	0.001830
-42.666667	0.000602
-42.633333	-0.000642
-42.600000	-0.001822
-42.566667	-0.002969
-42.533333	-0.003993
-42.500000	-0.005026
-42.466667	-0.006053
-42.433333	-0.007070
-42.400000	-0.008016
-42.366667	-0.008946
-42.333333	-0.009757
-42.300000	-0.010498
-42.266667	-0.011172
-42.233333	-0.011758
-42.200000	-0.012292
-42.166667	-0.012855
-42.133333	-0.013248
-42.100000	-0.013534
-42.066667	-0.013720
-42.033333	-0.013778
-42.000000	-0.013631
-41.966667	-0.013358
-41.933333	-0.013026
-41.900000	-0.012578
-41.866667	-0.012012
-41.833333	-0.011331
-41.800000	-0.010543
-41.766667	-0.009657
-41.733333	-0.008712
-41.700000	-0.007737
-41.666667	-0.006762
-41.633333	-0.005818
-41.600000	-0.004945
-41.566667	-0.004180
-41.533333	-0.003439
-41.500000	-0.002932
-41.466667	-0.002569
-41.433333	-0.002305
-41.400000	-0.002143
-41.366667	-0.002168
-41.333333	-0.002332
-41.300000	-0.002621
-41.266667	-0.003104
-41.233333	-0.003695
-41.200000	-0.004289
-41.166667	-0.004884
-41.133333	-0.005588
-41.100000	-0.006443
-41.066667	-0.007265
-41.033333	-0.007958
-41.000000	-0.008604
-40.966667	-0.009347
-40.933333	-0.009941
-40.900000	-0.010449
-40.866667	-0.010845
-40.833333	-0.011153
-40.800000	-0.011364
-40.766667	-0.011505
-40.733333	-0.011604
-40.700000	-0.011665
-40.666667	-0.011695
-40.633333	-0.011693
-40.600000	-0.011651
-40.566667	-0.011552
-40.533333	-0.011409
-40.500000	-0.011292
-40.466667	-0.011115
-40.433333	-0.010835
-40.400000	-0.010548
-40.366667	-0.010254
-40.333333	-0.009947
-40.300000	-0.009575
-40.266667	-0.009219
-40.233333	-0.008764
-40.200000	-0.008249
-40.166667	-0.007768
-40.133333	-0.007326
-40.100000	-0.006745
-40.066667	-0.005994
-40.033333	-0.005259
-40.000000	-0.004648
-39.966667	-0.004013
-39.933333	-0.003290
-39.900000	-0.002671
-39.866667	-0.002043
-39.833333	-0.001415
-39.800000	-0.000797
-39.766667	-0.000215
-39.733333	0.000325
-39.700000	0.000823
-39.666667	0.001288
-39.633333	0.001771
-39.600000	0.002204
-39.566667	0.002573
-39.533333	0.002892
-39.500000	0.003137
-39.466667	0.003304
-39.433333	0.003498
-39.400000	0.003559
-39.366667	0.003545
-39.333333	0.003488
-39.300000	0.003406
-39.266667	0.003288
-39.233333	0.003141
-39.200000	0.002978
-39.166667	0.002792
-39.133333	0.002580
-39.100000	0.002348
-39.066667	0.002032
-39.033333	0.001620
-39.000000	0.001108
-38.966667	0.000564
-38.933333	-0.000034
-38.900000	-0.000596
-38.866667	-0.001173
-38.833333	-0.001581
-38.800000	-0.002026
-38.766667	-0.002432
-38.733333	-0.002879
-38.700000	-0.003306
-38.666667	-0.003579
-38.633333	-0.003937
-38.600000	-0.004221
-38.566667	-0.004466
-38.533333	-0.004649
-38.500000	-0.004789
-38.466667	-0.004863
-38.433333	-0.004815
-38.400000	-0.004667
-38.366667	-0.004295
-38.333333	-0.003795
-38.300000	-0.003207
-38.266667	-0.002500
-38.233333	-0.001655
-38.200000	-0.000673
-38.166667	0.000282
-38.133333	0.001312
-38.100000	0.002338
-38.066667	0.003335
-38.033333	0.004324
-38.000000	0.005351
-37.966667	0.006317
-37.933333	0.007367
-37.900000	0.008324
-37.866667	0.009263
-37.833333	0.010206
-37.800000	0.010954
-37.766667	0.011604
-37.733333	0.011972
-37.700000	0.012405
-37.666667	0.012659
-37.633333	0.012672
-37.600000	0.012672
-37.566667	0.012480
-37.533333	0.012166
-37.500000	0.011741
-37.466667	0.011203
-37.433333	0.010659
-37.400000	0.010052
-37.366667	0.009337
-37.333333	0.008495
-37.300000	0.007607
-37.266667	0.006699
-37.233333	0.005790
-37.200000	0.004774
-37.166667	0.003759
-37.133333	0.002762
-37.100000	0.001788
-37.066667	0.000835
-37.033333	-0.000043
-37.000000	-0.000842
-36.966667	-0.001595
-36.933333	-0.002168
-36.900000	-0.002708
-36.866667	-0.003094
-36.833333	-0.003345
-36.800000	-0.003455
-36.766667	-0.003466
-36.733333	-0.003354
-36.700000	-0.002970
-36.666667	-0.002560
-36.633333	-0.001951
-36.600000	-0.001250
-36.566667	-0.000372
-36.533333	0.000652
-36.500000	0.001760
-36.466667	0.002961
-36.433333	0.004321
-36.400000	0.005684
-36.366667	0.007063
-36.333333	0.008528
-36.300000	0.009860
-36.266667	0.011161
-36.233333	0.012419
-36.200000	0.013696
-36.166667	0.014809
-36.133333	0.015691
-36.100000	0.016435
-36.066667	0.017110
-36.033333	0.017645
-36.000000	0.018044
-35.966667	0.018270
-35.933333	0.018374
-35.900000	0.018347
-35.866667	0.018187
-35.833333	0.017926
-35.800000	0.017528
-35.766667	0.017036
-35.733333	0.016458
-35.700000	0.015824
-35.666667	0.015154
-35.633333	0.014442
-35.600000	0.013681
-35.566667	0.012937
-35.533333	0.012195
-35.500000	0.011364
-35.466667	0.010576
-35.433333	0.009782
-35.400000	0.008879
-35.366667	0.007945
-35.333333	0.007087
-35.300000	0.006190
-35.266667	0.005416
-35.233333	0.004686
-35.200000	0.004026
-35.166667	0.003276
-35.133333	0.002690
-35.100000	0.002228
-35.066667	0.001926
-35.033333	0.001713
-35.000000	0.001606
-34.966667	0.001620
-34.933333	0.001766
-34.900000	0.002013
-34.866667	0.002397
-34.833333	0.002832
-34.800000	0.003377
-34.766667	0.003996
-34.733333	0.004688
-34.700000	0.005434
-34.666667	0.006205
-34.633333	0.006972
-34.600000	0.007732
-34.566667	0.008464
-34.533333	0.009074
-34.500000	0.009617
-34.466667	0.010108
-34.433333	0.010483
-34.400000	0.010685
-34.366667	0.010940
-34.333333	0.011155
-34.300000	0.011336
-34.266667	0.011456
-34.233333	0.011575
-34.200000	0.011742
-34.166667	0.011901
-34.133333	0.012064
-34.100000	0.012196
-34.066667	0.012283
-34.033333	0.012370
-34.000000	0.012369
-33.966667	0.012360
-33.933333	0.012324
-33.900000	0.012290
-33.866667	0.012206
-33.833333	0.012021
-33.800000	0.011873
-33.766667	0.011529
-33.733333	0.011128
-33.700000	0.010612
-33.666667	0.010017
-33.633333	0.009348
-33.600000	0.008575
-33.566667	0.007663
-33.533333	0.006638
-33.500000	0.005607
-33.466667	0.004493
-33.433333	0.003311
-33.400000	0.002108
-33.366667	0.000964
-33.333333	-0.000217
-33.300000	-0.001318
-33.266667	-0.002365
-33.233333	-0.003325
-33.200000	-0.004199
-33.166667	-0.005028
-33.133333	-0.005760
-33.100000	-0.006438
-33.066667	-0.007050
-33.033333	-0.007560
-33.000000	-0.007913
-32.966667	-0.008110
-32.933333	-0.008189
-32.900000	-0.008182
-32.866667	-0.008100
-32.833333	-0.007903
-32.800000	-0.007578
-32.766667	-0.007201
-32.733333	-0.006695
-32.700000	-0.006151
-32.666667	-0.005463
-32.633333	-0.004779
-32.600000	-0.004077
-32.566667	-0.003392
-32.533333	-0.002724
-32.500000	-0.002100
-32.466667	-0.001553
-32.433333	-0.001114
-32.400000	-0.000711
-32.366667	-0.000417
-32.333333	-0.000133
-32.300000	0.000100
-32.266667	0.000274
-32.233333	0.000350
-32.200000	0.000258
-32.166667	0.000029
-32.133333	-0.000189
-32.100000	-0.000671
-32.066667	-0.001151
-32.033333	-0.001693
-32.000000	-0.002288
-31.966667	-0.002969
-31.933333	-0.003743
-31.900000	-0.004573
-31.866667	-0.005414
-31.833333	-0.006231
-31.800000	-0.007000
-31.766667	-0.007742
-31.733333	-0.008499
-31.700000	-0.009190
-31.666667	-0.009810
-31.633333	-0.010427
-31.600000	-0.010918
-31.566667	-0.011342
-31.533333	-0.011667
-31.500000	-0.011886
-31.466667	-0.011940
-31.433333	-0.011795
-31.400000	-0.011469
-31.366667	-0.010962
-31.333333	-0.010241
-31.300000	-0.009367
-31.266667	-0.008373
-31.233333	-0.007284
-31.200000	-0.006090
-31.166667	-0.004769
-31.133333	-0.003198
-31.100000	-0.001777
-31.066667	-0.000084
-31.033333	0.001547
-31.000000	0.003140
-30.966667	0.004652
-30.933333	0.006118
-30.900000	0.007570
-30.866667	0.008895
-30.833333	0.010090
-30.800000	0.011168
-30.766667	0.012128
-30.733333	0.012984
-30.700000	0.013660
-30.666667	0.014224
-30.633333	0.014646
-30.600000	0.014929
-30.566667	0.015024
-30.533333	0.014988
-30.500000	0.014840
-30.466667	0.014593
-30.433333	0.014255
-30.400000	0.013799
-30.366667	0.013277
-30.333333	0.012685
-30.300000	0.012028
-30.266667	0.011302
-30.233333	0.010545
-30.200000	0.009804
-30.166667	0.008973
-30.133333	0.008144
-30.100000	0.007128
-30.066667	0.006189
-30.033333	0.005175
-30.000000	0.004107
-29.966667	0.003011
-29.933333	0.001950
-29.900000	0.000891
-29.866667	-0.000229
-29.833333	-0.001297
-29.800000	-0.002290
-29.766667	-0.003210
-29.733333	-0.004061
-29.700000	-0.004867
-29.666667	-0.005591
-29.633333	-0.006290
-29.600000	-0.006917
-29.566667	-0.007466
-29.533333	-0.007892
-29.500000	-0.008227
-29.466667	-0.008501
-29.433333	-0.008677
-29.400000	-0.008699
-29.366667	-0.008749
-29.333333	-0.008664
-29.300000	-0.008521
-29.266667	-0.008308
-29.233333	-0.008026
-29.200000	-0.007705
-29.166667	-0.007403
-29.133333	-0.007041
-29.100000	-0.006640
-29.066667	-0.006180
-29.033333	-0.005698
-29.000000	-0.005167
-28.966667	-0.004602
-28.933333	-0.004134
-28.900000	-0.003499
-28.866667	-0.002963
-28.833333	-0.002435
-28.800000	-0.001956
-28.766667	-0.001532
-28.733333	-0.001148
-28.700000	-0.000851
-28.666667	-0.000650
-28.633333	-0.000514
-28.600000	-0.000438
-28.566667	-0.000398
-28.533333	-0.000448
-28.500000	-0.000606
-28.466667	-0.000888
-28.433333	-0.001258
-28.400000	-0.001717
-28.366667	-0.002374
-28.333333	-0.003000
-28.300000	-0.003749
-28.266667	-0.004587
-28.233333	-0.005489
-28.200000	-0.006483
-28.166667	-0.007532
-28.133333	-0.008612
-28.100000	-0.009711
-28.066667	-0.010853
-28.033333	-0.012006
-28.000000	-0.013148
-27.966667	-0.014330
-27.933333	-0.015531
-27.900000	-0.016568
-27.866667	-0.017730
-27.833333	-0.018779
-27.800000	-0.019776
-27.766667	-0.020669
-27.733333	-0.021435
-27.700000	-0.022079
-27.666667	-0.022553
-27.633333	-0.022877
-27.600000	-0.023055
-27.566667	-0.023086
-27.533333	-0.022998
-27.500000	-0.022763
-27.466667	-0.022404
-27.433333	-0.021917
-27.400000	-0.021312
-27.366667	-0.020589
-27.333333	-0.019709
-27.300000	-0.018843
-27.266667	-0.017894
-27.233333	-0.016918
-27.200000	-0.015990
-27.166667	-0.015067
-27.133333	-0.014148
-27.100000	-0.013283
-27.066667	-0.012542
-27.033333	-0.011869
-27.000000	-0.011155
-26.966667	-0.010608
-26.933333	-0.010168
-26.900000	-0.009755
-26.866667	-0.009356
-26.833333	-0.009011
-26.800000	-0.008948
-26.766667	-0.008707
-26.733333	-0.008560
-26.700000	-0.008569
-26.666667	-0.008567
-26.633333	-0.008626
-26.600000	-0.008716
-26.566667	-0.008816
-26.533333	-0.008934
-26.500000	-0.009078
-26.466667	-0.009223
-26.433333	-0.009431
-26.400000	-0.009599
-26.366667	-0.009711
-26.333333	-0.009744
-26.300000	-0.009806
-26.266667	-0.009850
-26.233333	-0.009969
-26.200000	-0.009975
-26.166667	-0.009818
-26.133333	-0.009589
-26.100000	-0.009294
-26.066667	-0.008865
-26.033333	-0.008249
-26.000000	-0.007499
-25.966667	-0.006662
-25.933333	-0.005626
-25.900000	-0.004395
-25.866667	-0.003055
-25.833333	-0.001657
-25.800000	-0.000202
-25.766667	0.001575
-25.733333	0.003181
-25.700000	0.004809
-25.666667	0.006583
-25.633333	0.008297
-25.600000	0.009979
-25.566667	0.011560
-25.533333	0.013009
-25.500000	0.014325
-25.466667	0.015502
-25.433333	0.016530
-25.400000	0.017548
-25.366667	0.018388
-25.333333	0.019076
-25.300000	0.019511
-25.266667	0.019687
-25.233333	0.019757
-25.200000	0.019870
-25.166667	0.019817
-25.133333	0.019605
-25.100000	0.019268
-25.066667	0.018924
-25.033333	0.018523
-25.000000	0.018064
-24.966667	0.017606
-24.933333	0.017056
-24.900000	0.016504
-24.866667	0.016019
-24.833333	0.015387
-24.800000	0.014762
-24.766667	0.014048
-24.733333	0.013255
-24.700000	0.012446
-24.666667	0.011553
-24.633333	0.010550
-24.600000	0.009471
-24.566667	0.008310
-24.533333	0.007063
-24.500000	0.005739
-24.466667	0.004358
-24.433333	0.002921
-24.400000	0.001396
-24.366667	-0.000247
-24.333333	-0.001974
-24.300000	-0.003795
-24.266667	-0.005641
-24.233333	-0.007472
-24.200000	-0.009309
-24.166667	-0.011182
-24.133333	-0.013073
-24.100000	-0.014947
-24.066667	-0.016667
-24.033333	-0.018390
-24.000000	-0.020055
-23.966667	-0.021646
-23.933333	-0.023064
-23.900000	-0.024363
-23.866667	-0.025540
-23.833333	-0.026695
-23.800000	-0.027657
-23.766667	-0.028559
-23.733333	-0.029336
-23.700000	-0.029986
-23.666667	-0.030548
-23.633333	-0.030962
-23.600000	-0.031249
-23.566667	-0.031450
-23.533333	-0.031599
-23.500000	-0.031649
-23.466667	-0.031657
-23.433333	-0.031626
-23.400000	-0.031568
-23.366667	-0.031466
-23.333333	-0.031356
-23.300000	-0.031199
-23.266667	-0.031012
-23.233333	-0.030836
-23.200000	-0.030630
-23.166667	-0.030365
-23.133333	-0.030122
-23.100000	-0.029819
-23.066667	-0.029471
-23.033333	-0.029128
-23.000000	-0.028690
-22.966667	-0.028194
-22.933333	-0.027645
-22.900000	-0.027186
-22.866667	-0.026639
-22.833333	-0.026030
-22.800000	-0.025411
-22.766667	-0.024715
-22.733333	-0.023895
-22.700000	-0.023062
-22.666667	-0.022122
-22.633333	-0.021134
-22.600000	-0.020107
-22.566667	-0.019079
-22.533333	-0.017955
-22.500000	-0.016709
-22.466667	-0.015380
-22.433333	-0.014011
-22.400000	-0.012492
-22.366667	-0.010844
-22.333333	-0.009083
-22.300000	-0.007186
-22.266667	-0.005090
-22.233333	-0.002865
-22.200000	-0.000487
-22.166667	0.001990
-22.133333	0.004611
-22.100000	0.007378
-22.066667	0.010267
-22.033333	0.013245
-22.000000	0.016273
-21.966667	0.019306
-21.933333	0.022307
-21.900000	0.025270
-21.866667	0.028258
-21.833333	0.031168
-21.800000	0.033988
-21.766667	0.036717
-21.733333	0.039293
-21.700000	0.041639
-21.666667	0.043915
-21.633333	0.045989
-21.600000	0.047773
-21.566667	0.049436
-21.533333	0.050934
-21.500000	0.052254
-21.466667	0.053353
-21.433333	0.054229
-21.400000	0.054998
-21.366667	0.055576
-21.333333	0.056007
-21.300000	0.056337
-21.266667	0.056541
-21.233333	0.056577
-21.200000	0.056575
-21.166667	0.056363
-21.133333	0.056136
-21.100000	0.055790
-21.066667	0.055315
-21.033333	0.054749
-21.000000	0.054085
-20.966667	0.053313
-20.933333	0.052388
-20.900000	0.051420
-20.866667	0.050460
-20.833333	0.049377
-20.800000	0.048365
-20.766667	0.047394
-20.733333	0.046423
-20.700000	0.045496
-20.666667	0.044638
-20.633333	0.043789
-20.600000	0.042967
-20.566667	0.042288
-20.533333	0.041528
-20.500000	0.040922
-20.466667	0.040283
-20.433333	0.039716
-20.400000	0.039269
-20.366667	0.038923
-20.333333	0.038580
-20.300000	0.038221
-20.266667	0.037891
-20.233333	0.037585
-20.200000	0.037271
-20.166667	0.036779
-20.133333	0.036348
-20.100000	0.035817
-20.066667	0.035253
-20.033333	0.034672
-20.000000	0.034039
-19.966667	0.033350
-19.933333	0.032616
-19.900000	0.031926
-19.866667	0.031232
-19.833333	0.030486
-19.800000	0.029840
-19.766667	0.029143
-19.733333	0.028447
-19.700000	0.027809
-19.666667	0.027205
-19.633333	0.026626
-19.600000	0.026091
-19.566667	0.025589
-19.533333	0.025130
-19.500000	0.024813
-19.466667	0.024511
-19.433333	0.024373
-19.400000	0.024366
-19.366667	0.024377
-19.333333	0.024343
-19.300000	0.024333
-19.266667	0.024439
-19.233333	0.024562
-19.200000	0.024561
-19.166667	0.024636
-19.133333	0.024689
-19.100000	0.024726
-19.066667	0.024689
-19.033333	0.024694
-19.000000	0.024644
-18.966667	0.024578
-18.933333	0.024450
-18.900000	0.024289
-18.866667	0.024181
-18.833333	0.023946
-18.800000	0.023757
-18.766667	0.023574
-18.733333	0.023373
-18.700000	0.023224
-18.666667	0.023090
-18.633333	0.022952
-18.600000	0.022846
-18.566667	0.022838
-18.533333	0.022843
-18.500000	0.022988
-18.466667	0.023119
-18.433333	0.023249
-18.400000	0.023376
-18.366667	0.023503
-18.333333	0.023742
-18.300000	0.023932
-18.266667	0.024074
-18.233333	0.024049
-18.200000	0.023988
-18.166667	0.023989
-18.133333	0.023757
-18.100000	0.023526
-18.066667	0.023139
-18.033333	0.022722
-18.000000	0.022171
-17.966667	0.021532
-17.933333	0.020790
-17.900000	0.020001
-17.866667	0.019156
-17.833333	0.018162
-17.800000	0.017211
-17.766667	0.016167
-17.733333	0.015074
-17.700000	0.013992
-17.666667	0.012828
-17.633333	0.011610
-17.600000	0.010441
-17.566667	0.009343
-17.533333	0.008230
-17.500000	0.007173
-17.466667	0.006006
-17.433333	0.004867
-17.400000	0.003809
-17.366667	0.002848
-17.333333	0.001933
-17.300000	0.000858
-17.266667	-0.000152
-17.233333	-0.001072
-17.200000	-0.001797
-17.166667	-0.002503
-17.133333	-0.003241
-17.100000	-0.003768
-17.066667	-0.004320
-17.033333	-0.004716
-17.000000	-0.004961
-16.966667	-0.005074
-16.933333	-0.005064
-16.900000	-0.004899
-16.866667	-0.004589
-16.833333	-0.004138
-16.800000	-0.003610
-16.766667	-0.002920
-16.733333	-0.002198
-16.700000	-0.001403
-16.666667	-0.000536
-16.633333	0.000395
-16.600000	0.001358
-16.566667	0.002292
-16.533333	0.003126
-16.500000	0.003833
-16.466667	0.004429
-16.433333	0.004930
-16.400000	0.005306
-16.366667	0.005521
-16.333333	0.005582
-16.300000	0.005476
-16.266667	0.005229
-16.233333	0.004917
-16.200000	0.004463
-16.166667	0.003852
-16.133333	0.003114
-16.100000	0.002363
-16.066667	0.001467
-16.033333	0.000584
-16.000000	-0.000300
-15.966667	-0.001227
-15.933333	-0.002144
-15.900000	-0.003012
-15.866667	-0.003860
-15.833333	-0.004685
-15.800000	-0.005484
-15.766667	-0.006188
-15.733333	-0.006897
-15.700000	-0.007516
-15.666667	-0.008074
-15.633333	-0.008585
-15.600000	-0.009059
-15.566667	-0.009499
-15.533333	-0.009902
-15.500000	-0.010229
-15.466667	-0.010446
-15.433333	-0.010612
-15.400000	-0.010705
-15.366667	-0.010695
-15.333333	-0.010559
-15.300000	-0.010415
-15.266667	-0.010204
-15.233333	-0.009880
-15.200000	-0.009537
-15.166667	-0.009083
-15.133333	-0.008539
-15.100000	-0.008070
-15.066667	-0.007472
-15.033333	-0.006826
-15.000000	-0.006208
-14.966667	-0.005537
-14.933333	-0.004872
-14.900000	-0.004271
-14.866667	-0.003843
-14.833333	-0.003450
-14.800000	-0.003201
-14.766667	-0.003053
-14.733333	-0.003049
-14.700000	-0.003132
-14.666667	-0.003166
-14.633333	-0.003477
-14.600000	-0.003794
-14.566667	-0.004230
-14.533333	-0.004744
-14.500000	-0.005304
-14.466667	-0.005880
-14.433333	-0.006550
-14.400000	-0.007220
-14.366667	-0.007936
-14.333333	-0.008693
-14.300000	-0.009498
-14.266667	-0.010202
-14.233333	-0.010883
-14.200000	-0.011543
-14.166667	-0.012209
-14.133333	-0.012844
-14.100000	-0.013476
-14.066667	-0.013928
-14.033333	-0.014389
-14.000000	-0.014821
-13.966667	-0.015173
-13.933333	-0.015598
-13.900000	-0.016013
-13.866667	-0.016337
-13.833333	-0.016491
-13.800000	-0.016654
-13.766667	-0.016639
-13.733333	-0.016573
-13.700000	-0.016295
-13.666667	-0.015924
-13.633333	-0.015657
-13.600000	-0.015201
-13.566667	-0.014720
-13.533333	-0.014124
-13.500000	-0.013446
-13.466667	-0.012831
-13.433333	-0.012067
-13.400000	-0.011284
-13.366667	-0.010514
-13.333333	-0.009782
-13.300000	-0.009081
-13.266667	-0.008351
-13.233333	-0.007702
-13.200000	-0.007148
-13.166667	-0.006669
-13.133333	-0.006207
-13.100000	-0.005808
-13.066667	-0.005498
-13.033333	-0.005267
-13.000000	-0.005113
-12.966667	-0.005033
-12.933333	-0.005009
-12.900000	-0.004973
-12.866667	-0.004933
-12.833333	-0.004963
-12.800000	-0.005026
-12.766667	-0.005061
-12.733333	-0.005154
-12.700000	-0.005209
-12.666667	-0.005331
-12.633333	-0.005466
-12.600000	-0.005619
-12.566667	-0.005711
-12.533333	-0.005856
-12.500000	-0.005992
-12.466667	-0.006158
-12.433333	-0.006145
-12.400000	-0.006338
-12.366667	-0.006553
-12.333333	-0.006702
-12.300000	-0.006875
-12.266667	-0.006936
-12.233333	-0.007018
-12.200000	-0.007102
-12.166667	-0.007147
-12.133333	-0.007162
-12.100000	-0.007131
-12.066667	-0.007099
-12.033333	-0.007039
-12.000000	-0.006943
-11.966667	-0.006815
-11.933333	-0.006658
-11.900000	-0.006484
-11.866667	-0.006247
-11.833333	-0.005957
-11.800000	-0.005671
-11.766667	-0.005388
-11.733333	-0.005067
-11.700000	-0.004737
-11.666667	-0.004433
-11.633333	-0.004104
-11.600000	-0.003807
-11.566667	-0.003515
-11.533333	-0.003259
-11.500000	-0.002987
-11.466667	-0.002767
-11.433333	-0.002569
-11.400000	-0.002461
-11.366667	-0.002337
-11.333333	-0.002146
-11.300000	-0.002103
-11.266667	-0.001919
-11.233333	-0.001852
-11.200000	-0.001812
-11.166667	-0.001789
-11.133333	-0.001871
-11.100000	-0.002009
-11.066667	-0.002232
-11.033333	-0.002488
-11.000000	-0.002769
-10.966667	-0.003084
-10.933333	-0.003465
-10.900000	-0.003925
-10.866667	-0.004364
-10.833333	-0.004848
-10.800000	-0.005376
-10.766667	-0.005902
-10.733333	-0.006426
-10.700000	-0.006908
-10.666667	-0.007430
-10.633333	-0.007940
-10.600000	-0.008471
-10.566667	-0.008939
-10.533333	-0.009341
-10.500000	-0.009665
-10.466667	-0.009943
-10.433333	-0.010179
-10.400000	-0.010357
-10.366667	-0.010469
-10.333333	-0.010469
-10.300000	-0.010409
-10.266667	-0.010252
-10.233333	-0.010175
-10.200000	-0.010035
-10.166667	-0.009896
-10.133333	-0.009806
-10.100000	-0.009712
-10.066667	-0.009621
-10.033333	-0.009546
-10.000000	-0.009501
-9.966667	-0.009504
-9.933333	-0.009559
-9.900000	-0.009632
-9.866667	-0.009673
-9.833333	-0.009730
-9.800000	-0.009811
-9.766667	-0.009894
-9.733333	-0.009964
-9.700000	-0.010022
-9.666667	-0.010245
-9.633333	-0.010339
-9.600000	-0.010387
-9.566667	-0.010324
-9.533333	-0.010219
-9.500000	-0.010144
-9.466667	-0.010035
-9.433333	-0.009853
-9.400000	-0.009631
-9.366667	-0.009358
-9.333333	-0.009020
-9.300000	-0.008658
-9.266667	-0.008287
-9.233333	-0.007890
-9.200000	-0.007516
-9.166667	-0.007178
-9.133333	-0.006816
-9.100000	-0.006508
-9.066667	-0.006219
-9.033333	-0.005985
-9.000000	-0.005791
-8.966667	-0.005639
-8.933333	-0.005533
-8.900000	-0.005472
-8.866667	-0.005461
-8.833333	-0.005496
-8.800000	-0.005588
-8.766667	-0.005722
-8.733333	-0.005913
-8.700000	-0.006181
-8.666667	-0.006504
-8.633333	-0.006748
-8.600000	-0.007068
-8.566667	-0.007438
-8.533333	-0.007834
-8.500000	-0.008307
-8.466667	-0.008736
-8.433333	-0.009195
-8.400000	-0.009664
-8.366667	-0.010190
-8.333333	-0.010704
-8.300000	-0.011253
-8.266667	-0.011803
-8.233333	-0.012372
-8.200000	-0.012932
-8.166667	-0.013442
-8.133333	-0.013940
-8.100000	-0.014491
-8.066667	-0.014959
-8.033333	-0.015400
-8.000000	-0.015809
-7.966667	-0.016174
-7.933333	-0.016414
-7.900000	-0.016627
-7.866667	-0.016786
-7.833333	-0.016822
-7.800000	-0.016801
-7.766667	-0.016701
-7.733333	-0.016580
-7.700000	-0.016316
-7.666667	-0.016028
-7.633333	-0.015666
-7.600000	-0.015224
-7.566667	-0.014819
-7.533333	-0.014261
-7.500000	-0.013729
-7.466667	-0.013265
-7.433333	-0.012650
-7.400000	-0.012089
-7.366667	-0.011588
-7.333333	-0.011159
-7.300000	-0.010806
-7.266667	-0.010294
-7.233333	-0.009912
-7.200000	-0.009489
-7.166667	-0.009168
-7.133333	-0.008950
-7.100000	-0.008653
-7.066667	-0.008417
-7.033333	-0.008243
-7.000000	-0.008102
-6.966667	-0.007998
-6.933333	-0.007943
-6.900000	-0.008007
-6.866667	-0.008010
-6.833333	-0.008148
-6.800000	-0.008333
-6.766667	-0.008576
-6.733333	-0.008849
-6.700000	-0.009105
-6.666667	-0.009549
-6.633333	-0.009946
-6.600000	-0.010271
-6.566667	-0.010779
-6.533333	-0.011206
-6.500000	-0.011664
-6.466667	-0.012176
-6.433333	-0.012529
-6.400000	-0.012959
-6.366667	-0.013287
-6.333333	-0.013584
-6.300000	-0.013719
-6.266667	-0.013691
-6.233333	-0.013747
-6.200000	-0.013605
-6.166667	-0.013441
-6.133333	-0.013153
-6.100000	-0.012720
-6.066667	-0.012293
-6.033333	-0.011796
-6.000000	-0.011217
-5.966667	-0.010622
-5.933333	-0.010025
-5.900000	-0.009394
-5.866667	-0.008667
-5.833333	-0.008180
-5.800000	-0.007582
-5.766667	-0.007088
-5.733333	-0.006632
-5.700000	-0.006246
-5.666667	-0.005902
-5.633333	-0.005520
-5.600000	-0.005278
-5.566667	-0.005260
-5.533333	-0.005122
-5.500000	-0.004986
-5.466667	-0.004947
-5.433333	-0.004930
-5.400000	-0.004953
-5.366667	-0.005017
-5.333333	-0.005060
-5.300000	-0.005120
-5.266667	-0.005208
-5.233333	-0.005345
-5.200000	-0.005457
-5.166667	-0.005568
-5.133333	-0.005710
-5.100000	-0.005862
-5.066667	-0.005983
-5.033333	-0.006105
-5.000000	-0.006252
-4.966667	-0.006466
-4.933333	-0.006612
-4.900000	-0.006703
-4.866667	-0.006949
-4.833333	-0.007145
-4.800000	-0.007230
-4.766667	-0.007486
-4.733333	-0.007640
-4.700000	-0.007765
-4.666667	-0.007830
-4.633333	-0.007994
-4.600000	-0.008116
-4.566667	-0.008175
-4.533333	-0.008175
-4.500000	-0.008197
-4.466667	-0.008227
-4.433333	-0.008210
-4.400000	-0.008169
-4.366667	-0.008105
-4.333333	-0.008031
-4.300000	-0.007908
-4.266667	-0.007823
-4.233333	-0.007761
-4.200000	-0.007613
-4.166667	-0.007479
-4.133333	-0.007459
-4.100000	-0.007270
-4.066667	-0.007115
-4.033333	-0.006993
-4.000000	-0.006871
-3.966667	-0.006713
-3.933333	-0.006471
-3.900000	-0.006302
-3.866667	-0.006225
-3.833333	-0.006016
-3.800000	-0.005973
-3.766667	-0.006094
-3.733333	-0.006086
-3.700000	-0.006153
-3.666667	-0.006244
-3.633333	-0.006396
-3.600000	-0.006425
-3.566667	-0.006657
-3.533333	-0.006924
-3.500000	-0.007243
-3.466667	-0.007535
-3.433333	-0.007885
-3.400000	-0.008329
-3.366667	-0.008829
-3.333333	-0.009301
-3.300000	-0.009718
-3.266667	-0.010253
-3.233333	-0.010784
-3.200000	-0.011241
-3.166667	-0.011717
-3.133333	-0.012167
-3.100000	-0.012484
-3.066667	-0.012819
-3.033333	-0.013114
-3.000000	-0.013333
-2.966667	-0.013554
-2.933333	-0.013715
-2.900000	-0.013870
-2.866667	-0.014025
-2.833333	-0.014158
-2.800000	-0.014256
-2.766667	-0.014353
-2.733333	-0.014351
-2.700000	-0.014322
-2.666667	-0.014186
-2.633333	-0.014048
-2.600000	-0.013843
-2.566667	-0.013710
-2.533333	-0.013485
-2.500000	-0.013274
-2.466667	-0.013003
-2.433333	-0.012729
-2.400000	-0.012394
-2.366667	-0.011983
-2.333333	-0.011553
-2.300000	-0.011141
-2.266667	-0.010673
-2.233333	-0.010129
-2.200000	-0.009598
-2.166667	-0.008990
-2.133333	-0.008354
-2.100000	-0.007750
-2.066667	-0.007082
-2.033333	-0.006466
-2.000000	-0.005822
-1.966667	-0.005211
-1.933333	-0.004615
-1.900000	-0.004060
-1.866667	-0.003556
-1.833333	-0.003092
-1.800000	-0.002658
-1.766667	-0.002298
-1.733333	-0.002088
-1.700000	-0.001780
-1.666667	-0.001568
-1.633333	-0.001444
-1.600000	-0.001316
-1.566667	-0.001304
-1.533333	-0.001406
-1.500000	-0.001496
-1.466667	-0.001680
-1.433333	-0.001803
-1.400000	-0.001906
-1.366667	-0.002223
-1.333333	-0.002523
-1.300000	-0.002844
-1.266667	-0.003135
-1.233333	-0.003466
-1.200000	-0.003797
-1.166667	-0.004053
-1.133333	-0.004314
-1.100000	-0.004559
-1.066667	-0.004720
-1.033333	-0.004834
-1.000000	-0.004897
-0.966667	-0.004892
-0.933333	-0.004841
-0.900000	-0.004680
-0.866667	-0.004539
-0.833333	-0.004256
-0.800000	-0.003956
-0.766667	-0.003621
-0.733333	-0.003250
-0.700000	-0.002714
-0.666667	-0.002203
-0.633333	-0.001625
-0.600000	-0.001036
-0.566667	-0.000434
-0.533333	0.000200
-0.500000	0.000890
-0.466667	0.001466
-0.433333	0.002053
-0.400000	0.002534
-0.366667	0.002903
-0.333333	0.003382
-0.300000	0.003708
-0.266667	0.004083
-0.233333	0.004354
-0.200000	0.004622
-0.166667	0.004835
-0.133333	0.005032
-0.100000	0.005181
-0.066667	0.005289
-0.033333	0.005357
-0.000000	0.005380
0.033333	0.005369
0.066667	0.005369
0.100000	0.005355
0.133333	0.005124
0.166667	0.005056
0.200000	0.004903
0.233333	0.004801
0.266667	0.004658
0.300000	0.004550
0.333333	0.004418
0.366667	0.004229
0.400000	0.004061
0.433333	0.003910
0.466667	0.003762
0.500000	0.003593
0.533333	0.003405
0.566667	0.003249
0.600000	0.003130
0.633333	0.003045
0.666667	0.003042
0.700000	0.002976
0.733333	0.002996
0.766667	0.002937
0.800000	0.002932
0.833333	0.002894
0.866667	0.002826
0.900000	0.002737
0.933333	0.002639
0.966667	0.002515
1.000000	0.002380
1.033333	0.002279
1.066667	0.002170
1.100000	0.002013
1.133333	0.001841
1.166667	0.001820
1.200000	0.001727
1.233333	0.001632
1.266667	0.001515
1.300000	0.001427
1.333333	0.001289
1.366667	0.001172
1.400000	0.001125
1.433333	0.001009
1.466667	0.000980
1.500000	0.000960
1.533333	0.000846
1.566667	0.000866
1.600000	0.000836
1.633333	0.000839
1.666667	0.000771
1.700000	0.000722
1.733333	0.000695
1.766667	0.000655
1.800000	0.000585
1.833333	0.000482
1.866667	0.000372
1.900000	0.000270
1.933333	0.000167
1.966667	0.000049
2.000000	-0.000052
2.033333	-0.000140
2.066667	-0.000264
2.100000	-0.000356
2.133333	-0.000497
2.166667	-0.000614
2.200000	-0.000748
2.233333	-0.000877
2.266667	-0.001020
2.300000	-0.001212
2.333333	-0.001456
2.366667	-0.001720
2.400000	-0.001908
2.433333	-0.002107
2.466667	-0.002253
2.500000	-0.002513
2.533333	-0.002779
2.566667	-0.002910
2.600000	-0.003152
2.633333	-0.003335
2.666667	-0.003505
2.700000	-0.003564
2.733333	-0.003640
2.766667	-0.003636
2.800000	-0.003643
2.833333	-0.003614
2.866667	-0.003520
2.900000	-0.003412
2.933333	-0.003297
2.966667	-0.003151
3.000000	-0.002910
3.033333	-0.002612
3.066667	-0.002375
3.100000	-0.002160
3.133333	-0.001862
3.166667	-0.001412
3.200000	-0.001003
3.233333	-0.000624
3.266667	-0.000311
3.300000	0.000019
3.333333	0.000320
3.366667	0.000650
3.400000	0.001049
3.433333	0.001417
3.466667	0.001725
3.500000	0.002043
3.533333	0.002398
3.566667	0.002745
3.600000	0.003053
3.633333	0.003309
3.666667	0.003493
3.700000	0.003605
3.733333	0.003685
3.766667	0.003681
3.800000	0.003678
3.833333	0.003642
3.866667	0.003571
3.900000	0.003408
3.933333	0.003194
3.966667	0.003011
4.000000	0.002788
4.033333	0.002481
4.066667	0.002102
4.100000	0.001789
4.133333	0.001632
4.166667	0.001387
4.200000	0.001075
4.233333	0.000784
4.266667	0.000524
4.300000	0.000353
4.333333	0.000218
4.366667	0.000195
4.400000	0.000257
4.433333	0.000415
4.466667	0.000636
4.500000	0.000924
4.533333	0.001269
4.566667	0.001641
4.600000	0.002011
4.633333	0.002403
4.666667	0.002870
4.700000	0.003307
4.733333	0.003807
4.766667	0.004313
4.800000	0.004848
4.833333	0.005303
4.866667	0.005690
4.900000	0.006024
4.933333	0.006384
4.966667	0.006726
5.000000	0.006886
5.033333	0.007076
5.066667	0.007178
5.100000	0.007242
5.133333	0.007262
5.166667	0.007170
5.200000	0.007074
5.233333	0.006977
5.266667	0.006818
5.300000	0.006670
5.333333	0.006570
5.366667	0.006382
5.400000	0.006196
5.433333	0.005997
5.466667	0.005766
5.500000	0.005535
5.533333	0.005304
5.566667	0.005066
5.600000	0.004815
5.633333	0.004568
5.666667	0.004311
5.700000	0.003981
5.733333	0.003697
5.766667	0.003386
5.800000	0.003088
5.833333	0.002795
5.866667	0.002497
5.900000	0.002217
5.933333	0.001965
5.966667	0.001646
6.000000	0.001235
6.033333	0.001034
6.066667	0.000685
6.100000	0.000378
6.133333	0.000144
6.166667	-0.000029
6.200000	-0.000186
6.233333	-0.000327
6.266667	-0.000474
6.300000	-0.000552
6.333333	-0.000541
6.366667	-0.000688
6.400000	-0.000717
6.433333	-0.000756
6.466667	-0.000751
6.500000	-0.000756
6.533333	-0.000692
6.566667	-0.000610
6.600000	-0.000586
6.633333	-0.000428
6.666667	-0.000347
6.700000	-0.000178
6.733333	-0.000010
6.766667	0.000183
6.800000	0.000387
6.833333	0.000594
6.866667	0.000810
6.900000	0.001032
6.933333	0.001216
6.966667	0.001430
7.000000	0.001600
7.033333	0.001841
7.066667	0.001950
7.100000	0.002137
7.133333	0.002328
7.166667	0.002492
7.200000	0.002583
7.233333	0.002648
7.266667	0.002686
7.300000	0.002715
7.333333	0.002801
7.366667	0.002709
7.400000	0.002743
7.433333	0.002631
7.466667	0.002512
7.500000	0.002332
7.533333	0.002189
7.566667	0.001898
7.600000	0.001599
7.633333	0.001365
7.666667	0.001012
7.700000	0.000735
7.733333	0.000338
7.766667	-0.000134
7.800000	-0.000589
7.833333	-0.001069
7.866667	-0.001534
7.900000	-0.002004
7.933333	-0.002460
7.966667	-0.002950
8.000000	-0.003431
8.033333	-0.003850
8.066667	-0.004244
8.100000	-0.004612
8.133333	-0.004940
8.166667	-0.005204
8.200000	-0.005459
8.233333	-0.005668
8.266667	-0.005836
8.300000	-0.005929
8.333333	-0.005981
8.366667	-0.006089
8.400000	-0.006036
8.433333	-0.006090
8.466667	-0.006064
8.500000	-0.006074
8.533333	-0.006046
8.566667	-0.006018
8.600000	-0.005903
8.633333	-0.005766
8.666667	-0.005748
8.700000	-0.005839
8.733333	-0.005915
8.766667	-0.006026
8.800000	-0.005982
8.833333	-0.006116
8.866667	-0.006155
8.900000	-0.006230
8.933333	-0.006398
8.966667	-0.006668
9.000000	-0.006837
9.033333	-0.007034
9.066667	-0.007301
9.100000	-0.007625
9.133333	-0.007971
9.166667	-0.008390
9.200000	-0.008832
9.233333	-0.009313
9.266667	-0.009855
9.300000	-0.010380
9.333333	-0.010946
9.366667	-0.011519
9.400000	-0.012144
9.433333	-0.012869
9.466667	-0.013415
9.500000	-0.014015
9.533333	-0.014519
9.566667	-0.015040
9.600000	-0.015518
9.633333	-0.015941
9.666667	-0.016383
9.700000	-0.016679
9.733333	-0.016807
9.766667	-0.016892
9.800000	-0.016854
9.833333	-0.016835
9.866667	-0.016602
9.900000	-0.016368
9.933333	-0.016083
9.966667	-0.015695
10.000000	-0.015204
10.033333	-0.014690
10.066667	-0.014185
10.100000	-0.013646
10.133333	-0.013074
10.166667	-0.012515
10.200000	-0.011930
10.233333	-0.011373
10.266667	-0.010833
10.300000	-0.010284
10.333333	-0.009815
10.366667	-0.009372
10.400000	-0.008952
10.433333	-0.008484
10.466667	-0.007983
10.500000	-0.007634
10.533333	-0.007247
10.566667	-0.006901
10.600000	-0.006515
10.633333	-0.006145
10.666667	-0.005801
10.700000	-0.005459
10.733333	-0.005121
10.766667	-0.004791
10.800000	-0.004470
10.833333	-0.004154
10.866667	-0.003842
10.900000	-0.003538
10.933333	-0.003243
10.966667	-0.002963
11.000000	-0.002701
11.033333	-0.002458
11.066667	-0.002237
11.100000	-0.002037
11.133333	-0.001859
11.166667	-0.001700
11.200000	-0.001560
11.233333	-0.001432
11.266667	-0.001313
11.300000	-0.001200
11.333333	-0.001090
11.366667	-0.000986
11.400000	-0.000888
11.433333	-0.000795
11.466667	-0.000705
11.500000	-0.000618
11.533333	-0.000537
11.566667	-0.000461
11.600000	-0.000390
11.633333	-0.000324
11.666667	-0.000264
11.700000	-0.000208
11.733333	-0.000158
11.766667	-0.000112
11.800000	-0.000071
11.833333	-0.000035
11.866667	-0.000003
11.900000	0.000025
11.933333	0.000048
11.966667	0.000067
