-88.000000	0.000007
-87.966667	0.000006
-87.933333	0.000006
-87.900000	0.000005
-87.866667	0.000004
-87.833333	0.000002
-87.800000	0.000001
-87.766667	-0.000001
-87.733333	-0.000003
-87.700000	-0.000005
-87.666667	-0.000007
-87.633333	-0.000008
-87.600000	-0.000010
-87.566667	-0.000011
-87.533333	-0.000013
-87.500000	-0.000013
-87.466667	-0.000013
-87.433333	-0.000013
-87.400000	-0.000012
-87.366667	-0.000010
-87.333333	-0.000008
-87.300000	-0.000004
-87.266667	-0.000000
-87.233333	0.000005
-87.200000	0.000010
-87.166667	0.000015
-87.133333	0.000019
-87.100000	0.000023
-87.066667	0.000026
-87.033333	0.000031
-87.000000	0.000036
-86.966667	0.000041
-86.933333	0.000041
-86.900000	0.000037
-86.866667	0.000033
-86.833333	0.000031
-86.800000	0.000025
-86.766667	0.000015
-86.733333	0.000003
-86.700000	-0.000010
-86.666667	-0.000026
-86.633333	-0.000044
-86.600000	-0.000064
-86.566667	-0.000086
-86.533333	-0.000110
-86.500000	-0.000136
-86.466667	-0.000163
-86.433333	-0.000192
-86.400000	-0.000223
-86.366667	-0.000254
-86.333333	-0.000286
-86.300000	-0.000318
-86.266667	-0.000352
-86.233333	-0.000387
-86.200000	-0.000425
-86.166667	-0.000465
-86.133333	-0.000504
-86.100000	-0.000540
-86.066667	-0.000570
-86.033333	-0.000597
-86.000000	-0.000634
-85.966667	-0.000678
-85.933333	-0.000714
-85.900000	-0.000746
-85.866667	-0.000771
-85.833333	-0.000797
-85.800000	-0.000823
-85.766667	-0.000847
-85.733333	-0.000870
-85.700000	-0.000885
-85.666667	-0.000894
-85.633333	-0.000898
-85.600000	-0.000918
-85.566667	-0.000918
-85.533333	-0.000925
-85.500000	-0.000927
-85.466667	-0.000924
-85.433333	-0.000921
-85.400000	-0.000928
-85.366667	-0.000921
-85.333333	-0.000925
-85.300000	-0.000925
-85.266667	-0.000935
-85.233333	-0.000941
-85.200000	-0.000955
-85.166667	-0.000969
-85.133333	-0.000980
-85.100000	-0.000997
-85.066667	-0.001015
-85.033333	-0.001041
-85.000000	-0.001073
-84.966667	-0.001100
-84.933333	-0.001118
-84.900000	-0.001144
-84.866667	-0.001164
-84.833333	-0.001182
-84.800000	-0.001196
-84.766667	-0.001210
-84.733333	-0.001224
-84.700000	-0.001229
-84.666667	-0.001225
-84.633333	-0.001214
-84.600000	-0.001204
-84.566667	-0.001176
-84.533333	-0.001175
-84.500000	-0.001133
-84.466667	-0.001105
-84.433333	-0.001076
-84.400000	-0.001046
-84.366667	-0.001002
-84.333333	-0.000973
-84.300000	-0.000936
-84.266667	-0.000907
-84.233333	-0.000875
-84.200000	-0.000850
-84.166667	-0.000826
-84.133333	-0.000808
-84.100000	-0.000794
-84.066667	-0.000783
-84.033333	-0.000777
-84.000000	-0.000775
-83.966667	-0.000777
-83.933333	-0.000781
-83.900000	-0.000788
-83.866667	-0.000795
-83.833333	-0.000806
-83.800000	-0.000823
-83.766667	-0.000842
-83.733333	-0.000858
-83.700000	-0.000870
-83.666667	-0.000876
-83.633333	-0.000886
-83.600000	-0.000900
-83.566667	-0.000916
-83.533333	-0.000939
-83.500000	-0.000928
-83.466667	-0.000944
-83.433333	-0.000959
-83.400000	-0.000962
-83.366667	-0.000976
-83.333333	-0.000985
-83.300000	-0.000996
-83.266667	-0.001016
-83.233333	-0.001035
-83.200000	-0.001043
-83.166667	-0.001074
-83.133333	-0.001097
-83.100000	-0.001122
-83.066667	-0.001152
-83.033333	-0.001183
-83.000000	-0.001218
-82.966667	-0.001254
-82.933333	-0.001289
-82.900000	-0.001332
-82.866667	-0.001364
-82.833333	-0.001406
-82.800000	-0.001439
-82.766667	-0.001474
-82.733333	-0.001510
-82.700000	-0.001532
-82.666667	-0.001556
-82.633333	-0.001573
-82.600000	-0.001584
-82.566667	-0.001594
-82.533333	-0.001600
-82.500000	-0.001579
-82.466667	-0.001568
-82.433333	-0.001553
-82.400000	-0.001520
-82.366667	-0.001491
-82.333333	-0.001449
-82.300000	-0.001405
-82.266667	-0.001359
-82.233333	-0.001302
-82.200000	-0.001243
-82.166667	-0.001199
-82.133333	-0.001134
-82.100000	-0.001074
-82.066667	-0.001006
-82.033333	-0.000937
-82.000000	-0.000876
-81.966667	-0.000823
-81.933333	-0.000770
-81.900000	-0.000718
-81.866667	-0.000659
-81.833333	-0.000608
-81.800000	-0.000537
-81.766667	-0.000472
-81.733333	-0.000420
-81.700000	-0.000377
-81.666667	-0.000334
-81.633333	-0.000274
-81.600000	-0.000216
-81.566667	-0.000163
-81.533333	-0.000112
-81.500000	-0.000059
-81.466667	-0.000009
-81.433333	0.000042
-81.400000	0.000089
-81.366667	0.000145
-81.333333	0.000188
-81.300000	0.000230
-81.266667	0.000268
-81.233333	0.000306
-81.200000	0.000340
-81.166667	0.000369
-81.133333	0.000393
-81.100000	0.000414
-81.066667	0.000433
-81.033333	0.000438
-81.000000	0.000417
-80.966667	0.000404
-80.933333	0.000396
-80.900000	0.000379
-80.866667	0.000348
-80.833333	0.000326
-80.800000	0.000290
-80.766667	0.000238
-80.733333	0.000172
-80.700000	0.000112
-80.666667	0.000067
-80.633333	0.000015
-80.600000	-0.000058
-80.566667	-0.000132
-80.533333	-0.000188
-80.500000	-0.000236
-80.466667	-0.000312
-80.433333	-0.000356
-80.400000	-0.000416
-80.366667	-0.000461
-80.333333	-0.000508
-80.300000	-0.000545
-80.266667	-0.000596
-80.233333	-0.000618
-80.200000	-0.000655
-80.166667	-0.000686
-80.133333	-0.000712
-80.100000	-0.000734
-80.066667	-0.000761
-80.033333	-0.000794
-80.000000	-0.000812
-79.966667	-0.000822
-79.933333	-0.000879
-79.900000	-0.000895
-79.866667	-0.000937
-79.833333	-0.000965
-79.800000	-0.001004
-79.766667	-0.001036
-79.733333	-0.001077
-79.700000	-0.001127
-79.666667	-0.001181
-79.633333	-0.001218
-79.600000	-0.001268
-79.566667	-0.001315
-79.533333	-0.001353
-79.500000	-0.001402
-79.466667	-0.001464
-79.433333	-0.001493
-79.400000	-0.001547
-79.366667	-0.001589
-79.333333	-0.001630
-79.300000	-0.001679
-79.266667	-0.001730
-79.233333	-0.001756
-79.200000	-0.001808
-79.166667	-0.001847
-79.133333	-0.001887
-79.100000	-0.001930
-79.066667	-0.001973
-79.033333	-0.002010
-79.000000	-0.002044
-78.966667	-0.002097
-78.933333	-0.002150
-78.900000	-0.002161
-78.866667	-0.002227
-78.833333	-0.002257
-78.800000	-0.002295
-78.766667	-0.002334
-78.733333	-0.002374
-78.700000	-0.002410
-78.666667	-0.002440
-78.633333	-0.002466
-78.600000	-0.002516
-78.566667	-0.002549
-78.533333	-0.002582
-78.500000	-0.002611
-78.466667	-0.002619
-78.433333	-0.002618
-78.400000	-0.002662
-78.366667	-0.002678
-78.333333	-0.002693
-78.300000	-0.002703
-78.266667	-0.002704
-78.233333	-0.002703
-78.200000	-0.002700
-78.166667	-0.002697
-78.133333	-0.002691
-78.100000	-0.002682
-78.066667	-0.002662
-78.033333	-0.002640
-78.000000	-0.002637
-77.966667	-0.002603
-77.933333	-0.002584
-77.900000	-0.002562
-77.866667	-0.002543
-77.833333	-0.002512
-77.800000	-0.002491
-77.766667	-0.002466
-77.733333	-0.002445
-77.700000	-0.002427
-77.666667	-0.002401
-77.633333	-0.002385
-77.600000	-0.002362
-77.566667	-0.002340
-77.533333	-0.002330
-77.500000	-0.002316
-77.466667	-0.002283
-77.433333	-0.002261
-77.400000	-0.002267
-77.366667	-0.002233
-77.333333	-0.002221
-77.300000	-0.002193
-77.266667	-0.002161
-77.233333	-0.002141
-77.200000	-0.002115
-77.166667	-0.002088
-77.133333	-0.002057
-77.100000	-0.002022
-77.066667	-0.001984
-77.033333	-0.001954
-77.000000	-0.001925
-76.966667	-0.001872
-76.933333	-0.001846
-76.900000	-0.001805
-76.866667	-0.001770
-76.833333	-0.001734
-76.800000	-0.001698
-76.766667	-0.001662
-76.733333	-0.001627
-76.700000	-0.001589
-76.666667	-0.001550
-76.633333	-0.001527
-76.600000	-0.001499
-76.566667	-0.001480
-76.533333	-0.001459
-76.500000	-0.001429
-76.466667	-0.001386
-76.433333	-0.001353
-76.400000	-0.001339
-76.366667	-0.001324
-76.333333	-0.001302
-76.300000	-0.001279
-76.266667	-0.001252
-76.233333	-0.001227
-76.200000	-0.001197
-76.166667	-0.001177
-76.133333	-0.001154
-76.100000	-0.001126
-76.066667	-0.001100
-76.033333	-0.001076
-76.000000	-0.001047
-75.966667	-0.001019
-75.933333	-0.000997
-75.900000	-0.000968
-75.866667	-0.000943
-75.833333	-0.000917
-75.800000	-0.000893
-75.766667	-0.000869
-75.733333	-0.000845
-75.700000	-0.000822
-75.666667	-0.000809
-75.633333	-0.000784
-75.600000	-0.000779
-75.566667	-0.000756
-75.533333	-0.000736
-75.500000	-0.000729
-75.466667	-0.000716
-75.433333	-0.000705
-75.400000	-0.000698
-75.366667	-0.000693
-75.333333	-0.000687
-75.300000	-0.000678
-75.266667	-0.000668
-75.233333	-0.000664
-75.200000	-0.000666
-75.166667	-0.000663
-75.133333	-0.000648
-75.100000	-0.000632
-75.066667	-0.000628
-75.033333	-0.000630
-75.000000	-0.000622
-74.966667	-0.000608
-74.933333	-0.000598
-74.900000	-0.000585
-74.866667	-0.000570
-74.833333	-0.000555
-74.800000	-0.000539
-74.766667	-0.000523
-74.733333	-0.000496
-74.700000	-0.000481
-74.666667	-0.000453
-74.633333	-0.000415
-74.600000	-0.000400
-74.566667	-0.000344
-74.533333	-0.000312
-74.500000	-0.000277
-74.466667	-0.000225
-74.433333	-0.000174
-74.400000	-0.000127
-74.366667	-0.000071
-74.333333	-0.000018
-74.300000	0.000037
-74.266667	0.000096
-74.233333	0.000158
-74.200000	0.000217
-74.166667	0.000282
-74.133333	0.000348
-74.100000	0.000396
-74.066667	0.000440
-74.033333	0.000488
-74.000000	0.000542
-73.966667	0.000590
-73.933333	0.000626
-73.900000	0.000662
-73.866667	0.000699
-73.833333	0.000726
-73.800000	0.000752
-73.766667	0.000778
-73.733333	0.000803
-73.700000	0.000829
-73.666667	0.000845
-73.633333	0.000868
-73.600000	0.000882
-73.566667	0.000914
-73.533333	0.000932
-73.500000	0.000959
-73.466667	0.000983
-73.433333	0.001008
-73.400000	0.001047
-73.366667	0.001075
-73.333333	0.001112
-73.300000	0.001148
-73.266667	0.001190
-73.233333	0.001232
-73.200000	0.001267
-73.166667	0.001319
-73.133333	0.001365
-73.100000	0.001409
-73.066667	0.001461
-73.033333	0.001512
-73.000000	0.001566
-72.966667	0.001621
-72.933333	0.001679
-72.900000	0.001740
-72.866667	0.001803
-72.833333	0.001865
-72.800000	0.001931
-72.766667	0.002001
-72.733333	0.002075
-72.700000	0.002154
-72.666667	0.002218
-72.633333	0.002308
-72.600000	0.002397
-72.566667	0.002488
-72.533333	0.002578
-72.500000	0.002678
-72.466667	0.002765
-72.433333	0.002863
-72.400000	0.002971
-72.366667	0.003066
-72.333333	0.003190
-72.300000	0.003303
-72.266667	0.003409
-72.233333	0.003499
-72.200000	0.003595
-72.166667	0.003706
-72.133333	0.003801
-72.100000	0.003890
-72.066667	0.003972
-72.033333	0.004049
-72.000000	0.004120
-71.966667	0.004169
-71.933333	0.004201
-71.900000	0.004216
-71.866667	0.004230
-71.833333	0.004231
-71.800000	0.004193
-71.766667	0.004139
-71.733333	0.004075
-71.700000	0.003976
-71.666667	0.003849
-71.633333	0.003709
-71.600000	0.003533
-71.566667	0.003311
-71.533333	0.003057
-71.500000	0.002764
-71.466667	0.002416
-71.433333	0.002038
-71.400000	0.001621
-71.366667	0.001146
-71.333333	0.000635
-71.300000	0.000067
-71.266667	-0.000543
-71.233333	-0.001176
-71.200000	-0.001819
-71.166667	-0.002489
-71.133333	-0.003181
-71.100000	-0.003876
-71.066667	-0.004557
-71.033333	-0.005214
-71.000000	-0.005834
-70.966667	-0.006406
-70.933333	-0.006901
-70.900000	-0.007309
-70.866667	-0.007610
-70.833333	-0.007823
-70.800000	-0.007939
-70.766667	-0.007922
-70.733333	-0.007800
-70.700000	-0.007584
-70.666667	-0.007261
-70.633333	-0.006836
-70.600000	-0.006325
-70.566667	-0.005745
-70.533333	-0.005093
-70.500000	-0.004393
-70.466667	-0.003666
-70.433333	-0.002916
-70.400000	-0.002167
-70.366667	-0.001459
-70.333333	-0.000757
-70.300000	-0.000105
-70.266667	0.000481
-70.233333	0.001034
-70.200000	0.001504
-70.166667	0.001934
-70.133333	0.002296
-70.100000	0.002611
-70.066667	0.002874
-70.033333	0.003104
-70.000000	0.003293
-69.966667	0.003461
-69.933333	0.003603
-69.900000	0.003728
-69.866667	0.003838
-69.833333	0.003934
-69.800000	0.004025
-69.766667	0.004110
-69.733333	0.004191
-69.700000	0.004281
-69.666667	0.004356
-69.633333	0.004452
-69.600000	0.004533
-69.566667	0.004598
-69.533333	0.004675
-69.500000	0.004719
-69.466667	0.004749
-69.433333	0.004766
-69.400000	0.004770
-69.366667	0.004751
-69.333333	0.004739
-69.300000	0.004704
-69.266667	0.004664
-69.233333	0.004660
-69.200000	0.004631
-69.166667	0.004631
-69.133333	0.004620
-69.100000	0.004625
-69.066667	0.004623
-69.033333	0.004636
-69.000000	0.004674
-68.966667	0.004699
-68.933333	0.004739
-68.900000	0.004785
-68.866667	0.004842
-68.833333	0.004906
-68.800000	0.004967
-68.766667	0.005038
-68.733333	0.005106
-68.700000	0.005164
-68.666667	0.005209
-68.633333	0.005262
-68.600000	0.005286
-68.566667	0.005316
-68.533333	0.005349
-68.500000	0.005358
-68.466667	0.005382
-68.433333	0.005403
-68.400000	0.005425
-68.366667	0.005437
-68.333333	0.005456
-68.300000	0.005475
-68.266667	0.005491
-68.233333	0.005525
-68.200000	0.005541
-68.166667	0.005563
-68.133333	0.005594
-68.100000	0.005616
-68.066667	0.005643
-68.033333	0.005683
-68.000000	0.005730
-67.966667	0.005754
-67.933333	0.005809
-67.900000	0.005856
-67.866667	0.005912
-67.833333	0.005970
-67.800000	0.006036
-67.766667	0.006121
-67.733333	0.006211
-67.700000	0.006312
-67.666667	0.006434
-67.633333	0.006566
-67.600000	0.006717
-67.566667	0.006882
-67.533333	0.007050
-67.500000	0.007228
-67.466667	0.007416
-67.433333	0.007602
-67.400000	0.007782
-67.366667	0.007962
-67.333333	0.008119
-67.300000	0.008250
-67.266667	0.008361
-67.233333	0.008426
-67.200000	0.008442
-67.166667	0.008410
-67.133333	0.008315
-67.100000	0.008153
-67.066667	0.007934
-67.033333	0.007647
-67.000000	0.007289
-66.966667	0.006880
-66.933333	0.006416
-66.900000	0.005890
-66.866667	0.005323
-66.833333	0.004715
-66.800000	0.004076
-66.766667	0.003415
-66.733333	0.002740
-66.700000	0.002062
-66.666667	0.001392
-66.633333	0.000744
-66.600000	0.000127
-66.566667	-0.000451
-66.533333	-0.000976
-66.500000	-0.001426
-66.466667	-0.001823
-66.433333	-0.002127
-66.400000	-0.002350
-66.366667	-0.002475
-66.333333	-0.002511
-66.300000	-0.002442
-66.266667	-0.002280
-66.233333	-0.002039
-66.200000	-0.001698
-66.166667	-0.001280
-66.133333	-0.000767
-66.100000	-0.000159
-66.066667	0.000529
-66.033333	0.001295
-66.000000	0.002151
-65.966667	0.003111
-65.933333	0.004160
-65.900000	0.005304
-65.866667	0.006556
-65.833333	0.007910
-65.800000	0.009377
-65.766667	0.010946
-65.733333	0.012640
-65.700000	0.014436
-65.666667	0.016353
-65.633333	0.018382
-65.600000	0.020523
-65.566667	0.022791
-65.533333	0.025181
-65.500000	0.027694
-65.466667	0.030324
-65.433333	0.033117
-65.400000	0.036033
-65.366667	0.039102
-65.333333	0.042315
-65.300000	0.045664
-65.266667	0.049148
-65.233333	0.052774
-65.200000	0.056544
-65.166667	0.060465
-65.133333	0.064545
-65.100000	0.068773
-65.066667	0.073147
-65.033333	0.077680
-65.000000	0.082374
-64.966667	0.087210
-64.933333	0.092162
-64.900000	0.097208
-64.866667	0.102321
-64.833333	0.107449
-64.800000	0.112565
-64.766667	0.117620
-64.733333	0.122588
-64.700000	0.127410
-64.666667	0.132066
-64.633333	0.136496
-64.600000	0.140662
-64.566667	0.144549
-64.533333	0.148086
-64.500000	0.151215
-64.466667	0.153909
-64.433333	0.156146
-64.400000	0.157886
-64.366667	0.159134
-64.333333	0.159866
-64.300000	0.160093
-64.266667	0.159816
-64.233333	0.159036
-64.200000	0.157739
-64.166667	0.155863
-64.133333	0.153316
-64.100000	0.149894
-64.066667	0.145322
-64.033333	0.139201
-64.000000	0.130978
-63.966667	0.119997
-63.933333	0.105490
-63.900000	0.086624
-63.866667	0.062526
-63.833333	0.032371
-63.800000	-0.004582
-63.766667	-0.048877
-63.733333	-0.100725
-63.700000	-0.160117
-63.666667	-0.226721
-63.633333	-0.299836
-63.600000	-0.378396
-63.566667	-0.461001
-63.533333	-0.545967
-63.500000	-0.631429
-63.466667	-0.715342
-63.433333	-0.795570
-63.400000	-0.869896
-63.366667	-0.936221
-63.333333	-0.992588
-63.300000	-1.037227
-63.266667	-1.068677
-63.233333	-1.085781
-63.200000	-1.087766
-63.166667	-1.074320
-63.133333	-1.045502
-63.100000	-1.001893
-63.066667	-0.944500
-63.033333	-0.874748
-63.000000	-0.794415
-62.966667	-0.705534
-62.933333	-0.610346
-62.900000	-0.511201
-62.866667	-0.410405
-62.833333	-0.310149
-62.800000	-0.212417
-62.766667	-0.118854
-62.733333	-0.030799
-62.700000	0.050621
-62.666667	0.124619
-62.633333	0.190752
-62.600000	0.248848
-62.566667	0.298945
-62.533333	0.341267
-62.500000	0.376111
-62.466667	0.403939
-62.433333	0.425303
-62.400000	0.440791
-62.366667	0.450920
-62.333333	0.456208
-62.300000	0.457186
-62.266667	0.454368
-62.233333	0.448241
-62.200000	0.439249
-62.166667	0.427829
-62.133333	0.414464
-62.100000	0.399486
-62.066667	0.383354
-62.033333	0.366435
-62.000000	0.349096
-61.966667	0.331673
-61.933333	0.314485
-61.900000	0.297813
-61.866667	0.281927
-61.833333	0.267024
-61.800000	0.253261
-61.766667	0.240756
-61.733333	0.229558
-61.700000	0.219622
-61.666667	0.210848
-61.633333	0.203154
-61.600000	0.196436
-61.566667	0.190549
-61.533333	0.185343
-61.500000	0.180657
-61.466667	0.176340
-61.433333	0.172277
-61.400000	0.168373
-61.366667	0.164499
-61.333333	0.160626
-61.300000	0.156743
-61.266667	0.152872
-61.233333	0.149043
-61.200000	0.145324
-61.166667	0.141806
-61.133333	0.138551
-61.100000	0.135606
-61.066667	0.133104
-61.033333	0.131034
-61.000000	0.129430
-60.966667	0.128272
-60.933333	0.127495
-60.900000	0.127018
-60.866667	0.126733
-60.833333	0.126454
-60.800000	0.126026
-60.766667	0.125299
-60.733333	0.124075
-60.700000	0.122196
-60.666667	0.119537
-60.633333	0.116025
-60.600000	0.111604
-60.566667	0.106253
-60.533333	0.100007
-60.500000	0.092939
-60.466667	0.085157
-60.433333	0.076802
-60.400000	0.068028
-60.366667	0.059003
-60.333333	0.049960
-60.300000	0.041079
-60.266667	0.032569
-60.233333	0.024623
-60.200000	0.017422
-60.166667	0.011094
-60.133333	0.005734
-60.100000	0.001430
-60.066667	-0.001766
-60.033333	-0.003892
-60.000000	-0.005034
-59.966667	-0.005303
-59.933333	-0.004830
-59.900000	-0.003783
-59.866667	-0.002374
-59.833333	-0.000849
-59.800000	0.000602
-59.766667	0.001779
-59.733333	0.002530
-59.700000	0.002760
-59.666667	0.002402
-59.633333	0.001410
-59.600000	-0.000230
-59.566667	-0.002469
-59.533333	-0.005224
-59.500000	-0.008417
-59.466667	-0.011971
-59.433333	-0.015788
-59.400000	-0.019758
-59.366667	-0.023760
-59.333333	-0.027694
-59.300000	-0.031466
-59.266667	-0.034981
-59.233333	-0.038165
-59.200000	-0.040976
-59.166667	-0.043417
-59.133333	-0.045492
-59.100000	-0.047219
-59.066667	-0.048629
-59.033333	-0.049776
-59.000000	-0.050705
-58.966667	-0.051447
-58.933333	-0.052048
-58.900000	-0.052557
-58.866667	-0.052991
-58.833333	-0.053358
-58.800000	-0.053647
-58.766667	-0.053817
-58.733333	-0.053819
-58.700000	-0.053628
-58.666667	-0.053221
-58.633333	-0.052534
-58.600000	-0.051569
-58.566667	-0.050274
-58.533333	-0.048637
-58.500000	-0.046661
-58.466667	-0.044383
-58.433333	-0.041809
-58.400000	-0.038969
-58.366667	-0.035909
-58.333333	-0.032696
-58.300000	-0.029404
-58.266667	-0.026112
-58.233333	-0.022901
-58.200000	-0.019820
-58.166667	-0.016922
-58.133333	-0.014240
-58.100000	-0.011830
-58.066667	-0.009714
-58.033333	-0.007914
-58.000000	-0.006422
-57.966667	-0.005240
-57.933333	-0.004369
-57.900000	-0.003801
-57.866667	-0.003539
-57.833333	-0.003588
-57.800000	-0.003948
-57.766667	-0.004603
-57.733333	-0.005525
-57.700000	-0.006691
-57.666667	-0.008058
-57.633333	-0.009528
-57.600000	-0.011110
-57.566667	-0.012711
-57.533333	-0.014290
-57.500000	-0.015786
-57.466667	-0.017162
-57.433333	-0.018360
-57.400000	-0.019364
-57.366667	-0.020162
-57.333333	-0.020759
-57.300000	-0.021166
-57.266667	-0.021381
-57.233333	-0.021400
-57.200000	-0.021214
-57.166667	-0.020850
-57.133333	-0.020337
-57.100000	-0.019688
-57.066667	-0.018927
-57.033333	-0.018060
-57.000000	-0.017088
-56.966667	-0.016041
-56.933333	-0.014950
-56.900000	-0.013840
-56.866667	-0.012745
-56.833333	-0.011672
-56.800000	-0.010609
-56.766667	-0.009604
-56.733333	-0.008617
-56.700000	-0.007672
-56.666667	-0.006761
-56.633333	-0.005867
-56.600000	-0.005005
-56.566667	-0.004152
-56.533333	-0.003320
-56.500000	-0.002509
-56.466667	-0.001730
-56.433333	-0.000993
-56.400000	-0.000306
-56.366667	0.000329
-56.333333	0.000902
-56.300000	0.001399
-56.266667	0.001799
-56.233333	0.002083
-56.200000	0.002234
-56.166667	0.002229
-56.133333	0.002060
-56.100000	0.001723
-56.066667	0.001199
-56.033333	0.000499
-56.000000	-0.000375
-55.966667	-0.001418
-55.933333	-0.002615
-55.900000	-0.003946
-55.866667	-0.005390
-55.833333	-0.006904
-55.800000	-0.008458
-55.766667	-0.010071
-55.733333	-0.011680
-55.700000	-0.013318
-55.666667	-0.014951
-55.633333	-0.016572
-55.600000	-0.018171
-55.566667	-0.019745
-55.533333	-0.021281
-55.500000	-0.022759
-55.466667	-0.024169
-55.433333	-0.025496
-55.400000	-0.026713
-55.366667	-0.027812
-55.333333	-0.028809
-55.300000	-0.029714
-55.266667	-0.030544
-55.233333	-0.031299
-55.200000	-0.031967
-55.166667	-0.032536
-55.133333	-0.033017
-55.100000	-0.033384
-55.066667	-0.033661
-55.033333	-0.033836
-55.000000	-0.033881
-54.966667	-0.033844
-54.933333	-0.033689
-54.900000	-0.033434
-54.866667	-0.033068
-54.833333	-0.032633
-54.800000	-0.032121
-54.766667	-0.031559
-54.733333	-0.030913
-54.700000	-0.030250
-54.666667	-0.029488
-54.633333	-0.028644
-54.600000	-0.027685
-54.566667	-0.026592
-54.533333	-0.025354
-54.500000	-0.023942
-54.466667	-0.022372
-54.433333	-0.020643
-54.400000	-0.018779
-54.366667	-0.016837
-54.333333	-0.014880
-54.300000	-0.012954
-54.266667	-0.011110
-54.233333	-0.009386
-54.200000	-0.007816
-54.166667	-0.006438
-54.133333	-0.005324
-54.100000	-0.004467
-54.066667	-0.003919
-54.033333	-0.003660
-54.000000	-0.003707
-53.966667	-0.004083
-53.933333	-0.004715
-53.900000	-0.005606
-53.866667	-0.006710
-53.833333	-0.008003
-53.800000	-0.009397
-53.766667	-0.010843
-53.733333	-0.012317
-53.700000	-0.013770
-53.666667	-0.015110
-53.633333	-0.016332
-53.600000	-0.017374
-53.566667	-0.018203
-53.533333	-0.018786
-53.500000	-0.019139
-53.466667	-0.019273
-53.433333	-0.019212
-53.400000	-0.018992
-53.366667	-0.018644
-53.333333	-0.018211
-53.300000	-0.017712
-53.266667	-0.017174
-53.233333	-0.016608
-53.200000	-0.016013
-53.166667	-0.015404
-53.133333	-0.014782
-53.100000	-0.014111
-53.066667	-0.013397
-53.033333	-0.012640
-53.000000	-0.011795
-52.966667	-0.010884
-52.933333	-0.009888
-52.900000	-0.008825
-52.866667	-0.007705
-52.833333	-0.006534
-52.800000	-0.005309
-52.766667	-0.004036
-52.733333	-0.002738
-52.700000	-0.001392
-52.666667	-0.000057
-52.633333	0.001287
-52.600000	0.002634
-52.566667	0.003970
-52.533333	0.005252
-52.500000	0.006427
-52.466667	0.007519
-52.433333	0.008483
-52.400000	0.009320
-52.366667	0.009995
-52.333333	0.010464
-52.300000	0.010718
-52.266667	0.010764
-52.233333	0.010608
-52.200000	0.010244
-52.166667	0.009669
-52.133333	0.008906
-52.100000	0.007948
-52.066667	0.006806
-52.033333	0.005504
-52.000000	0.004074
-51.966667	0.002503
-51.933333	0.000850
-51.900000	-0.000858
-51.866667	-0.002560
-51.833333	-0.004180
-51.800000	-0.005643
-51.766667	-0.006888
-51.733333	-0.007864
-51.700000	-0.008517
-51.666667	-0.008800
-51.633333	-0.008681
-51.600000	-0.008158
-51.566667	-0.007250
-51.533333	-0.006017
-51.500000	-0.004492
-51.466667	-0.002708
-51.433333	-0.000764
-51.400000	0.001259
-51.366667	0.003266
-51.333333	0.005192
-51.300000	0.006933
-51.266667	0.008465
-51.233333	0.009706
-51.200000	0.010645
-51.166667	0.011229
-51.133333	0.011485
-51.100000	0.011438
-51.066667	0.011134
-51.033333	0.010594
-51.000000	0.009915
-50.966667	0.009159
-50.933333	0.008396
-50.900000	0.007695
-50.866667	0.007119
-50.833333	0.006712
-50.800000	0.006490
-50.766667	0.006479
-50.733333	0.006649
-50.700000	0.006973
-50.666667	0.007421
-50.633333	0.007952
-50.600000	0.008488
-50.566667	0.008992
-50.533333	0.009396
-50.500000	0.009694
-50.466667	0.009853
-50.433333	0.009823
-50.400000	0.009587
-50.366667	0.009123
-50.333333	0.008426
-50.300000	0.007470
-50.266667	0.006327
-50.233333	0.005002
-50.200000	0.003543
-50.166667	0.001974
-50.133333	0.000404
-50.100000	-0.001115
-50.066667	-0.002522
-50.033333	-0.003770
-50.000000	-0.004774
-49.966667	-0.005535
-49.933333	-0.006024
-49.900000	-0.006235
-49.866667	-0.006183
-49.833333	-0.005898
-49.800000	-0.005412
-49.766667	-0.004763
-49.733333	-0.004022
-49.700000	-0.003229
-49.666667	-0.002422
-49.633333	-0.001649
-49.600000	-0.000957
-49.566667	-0.000349
-49.533333	0.000157
-49.500000	0.000553
-49.466667	0.000818
-49.433333	0.000955
-49.400000	0.000998
-49.366667	0.000968
-49.333333	0.000873
-49.300000	0.000750
-49.266667	0.000637
-49.233333	0.000567
-49.200000	0.000575
-49.166667	0.000701
-49.133333	0.000975
-49.100000	0.001414
-49.066667	0.002031
-49.033333	0.002778
-49.000000	0.003635
-48.966667	0.004611
-48.933333	0.005644
-48.900000	0.006707
-48.866667	0.007747
-48.833333	0.008730
-48.800000	0.009600
-48.766667	0.010313
-48.733333	0.010817
-48.700000	0.011063
-48.666667	0.010998
-48.633333	0.010587
-48.600000	0.009803
-48.566667	0.008622
-48.533333	0.007028
-48.500000	0.005097
-48.466667	0.002851
-48.433333	0.000387
-48.400000	-0.002237
-48.366667	-0.004957
-48.333333	-0.007687
-48.300000	-0.010312
-48.266667	-0.012749
-48.233333	-0.014919
-48.200000	-0.016753
-48.166667	-0.018185
-48.133333	-0.019194
-48.100000	-0.019759
-48.066667	-0.019891
-48.033333	-0.019616
-48.000000	-0.018954
-47.966667	-0.017947
-47.933333	-0.016692
-47.900000	-0.015247
-47.866667	-0.013709
-47.833333	-0.012143
-47.800000	-0.010655
-47.766667	-0.009303
-47.733333	-0.008141
-47.700000	-0.007211
-47.666667	-0.006538
-47.633333	-0.006121
-47.600000	-0.005955
-47.566667	-0.006005
-47.533333	-0.006199
-47.500000	-0.006447
-47.466667	-0.006727
-47.433333	-0.006949
-47.400000	-0.007084
-47.366667	-0.007073
-47.333333	-0.006877
-47.300000	-0.006454
-47.266667	-0.005802
-47.233333	-0.004913
-47.200000	-0.003810
-47.166667	-0.002527
-47.133333	-0.001129
-47.100000	0.000322
-47.066667	0.001737
-47.033333	0.003022
-47.000000	0.004061
-46.966667	0.004782
-46.933333	0.005087
-46.900000	0.004922
-46.866667	0.004278
-46.833333	0.003111
-46.800000	0.001479
-46.766667	-0.000558
-46.733333	-0.002903
-46.700000	-0.005460
-46.666667	-0.008137
-46.633333	-0.010826
-46.600000	-0.013415
-46.566667	-0.015796
-46.533333	-0.017878
-46.500000	-0.019615
-46.466667	-0.020988
-46.433333	-0.021970
-46.400000	-0.022527
-46.366667	-0.022651
-46.333333	-0.022359
-46.300000	-0.021653
-46.266667	-0.020625
-46.233333	-0.019325
-46.200000	-0.017837
-46.166667	-0.016242
-46.133333	-0.014618
-46.100000	-0.013060
-46.066667	-0.011664
-46.033333	-0.010478
-46.000000	-0.009564
-45.966667	-0.008935
-45.933333	-0.008615
-45.900000	-0.008574
-45.866667	-0.008791
-45.833333	-0.009248
-45.800000	-0.009835
-45.766667	-0.010519
-45.733333	-0.011222
-45.700000	-0.011868
-45.666667	-0.012428
-45.633333	-0.012813
-45.600000	-0.012997
-45.566667	-0.012948
-45.533333	-0.012655
-45.500000	-0.012128
-45.466667	-0.011386
-45.433333	-0.010429
-45.400000	-0.009282
-45.366667	-0.008032
-45.333333	-0.006704
-45.300000	-0.005380
-45.266667	-0.004170
-45.233333	-0.003063
-45.200000	-0.002136
-45.166667	-0.001403
-45.133333	-0.000900
-45.100000	-0.000652
-45.066667	-0.000661
-45.033333	-0.000915
-45.000000	-0.001443
-44.966667	-0.002162
-44.933333	-0.003068
-44.900000	-0.004109
-44.866667	-0.005263
-44.833333	-0.006475
-44.800000	-0.007667
-44.766667	-0.008792
-44.733333	-0.009786
-44.700000	-0.010598
-44.666667	-0.011213
-44.633333	-0.011582
-44.600000	-0.011712
-44.566667	-0.011593
-44.533333	-0.011250
-44.500000	-0.010717
-44.466667	-0.010032
-44.433333	-0.009236
-44.400000	-0.008365
-44.366667	-0.007463
-44.333333	-0.006543
-44.300000	-0.005673
-44.266667	-0.004863
-44.233333	-0.004108
-44.200000	-0.003474
-44.166667	-0.002942
-44.133333	-0.002511
-44.100000	-0.002156
-44.066667	-0.001880
-44.033333	-0.001669
-44.000000	-0.001493
-43.966667	-0.001269
-43.933333	-0.001023
-43.900000	-0.000704
-43.866667	-0.000314
-43.833333	0.000195
-43.800000	0.000850
-43.766667	0.001639
-43.733333	0.002556
-43.700000	0.003572
-43.666667	0.004649
-43.633333	0.005744
-43.600000	0.006814
-43.566667	0.007802
-43.533333	0.008659
-43.500000	0.009356
-43.466667	0.009832
-43.433333	0.010072
-43.400000	0.010059
-43.366667	0.009775
-43.333333	0.009198
-43.300000	0.008321
-43.266667	0.007138
-43.233333	0.005668
-43.200000	0.003962
-43.166667	0.002084
-43.133333	0.000094
-43.100000	-0.001961
-43.066667	-0.004045
-43.033333	-0.006092
-43.000000	-0.008045
-42.966667	-0.009852
-42.933333	-0.011506
-42.900000	-0.012975
-42.866667	-0.014252
-42.833333	-0.015320
-42.800000	-0.016179
-42.766667	-0.016847
-42.733333	-0.017348
-42.700000	-0.017698
-42.666667	-0.017908
-42.633333	-0.018032
-42.600000	-0.018064
-42.566667	-0.018003
-42.533333	-0.017855
-42.500000	-0.017600
-42.466667	-0.017241
-42.433333	-0.016755
-42.400000	-0.016166
-42.366667	-0.015433
-42.333333	-0.014599
-42.300000	-0.013649
-42.266667	-0.012593
-42.233333	-0.011486
-42.200000	-0.010328
-42.166667	-0.009148
-42.133333	-0.007996
-42.100000	-0.006895
-42.066667	-0.005885
-42.033333	-0.004987
-42.000000	-0.004226
-41.966667	-0.003613
-41.933333	-0.003142
-41.900000	-0.002807
-41.866667	-0.002615
-41.833333	-0.002561
-41.800000	-0.002637
-41.766667	-0.002840
-41.733333	-0.003165
-41.700000	-0.003601
-41.666667	-0.004144
-41.633333	-0.004817
-41.600000	-0.005547
-41.566667	-0.006302
-41.533333	-0.007086
-41.500000	-0.007840
-41.466667	-0.008578
-41.433333	-0.009291
-41.400000	-0.009968
-41.366667	-0.010576
-41.333333	-0.011156
-41.300000	-0.011683
-41.266667	-0.012187
-41.233333	-0.012687
-41.200000	-0.013143
-41.166667	-0.013563
-41.133333	-0.013948
-41.100000	-0.014276
-41.066667	-0.014541
-41.033333	-0.014731
-41.000000	-0.014813
-40.966667	-0.014780
-40.933333	-0.014624
-40.900000	-0.014367
-40.866667	-0.014022
-40.833333	-0.013594
-40.800000	-0.013090
-40.766667	-0.012530
-40.733333	-0.011934
-40.700000	-0.011305
-40.666667	-0.010629
-40.633333	-0.009990
-40.600000	-0.009318
-40.566667	-0.008650
-40.533333	-0.007988
-40.500000	-0.007332
-40.466667	-0.006700
-40.433333	-0.006068
-40.400000	-0.005463
-40.366667	-0.004880
-40.333333	-0.004317
-40.300000	-0.003785
-40.266667	-0.003297
-40.233333	-0.002822
-40.200000	-0.002387
-40.166667	-0.001987
-40.133333	-0.001630
-40.100000	-0.001307
-40.066667	-0.001038
-40.033333	-0.000822
-40.000000	-0.000648
-39.966667	-0.000532
-39.933333	-0.000456
-39.900000	-0.000423
-39.866667	-0.000435
-39.833333	-0.000492
-39.800000	-0.000594
-39.766667	-0.000746
-39.733333	-0.000945
-39.700000	-0.001181
-39.666667	-0.001472
-39.633333	-0.001835
-39.600000	-0.002196
-39.566667	-0.002584
-39.533333	-0.002965
-39.500000	-0.003348
-39.466667	-0.003724
-39.433333	-0.004107
-39.400000	-0.004526
-39.366667	-0.004967
-39.333333	-0.005435
-39.300000	-0.005932
-39.266667	-0.006453
-39.233333	-0.006977
-39.200000	-0.007537
-39.166667	-0.008100
-39.133333	-0.008658
-39.100000	-0.009192
-39.066667	-0.009714
-39.033333	-0.010184
-39.000000	-0.010580
-38.966667	-0.010874
-38.933333	-0.011042
-38.900000	-0.011080
-38.866667	-0.011007
-38.833333	-0.010808
-38.800000	-0.010445
-38.766667	-0.009914
-38.733333	-0.009232
-38.700000	-0.008374
-38.666667	-0.007372
-38.633333	-0.006220
-38.600000	-0.004968
-38.566667	-0.003626
-38.533333	-0.002214
-38.500000	-0.000781
-38.466667	0.000643
-38.433333	0.002036
-38.400000	0.003394
-38.366667	0.004691
-38.333333	0.005941
-38.300000	0.007131
-38.266667	0.008253
-38.233333	0.009302
-38.200000	0.010272
-38.166667	0.011160
-38.133333	0.011961
-38.100000	0.012629
-38.066667	0.013164
-38.033333	0.013558
-38.000000	0.013807
-37.966667	0.013919
-37.933333	0.013883
-37.900000	0.013685
-37.866667	0.013313
-37.833333	0.012788
-37.800000	0.012121
-37.766667	0.011286
-37.733333	0.010281
-37.700000	0.009126
-37.666667	0.007790
-37.633333	0.006292
-37.600000	0.004631
-37.566667	0.002834
-37.533333	0.000923
-37.500000	-0.001077
-37.466667	-0.003087
-37.433333	-0.005044
-37.400000	-0.006862
-37.366667	-0.008490
-37.333333	-0.009860
-37.300000	-0.010949
-37.266667	-0.011722
-37.233333	-0.012133
-37.200000	-0.012170
-37.166667	-0.011824
-37.133333	-0.011109
-37.100000	-0.010049
-37.066667	-0.008637
-37.033333	-0.006910
-37.000000	-0.004883
-36.966667	-0.002595
-36.933333	-0.000113
-36.900000	0.002501
-36.866667	0.005196
-36.833333	0.007879
-36.800000	0.010513
-36.766667	0.013021
-36.733333	0.015341
-36.700000	0.017424
-36.666667	0.019237
-36.633333	0.020754
-36.600000	0.021959
-36.566667	0.022862
-36.533333	0.023495
-36.500000	0.023861
-36.466667	0.024040
-36.433333	0.024040
-36.400000	0.023884
-36.366667	0.023600
-36.333333	0.023185
-36.300000	0.022664
-36.266667	0.022042
-36.233333	0.021370
-36.200000	0.020646
-36.166667	0.019907
-36.133333	0.019168
-36.100000	0.018434
-36.066667	0.017721
-36.033333	0.017023
-36.000000	0.016348
-35.966667	0.015666
-35.933333	0.014961
-35.900000	0.014219
-35.866667	0.013434
-35.833333	0.012570
-35.800000	0.011656
-35.766667	0.010663
-35.733333	0.009606
-35.700000	0.008512
-35.666667	0.007424
-35.633333	0.006332
-35.600000	0.005294
-35.566667	0.004331
-35.533333	0.003467
-35.500000	0.002734
-35.466667	0.002228
-35.433333	0.001910
-35.400000	0.001809
-35.366667	0.001931
-35.333333	0.002250
-35.300000	0.002755
-35.266667	0.003411
-35.233333	0.004213
-35.200000	0.005126
-35.166667	0.006132
-35.133333	0.007188
-35.100000	0.008247
-35.066667	0.009277
-35.033333	0.010225
-35.000000	0.011051
-34.966667	0.011714
-34.933333	0.012196
-34.900000	0.012483
-34.866667	0.012569
-34.833333	0.012455
-34.800000	0.012154
-34.766667	0.011687
-34.733333	0.011091
-34.700000	0.010412
-34.666667	0.009689
-34.633333	0.008953
-34.600000	0.008289
-34.566667	0.007710
-34.533333	0.007248
-34.500000	0.006933
-34.466667	0.006751
-34.433333	0.006655
-34.400000	0.006644
-34.366667	0.006688
-34.333333	0.006778
-34.300000	0.006872
-34.266667	0.006927
-34.233333	0.006923
-34.200000	0.006844
-34.166667	0.006662
-34.133333	0.006360
-34.100000	0.005922
-34.066667	0.005328
-34.033333	0.004591
-34.000000	0.003665
-33.966667	0.002568
-33.933333	0.001314
-33.900000	-0.000077
-33.866667	-0.001583
-33.833333	-0.003159
-33.800000	-0.004756
-33.766667	-0.006324
-33.733333	-0.007818
-33.700000	-0.009193
-33.666667	-0.010407
-33.633333	-0.011431
-33.600000	-0.012256
-33.566667	-0.012905
-33.533333	-0.013371
-33.500000	-0.013661
-33.466667	-0.013793
-33.433333	-0.013769
-33.400000	-0.013599
-33.366667	-0.013275
-33.333333	-0.012824
-33.300000	-0.012257
-33.266667	-0.011593
-33.233333	-0.010830
-33.200000	-0.009977
-33.166667	-0.009059
-33.133333	-0.008113
-33.100000	-0.007173
-33.066667	-0.006256
-33.033333	-0.005385
-33.000000	-0.004616
-32.966667	-0.003922
-32.933333	-0.003311
-32.900000	-0.002792
-32.866667	-0.002371
-32.833333	-0.002038
-32.800000	-0.001780
-32.766667	-0.001596
-32.733333	-0.001485
-32.700000	-0.001441
-32.666667	-0.001458
-32.633333	-0.001545
-32.600000	-0.001702
-32.566667	-0.001926
-32.533333	-0.002196
-32.500000	-0.002517
-32.466667	-0.002876
-32.433333	-0.003268
-32.400000	-0.003695
-32.366667	-0.004134
-32.333333	-0.004570
-32.300000	-0.005034
-32.266667	-0.005500
-32.233333	-0.005948
-32.200000	-0.006403
-32.166667	-0.006855
-32.133333	-0.007296
-32.100000	-0.007693
-32.066667	-0.008017
-32.033333	-0.008255
-32.000000	-0.008386
-31.966667	-0.008388
-31.933333	-0.008244
-31.900000	-0.007946
-31.866667	-0.007485
-31.833333	-0.006845
-31.800000	-0.006019
-31.766667	-0.005022
-31.733333	-0.003864
-31.700000	-0.002560
-31.666667	-0.001134
-31.633333	0.000390
-31.600000	0.001991
-31.566667	0.003642
-31.533333	0.005312
-31.500000	0.006974
-31.466667	0.008603
-31.433333	0.010150
-31.400000	0.011603
-31.366667	0.012939
-31.333333	0.014126
-31.300000	0.015117
-31.266667	0.015962
-31.233333	0.016627
-31.200000	0.017093
-31.166667	0.017397
-31.133333	0.017522
-31.100000	0.017512
-31.066667	0.017373
-31.033333	0.017132
-31.000000	0.016807
-30.966667	0.016417
-30.933333	0.015973
-30.900000	0.015477
-30.866667	0.014926
-30.833333	0.014321
-30.800000	0.013668
-30.766667	0.012945
-30.733333	0.012159
-30.700000	0.011300
-30.666667	0.010379
-30.633333	0.009409
-30.600000	0.008407
-30.566667	0.007384
-30.533333	0.006346
-30.500000	0.005315
-30.466667	0.004309
-30.433333	0.003328
-30.400000	0.002389
-30.366667	0.001476
-30.333333	0.000593
-30.300000	-0.000248
-30.266667	-0.001031
-30.233333	-0.001752
-30.200000	-0.002385
-30.166667	-0.002928
-30.133333	-0.003374
-30.100000	-0.003696
-30.066667	-0.003910
-30.033333	-0.004012
-30.000000	-0.004018
-29.966667	-0.003949
-29.933333	-0.003837
-29.900000	-0.003697
-29.866667	-0.003530
-29.833333	-0.003373
-29.800000	-0.003225
-29.766667	-0.003093
-29.733333	-0.002969
-29.700000	-0.002868
-29.666667	-0.002775
-29.633333	-0.002668
-29.600000	-0.002564
-29.566667	-0.002455
-29.533333	-0.002339
-29.500000	-0.002210
-29.466667	-0.002077
-29.433333	-0.001950
-29.400000	-0.001819
-29.366667	-0.001723
-29.333333	-0.001620
-29.300000	-0.001536
-29.266667	-0.001415
-29.233333	-0.001315
-29.200000	-0.001197
-29.166667	-0.001090
-29.133333	-0.000979
-29.100000	-0.000881
-29.066667	-0.000814
-29.033333	-0.000762
-29.000000	-0.000758
-28.966667	-0.000810
-28.933333	-0.000932
-28.900000	-0.001127
-28.866667	-0.001402
-28.833333	-0.001787
-28.800000	-0.002257
-28.766667	-0.002823
-28.733333	-0.003498
-28.700000	-0.004284
-28.666667	-0.005169
-28.633333	-0.006157
-28.600000	-0.007250
-28.566667	-0.008394
-28.533333	-0.009634
-28.500000	-0.010939
-28.466667	-0.012292
-28.433333	-0.013664
-28.400000	-0.015040
-28.366667	-0.016412
-28.333333	-0.017714
-28.300000	-0.018944
-28.266667	-0.020054
-28.233333	-0.021064
-28.200000	-0.021894
-28.166667	-0.022561
-28.133333	-0.023042
-28.100000	-0.023333
-28.066667	-0.023433
-28.033333	-0.023329
-28.000000	-0.023071
-27.966667	-0.022646
-27.933333	-0.022069
-27.900000	-0.021352
-27.866667	-0.020534
-27.833333	-0.019645
-27.800000	-0.018710
-27.766667	-0.017756
-27.733333	-0.016803
-27.700000	-0.015877
-27.666667	-0.015013
-27.633333	-0.014228
-27.600000	-0.013519
-27.566667	-0.012892
-27.533333	-0.012396
-27.500000	-0.011983
-27.466667	-0.011667
-27.433333	-0.011442
-27.400000	-0.011299
-27.366667	-0.011227
-27.333333	-0.011212
-27.300000	-0.011243
-27.266667	-0.011321
-27.233333	-0.011428
-27.200000	-0.011555
-27.166667	-0.011697
-27.133333	-0.011848
-27.100000	-0.012003
-27.066667	-0.012161
-27.033333	-0.012320
-27.000000	-0.012480
-26.966667	-0.012631
-26.933333	-0.012762
-26.900000	-0.012884
-26.866667	-0.013032
-26.833333	-0.013165
-26.800000	-0.013276
-26.766667	-0.013353
-26.733333	-0.013376
-26.700000	-0.013342
-26.666667	-0.013241
-26.633333	-0.013047
-26.600000	-0.012736
-26.566667	-0.012300
-26.533333	-0.011748
-26.500000	-0.011073
-26.466667	-0.010289
-26.433333	-0.009392
-26.400000	-0.008374
-26.366667	-0.007260
-26.333333	-0.006049
-26.300000	-0.004739
-26.266667	-0.003368
-26.233333	-0.001943
-26.200000	-0.000478
-26.166667	0.000992
-26.133333	0.002459
-26.100000	0.003892
-26.066667	0.005272
-26.033333	0.006572
-26.000000	0.007765
-25.966667	0.008846
-25.933333	0.009786
-25.900000	0.010580
-25.866667	0.011219
-25.833333	0.011733
-25.800000	0.012093
-25.766667	0.012309
-25.733333	0.012404
-25.700000	0.012387
-25.666667	0.012277
-25.633333	0.012077
-25.600000	0.011811
-25.566667	0.011486
-25.533333	0.011118
-25.500000	0.010708
-25.466667	0.010271
-25.433333	0.009817
-25.400000	0.009349
-25.366667	0.008853
-25.333333	0.008342
-25.300000	0.007811
-25.266667	0.007238
-25.233333	0.006624
-25.200000	0.005962
-25.166667	0.005233
-25.133333	0.004447
-25.100000	0.003576
-25.066667	0.002608
-25.033333	0.001527
-25.000000	0.000326
-24.966667	-0.001016
-24.933333	-0.002470
-24.900000	-0.004059
-24.866667	-0.005758
-24.833333	-0.007575
-24.800000	-0.009498
-24.766667	-0.011501
-24.733333	-0.013574
-24.700000	-0.015673
-24.666667	-0.017800
-24.633333	-0.019931
-24.600000	-0.022035
-24.566667	-0.024093
-24.533333	-0.026102
-24.500000	-0.028052
-24.466667	-0.029909
-24.433333	-0.031673
-24.400000	-0.033346
-24.366667	-0.034920
-24.333333	-0.036385
-24.300000	-0.037737
-24.266667	-0.038977
-24.233333	-0.040111
-24.200000	-0.041124
-24.166667	-0.042029
-24.133333	-0.042818
-24.100000	-0.043495
-24.066667	-0.044060
-24.033333	-0.044510
-24.000000	-0.044855
-23.966667	-0.045108
-23.933333	-0.045252
-23.900000	-0.045333
-23.866667	-0.045310
-23.833333	-0.045220
-23.800000	-0.045071
-23.766667	-0.044875
-23.733333	-0.044624
-23.700000	-0.044304
-23.666667	-0.043941
-23.633333	-0.043522
-23.600000	-0.043064
-23.566667	-0.042568
-23.533333	-0.042052
-23.500000	-0.041510
-23.466667	-0.040946
-23.433333	-0.040383
-23.400000	-0.039835
-23.366667	-0.039291
-23.333333	-0.038740
-23.300000	-0.038188
-23.266667	-0.037651
-23.233333	-0.037121
-23.200000	-0.036579
-23.166667	-0.036023
-23.133333	-0.035457
-23.100000	-0.034852
-23.066667	-0.034223
-23.033333	-0.033560
-23.000000	-0.032865
-22.966667	-0.032128
-22.933333	-0.031339
-22.900000	-0.030485
-22.866667	-0.029551
-22.833333	-0.028544
-22.800000	-0.027475
-22.766667	-0.026315
-22.733333	-0.025048
-22.700000	-0.023669
-22.666667	-0.022192
-22.633333	-0.020616
-22.600000	-0.018937
-22.566667	-0.017156
-22.533333	-0.015280
-22.500000	-0.013285
-22.466667	-0.011180
-22.433333	-0.008976
-22.400000	-0.006686
-22.366667	-0.004332
-22.333333	-0.001942
-22.300000	0.000441
-22.266667	0.002786
-22.233333	0.005079
-22.200000	0.007295
-22.166667	0.009380
-22.133333	0.011328
-22.100000	0.013140
-22.066667	0.014778
-22.033333	0.016252
-22.000000	0.017542
-21.966667	0.018651
-21.933333	0.019599
-21.900000	0.020389
-21.866667	0.021015
-21.833333	0.021478
-21.800000	0.021793
-21.766667	0.021996
-21.733333	0.022097
-21.700000	0.022111
-21.666667	0.022049
-21.633333	0.021949
-21.600000	0.021836
-21.566667	0.021727
-21.533333	0.021645
-21.500000	0.021619
-21.466667	0.021640
-21.433333	0.021718
-21.400000	0.021850
-21.366667	0.022037
-21.333333	0.022276
-21.300000	0.022566
-21.266667	0.022902
-21.233333	0.023283
-21.200000	0.023714
-21.166667	0.024187
-21.133333	0.024709
-21.100000	0.025302
-21.066667	0.025948
-21.033333	0.026657
-21.000000	0.027428
-20.966667	0.028270
-20.933333	0.029180
-20.900000	0.030134
-20.866667	0.031115
-20.833333	0.032118
-20.800000	0.033139
-20.766667	0.034165
-20.733333	0.035191
-20.700000	0.036202
-20.666667	0.037193
-20.633333	0.038152
-20.600000	0.039066
-20.566667	0.039950
-20.533333	0.040800
-20.500000	0.041613
-20.466667	0.042367
-20.433333	0.043042
-20.400000	0.043624
-20.366667	0.044115
-20.333333	0.044460
-20.300000	0.044655
-20.266667	0.044700
-20.233333	0.044597
-20.200000	0.044349
-20.166667	0.043959
-20.133333	0.043444
-20.100000	0.042853
-20.066667	0.042181
-20.033333	0.041476
-20.000000	0.040749
-19.966667	0.040026
-19.933333	0.039332
-19.900000	0.038679
-19.866667	0.038073
-19.833333	0.037522
-19.800000	0.037031
-19.766667	0.036593
-19.733333	0.036197
-19.700000	0.035882
-19.666667	0.035614
-19.633333	0.035400
-19.600000	0.035236
-19.566667	0.035113
-19.533333	0.034985
-19.500000	0.034822
-19.466667	0.034598
-19.433333	0.034286
-19.400000	0.033871
-19.366667	0.033342
-19.333333	0.032676
-19.300000	0.031916
-19.266667	0.031072
-19.233333	0.030169
-19.200000	0.029241
-19.166667	0.028326
-19.133333	0.027453
-19.100000	0.026660
-19.066667	0.025963
-19.033333	0.025397
-19.000000	0.024953
-18.966667	0.024641
-18.933333	0.024449
-18.900000	0.024360
-18.866667	0.024358
-18.833333	0.024392
-18.800000	0.024472
-18.766667	0.024567
-18.733333	0.024664
-18.700000	0.024756
-18.666667	0.024772
-18.633333	0.024714
-18.600000	0.024545
-18.566667	0.024235
-18.533333	0.023765
-18.500000	0.023137
-18.466667	0.022359
-18.433333	0.021419
-18.400000	0.020333
-18.366667	0.019130
-18.333333	0.017848
-18.300000	0.016493
-18.266667	0.015100
-18.233333	0.013732
-18.200000	0.012399
-18.166667	0.011132
-18.133333	0.009944
-18.100000	0.008851
-18.066667	0.007863
-18.033333	0.006981
-18.000000	0.006179
-17.966667	0.005452
-17.933333	0.004774
-17.900000	0.004136
-17.866667	0.003540
-17.833333	0.002968
-17.800000	0.002441
-17.766667	0.001928
-17.733333	0.001433
-17.700000	0.000945
-17.666667	0.000457
-17.633333	-0.000025
-17.600000	-0.000490
-17.566667	-0.000939
-17.533333	-0.001352
-17.500000	-0.001716
-17.466667	-0.002018
-17.433333	-0.002254
-17.400000	-0.002416
-17.366667	-0.002465
-17.333333	-0.002400
-17.300000	-0.002205
-17.266667	-0.001859
-17.233333	-0.001352
-17.200000	-0.000723
-17.166667	0.000006
-17.133333	0.000825
-17.100000	0.001733
-17.066667	0.002675
-17.033333	0.003628
-17.000000	0.004549
-16.966667	0.005387
-16.933333	0.006156
-16.900000	0.006846
-16.866667	0.007444
-16.833333	0.007930
-16.800000	0.008293
-16.766667	0.008526
-16.733333	0.008621
-16.700000	0.008593
-16.666667	0.008448
-16.633333	0.008210
-16.600000	0.007900
-16.566667	0.007542
-16.533333	0.007152
-16.500000	0.006759
-16.466667	0.006380
-16.433333	0.006036
-16.400000	0.005739
-16.366667	0.005500
-16.333333	0.005309
-16.300000	0.005177
-16.266667	0.005097
-16.233333	0.005061
-16.200000	0.005036
-16.166667	0.005056
-16.133333	0.005105
-16.100000	0.005179
-16.066667	0.005244
-16.033333	0.005310
-16.000000	0.005350
-15.966667	0.005360
-15.933333	0.005369
-15.900000	0.005335
-15.866667	0.005238
-15.833333	0.005112
-15.800000	0.004932
-15.766667	0.004711
-15.733333	0.004449
-15.700000	0.004169
-15.666667	0.003880
-15.633333	0.003585
-15.600000	0.003311
-15.566667	0.003072
-15.533333	0.002873
-15.500000	0.002725
-15.466667	0.002619
-15.433333	0.002543
-15.400000	0.002480
-15.366667	0.002424
-15.333333	0.002375
-15.300000	0.002337
-15.266667	0.002297
-15.233333	0.002256
-15.200000	0.002188
-15.166667	0.002112
-15.133333	0.001965
-15.100000	0.001785
-15.066667	0.001549
-15.033333	0.001254
-15.000000	0.000897
-14.966667	0.000478
-14.933333	-0.000009
-14.900000	-0.000573
-14.866667	-0.001209
-14.833333	-0.001890
-14.800000	-0.002645
-14.766667	-0.003450
-14.733333	-0.004309
-14.700000	-0.005208
-14.666667	-0.006139
-14.633333	-0.007104
-14.600000	-0.008076
-14.566667	-0.009057
-14.533333	-0.010029
-14.500000	-0.010990
-14.466667	-0.011926
-14.433333	-0.012822
-14.400000	-0.013651
-14.366667	-0.014416
-14.333333	-0.015076
-14.300000	-0.015632
-14.266667	-0.016065
-14.233333	-0.016378
-14.200000	-0.016632
-14.166667	-0.016797
-14.133333	-0.016870
-14.100000	-0.016833
-14.066667	-0.016701
-14.033333	-0.016472
-14.000000	-0.016163
-13.966667	-0.015780
-13.933333	-0.015341
-13.900000	-0.014856
-13.866667	-0.014347
-13.833333	-0.013813
-13.800000	-0.013244
-13.766667	-0.012712
-13.733333	-0.012179
-13.700000	-0.011677
-13.666667	-0.011211
-13.633333	-0.010785
-13.600000	-0.010398
-13.566667	-0.010044
-13.533333	-0.009723
-13.500000	-0.009427
-13.466667	-0.009138
-13.433333	-0.008891
-13.400000	-0.008650
-13.366667	-0.008447
-13.333333	-0.008263
-13.300000	-0.008100
-13.266667	-0.007980
-13.233333	-0.007923
-13.200000	-0.007940
-13.166667	-0.007980
-13.133333	-0.008058
-13.100000	-0.008172
-13.066667	-0.008330
-13.033333	-0.008528
-13.000000	-0.008766
-12.966667	-0.009033
-12.933333	-0.009326
-12.900000	-0.009637
-12.866667	-0.009970
-12.833333	-0.010250
-12.800000	-0.010500
-12.766667	-0.010748
-12.733333	-0.010917
-12.700000	-0.011036
-12.666667	-0.011090
-12.633333	-0.011072
-12.600000	-0.010988
-12.566667	-0.010843
-12.533333	-0.010637
-12.500000	-0.010370
-12.466667	-0.010053
-12.433333	-0.009713
-12.400000	-0.009342
-12.366667	-0.008943
-12.333333	-0.008544
-12.300000	-0.008134
-12.266667	-0.007760
-12.233333	-0.007417
-12.200000	-0.007115
-12.166667	-0.006852
-12.133333	-0.006653
-12.100000	-0.006513
-12.066667	-0.006435
-12.033333	-0.006420
-12.000000	-0.006466
-11.966667	-0.006565
-11.933333	-0.006711
-11.900000	-0.006895
-11.866667	-0.007094
-11.833333	-0.007267
-11.800000	-0.007440
-11.766667	-0.007593
-11.733333	-0.007740
-11.700000	-0.007855
-11.666667	-0.007987
-11.633333	-0.008106
-11.600000	-0.008181
-11.566667	-0.008209
-11.533333	-0.008226
-11.500000	-0.008234
-11.466667	-0.008208
-11.433333	-0.008160
-11.400000	-0.008119
-11.366667	-0.008061
-11.333333	-0.008015
-11.300000	-0.007994
-11.266667	-0.008030
-11.233333	-0.008081
-11.200000	-0.008185
-11.166667	-0.008345
-11.133333	-0.008564
-11.100000	-0.008841
-11.066667	-0.009172
-11.033333	-0.009553
-11.000000	-0.009966
-10.966667	-0.010414
-10.933333	-0.010872
-10.900000	-0.011332
-10.866667	-0.011784
-10.833333	-0.012201
-10.800000	-0.012576
-10.766667	-0.012910
-10.733333	-0.013195
-10.700000	-0.013396
-10.666667	-0.013531
-10.633333	-0.013550
-10.600000	-0.013461
-10.566667	-0.013308
-10.533333	-0.013110
-10.500000	-0.012851
-10.466667	-0.012545
-10.433333	-0.012241
-10.400000	-0.011967
-10.366667	-0.011719
-10.333333	-0.011536
-10.300000	-0.011446
-10.266667	-0.011419
-10.233333	-0.011437
-10.200000	-0.011554
-10.166667	-0.011704
-10.133333	-0.011905
-10.100000	-0.012137
-10.066667	-0.012386
-10.033333	-0.012633
-10.000000	-0.012856
-9.966667	-0.013045
-9.933333	-0.013168
-9.900000	-0.013217
-9.866667	-0.013170
-9.833333	-0.012998
-9.800000	-0.012692
-9.766667	-0.012253
-9.733333	-0.011706
-9.700000	-0.011041
-9.666667	-0.010314
-9.633333	-0.009544
-9.600000	-0.008728
-9.566667	-0.007953
-9.533333	-0.007207
-9.500000	-0.006535
-9.466667	-0.005952
-9.433333	-0.005467
-9.400000	-0.005080
-9.366667	-0.004780
-9.333333	-0.004581
-9.300000	-0.004449
-9.266667	-0.004372
-9.233333	-0.004355
-9.200000	-0.004396
-9.166667	-0.004467
-9.133333	-0.004598
-9.100000	-0.004769
-9.066667	-0.004971
-9.033333	-0.005193
-9.000000	-0.005426
-8.966667	-0.005667
-8.933333	-0.005912
-8.900000	-0.006162
-8.866667	-0.006421
-8.833333	-0.006677
-8.800000	-0.006943
-8.766667	-0.007242
-8.733333	-0.007574
-8.700000	-0.007936
-8.666667	-0.008363
-8.633333	-0.008832
-8.600000	-0.009344
-8.566667	-0.009936
-8.533333	-0.010539
-8.500000	-0.011176
-8.466667	-0.011817
-8.433333	-0.012444
-8.400000	-0.013034
-8.366667	-0.013583
-8.333333	-0.014071
-8.300000	-0.014482
-8.266667	-0.014813
-8.233333	-0.015058
-8.200000	-0.015208
-8.166667	-0.015257
-8.133333	-0.015214
-8.100000	-0.015084
-8.066667	-0.014875
-8.033333	-0.014578
-8.000000	-0.014216
-7.966667	-0.013786
-7.933333	-0.013298
-7.900000	-0.012761
-7.866667	-0.012184
-7.833333	-0.011567
-7.800000	-0.010934
-7.766667	-0.010291
-7.733333	-0.009651
-7.700000	-0.009041
-7.666667	-0.008477
-7.633333	-0.007974
-7.600000	-0.007535
-7.566667	-0.007188
-7.533333	-0.006946
-7.500000	-0.006793
-7.466667	-0.006750
-7.433333	-0.006810
-7.400000	-0.006991
-7.366667	-0.007257
-7.333333	-0.007620
-7.300000	-0.008065
-7.266667	-0.008576
-7.233333	-0.009138
-7.200000	-0.009756
-7.166667	-0.010396
-7.133333	-0.011078
-7.100000	-0.011778
-7.066667	-0.012476
-7.033333	-0.013138
-7.000000	-0.013771
-6.966667	-0.014336
-6.933333	-0.014819
-6.900000	-0.015224
-6.866667	-0.015517
-6.833333	-0.015701
-6.800000	-0.015796
-6.766667	-0.015785
-6.733333	-0.015707
-6.700000	-0.015555
-6.666667	-0.015313
-6.633333	-0.014989
-6.600000	-0.014621
-6.566667	-0.014228
-6.533333	-0.013779
-6.500000	-0.013278
-6.466667	-0.012774
-6.433333	-0.012261
-6.400000	-0.011732
-6.366667	-0.011161
-6.333333	-0.010590
-6.300000	-0.009989
-6.266667	-0.009385
-6.233333	-0.008786
-6.200000	-0.008185
-6.166667	-0.007589
-6.133333	-0.007003
-6.100000	-0.006420
-6.066667	-0.005867
-6.033333	-0.005301
-6.000000	-0.004773
-5.966667	-0.004272
-5.933333	-0.003815
-5.900000	-0.003424
-5.866667	-0.003096
-5.833333	-0.002871
-5.800000	-0.002761
-5.766667	-0.002755
-5.733333	-0.002875
-5.700000	-0.003093
-5.666667	-0.003404
-5.633333	-0.003831
-5.600000	-0.004375
-5.566667	-0.005004
-5.533333	-0.005703
-5.500000	-0.006482
-5.466667	-0.007330
-5.433333	-0.008202
-5.400000	-0.009058
-5.366667	-0.009921
-5.333333	-0.010761
-5.300000	-0.011570
-5.266667	-0.012313
-5.233333	-0.012992
-5.200000	-0.013600
-5.166667	-0.014131
-5.133333	-0.014568
-5.100000	-0.014932
-5.066667	-0.015225
-5.033333	-0.015401
-5.000000	-0.015535
-4.966667	-0.015587
-4.933333	-0.015579
-4.900000	-0.015515
-4.866667	-0.015403
-4.833333	-0.015253
-4.800000	-0.015074
-4.766667	-0.014870
-4.733333	-0.014652
-4.700000	-0.014431
-4.666667	-0.014209
-4.633333	-0.013994
-4.600000	-0.013777
-4.566667	-0.013583
-4.533333	-0.013389
-4.500000	-0.013202
-4.466667	-0.013013
-4.433333	-0.012819
-4.400000	-0.012629
-4.366667	-0.012465
-4.333333	-0.012310
-4.300000	-0.012179
-4.266667	-0.012064
-4.233333	-0.012025
-4.200000	-0.012024
-4.166667	-0.012072
-4.133333	-0.012191
-4.100000	-0.012370
-4.066667	-0.012599
-4.033333	-0.012886
-4.000000	-0.013222
-3.966667	-0.013616
-3.933333	-0.014069
-3.900000	-0.014559
-3.866667	-0.015065
-3.833333	-0.015615
-3.800000	-0.016188
-3.766667	-0.016741
-3.733333	-0.017299
-3.700000	-0.017831
-3.666667	-0.018317
-3.633333	-0.018749
-3.600000	-0.019137
-3.566667	-0.019460
-3.533333	-0.019722
-3.500000	-0.019929
-3.466667	-0.020072
-3.433333	-0.020165
-3.400000	-0.020208
-3.366667	-0.020208
-3.333333	-0.020173
-3.300000	-0.020103
-3.266667	-0.020002
-3.233333	-0.019890
-3.200000	-0.019741
-3.166667	-0.019586
-3.133333	-0.019419
-3.100000	-0.019242
-3.066667	-0.019059
-3.033333	-0.018886
-3.000000	-0.018696
-2.966667	-0.018523
-2.933333	-0.018331
-2.900000	-0.018127
-2.866667	-0.017904
-2.833333	-0.017676
-2.800000	-0.017396
-2.766667	-0.017056
-2.733333	-0.016686
-2.700000	-0.016229
-2.666667	-0.015713
-2.633333	-0.015145
-2.600000	-0.014531
-2.566667	-0.013863
-2.533333	-0.013190
-2.500000	-0.012489
-2.466667	-0.011770
-2.433333	-0.011049
-2.400000	-0.010344
-2.366667	-0.009676
-2.333333	-0.009056
-2.300000	-0.008497
-2.266667	-0.008006
-2.233333	-0.007594
-2.200000	-0.007264
-2.166667	-0.007020
-2.133333	-0.006870
-2.100000	-0.006819
-2.066667	-0.006869
-2.033333	-0.007000
-2.000000	-0.007214
-1.966667	-0.007485
-1.933333	-0.007795
-1.900000	-0.008136
-1.866667	-0.008480
-1.833333	-0.008793
-1.800000	-0.009084
-1.766667	-0.009313
-1.733333	-0.009497
-1.700000	-0.009619
-1.666667	-0.009688
-1.633333	-0.009695
-1.600000	-0.009654
-1.566667	-0.009569
-1.533333	-0.009440
-1.500000	-0.009263
-1.466667	-0.009041
-1.433333	-0.008790
-1.400000	-0.008517
-1.366667	-0.008211
-1.333333	-0.007875
-1.300000	-0.007510
-1.266667	-0.007112
-1.233333	-0.006683
-1.200000	-0.006229
-1.166667	-0.005760
-1.133333	-0.005285
-1.100000	-0.004804
-1.066667	-0.004312
-1.033333	-0.003797
-1.000000	-0.003272
-0.966667	-0.002718
-0.933333	-0.002120
-0.900000	-0.001536
-0.866667	-0.000921
-0.833333	-0.000292
-0.800000	0.000316
-0.766667	0.000925
-0.733333	0.001501
-0.700000	0.002060
-0.666667	0.002578
-0.633333	0.003034
-0.600000	0.003413
-0.566667	0.003719
-0.533333	0.003942
-0.500000	0.004082
-0.466667	0.004128
-0.433333	0.004081
-0.400000	0.003945
-0.366667	0.003725
-0.333333	0.003423
-0.300000	0.003045
-0.266667	0.002594
-0.233333	0.002073
-0.200000	0.001492
-0.166667	0.000859
-0.133333	0.000178
-0.100000	-0.000502
-0.066667	-0.001183
-0.033333	-0.001837
-0.000000	-0.002441
0.033333	-0.002970
0.066667	-0.003416
0.100000	-0.003833
0.133333	-0.004153
0.166667	-0.004434
0.200000	-0.004639
0.233333	-0.004777
0.266667	-0.004871
0.300000	-0.004942
0.333333	-0.004998
0.366667	-0.005051
0.400000	-0.005117
0.433333	-0.005193
0.466667	-0.005271
0.500000	-0.005352
0.533333	-0.005456
0.566667	-0.005582
0.600000	-0.005730
0.633333	-0.005896
0.666667	-0.006065
0.700000	-0.006272
0.733333	-0.006479
0.766667	-0.006688
0.800000	-0.006884
0.833333	-0.007063
0.866667	-0.007218
0.900000	-0.007301
0.933333	-0.007356
0.966667	-0.007354
1.000000	-0.007312
1.033333	-0.007245
1.066667	-0.007172
1.100000	-0.007111
1.133333	-0.007037
1.166667	-0.006988
1.200000	-0.006934
1.233333	-0.006910
1.266667	-0.006917
1.300000	-0.006944
1.333333	-0.006990
1.366667	-0.007058
1.400000	-0.007143
1.433333	-0.007226
1.466667	-0.007305
1.500000	-0.007399
1.533333	-0.007517
1.566667	-0.007652
1.600000	-0.007796
1.633333	-0.007945
1.666667	-0.008099
1.700000	-0.008270
1.733333	-0.008423
1.766667	-0.008578
1.800000	-0.008717
1.833333	-0.008846
1.866667	-0.008991
1.900000	-0.009089
1.933333	-0.009204
1.966667	-0.009312
2.000000	-0.009416
2.033333	-0.009511
2.066667	-0.009573
2.100000	-0.009624
2.133333	-0.009628
2.166667	-0.009600
2.200000	-0.009528
2.233333	-0.009381
2.266667	-0.009185
2.300000	-0.008928
2.333333	-0.008614
2.366667	-0.008246
2.400000	-0.007824
2.433333	-0.007346
2.466667	-0.006815
2.500000	-0.006241
2.533333	-0.005649
2.566667	-0.005021
2.600000	-0.004354
2.633333	-0.003677
2.666667	-0.002978
2.700000	-0.002276
2.733333	-0.001574
2.766667	-0.000871
2.800000	-0.000180
2.833333	0.000488
2.866667	0.001126
2.900000	0.001771
2.933333	0.002377
2.966667	0.002974
3.000000	0.003545
3.033333	0.004087
3.066667	0.004602
3.100000	0.005068
3.133333	0.005508
3.166667	0.005909
3.200000	0.006233
3.233333	0.006545
3.266667	0.006773
3.300000	0.006954
3.333333	0.007060
3.366667	0.007117
3.400000	0.007131
3.433333	0.007091
3.466667	0.006992
3.500000	0.006848
3.533333	0.006629
3.566667	0.006413
3.600000	0.006154
3.633333	0.005868
3.666667	0.005583
3.700000	0.005294
3.733333	0.005024
3.766667	0.004777
3.800000	0.004566
3.833333	0.004404
3.866667	0.004304
3.900000	0.004268
3.933333	0.004278
3.966667	0.004330
4.000000	0.004452
4.033333	0.004619
4.066667	0.004814
4.100000	0.005062
4.133333	0.005333
4.166667	0.005636
4.200000	0.005934
4.233333	0.006264
4.266667	0.006570
4.300000	0.006867
4.333333	0.007144
4.366667	0.007403
4.400000	0.007628
4.433333	0.007811
4.466667	0.007959
4.500000	0.008078
4.533333	0.008149
4.566667	0.008212
4.600000	0.008224
4.633333	0.008222
4.666667	0.008206
4.700000	0.008160
4.733333	0.008090
4.766667	0.007996
4.800000	0.007897
4.833333	0.007758
4.866667	0.007609
4.900000	0.007418
4.933333	0.007198
4.966667	0.006973
5.000000	0.006740
5.033333	0.006463
5.066667	0.006163
5.100000	0.005862
5.133333	0.005528
5.166667	0.005184
5.200000	0.004822
5.233333	0.004448
5.266667	0.004068
5.300000	0.003690
5.333333	0.003322
5.366667	0.002960
5.400000	0.002622
5.433333	0.002317
5.466667	0.002038
5.500000	0.001793
5.533333	0.001579
5.566667	0.001396
5.600000	0.001248
5.633333	0.001135
5.666667	0.001054
5.700000	0.000994
5.733333	0.000966
5.766667	0.000967
5.800000	0.000998
5.833333	0.001036
5.866667	0.001112
5.900000	0.001188
5.933333	0.001285
5.966667	0.001392
6.000000	0.001507
6.033333	0.001633
6.066667	0.001763
6.100000	0.001897
6.133333	0.002038
6.166667	0.002187
6.200000	0.002346
6.233333	0.002515
6.266667	0.002690
6.300000	0.002873
6.333333	0.003065
6.366667	0.003252
6.400000	0.003444
6.433333	0.003642
6.466667	0.003827
6.500000	0.004004
6.533333	0.004173
6.566667	0.004332
6.600000	0.004481
6.633333	0.004615
6.666667	0.004735
6.700000	0.004838
6.733333	0.004923
6.766667	0.004987
6.800000	0.005023
6.833333	0.005034
6.866667	0.005026
6.900000	0.004973
6.933333	0.004898
6.966667	0.004793
7.000000	0.004655
7.033333	0.004491
7.066667	0.004294
7.100000	0.004067
7.133333	0.003818
7.166667	0.003543
7.200000	0.003235
7.233333	0.002917
7.266667	0.002567
7.300000	0.002208
7.333333	0.001834
7.366667	0.001445
7.400000	0.001051
7.433333	0.000658
7.466667	0.000289
7.500000	-0.000067
7.533333	-0.000405
7.566667	-0.000718
7.600000	-0.001006
7.633333	-0.001263
7.666667	-0.001497
7.700000	-0.001704
7.733333	-0.001871
7.766667	-0.002004
7.800000	-0.002116
7.833333	-0.002197
7.866667	-0.002238
7.900000	-0.002289
7.933333	-0.002291
7.966667	-0.002280
8.000000	-0.002250
8.033333	-0.002200
8.066667	-0.002133
8.100000	-0.002067
8.133333	-0.001990
8.166667	-0.001915
8.200000	-0.001834
8.233333	-0.001749
8.266667	-0.001674
8.300000	-0.001601
8.333333	-0.001542
8.366667	-0.001493
8.400000	-0.001456
8.433333	-0.001430
8.466667	-0.001442
8.500000	-0.001491
8.533333	-0.001596
8.566667	-0.001750
8.600000	-0.001968
8.633333	-0.002251
8.666667	-0.002607
8.700000	-0.003013
8.733333	-0.003443
8.766667	-0.003957
8.800000	-0.004536
8.833333	-0.005176
8.866667	-0.005845
8.900000	-0.006554
8.933333	-0.007268
8.966667	-0.008000
9.000000	-0.008720
9.033333	-0.009414
9.066667	-0.010084
9.100000	-0.010721
9.133333	-0.011283
9.166667	-0.011766
9.200000	-0.012164
9.233333	-0.012502
9.266667	-0.012736
9.300000	-0.012907
9.333333	-0.013003
9.366667	-0.013021
9.400000	-0.012957
9.433333	-0.012868
9.466667	-0.012724
9.500000	-0.012539
9.533333	-0.012349
9.566667	-0.012145
9.600000	-0.011936
9.633333	-0.011740
9.666667	-0.011555
9.700000	-0.011384
9.733333	-0.011237
9.766667	-0.011161
9.800000	-0.011103
9.833333	-0.011076
9.866667	-0.011066
9.900000	-0.011074
9.933333	-0.011108
9.966667	-0.011145
10.000000	-0.011179
10.033333	-0.011210
10.066667	-0.011238
10.100000	-0.011241
10.133333	-0.011213
10.166667	-0.011160
10.200000	-0.011084
10.233333	-0.010984
10.266667	-0.010838
10.300000	-0.010676
10.333333	-0.010475
10.366667	-0.010231
10.400000	-0.009962
10.433333	-0.009690
10.466667	-0.009376
10.500000	-0.009060
10.533333	-0.008732
10.566667	-0.008394
10.600000	-0.008050
10.633333	-0.007709
10.666667	-0.007364
10.700000	-0.007021
10.733333	-0.006679
10.766667	-0.006342
10.800000	-0.006005
10.833333	-0.005675
10.866667	-0.005351
10.900000	-0.005026
10.933333	-0.004713
10.966667	-0.004404
11.000000	-0.004102
11.033333	-0.003803
11.066667	-0.003515
11.100000	-0.003230
11.133333	-0.002952
11.166667	-0.002681
11.200000	-0.002418
11.233333	-0.002166
11.266667	-0.001928
11.300000	-0.001704
11.333333	-0.001495
11.366667	-0.001302
11.400000	-0.001123
11.433333	-0.000961
11.466667	-0.000814
11.500000	-0.000682
11.533333	-0.000564
11.566667	-0.000458
11.600000	-0.000365
11.633333	-0.000285
11.666667	-0.000217
11.700000	-0.000161
11.733333	-0.000117
11.766667	-0.000085
11.800000	-0.000064
11.833333	-0.000054
11.866667	-0.000056
11.900000	-0.000068
11.933333	-0.000091
11.966667	-0.000124
