-88.000000	0.000001
-87.966667	0.000000
-87.933333	-0.000000
-87.900000	-0.000000
-87.866667	-0.000001
-87.833333	-0.000001
-87.800000	-0.000001
-87.766667	-0.000001
-87.733333	-0.000001
-87.700000	-0.000001
-87.666667	-0.000001
-87.633333	-0.000001
-87.600000	0.000000
-87.566667	0.000001
-87.533333	0.000002
-87.500000	0.000003
-87.466667	0.000005
-87.433333	0.000007
-87.400000	0.000010
-87.366667	0.000013
-87.333333	0.000016
-87.300000	0.000020
-87.266667	0.000024
-87.233333	0.000029
-87.200000	0.000033
-87.166667	0.000038
-87.133333	0.000043
-87.100000	0.000047
-87.066667	0.000051
-87.033333	0.000055
-87.000000	0.000059
-86.966667	0.000062
-86.933333	0.000060
-86.900000	0.000056
-86.866667	0.000065
-86.833333	0.000054
-86.800000	0.000051
-86.766667	0.000043
-86.733333	0.000036
-86.700000	0.000025
-86.666667	0.000015
-86.633333	0.000000
-86.600000	-0.000014
-86.566667	-0.000030
-86.533333	-0.000048
-86.500000	-0.000066
-86.466667	-0.000083
-86.433333	-0.000099
-86.400000	-0.000119
-86.366667	-0.000141
-86.333333	-0.000160
-86.300000	-0.000177
-86.266667	-0.000195
-86.233333	-0.000215
-86.200000	-0.000229
-86.166667	-0.000248
-86.133333	-0.000264
-86.100000	-0.000282
-86.066667	-0.000299
-86.033333	-0.000317
-86.000000	-0.000335
-85.966667	-0.000354
-85.933333	-0.000374
-85.900000	-0.000389
-85.866667	-0.000405
-85.833333	-0.000440
-85.800000	-0.000460
-85.766667	-0.000489
-85.733333	-0.000513
-85.700000	-0.000545
-85.666667	-0.000571
-85.633333	-0.000603
-85.600000	-0.000641
-85.566667	-0.000675
-85.533333	-0.000704
-85.500000	-0.000745
-85.466667	-0.000772
-85.433333	-0.000802
-85.400000	-0.000850
-85.366667	-0.000874
-85.333333	-0.000900
-85.300000	-0.000927
-85.266667	-0.000952
-85.233333	-0.000972
-85.200000	-0.000988
-85.166667	-0.001006
-85.133333	-0.001016
-85.100000	-0.001026
-85.066667	-0.001038
-85.033333	-0.001046
-85.000000	-0.001039
-84.966667	-0.001043
-84.933333	-0.001043
-84.900000	-0.001046
-84.866667	-0.001041
-84.833333	-0.001050
-84.800000	-0.001050
-84.766667	-0.001053
-84.733333	-0.001057
-84.700000	-0.001068
-84.666667	-0.001078
-84.633333	-0.001096
-84.600000	-0.001118
-84.566667	-0.001134
-84.533333	-0.001157
-84.500000	-0.001188
-84.466667	-0.001203
-84.433333	-0.001233
-84.400000	-0.001267
-84.366667	-0.001284
-84.333333	-0.001315
-84.300000	-0.001326
-84.266667	-0.001341
-84.233333	-0.001358
-84.200000	-0.001379
-84.166667	-0.001398
-84.133333	-0.001398
-84.100000	-0.001383
-84.066667	-0.001374
-84.033333	-0.001367
-84.000000	-0.001348
-83.966667	-0.001336
-83.933333	-0.001309
-83.900000	-0.001285
-83.866667	-0.001260
-83.833333	-0.001244
-83.800000	-0.001195
-83.766667	-0.001177
-83.733333	-0.001143
-83.700000	-0.001130
-83.666667	-0.001114
-83.633333	-0.001101
-83.600000	-0.001093
-83.566667	-0.001085
-83.533333	-0.001070
-83.500000	-0.001054
-83.466667	-0.001063
-83.433333	-0.001080
-83.400000	-0.001093
-83.366667	-0.001096
-83.333333	-0.001100
-83.300000	-0.001110
-83.266667	-0.001135
-83.233333	-0.001156
-83.200000	-0.001170
-83.166667	-0.001178
-83.133333	-0.001175
-83.100000	-0.001175
-83.066667	-0.001199
-83.033333	-0.001207
-83.000000	-0.001206
-82.966667	-0.001204
-82.933333	-0.001204
-82.900000	-0.001202
-82.866667	-0.001196
-82.833333	-0.001181
-82.800000	-0.001164
-82.766667	-0.001169
-82.733333	-0.001156
-82.700000	-0.001161
-82.666667	-0.001151
-82.633333	-0.001145
-82.600000	-0.001139
-82.566667	-0.001128
-82.533333	-0.001113
-82.500000	-0.001108
-82.466667	-0.001114
-82.433333	-0.001106
-82.400000	-0.001096
-82.366667	-0.001084
-82.333333	-0.001074
-82.300000	-0.001075
-82.266667	-0.001059
-82.233333	-0.001045
-82.200000	-0.001030
-82.166667	-0.001020
-82.133333	-0.001005
-82.100000	-0.000985
-82.066667	-0.000957
-82.033333	-0.000926
-82.000000	-0.000898
-81.966667	-0.000872
-81.933333	-0.000841
-81.900000	-0.000795
-81.866667	-0.000752
-81.833333	-0.000709
-81.800000	-0.000665
-81.766667	-0.000625
-81.733333	-0.000595
-81.700000	-0.000546
-81.666667	-0.000496
-81.633333	-0.000438
-81.600000	-0.000377
-81.566667	-0.000318
-81.533333	-0.000269
-81.500000	-0.000227
-81.466667	-0.000172
-81.433333	-0.000107
-81.400000	-0.000060
-81.366667	-0.000026
-81.333333	0.000025
-81.300000	0.000082
-81.266667	0.000142
-81.233333	0.000181
-81.200000	0.000217
-81.166667	0.000253
-81.133333	0.000298
-81.100000	0.000351
-81.066667	0.000392
-81.033333	0.000407
-81.000000	0.000434
-80.966667	0.000458
-80.933333	0.000488
-80.900000	0.000509
-80.866667	0.000518
-80.833333	0.000525
-80.800000	0.000524
-80.766667	0.000516
-80.733333	0.000517
-80.700000	0.000517
-80.666667	0.000506
-80.633333	0.000492
-80.600000	0.000462
-80.566667	0.000424
-80.533333	0.000392
-80.500000	0.000354
-80.466667	0.000327
-80.433333	0.000281
-80.400000	0.000221
-80.366667	0.000166
-80.333333	0.000119
-80.300000	0.000065
-80.266667	-0.000001
-80.233333	-0.000080
-80.200000	-0.000176
-80.166667	-0.000239
-80.133333	-0.000307
-80.100000	-0.000372
-80.066667	-0.000459
-80.033333	-0.000550
-80.000000	-0.000623
-79.966667	-0.000693
-79.933333	-0.000788
-79.900000	-0.000868
-79.866667	-0.000931
-79.833333	-0.001016
-79.800000	-0.001089
-79.766667	-0.001159
-79.733333	-0.001221
-79.700000	-0.001290
-79.666667	-0.001351
-79.633333	-0.001421
-79.600000	-0.001485
-79.566667	-0.001519
-79.533333	-0.001553
-79.500000	-0.001619
-79.466667	-0.001659
-79.433333	-0.001695
-79.400000	-0.001731
-79.366667	-0.001776
-79.333333	-0.001810
-79.300000	-0.001831
-79.266667	-0.001869
-79.233333	-0.001899
-79.200000	-0.001928
-79.166667	-0.001921
-79.133333	-0.001936
-79.100000	-0.001945
-79.066667	-0.001966
-79.033333	-0.001977
-79.000000	-0.001976
-78.966667	-0.001981
-78.933333	-0.001992
-78.900000	-0.001982
-78.866667	-0.001978
-78.833333	-0.001990
-78.800000	-0.001985
-78.766667	-0.001983
-78.733333	-0.001984
-78.700000	-0.001990
-78.666667	-0.001993
-78.633333	-0.001997
-78.600000	-0.001985
-78.566667	-0.001970
-78.533333	-0.001984
-78.500000	-0.001999
-78.466667	-0.001975
-78.433333	-0.001979
-78.400000	-0.001973
-78.366667	-0.001965
-78.333333	-0.001952
-78.300000	-0.001942
-78.266667	-0.001933
-78.233333	-0.001905
-78.200000	-0.001893
-78.166667	-0.001873
-78.133333	-0.001855
-78.100000	-0.001832
-78.066667	-0.001802
-78.033333	-0.001780
-78.000000	-0.001752
-77.966667	-0.001726
-77.933333	-0.001700
-77.900000	-0.001676
-77.866667	-0.001651
-77.833333	-0.001633
-77.800000	-0.001620
-77.766667	-0.001607
-77.733333	-0.001589
-77.700000	-0.001583
-77.666667	-0.001568
-77.633333	-0.001562
-77.600000	-0.001550
-77.566667	-0.001546
-77.533333	-0.001548
-77.500000	-0.001548
-77.466667	-0.001543
-77.433333	-0.001554
-77.400000	-0.001548
-77.366667	-0.001551
-77.333333	-0.001552
-77.300000	-0.001551
-77.266667	-0.001551
-77.233333	-0.001551
-77.200000	-0.001550
-77.166667	-0.001547
-77.133333	-0.001542
-77.100000	-0.001533
-77.066667	-0.001522
-77.033333	-0.001516
-77.000000	-0.001500
-76.966667	-0.001487
-76.933333	-0.001474
-76.900000	-0.001468
-76.866667	-0.001450
-76.833333	-0.001439
-76.800000	-0.001424
-76.766667	-0.001405
-76.733333	-0.001382
-76.700000	-0.001369
-76.666667	-0.001339
-76.633333	-0.001315
-76.600000	-0.001301
-76.566667	-0.001278
-76.533333	-0.001259
-76.500000	-0.001235
-76.466667	-0.001210
-76.433333	-0.001184
-76.400000	-0.001155
-76.366667	-0.001131
-76.333333	-0.001102
-76.300000	-0.001074
-76.266667	-0.001049
-76.233333	-0.001025
-76.200000	-0.000999
-76.166667	-0.000977
-76.133333	-0.000955
-76.100000	-0.000931
-76.066667	-0.000906
-76.033333	-0.000879
-76.000000	-0.000853
-75.966667	-0.000827
-75.933333	-0.000804
-75.900000	-0.000785
-75.866667	-0.000758
-75.833333	-0.000742
-75.800000	-0.000724
-75.766667	-0.000708
-75.733333	-0.000687
-75.700000	-0.000660
-75.666667	-0.000631
-75.633333	-0.000601
-75.600000	-0.000585
-75.566667	-0.000564
-75.533333	-0.000531
-75.500000	-0.000504
-75.466667	-0.000483
-75.433333	-0.000453
-75.400000	-0.000427
-75.366667	-0.000403
-75.333333	-0.000395
-75.300000	-0.000364
-75.266667	-0.000351
-75.233333	-0.000337
-75.200000	-0.000324
-75.166667	-0.000317
-75.133333	-0.000309
-75.100000	-0.000304
-75.066667	-0.000302
-75.033333	-0.000305
-75.000000	-0.000313
-74.966667	-0.000327
-74.933333	-0.000349
-74.900000	-0.000380
-74.866667	-0.000419
-74.833333	-0.000464
-74.800000	-0.000501
-74.766667	-0.000528
-74.733333	-0.000555
-74.700000	-0.000583
-74.666667	-0.000610
-74.633333	-0.000632
-74.600000	-0.000659
-74.566667	-0.000673
-74.533333	-0.000681
-74.500000	-0.000709
-74.466667	-0.000720
-74.433333	-0.000744
-74.400000	-0.000756
-74.366667	-0.000763
-74.333333	-0.000775
-74.300000	-0.000761
-74.266667	-0.000765
-74.233333	-0.000750
-74.200000	-0.000732
-74.166667	-0.000709
-74.133333	-0.000682
-74.100000	-0.000651
-74.066667	-0.000617
-74.033333	-0.000583
-74.000000	-0.000559
-73.966667	-0.000540
-73.933333	-0.000515
-73.900000	-0.000479
-73.866667	-0.000436
-73.833333	-0.000392
-73.800000	-0.000350
-73.766667	-0.000284
-73.733333	-0.000234
-73.700000	-0.000180
-73.666667	-0.000127
-73.633333	-0.000079
-73.600000	-0.000024
-73.566667	0.000003
-73.533333	0.000029
-73.500000	0.000051
-73.466667	0.000077
-73.433333	0.000074
-73.400000	0.000098
-73.366667	0.000104
-73.333333	0.000102
-73.300000	0.000104
-73.266667	0.000103
-73.233333	0.000099
-73.200000	0.000088
-73.166667	0.000075
-73.133333	0.000064
-73.100000	0.000043
-73.066667	0.000022
-73.033333	-0.000003
-73.000000	-0.000031
-72.966667	-0.000047
-72.933333	-0.000045
-72.900000	-0.000050
-72.866667	-0.000056
-72.833333	-0.000067
-72.800000	-0.000074
-72.766667	-0.000060
-72.733333	-0.000057
-72.700000	-0.000058
-72.666667	-0.000050
-72.633333	-0.000036
-72.600000	-0.000015
-72.566667	-0.000011
-72.533333	0.000012
-72.500000	0.000027
-72.466667	0.000040
-72.433333	0.000042
-72.400000	0.000065
-72.366667	0.000092
-72.333333	0.000117
-72.300000	0.000151
-72.266667	0.000170
-72.233333	0.000188
-72.200000	0.000211
-72.166667	0.000256
-72.133333	0.000296
-72.100000	0.000329
-72.066667	0.000381
-72.033333	0.000435
-72.000000	0.000487
-71.966667	0.000563
-71.933333	0.000635
-71.900000	0.000704
-71.866667	0.000792
-71.833333	0.000870
-71.800000	0.000955
-71.766667	0.001043
-71.733333	0.001135
-71.700000	0.001215
-71.666667	0.001303
-71.633333	0.001376
-71.600000	0.001439
-71.566667	0.001484
-71.533333	0.001509
-71.500000	0.001507
-71.466667	0.001467
-71.433333	0.001402
-71.400000	0.001335
-71.366667	0.001188
-71.333333	0.001019
-71.300000	0.000811
-71.266667	0.000559
-71.233333	0.000289
-71.200000	0.000009
-71.166667	-0.000338
-71.133333	-0.000705
-71.100000	-0.001086
-71.066667	-0.001484
-71.033333	-0.001896
-71.000000	-0.002313
-70.966667	-0.002713
-70.933333	-0.003121
-70.900000	-0.003503
-70.866667	-0.003860
-70.833333	-0.004196
-70.800000	-0.004494
-70.766667	-0.004757
-70.733333	-0.004969
-70.700000	-0.005139
-70.666667	-0.005294
-70.633333	-0.005369
-70.600000	-0.005417
-70.566667	-0.005417
-70.533333	-0.005378
-70.500000	-0.005306
-70.466667	-0.005199
-70.433333	-0.005048
-70.400000	-0.004858
-70.366667	-0.004666
-70.333333	-0.004412
-70.300000	-0.004144
-70.266667	-0.003857
-70.233333	-0.003544
-70.200000	-0.003220
-70.166667	-0.002904
-70.133333	-0.002532
-70.100000	-0.002163
-70.066667	-0.001800
-70.033333	-0.001397
-70.000000	-0.001010
-69.966667	-0.000598
-69.933333	-0.000190
-69.900000	0.000214
-69.866667	0.000610
-69.833333	0.000989
-69.800000	0.001341
-69.766667	0.001666
-69.733333	0.001967
-69.700000	0.002233
-69.666667	0.002473
-69.633333	0.002723
-69.600000	0.002914
-69.566667	0.003091
-69.533333	0.003233
-69.500000	0.003348
-69.466667	0.003444
-69.433333	0.003523
-69.400000	0.003577
-69.366667	0.003610
-69.333333	0.003638
-69.300000	0.003673
-69.266667	0.003706
-69.233333	0.003748
-69.200000	0.003791
-69.166667	0.003837
-69.133333	0.003905
-69.100000	0.003983
-69.066667	0.004069
-69.033333	0.004182
-69.000000	0.004283
-68.966667	0.004419
-68.933333	0.004546
-68.900000	0.004678
-68.866667	0.004812
-68.833333	0.004945
-68.800000	0.005081
-68.766667	0.005227
-68.733333	0.005384
-68.700000	0.005551
-68.666667	0.005729
-68.633333	0.005915
-68.600000	0.006103
-68.566667	0.006299
-68.533333	0.006501
-68.500000	0.006721
-68.466667	0.006950
-68.433333	0.007187
-68.400000	0.007446
-68.366667	0.007709
-68.333333	0.008002
-68.300000	0.008304
-68.266667	0.008609
-68.233333	0.008919
-68.200000	0.009243
-68.166667	0.009570
-68.133333	0.009906
-68.100000	0.010254
-68.066667	0.010597
-68.033333	0.010947
-68.000000	0.011313
-67.966667	0.011677
-67.933333	0.012052
-67.900000	0.012435
-67.866667	0.012830
-67.833333	0.013238
-67.800000	0.013654
-67.766667	0.014082
-67.733333	0.014533
-67.700000	0.014985
-67.666667	0.015461
-67.633333	0.015950
-67.600000	0.016456
-67.566667	0.016974
-67.533333	0.017493
-67.500000	0.018021
-67.466667	0.018574
-67.433333	0.019106
-67.400000	0.019655
-67.366667	0.020180
-67.333333	0.020707
-67.300000	0.021207
-67.266667	0.021680
-67.233333	0.022128
-67.200000	0.022542
-67.166667	0.022911
-67.133333	0.023250
-67.100000	0.023526
-67.066667	0.023745
-67.033333	0.023912
-67.000000	0.024021
-66.966667	0.024065
-66.933333	0.024055
-66.900000	0.023977
-66.866667	0.023830
-66.833333	0.023625
-66.800000	0.023348
-66.766667	0.023010
-66.733333	0.022589
-66.700000	0.022100
-66.666667	0.021542
-66.633333	0.020910
-66.600000	0.020207
-66.566667	0.019431
-66.533333	0.018588
-66.500000	0.017695
-66.466667	0.016751
-66.433333	0.015730
-66.400000	0.014701
-66.366667	0.013615
-66.333333	0.012503
-66.300000	0.011363
-66.266667	0.010227
-66.233333	0.009086
-66.200000	0.007963
-66.166667	0.006891
-66.133333	0.005850
-66.100000	0.004854
-66.066667	0.003940
-66.033333	0.003101
-66.000000	0.002357
-65.966667	0.001708
-65.933333	0.001144
-65.900000	0.000664
-65.866667	0.000269
-65.833333	-0.000041
-65.800000	-0.000284
-65.766667	-0.000439
-65.733333	-0.000552
-65.700000	-0.000608
-65.666667	-0.000645
-65.633333	-0.000657
-65.600000	-0.000668
-65.566667	-0.000685
-65.533333	-0.000713
-65.500000	-0.000768
-65.466667	-0.000873
-65.433333	-0.000983
-65.400000	-0.001164
-65.366667	-0.001351
-65.333333	-0.001576
-65.300000	-0.001801
-65.266667	-0.002050
-65.233333	-0.002321
-65.200000	-0.002577
-65.166667	-0.002815
-65.133333	-0.003054
-65.100000	-0.003264
-65.066667	-0.003448
-65.033333	-0.003571
-65.000000	-0.003646
-64.966667	-0.003654
-64.933333	-0.003578
-64.900000	-0.003399
-64.866667	-0.003106
-64.833333	-0.002651
-64.800000	-0.002043
-64.766667	-0.001254
-64.733333	-0.000298
-64.700000	0.000864
-64.666667	0.002243
-64.633333	0.003855
-64.600000	0.005719
-64.566667	0.007849
-64.533333	0.010253
-64.500000	0.012952
-64.466667	0.015949
-64.433333	0.019286
-64.400000	0.022927
-64.366667	0.026951
-64.333333	0.031297
-64.300000	0.036006
-64.266667	0.041026
-64.233333	0.046380
-64.200000	0.052032
-64.166667	0.057945
-64.133333	0.064063
-64.100000	0.070320
-64.066667	0.076625
-64.033333	0.082851
-64.000000	0.088779
-63.966667	0.094197
-63.933333	0.098822
-63.900000	0.102333
-63.866667	0.104366
-63.833333	0.104544
-63.800000	0.102416
-63.766667	0.097592
-63.733333	0.089668
-63.700000	0.078262
-63.666667	0.063024
-63.633333	0.043703
-63.600000	0.020171
-63.566667	-0.007626
-63.533333	-0.039628
-63.500000	-0.075615
-63.466667	-0.115270
-63.433333	-0.158094
-63.400000	-0.203468
-63.366667	-0.250670
-63.333333	-0.298883
-63.300000	-0.347191
-63.266667	-0.394593
-63.233333	-0.440094
-63.200000	-0.482725
-63.166667	-0.521527
-63.133333	-0.555594
-63.100000	-0.584141
-63.066667	-0.606512
-63.033333	-0.622207
-63.000000	-0.630885
-62.966667	-0.632356
-62.933333	-0.626598
-62.900000	-0.613752
-62.866667	-0.594118
-62.833333	-0.568130
-62.800000	-0.536363
-62.766667	-0.499484
-62.733333	-0.458262
-62.700000	-0.413514
-62.666667	-0.366058
-62.633333	-0.316690
-62.600000	-0.266216
-62.566667	-0.215428
-62.533333	-0.165045
-62.500000	-0.115698
-62.466667	-0.067953
-62.433333	-0.022290
-62.400000	0.020864
-62.366667	0.061172
-62.333333	0.098378
-62.300000	0.132311
-62.266667	0.162893
-62.233333	0.190034
-62.200000	0.213745
-62.166667	0.234102
-62.133333	0.251206
-62.100000	0.265175
-62.066667	0.276167
-62.033333	0.284381
-62.000000	0.290049
-61.966667	0.293416
-61.933333	0.294740
-61.900000	0.294286
-61.866667	0.292319
-61.833333	0.289073
-61.800000	0.284791
-61.766667	0.279679
-61.733333	0.273924
-61.700000	0.267696
-61.666667	0.261132
-61.633333	0.254350
-61.600000	0.247455
-61.566667	0.240524
-61.533333	0.233616
-61.500000	0.226757
-61.466667	0.219990
-61.433333	0.213310
-61.400000	0.206717
-61.366667	0.200224
-61.333333	0.193828
-61.300000	0.187534
-61.266667	0.181373
-61.233333	0.175329
-61.200000	0.169425
-61.166667	0.163666
-61.133333	0.158070
-61.100000	0.152666
-61.066667	0.147489
-61.033333	0.142582
-61.000000	0.137986
-60.966667	0.133714
-60.933333	0.129766
-60.900000	0.126139
-60.866667	0.122812
-60.833333	0.119746
-60.800000	0.116908
-60.766667	0.114246
-60.733333	0.111685
-60.700000	0.109161
-60.666667	0.106613
-60.633333	0.103985
-60.600000	0.101211
-60.566667	0.098225
-60.533333	0.094993
-60.500000	0.091480
-60.466667	0.087686
-60.433333	0.083592
-60.400000	0.079215
-60.366667	0.074584
-60.333333	0.069740
-60.300000	0.064737
-60.266667	0.059634
-60.233333	0.054503
-60.200000	0.049422
-60.166667	0.044481
-60.133333	0.039755
-60.100000	0.035328
-60.066667	0.031278
-60.033333	0.027658
-60.000000	0.024511
-59.966667	0.021850
-59.933333	0.019676
-59.900000	0.017983
-59.866667	0.016749
-59.833333	0.015934
-59.800000	0.015487
-59.766667	0.015346
-59.733333	0.015419
-59.700000	0.015635
-59.666667	0.015904
-59.633333	0.016141
-59.600000	0.016275
-59.566667	0.016260
-59.533333	0.016041
-59.500000	0.015575
-59.466667	0.014824
-59.433333	0.013770
-59.400000	0.012403
-59.366667	0.010729
-59.333333	0.008769
-59.300000	0.006512
-59.266667	0.004008
-59.233333	0.001288
-59.200000	-0.001613
-59.166667	-0.004654
-59.133333	-0.007799
-59.100000	-0.010994
-59.066667	-0.014186
-59.033333	-0.017360
-59.000000	-0.020460
-58.966667	-0.023467
-58.933333	-0.026357
-58.900000	-0.029123
-58.866667	-0.031755
-58.833333	-0.034240
-58.800000	-0.036552
-58.766667	-0.038696
-58.733333	-0.040628
-58.700000	-0.042346
-58.666667	-0.043837
-58.633333	-0.045081
-58.600000	-0.046062
-58.566667	-0.046760
-58.533333	-0.047169
-58.500000	-0.047282
-58.466667	-0.047110
-58.433333	-0.046652
-58.400000	-0.045911
-58.366667	-0.044897
-58.333333	-0.043631
-58.300000	-0.042155
-58.266667	-0.040475
-58.233333	-0.038650
-58.200000	-0.036714
-58.166667	-0.034706
-58.133333	-0.032659
-58.100000	-0.030605
-58.066667	-0.028584
-58.033333	-0.026637
-58.000000	-0.024771
-57.966667	-0.023026
-57.933333	-0.021417
-57.900000	-0.019963
-57.866667	-0.018668
-57.833333	-0.017538
-57.800000	-0.016594
-57.766667	-0.015825
-57.733333	-0.015230
-57.700000	-0.014825
-57.666667	-0.014606
-57.633333	-0.014563
-57.600000	-0.014677
-57.566667	-0.014935
-57.533333	-0.015335
-57.500000	-0.015827
-57.466667	-0.016424
-57.433333	-0.017083
-57.400000	-0.017783
-57.366667	-0.018507
-57.333333	-0.019237
-57.300000	-0.019959
-57.266667	-0.020656
-57.233333	-0.021315
-57.200000	-0.021917
-57.166667	-0.022443
-57.133333	-0.022875
-57.100000	-0.023196
-57.066667	-0.023401
-57.033333	-0.023458
-57.000000	-0.023365
-56.966667	-0.023112
-56.933333	-0.022696
-56.900000	-0.022125
-56.866667	-0.021410
-56.833333	-0.020563
-56.800000	-0.019593
-56.766667	-0.018496
-56.733333	-0.017319
-56.700000	-0.016057
-56.666667	-0.014736
-56.633333	-0.013367
-56.600000	-0.011970
-56.566667	-0.010566
-56.533333	-0.009169
-56.500000	-0.007782
-56.466667	-0.006440
-56.433333	-0.005157
-56.400000	-0.003907
-56.366667	-0.002745
-56.333333	-0.001649
-56.300000	-0.000630
-56.266667	0.000293
-56.233333	0.001122
-56.200000	0.001869
-56.166667	0.002521
-56.133333	0.003051
-56.100000	0.003487
-56.066667	0.003798
-56.033333	0.003984
-56.000000	0.004046
-55.966667	0.003971
-55.933333	0.003765
-55.900000	0.003423
-55.866667	0.002947
-55.833333	0.002346
-55.800000	0.001628
-55.766667	0.000800
-55.733333	-0.000129
-55.700000	-0.001148
-55.666667	-0.002249
-55.633333	-0.003419
-55.600000	-0.004643
-55.566667	-0.005905
-55.533333	-0.007193
-55.500000	-0.008490
-55.466667	-0.009767
-55.433333	-0.011024
-55.400000	-0.012211
-55.366667	-0.013360
-55.333333	-0.014408
-55.300000	-0.015395
-55.266667	-0.016303
-55.233333	-0.017119
-55.200000	-0.017833
-55.166667	-0.018476
-55.133333	-0.019056
-55.100000	-0.019530
-55.066667	-0.019952
-55.033333	-0.020327
-55.000000	-0.020639
-54.966667	-0.020924
-54.933333	-0.021163
-54.900000	-0.021388
-54.866667	-0.021590
-54.833333	-0.021779
-54.800000	-0.021961
-54.766667	-0.022137
-54.733333	-0.022310
-54.700000	-0.022477
-54.666667	-0.022636
-54.633333	-0.022779
-54.600000	-0.022895
-54.566667	-0.022977
-54.533333	-0.023019
-54.500000	-0.023013
-54.466667	-0.022960
-54.433333	-0.022836
-54.400000	-0.022637
-54.366667	-0.022349
-54.333333	-0.021980
-54.300000	-0.021540
-54.266667	-0.021007
-54.233333	-0.020395
-54.200000	-0.019710
-54.166667	-0.018979
-54.133333	-0.018188
-54.100000	-0.017349
-54.066667	-0.016495
-54.033333	-0.015634
-54.000000	-0.014770
-53.966667	-0.013938
-53.933333	-0.013142
-53.900000	-0.012407
-53.866667	-0.011733
-53.833333	-0.011128
-53.800000	-0.010613
-53.766667	-0.010198
-53.733333	-0.009864
-53.700000	-0.009615
-53.666667	-0.009446
-53.633333	-0.009348
-53.600000	-0.009313
-53.566667	-0.009334
-53.533333	-0.009401
-53.500000	-0.009504
-53.466667	-0.009630
-53.433333	-0.009754
-53.400000	-0.009887
-53.366667	-0.010015
-53.333333	-0.010146
-53.300000	-0.010266
-53.266667	-0.010367
-53.233333	-0.010449
-53.200000	-0.010512
-53.166667	-0.010549
-53.133333	-0.010555
-53.100000	-0.010526
-53.066667	-0.010474
-53.033333	-0.010394
-53.000000	-0.010277
-52.966667	-0.010128
-52.933333	-0.009936
-52.900000	-0.009709
-52.866667	-0.009437
-52.833333	-0.009116
-52.800000	-0.008753
-52.766667	-0.008330
-52.733333	-0.007826
-52.700000	-0.007252
-52.666667	-0.006604
-52.633333	-0.005879
-52.600000	-0.005084
-52.566667	-0.004224
-52.533333	-0.003318
-52.500000	-0.002368
-52.466667	-0.001376
-52.433333	-0.000357
-52.400000	0.000658
-52.366667	0.001658
-52.333333	0.002627
-52.300000	0.003538
-52.266667	0.004381
-52.233333	0.005132
-52.200000	0.005773
-52.166667	0.006284
-52.133333	0.006658
-52.100000	0.006893
-52.066667	0.006972
-52.033333	0.006910
-52.000000	0.006701
-51.966667	0.006343
-51.933333	0.005836
-51.900000	0.005200
-51.866667	0.004454
-51.833333	0.003618
-51.800000	0.002714
-51.766667	0.001770
-51.733333	0.000812
-51.700000	-0.000134
-51.666667	-0.001043
-51.633333	-0.001886
-51.600000	-0.002629
-51.566667	-0.003273
-51.533333	-0.003775
-51.500000	-0.004119
-51.466667	-0.004307
-51.433333	-0.004344
-51.400000	-0.004254
-51.366667	-0.004035
-51.333333	-0.003702
-51.300000	-0.003285
-51.266667	-0.002796
-51.233333	-0.002263
-51.200000	-0.001707
-51.166667	-0.001150
-51.133333	-0.000606
-51.100000	-0.000095
-51.066667	0.000372
-51.033333	0.000786
-51.000000	0.001141
-50.966667	0.001440
-50.933333	0.001682
-50.900000	0.001875
-50.866667	0.002025
-50.833333	0.002150
-50.800000	0.002280
-50.766667	0.002396
-50.733333	0.002532
-50.700000	0.002684
-50.666667	0.002863
-50.633333	0.003076
-50.600000	0.003316
-50.566667	0.003567
-50.533333	0.003844
-50.500000	0.004129
-50.466667	0.004438
-50.433333	0.004725
-50.400000	0.004996
-50.366667	0.005225
-50.333333	0.005412
-50.300000	0.005520
-50.266667	0.005557
-50.233333	0.005511
-50.200000	0.005366
-50.166667	0.005139
-50.133333	0.004819
-50.100000	0.004418
-50.066667	0.003945
-50.033333	0.003413
-50.000000	0.002837
-49.966667	0.002232
-49.933333	0.001615
-49.900000	0.001003
-49.866667	0.000413
-49.833333	-0.000131
-49.800000	-0.000612
-49.766667	-0.001065
-49.733333	-0.001442
-49.700000	-0.001775
-49.666667	-0.002059
-49.633333	-0.002301
-49.600000	-0.002503
-49.566667	-0.002659
-49.533333	-0.002770
-49.500000	-0.002838
-49.466667	-0.002881
-49.433333	-0.002933
-49.400000	-0.002952
-49.366667	-0.003007
-49.333333	-0.003047
-49.300000	-0.003097
-49.266667	-0.003128
-49.233333	-0.003158
-49.200000	-0.003194
-49.166667	-0.003217
-49.133333	-0.003226
-49.100000	-0.003197
-49.066667	-0.003144
-49.033333	-0.003037
-49.000000	-0.002869
-48.966667	-0.002635
-48.933333	-0.002324
-48.900000	-0.001942
-48.866667	-0.001494
-48.833333	-0.000987
-48.800000	-0.000434
-48.766667	0.000144
-48.733333	0.000755
-48.700000	0.001369
-48.666667	0.001960
-48.633333	0.002513
-48.600000	0.003032
-48.566667	0.003452
-48.533333	0.003775
-48.500000	0.003973
-48.466667	0.004043
-48.433333	0.003946
-48.400000	0.003708
-48.366667	0.003300
-48.333333	0.002764
-48.300000	0.002088
-48.266667	0.001284
-48.233333	0.000361
-48.200000	-0.000660
-48.166667	-0.001739
-48.133333	-0.002838
-48.100000	-0.003937
-48.066667	-0.005005
-48.033333	-0.005991
-48.000000	-0.006887
-47.966667	-0.007676
-47.933333	-0.008338
-47.900000	-0.008873
-47.866667	-0.009275
-47.833333	-0.009545
-47.800000	-0.009688
-47.766667	-0.009710
-47.733333	-0.009622
-47.700000	-0.009452
-47.666667	-0.009224
-47.633333	-0.008943
-47.600000	-0.008621
-47.566667	-0.008295
-47.533333	-0.007940
-47.500000	-0.007579
-47.466667	-0.007217
-47.433333	-0.006881
-47.400000	-0.006533
-47.366667	-0.006205
-47.333333	-0.005877
-47.300000	-0.005538
-47.266667	-0.005189
-47.233333	-0.004812
-47.200000	-0.004401
-47.166667	-0.003948
-47.133333	-0.003448
-47.100000	-0.002903
-47.066667	-0.002326
-47.033333	-0.001738
-47.000000	-0.001163
-46.966667	-0.000625
-46.933333	-0.000150
-46.900000	0.000228
-46.866667	0.000481
-46.833333	0.000583
-46.800000	0.000518
-46.766667	0.000280
-46.733333	-0.000132
-46.700000	-0.000718
-46.666667	-0.001470
-46.633333	-0.002375
-46.600000	-0.003416
-46.566667	-0.004548
-46.533333	-0.005763
-46.500000	-0.007016
-46.466667	-0.008282
-46.433333	-0.009519
-46.400000	-0.010688
-46.366667	-0.011748
-46.333333	-0.012661
-46.300000	-0.013404
-46.266667	-0.013964
-46.233333	-0.014337
-46.200000	-0.014526
-46.166667	-0.014537
-46.133333	-0.014378
-46.100000	-0.014067
-46.066667	-0.013623
-46.033333	-0.013074
-46.000000	-0.012450
-45.966667	-0.011780
-45.933333	-0.011079
-45.900000	-0.010406
-45.866667	-0.009737
-45.833333	-0.009137
-45.800000	-0.008589
-45.766667	-0.008119
-45.733333	-0.007730
-45.700000	-0.007426
-45.666667	-0.007205
-45.633333	-0.007061
-45.600000	-0.006985
-45.566667	-0.006950
-45.533333	-0.006957
-45.500000	-0.006975
-45.466667	-0.006989
-45.433333	-0.006980
-45.400000	-0.006934
-45.366667	-0.006838
-45.333333	-0.006689
-45.300000	-0.006491
-45.266667	-0.006252
-45.233333	-0.005976
-45.200000	-0.005671
-45.166667	-0.005343
-45.133333	-0.004998
-45.100000	-0.004649
-45.066667	-0.004303
-45.033333	-0.003978
-45.000000	-0.003703
-44.966667	-0.003481
-44.933333	-0.003327
-44.900000	-0.003247
-44.866667	-0.003233
-44.833333	-0.003324
-44.800000	-0.003466
-44.766667	-0.003695
-44.733333	-0.003976
-44.700000	-0.004306
-44.666667	-0.004676
-44.633333	-0.005073
-44.600000	-0.005474
-44.566667	-0.005867
-44.533333	-0.006246
-44.500000	-0.006581
-44.466667	-0.006863
-44.433333	-0.007097
-44.400000	-0.007266
-44.366667	-0.007380
-44.333333	-0.007444
-44.300000	-0.007463
-44.266667	-0.007433
-44.233333	-0.007377
-44.200000	-0.007283
-44.166667	-0.007169
-44.133333	-0.007056
-44.100000	-0.006922
-44.066667	-0.006788
-44.033333	-0.006660
-44.000000	-0.006546
-43.966667	-0.006423
-43.933333	-0.006289
-43.900000	-0.006134
-43.866667	-0.005975
-43.833333	-0.005802
-43.800000	-0.005615
-43.766667	-0.005419
-43.733333	-0.005177
-43.700000	-0.004901
-43.666667	-0.004597
-43.633333	-0.004247
-43.600000	-0.003861
-43.566667	-0.003443
-43.533333	-0.002983
-43.500000	-0.002482
-43.466667	-0.001990
-43.433333	-0.001518
-43.400000	-0.001044
-43.366667	-0.000597
-43.333333	-0.000214
-43.300000	0.000136
-43.266667	0.000406
-43.233333	0.000584
-43.200000	0.000664
-43.166667	0.000646
-43.133333	0.000505
-43.100000	0.000266
-43.066667	-0.000097
-43.033333	-0.000555
-43.000000	-0.001120
-42.966667	-0.001772
-42.933333	-0.002511
-42.900000	-0.003336
-42.866667	-0.004257
-42.833333	-0.005226
-42.800000	-0.006225
-42.766667	-0.007226
-42.733333	-0.008221
-42.700000	-0.009221
-42.666667	-0.010172
-42.633333	-0.011068
-42.600000	-0.011892
-42.566667	-0.012623
-42.533333	-0.013249
-42.500000	-0.013794
-42.466667	-0.014271
-42.433333	-0.014623
-42.400000	-0.014861
-42.366667	-0.015013
-42.333333	-0.015078
-42.300000	-0.015034
-42.266667	-0.014929
-42.233333	-0.014738
-42.200000	-0.014476
-42.166667	-0.014135
-42.133333	-0.013757
-42.100000	-0.013330
-42.066667	-0.012873
-42.033333	-0.012389
-42.000000	-0.011896
-41.966667	-0.011393
-41.933333	-0.010893
-41.900000	-0.010405
-41.866667	-0.009925
-41.833333	-0.009442
-41.800000	-0.008978
-41.766667	-0.008504
-41.733333	-0.008070
-41.700000	-0.007661
-41.666667	-0.007258
-41.633333	-0.006908
-41.600000	-0.006597
-41.566667	-0.006342
-41.533333	-0.006151
-41.500000	-0.006043
-41.466667	-0.006010
-41.433333	-0.006035
-41.400000	-0.006144
-41.366667	-0.006321
-41.333333	-0.006560
-41.300000	-0.006864
-41.266667	-0.007227
-41.233333	-0.007638
-41.200000	-0.008085
-41.166667	-0.008556
-41.133333	-0.009039
-41.100000	-0.009515
-41.066667	-0.009971
-41.033333	-0.010388
-41.000000	-0.010749
-40.966667	-0.011046
-40.933333	-0.011275
-40.900000	-0.011439
-40.866667	-0.011553
-40.833333	-0.011595
-40.800000	-0.011539
-40.766667	-0.011415
-40.733333	-0.011240
-40.700000	-0.011008
-40.666667	-0.010735
-40.633333	-0.010430
-40.600000	-0.010085
-40.566667	-0.009708
-40.533333	-0.009322
-40.500000	-0.008936
-40.466667	-0.008552
-40.433333	-0.008179
-40.400000	-0.007821
-40.366667	-0.007478
-40.333333	-0.007150
-40.300000	-0.006836
-40.266667	-0.006544
-40.233333	-0.006270
-40.200000	-0.006007
-40.166667	-0.005751
-40.133333	-0.005487
-40.100000	-0.005236
-40.066667	-0.004975
-40.033333	-0.004723
-40.000000	-0.004472
-39.966667	-0.004234
-39.933333	-0.004018
-39.900000	-0.003828
-39.866667	-0.003652
-39.833333	-0.003469
-39.800000	-0.003307
-39.766667	-0.003183
-39.733333	-0.003075
-39.700000	-0.003000
-39.666667	-0.002951
-39.633333	-0.002920
-39.600000	-0.002917
-39.566667	-0.002922
-39.533333	-0.002964
-39.500000	-0.003022
-39.466667	-0.003101
-39.433333	-0.003200
-39.400000	-0.003301
-39.366667	-0.003400
-39.333333	-0.003505
-39.300000	-0.003619
-39.266667	-0.003737
-39.233333	-0.003853
-39.200000	-0.003962
-39.166667	-0.004063
-39.133333	-0.004157
-39.100000	-0.004255
-39.066667	-0.004334
-39.033333	-0.004414
-39.000000	-0.004463
-38.966667	-0.004515
-38.933333	-0.004540
-38.900000	-0.004553
-38.866667	-0.004541
-38.833333	-0.004495
-38.800000	-0.004433
-38.766667	-0.004336
-38.733333	-0.004193
-38.700000	-0.004006
-38.666667	-0.003778
-38.633333	-0.003512
-38.600000	-0.003208
-38.566667	-0.002848
-38.533333	-0.002467
-38.500000	-0.002043
-38.466667	-0.001584
-38.433333	-0.001081
-38.400000	-0.000532
-38.366667	0.000047
-38.333333	0.000652
-38.300000	0.001283
-38.266667	0.001936
-38.233333	0.002604
-38.200000	0.003296
-38.166667	0.004004
-38.133333	0.004701
-38.100000	0.005404
-38.066667	0.006102
-38.033333	0.006797
-38.000000	0.007467
-37.966667	0.008089
-37.933333	0.008678
-37.900000	0.009201
-37.866667	0.009666
-37.833333	0.010066
-37.800000	0.010376
-37.766667	0.010614
-37.733333	0.010762
-37.700000	0.010815
-37.666667	0.010770
-37.633333	0.010635
-37.600000	0.010422
-37.566667	0.010136
-37.533333	0.009766
-37.500000	0.009327
-37.466667	0.008861
-37.433333	0.008328
-37.400000	0.007780
-37.366667	0.007211
-37.333333	0.006646
-37.300000	0.006097
-37.266667	0.005584
-37.233333	0.005128
-37.200000	0.004743
-37.166667	0.004423
-37.133333	0.004166
-37.100000	0.004011
-37.066667	0.003974
-37.033333	0.004001
-37.000000	0.004119
-36.966667	0.004338
-36.933333	0.004634
-36.900000	0.005009
-36.866667	0.005456
-36.833333	0.005971
-36.800000	0.006543
-36.766667	0.007161
-36.733333	0.007811
-36.700000	0.008488
-36.666667	0.009193
-36.633333	0.009906
-36.600000	0.010624
-36.566667	0.011281
-36.533333	0.011905
-36.500000	0.012494
-36.466667	0.013038
-36.433333	0.013495
-36.400000	0.013913
-36.366667	0.014256
-36.333333	0.014539
-36.300000	0.014760
-36.266667	0.014916
-36.233333	0.015011
-36.200000	0.015055
-36.166667	0.015049
-36.133333	0.014992
-36.100000	0.014901
-36.066667	0.014780
-36.033333	0.014592
-36.000000	0.014393
-35.966667	0.014173
-35.933333	0.013903
-35.900000	0.013605
-35.866667	0.013262
-35.833333	0.012909
-35.800000	0.012520
-35.766667	0.012112
-35.733333	0.011691
-35.700000	0.011254
-35.666667	0.010791
-35.633333	0.010289
-35.600000	0.009761
-35.566667	0.009191
-35.533333	0.008623
-35.500000	0.008027
-35.466667	0.007417
-35.433333	0.006802
-35.400000	0.006193
-35.366667	0.005598
-35.333333	0.005027
-35.300000	0.004501
-35.266667	0.004024
-35.233333	0.003617
-35.200000	0.003284
-35.166667	0.003021
-35.133333	0.002833
-35.100000	0.002709
-35.066667	0.002647
-35.033333	0.002630
-35.000000	0.002673
-34.966667	0.002755
-34.933333	0.002858
-34.900000	0.002976
-34.866667	0.003099
-34.833333	0.003255
-34.800000	0.003366
-34.766667	0.003491
-34.733333	0.003597
-34.700000	0.003683
-34.666667	0.003733
-34.633333	0.003758
-34.600000	0.003762
-34.566667	0.003736
-34.533333	0.003678
-34.500000	0.003587
-34.466667	0.003464
-34.433333	0.003362
-34.400000	0.003238
-34.366667	0.003121
-34.333333	0.003028
-34.300000	0.002966
-34.266667	0.002915
-34.233333	0.002874
-34.200000	0.002838
-34.166667	0.002805
-34.133333	0.002766
-34.100000	0.002702
-34.066667	0.002605
-34.033333	0.002468
-34.000000	0.002304
-33.966667	0.002084
-33.933333	0.001808
-33.900000	0.001472
-33.866667	0.001108
-33.833333	0.000679
-33.800000	0.000208
-33.766667	-0.000273
-33.733333	-0.000785
-33.700000	-0.001307
-33.666667	-0.001839
-33.633333	-0.002365
-33.600000	-0.002870
-33.566667	-0.003346
-33.533333	-0.003780
-33.500000	-0.004148
-33.466667	-0.004421
-33.433333	-0.004637
-33.400000	-0.004800
-33.366667	-0.004875
-33.333333	-0.004857
-33.300000	-0.004762
-33.266667	-0.004622
-33.233333	-0.004420
-33.200000	-0.004158
-33.166667	-0.003844
-33.133333	-0.003493
-33.100000	-0.003119
-33.066667	-0.002730
-33.033333	-0.002326
-33.000000	-0.001912
-32.966667	-0.001502
-32.933333	-0.001099
-32.900000	-0.000709
-32.866667	-0.000327
-32.833333	0.000010
-32.800000	0.000352
-32.766667	0.000667
-32.733333	0.000970
-32.700000	0.001258
-32.666667	0.001532
-32.633333	0.001784
-32.600000	0.002008
-32.566667	0.002186
-32.533333	0.002338
-32.500000	0.002451
-32.466667	0.002518
-32.433333	0.002507
-32.400000	0.002470
-32.366667	0.002381
-32.333333	0.002281
-32.300000	0.002098
-32.266667	0.001876
-32.233333	0.001621
-32.200000	0.001333
-32.166667	0.001012
-32.133333	0.000649
-32.100000	0.000259
-32.066667	-0.000137
-32.033333	-0.000531
-32.000000	-0.000919
-31.966667	-0.001290
-31.933333	-0.001626
-31.900000	-0.001920
-31.866667	-0.002162
-31.833333	-0.002324
-31.800000	-0.002412
-31.766667	-0.002410
-31.733333	-0.002314
-31.700000	-0.002124
-31.666667	-0.001844
-31.633333	-0.001478
-31.600000	-0.001034
-31.566667	-0.000519
-31.533333	0.000076
-31.500000	0.000725
-31.466667	0.001427
-31.433333	0.002164
-31.400000	0.002928
-31.366667	0.003723
-31.333333	0.004544
-31.300000	0.005348
-31.266667	0.006175
-31.233333	0.006986
-31.200000	0.007813
-31.166667	0.008586
-31.133333	0.009346
-31.100000	0.010080
-31.066667	0.010784
-31.033333	0.011442
-31.000000	0.012041
-30.966667	0.012579
-30.933333	0.013047
-30.900000	0.013440
-30.866667	0.013773
-30.833333	0.014053
-30.800000	0.014225
-30.766667	0.014309
-30.733333	0.014331
-30.700000	0.014290
-30.666667	0.014161
-30.633333	0.013937
-30.600000	0.013631
-30.566667	0.013239
-30.533333	0.012763
-30.500000	0.012216
-30.466667	0.011609
-30.433333	0.010946
-30.400000	0.010236
-30.366667	0.009498
-30.333333	0.008760
-30.300000	0.007994
-30.266667	0.007243
-30.233333	0.006509
-30.200000	0.005783
-30.166667	0.005037
-30.133333	0.004322
-30.100000	0.003626
-30.066667	0.002937
-30.033333	0.002262
-30.000000	0.001600
-29.966667	0.000956
-29.933333	0.000337
-29.900000	-0.000246
-29.866667	-0.000793
-29.833333	-0.001325
-29.800000	-0.001842
-29.766667	-0.002312
-29.733333	-0.002727
-29.700000	-0.003113
-29.666667	-0.003478
-29.633333	-0.003802
-29.600000	-0.004078
-29.566667	-0.004316
-29.533333	-0.004505
-29.500000	-0.004635
-29.466667	-0.004730
-29.433333	-0.004794
-29.400000	-0.004802
-29.366667	-0.004765
-29.333333	-0.004692
-29.300000	-0.004610
-29.266667	-0.004484
-29.233333	-0.004368
-29.200000	-0.004237
-29.166667	-0.004111
-29.133333	-0.003980
-29.100000	-0.003838
-29.066667	-0.003718
-29.033333	-0.003597
-29.000000	-0.003485
-28.966667	-0.003387
-28.933333	-0.003310
-28.900000	-0.003262
-28.866667	-0.003243
-28.833333	-0.003279
-28.800000	-0.003352
-28.766667	-0.003484
-28.733333	-0.003668
-28.700000	-0.003914
-28.666667	-0.004228
-28.633333	-0.004607
-28.600000	-0.005039
-28.566667	-0.005545
-28.533333	-0.006104
-28.500000	-0.006727
-28.466667	-0.007418
-28.433333	-0.008160
-28.400000	-0.008939
-28.366667	-0.009755
-28.333333	-0.010606
-28.300000	-0.011472
-28.266667	-0.012341
-28.233333	-0.013215
-28.200000	-0.014065
-28.166667	-0.014900
-28.133333	-0.015668
-28.100000	-0.016377
-28.066667	-0.017031
-28.033333	-0.017618
-28.000000	-0.018134
-27.966667	-0.018577
-27.933333	-0.018947
-27.900000	-0.019243
-27.866667	-0.019474
-27.833333	-0.019641
-27.800000	-0.019730
-27.766667	-0.019761
-27.733333	-0.019716
-27.700000	-0.019604
-27.666667	-0.019450
-27.633333	-0.019250
-27.600000	-0.018996
-27.566667	-0.018703
-27.533333	-0.018352
-27.500000	-0.017965
-27.466667	-0.017542
-27.433333	-0.017093
-27.400000	-0.016617
-27.366667	-0.016109
-27.333333	-0.015568
-27.300000	-0.014999
-27.266667	-0.014448
-27.233333	-0.013905
-27.200000	-0.013367
-27.166667	-0.012824
-27.133333	-0.012287
-27.100000	-0.011789
-27.066667	-0.011328
-27.033333	-0.010896
-27.000000	-0.010487
-26.966667	-0.010106
-26.933333	-0.009776
-26.900000	-0.009458
-26.866667	-0.009179
-26.833333	-0.008916
-26.800000	-0.008673
-26.766667	-0.008442
-26.733333	-0.008223
-26.700000	-0.008010
-26.666667	-0.007793
-26.633333	-0.007534
-26.600000	-0.007222
-26.566667	-0.006870
-26.533333	-0.006488
-26.500000	-0.006068
-26.466667	-0.005599
-26.433333	-0.005076
-26.400000	-0.004508
-26.366667	-0.003881
-26.333333	-0.003198
-26.300000	-0.002517
-26.266667	-0.001814
-26.233333	-0.001066
-26.200000	-0.000286
-26.166667	0.000530
-26.133333	0.001363
-26.100000	0.002213
-26.066667	0.003088
-26.033333	0.003975
-26.000000	0.004866
-25.966667	0.005747
-25.933333	0.006618
-25.900000	0.007465
-25.866667	0.008253
-25.833333	0.008996
-25.800000	0.009682
-25.766667	0.010301
-25.733333	0.010837
-25.700000	0.011311
-25.666667	0.011690
-25.633333	0.011981
-25.600000	0.012147
-25.566667	0.012185
-25.533333	0.012096
-25.500000	0.011883
-25.466667	0.011527
-25.433333	0.011050
-25.400000	0.010434
-25.366667	0.009706
-25.333333	0.008858
-25.300000	0.007890
-25.266667	0.006849
-25.233333	0.005712
-25.200000	0.004485
-25.166667	0.003181
-25.133333	0.001800
-25.100000	0.000357
-25.066667	-0.001140
-25.033333	-0.002693
-25.000000	-0.004295
-24.966667	-0.005944
-24.933333	-0.007635
-24.900000	-0.009385
-24.866667	-0.011174
-24.833333	-0.012992
-24.800000	-0.014793
-24.766667	-0.016606
-24.733333	-0.018429
-24.700000	-0.020253
-24.666667	-0.022089
-24.633333	-0.023878
-24.600000	-0.025663
-24.566667	-0.027406
-24.533333	-0.029096
-24.500000	-0.030730
-24.466667	-0.032302
-24.433333	-0.033784
-24.400000	-0.035195
-24.366667	-0.036491
-24.333333	-0.037701
-24.300000	-0.038811
-24.266667	-0.039809
-24.233333	-0.040713
-24.200000	-0.041509
-24.166667	-0.042190
-24.133333	-0.042749
-24.100000	-0.043193
-24.066667	-0.043513
-24.033333	-0.043721
-24.000000	-0.043819
-23.966667	-0.043787
-23.933333	-0.043661
-23.900000	-0.043423
-23.866667	-0.043088
-23.833333	-0.042638
-23.800000	-0.042076
-23.766667	-0.041478
-23.733333	-0.040815
-23.700000	-0.040101
-23.666667	-0.039325
-23.633333	-0.038496
-23.600000	-0.037645
-23.566667	-0.036757
-23.533333	-0.035854
-23.500000	-0.034958
-23.466667	-0.034087
-23.433333	-0.033232
-23.400000	-0.032407
-23.366667	-0.031600
-23.333333	-0.030830
-23.300000	-0.030117
-23.266667	-0.029434
-23.233333	-0.028785
-23.200000	-0.028168
-23.166667	-0.027582
-23.133333	-0.027021
-23.100000	-0.026479
-23.066667	-0.025938
-23.033333	-0.025399
-23.000000	-0.024853
-22.966667	-0.024284
-22.933333	-0.023709
-22.900000	-0.023091
-22.866667	-0.022452
-22.833333	-0.021760
-22.800000	-0.021030
-22.766667	-0.020267
-22.733333	-0.019449
-22.700000	-0.018590
-22.666667	-0.017683
-22.633333	-0.016734
-22.600000	-0.015741
-22.566667	-0.014709
-22.533333	-0.013643
-22.500000	-0.012536
-22.466667	-0.011373
-22.433333	-0.010161
-22.400000	-0.008907
-22.366667	-0.007606
-22.333333	-0.006279
-22.300000	-0.004947
-22.266667	-0.003562
-22.233333	-0.002168
-22.200000	-0.000747
-22.166667	0.000682
-22.133333	0.002121
-22.100000	0.003562
-22.066667	0.005002
-22.033333	0.006419
-22.000000	0.007808
-21.966667	0.009159
-21.933333	0.010464
-21.900000	0.011694
-21.866667	0.012847
-21.833333	0.013924
-21.800000	0.014915
-21.766667	0.015794
-21.733333	0.016569
-21.700000	0.017245
-21.666667	0.017820
-21.633333	0.018299
-21.600000	0.018685
-21.566667	0.018990
-21.533333	0.019252
-21.500000	0.019439
-21.466667	0.019601
-21.433333	0.019720
-21.400000	0.019820
-21.366667	0.019913
-21.333333	0.020013
-21.300000	0.020145
-21.266667	0.020322
-21.233333	0.020537
-21.200000	0.020838
-21.166667	0.021149
-21.133333	0.021550
-21.100000	0.022014
-21.066667	0.022533
-21.033333	0.023094
-21.000000	0.023706
-20.966667	0.024355
-20.933333	0.025044
-20.900000	0.025753
-20.866667	0.026482
-20.833333	0.027253
-20.800000	0.028019
-20.766667	0.028784
-20.733333	0.029544
-20.700000	0.030292
-20.666667	0.031027
-20.633333	0.031736
-20.600000	0.032438
-20.566667	0.033112
-20.533333	0.033784
-20.500000	0.034410
-20.466667	0.035031
-20.433333	0.035635
-20.400000	0.036209
-20.366667	0.036757
-20.333333	0.037269
-20.300000	0.037737
-20.266667	0.038155
-20.233333	0.038516
-20.200000	0.038819
-20.166667	0.039040
-20.133333	0.039233
-20.100000	0.039351
-20.066667	0.039396
-20.033333	0.039375
-20.000000	0.039300
-19.966667	0.039162
-19.933333	0.038969
-19.900000	0.038720
-19.866667	0.038427
-19.833333	0.038119
-19.800000	0.037767
-19.766667	0.037421
-19.733333	0.037059
-19.700000	0.036718
-19.666667	0.036408
-19.633333	0.036128
-19.600000	0.035885
-19.566667	0.035659
-19.533333	0.035504
-19.500000	0.035330
-19.466667	0.035192
-19.433333	0.035078
-19.400000	0.034961
-19.366667	0.034848
-19.333333	0.034704
-19.300000	0.034569
-19.266667	0.034403
-19.233333	0.034215
-19.200000	0.033997
-19.166667	0.033748
-19.133333	0.033464
-19.100000	0.033138
-19.066667	0.032770
-19.033333	0.032367
-19.000000	0.031933
-18.966667	0.031466
-18.933333	0.030988
-18.900000	0.030504
-18.866667	0.030020
-18.833333	0.029540
-18.800000	0.029064
-18.766667	0.028607
-18.733333	0.028161
-18.700000	0.027713
-18.666667	0.027274
-18.633333	0.026826
-18.600000	0.026363
-18.566667	0.025892
-18.533333	0.025406
-18.500000	0.024870
-18.466667	0.024338
-18.433333	0.023769
-18.400000	0.023170
-18.366667	0.022532
-18.333333	0.021863
-18.300000	0.021175
-18.266667	0.020443
-18.233333	0.019702
-18.200000	0.018949
-18.166667	0.018192
-18.133333	0.017430
-18.100000	0.016677
-18.066667	0.015948
-18.033333	0.015226
-18.000000	0.014542
-17.966667	0.013895
-17.933333	0.013289
-17.900000	0.012718
-17.866667	0.012173
-17.833333	0.011652
-17.800000	0.011154
-17.766667	0.010699
-17.733333	0.010251
-17.700000	0.009819
-17.666667	0.009419
-17.633333	0.009036
-17.600000	0.008671
-17.566667	0.008317
-17.533333	0.007957
-17.500000	0.007610
-17.466667	0.007283
-17.433333	0.006958
-17.400000	0.006638
-17.366667	0.006313
-17.333333	0.006004
-17.300000	0.005707
-17.266667	0.005440
-17.233333	0.005194
-17.200000	0.004974
-17.166667	0.004776
-17.133333	0.004598
-17.100000	0.004446
-17.066667	0.004320
-17.033333	0.004207
-17.000000	0.004135
-16.966667	0.004079
-16.933333	0.004039
-16.900000	0.004008
-16.866667	0.003982
-16.833333	0.003969
-16.800000	0.003985
-16.766667	0.003984
-16.733333	0.003985
-16.700000	0.003988
-16.666667	0.003986
-16.633333	0.003976
-16.600000	0.003953
-16.566667	0.003872
-16.533333	0.003778
-16.500000	0.003671
-16.466667	0.003526
-16.433333	0.003333
-16.400000	0.003107
-16.366667	0.002842
-16.333333	0.002568
-16.300000	0.002268
-16.266667	0.001952
-16.233333	0.001632
-16.200000	0.001317
-16.166667	0.001006
-16.133333	0.000697
-16.100000	0.000387
-16.066667	0.000110
-16.033333	-0.000136
-16.000000	-0.000355
-15.966667	-0.000543
-15.933333	-0.000692
-15.900000	-0.000797
-15.866667	-0.000850
-15.833333	-0.000872
-15.800000	-0.000864
-15.766667	-0.000842
-15.733333	-0.000724
-15.700000	-0.000583
-15.666667	-0.000420
-15.633333	-0.000224
-15.600000	-0.000016
-15.566667	0.000192
-15.533333	0.000426
-15.500000	0.000642
-15.466667	0.000856
-15.433333	0.001070
-15.400000	0.001263
-15.366667	0.001462
-15.333333	0.001627
-15.300000	0.001770
-15.266667	0.001905
-15.233333	0.002023
-15.200000	0.002090
-15.166667	0.002140
-15.133333	0.002142
-15.100000	0.002112
-15.066667	0.002044
-15.033333	0.001915
-15.000000	0.001726
-14.966667	0.001478
-14.933333	0.001159
-14.900000	0.000768
-14.866667	0.000316
-14.833333	-0.000240
-14.800000	-0.000859
-14.766667	-0.001543
-14.733333	-0.002262
-14.700000	-0.003070
-14.666667	-0.003936
-14.633333	-0.004845
-14.600000	-0.005807
-14.566667	-0.006808
-14.533333	-0.007856
-14.500000	-0.008924
-14.466667	-0.009988
-14.433333	-0.011040
-14.400000	-0.012064
-14.366667	-0.013038
-14.333333	-0.013986
-14.300000	-0.014858
-14.266667	-0.015637
-14.233333	-0.016348
-14.200000	-0.016978
-14.166667	-0.017499
-14.133333	-0.017961
-14.100000	-0.018338
-14.066667	-0.018637
-14.033333	-0.018847
-14.000000	-0.018970
-13.966667	-0.019017
-13.933333	-0.018989
-13.900000	-0.018880
-13.866667	-0.018695
-13.833333	-0.018461
-13.800000	-0.018152
-13.766667	-0.017780
-13.733333	-0.017340
-13.700000	-0.016862
-13.666667	-0.016342
-13.633333	-0.015790
-13.600000	-0.015205
-13.566667	-0.014597
-13.533333	-0.013969
-13.500000	-0.013314
-13.466667	-0.012637
-13.433333	-0.011948
-13.400000	-0.011254
-13.366667	-0.010574
-13.333333	-0.009935
-13.300000	-0.009307
-13.266667	-0.008721
-13.233333	-0.008185
-13.200000	-0.007698
-13.166667	-0.007272
-13.133333	-0.006910
-13.100000	-0.006611
-13.066667	-0.006343
-13.033333	-0.006158
-13.000000	-0.006019
-12.966667	-0.005937
-12.933333	-0.005902
-12.900000	-0.005909
-12.866667	-0.005949
-12.833333	-0.006019
-12.800000	-0.006111
-12.766667	-0.006220
-12.733333	-0.006337
-12.700000	-0.006456
-12.666667	-0.006571
-12.633333	-0.006675
-12.600000	-0.006763
-12.566667	-0.006834
-12.533333	-0.006893
-12.500000	-0.006934
-12.466667	-0.006944
-12.433333	-0.006930
-12.400000	-0.006901
-12.366667	-0.006864
-12.333333	-0.006800
-12.300000	-0.006724
-12.266667	-0.006636
-12.233333	-0.006532
-12.200000	-0.006424
-12.166667	-0.006307
-12.133333	-0.006212
-12.100000	-0.006103
-12.066667	-0.006006
-12.033333	-0.005948
-12.000000	-0.005885
-11.966667	-0.005851
-11.933333	-0.005834
-11.900000	-0.005834
-11.866667	-0.005849
-11.833333	-0.005876
-11.800000	-0.005911
-11.766667	-0.005949
-11.733333	-0.005977
-11.700000	-0.006009
-11.666667	-0.006025
-11.633333	-0.006030
-11.600000	-0.006022
-11.566667	-0.006003
-11.533333	-0.005975
-11.500000	-0.005924
-11.466667	-0.005851
-11.433333	-0.005770
-11.400000	-0.005677
-11.366667	-0.005567
-11.333333	-0.005442
-11.300000	-0.005328
-11.266667	-0.005195
-11.233333	-0.005075
-11.200000	-0.004965
-11.166667	-0.004873
-11.133333	-0.004821
-11.100000	-0.004781
-11.066667	-0.004767
-11.033333	-0.004811
-11.000000	-0.004877
-10.966667	-0.004979
-10.933333	-0.005108
-10.900000	-0.005258
-10.866667	-0.005431
-10.833333	-0.005602
-10.800000	-0.005778
-10.766667	-0.005950
-10.733333	-0.006123
-10.700000	-0.006302
-10.666667	-0.006454
-10.633333	-0.006587
-10.600000	-0.006694
-10.566667	-0.006778
-10.533333	-0.006851
-10.500000	-0.006896
-10.466667	-0.006914
-10.433333	-0.006903
-10.400000	-0.006880
-10.366667	-0.006827
-10.333333	-0.006760
-10.300000	-0.006680
-10.266667	-0.006604
-10.233333	-0.006540
-10.200000	-0.006489
-10.166667	-0.006454
-10.133333	-0.006441
-10.100000	-0.006449
-10.066667	-0.006490
-10.033333	-0.006594
-10.000000	-0.006698
-9.966667	-0.006838
-9.933333	-0.006996
-9.900000	-0.007170
-9.866667	-0.007357
-9.833333	-0.007541
-9.800000	-0.007737
-9.766667	-0.007930
-9.733333	-0.008126
-9.700000	-0.008295
-9.666667	-0.008441
-9.633333	-0.008563
-9.600000	-0.008665
-9.566667	-0.008744
-9.533333	-0.008801
-9.500000	-0.008817
-9.466667	-0.008800
-9.433333	-0.008757
-9.400000	-0.008702
-9.366667	-0.008626
-9.333333	-0.008540
-9.300000	-0.008458
-9.266667	-0.008381
-9.233333	-0.008312
-9.200000	-0.008257
-9.166667	-0.008224
-9.133333	-0.008211
-9.100000	-0.008222
-9.066667	-0.008263
-9.033333	-0.008329
-9.000000	-0.008410
-8.966667	-0.008510
-8.933333	-0.008633
-8.900000	-0.008781
-8.866667	-0.008959
-8.833333	-0.009164
-8.800000	-0.009386
-8.766667	-0.009640
-8.733333	-0.009911
-8.700000	-0.010198
-8.666667	-0.010529
-8.633333	-0.010888
-8.600000	-0.011262
-8.566667	-0.011646
-8.533333	-0.012054
-8.500000	-0.012485
-8.466667	-0.012935
-8.433333	-0.013406
-8.400000	-0.013896
-8.366667	-0.014400
-8.333333	-0.014915
-8.300000	-0.015435
-8.266667	-0.015954
-8.233333	-0.016471
-8.200000	-0.016975
-8.166667	-0.017453
-8.133333	-0.017899
-8.100000	-0.018309
-8.066667	-0.018669
-8.033333	-0.018961
-8.000000	-0.019174
-7.966667	-0.019308
-7.933333	-0.019368
-7.900000	-0.019320
-7.866667	-0.019190
-7.833333	-0.018967
-7.800000	-0.018653
-7.766667	-0.018262
-7.733333	-0.017784
-7.700000	-0.017244
-7.666667	-0.016646
-7.633333	-0.015982
-7.600000	-0.015259
-7.566667	-0.014535
-7.533333	-0.013814
-7.500000	-0.013110
-7.466667	-0.012416
-7.433333	-0.011758
-7.400000	-0.011177
-7.366667	-0.010688
-7.333333	-0.010275
-7.300000	-0.009932
-7.266667	-0.009695
-7.233333	-0.009529
-7.200000	-0.009455
-7.166667	-0.009465
-7.133333	-0.009553
-7.100000	-0.009702
-7.066667	-0.009893
-7.033333	-0.010122
-7.000000	-0.010396
-6.966667	-0.010698
-6.933333	-0.010990
-6.900000	-0.011300
-6.866667	-0.011605
-6.833333	-0.011891
-6.800000	-0.012169
-6.766667	-0.012405
-6.733333	-0.012621
-6.700000	-0.012807
-6.666667	-0.012965
-6.633333	-0.013098
-6.600000	-0.013218
-6.566667	-0.013334
-6.533333	-0.013413
-6.500000	-0.013467
-6.466667	-0.013494
-6.433333	-0.013500
-6.400000	-0.013496
-6.366667	-0.013449
-6.333333	-0.013347
-6.300000	-0.013206
-6.266667	-0.013032
-6.233333	-0.012808
-6.200000	-0.012552
-6.166667	-0.012266
-6.133333	-0.011934
-6.100000	-0.011559
-6.066667	-0.011150
-6.033333	-0.010720
-6.000000	-0.010273
-5.966667	-0.009805
-5.933333	-0.009329
-5.900000	-0.008889
-5.866667	-0.008440
-5.833333	-0.008039
-5.800000	-0.007679
-5.766667	-0.007354
-5.733333	-0.007101
-5.700000	-0.006902
-5.666667	-0.006767
-5.633333	-0.006695
-5.600000	-0.006691
-5.566667	-0.006745
-5.533333	-0.006841
-5.500000	-0.006992
-5.466667	-0.007192
-5.433333	-0.007433
-5.400000	-0.007710
-5.366667	-0.008010
-5.333333	-0.008337
-5.300000	-0.008685
-5.266667	-0.009056
-5.233333	-0.009428
-5.200000	-0.009790
-5.166667	-0.010155
-5.133333	-0.010488
-5.100000	-0.010817
-5.066667	-0.011158
-5.033333	-0.011499
-5.000000	-0.011809
-4.966667	-0.012111
-4.933333	-0.012429
-4.900000	-0.012718
-4.866667	-0.013004
-4.833333	-0.013273
-4.800000	-0.013525
-4.766667	-0.013758
-4.733333	-0.013973
-4.700000	-0.014169
-4.666667	-0.014344
-4.633333	-0.014498
-4.600000	-0.014633
-4.566667	-0.014744
-4.533333	-0.014823
-4.500000	-0.014887
-4.466667	-0.014931
-4.433333	-0.014959
-4.400000	-0.014968
-4.366667	-0.014970
-4.333333	-0.014967
-4.300000	-0.014972
-4.266667	-0.014977
-4.233333	-0.014984
-4.200000	-0.015004
-4.166667	-0.015048
-4.133333	-0.015109
-4.100000	-0.015206
-4.066667	-0.015330
-4.033333	-0.015460
-4.000000	-0.015590
-3.966667	-0.015758
-3.933333	-0.015966
-3.900000	-0.016155
-3.866667	-0.016372
-3.833333	-0.016599
-3.800000	-0.016828
-3.766667	-0.017062
-3.733333	-0.017296
-3.700000	-0.017526
-3.666667	-0.017749
-3.633333	-0.017959
-3.600000	-0.018143
-3.566667	-0.018310
-3.533333	-0.018441
-3.500000	-0.018550
-3.466667	-0.018644
-3.433333	-0.018723
-3.400000	-0.018782
-3.366667	-0.018802
-3.333333	-0.018810
-3.300000	-0.018815
-3.266667	-0.018798
-3.233333	-0.018772
-3.200000	-0.018736
-3.166667	-0.018689
-3.133333	-0.018632
-3.100000	-0.018566
-3.066667	-0.018496
-3.033333	-0.018423
-3.000000	-0.018353
-2.966667	-0.018290
-2.933333	-0.018220
-2.900000	-0.018124
-2.866667	-0.018009
-2.833333	-0.017873
-2.800000	-0.017707
-2.766667	-0.017524
-2.733333	-0.017300
-2.700000	-0.017082
-2.666667	-0.016821
-2.633333	-0.016525
-2.600000	-0.016189
-2.566667	-0.015818
-2.533333	-0.015401
-2.500000	-0.014954
-2.466667	-0.014475
-2.433333	-0.013957
-2.400000	-0.013395
-2.366667	-0.012806
-2.333333	-0.012206
-2.300000	-0.011592
-2.266667	-0.010961
-2.233333	-0.010329
-2.200000	-0.009698
-2.166667	-0.009093
-2.133333	-0.008507
-2.100000	-0.007956
-2.066667	-0.007448
-2.033333	-0.006986
-2.000000	-0.006565
-1.966667	-0.006175
-1.933333	-0.005806
-1.900000	-0.005469
-1.866667	-0.005166
-1.833333	-0.004928
-1.800000	-0.004750
-1.766667	-0.004612
-1.733333	-0.004488
-1.700000	-0.004401
-1.666667	-0.004326
-1.633333	-0.004299
-1.600000	-0.004280
-1.566667	-0.004295
-1.533333	-0.004315
-1.500000	-0.004340
-1.466667	-0.004359
-1.433333	-0.004408
-1.400000	-0.004444
-1.366667	-0.004494
-1.333333	-0.004535
-1.300000	-0.004580
-1.266667	-0.004618
-1.233333	-0.004653
-1.200000	-0.004683
-1.166667	-0.004711
-1.133333	-0.004710
-1.100000	-0.004691
-1.066667	-0.004652
-1.033333	-0.004578
-1.000000	-0.004442
-0.966667	-0.004286
-0.933333	-0.004078
-0.900000	-0.003842
-0.866667	-0.003584
-0.833333	-0.003295
-0.800000	-0.002943
-0.766667	-0.002556
-0.733333	-0.002119
-0.700000	-0.001676
-0.666667	-0.001240
-0.633333	-0.000790
-0.600000	-0.000328
-0.566667	0.000113
-0.533333	0.000552
-0.500000	0.000956
-0.466667	0.001315
-0.433333	0.001609
-0.400000	0.001876
-0.366667	0.002073
-0.333333	0.002219
-0.300000	0.002309
-0.266667	0.002344
-0.233333	0.002326
-0.200000	0.002260
-0.166667	0.002153
-0.133333	0.002011
-0.100000	0.001839
-0.066667	0.001648
-0.033333	0.001445
-0.000000	0.001239
0.033333	0.001009
0.066667	0.000812
0.100000	0.000603
0.133333	0.000418
0.166667	0.000257
0.200000	0.000108
0.233333	-0.000043
0.266667	-0.000154
0.300000	-0.000275
0.333333	-0.000378
0.366667	-0.000480
0.400000	-0.000582
0.433333	-0.000688
0.466667	-0.000802
0.500000	-0.000919
0.533333	-0.001043
0.566667	-0.001174
0.600000	-0.001312
0.633333	-0.001459
0.666667	-0.001610
0.700000	-0.001776
0.733333	-0.001968
0.766667	-0.002157
0.800000	-0.002341
0.833333	-0.002527
0.866667	-0.002722
0.900000	-0.002900
0.933333	-0.003078
0.966667	-0.003250
1.000000	-0.003403
1.033333	-0.003538
1.066667	-0.003656
1.100000	-0.003767
1.133333	-0.003851
1.166667	-0.003930
1.200000	-0.004000
1.233333	-0.004052
1.266667	-0.004085
1.300000	-0.004120
1.333333	-0.004131
1.366667	-0.004138
1.400000	-0.004135
1.433333	-0.004124
1.466667	-0.004110
1.500000	-0.004090
1.533333	-0.004076
1.566667	-0.004065
1.600000	-0.004063
1.633333	-0.004075
1.666667	-0.004099
1.700000	-0.004142
1.733333	-0.004203
1.766667	-0.004254
1.800000	-0.004327
1.833333	-0.004423
1.866667	-0.004528
1.900000	-0.004642
1.933333	-0.004777
1.966667	-0.004911
2.000000	-0.005038
2.033333	-0.005177
2.066667	-0.005318
2.100000	-0.005444
2.133333	-0.005564
2.166667	-0.005679
2.200000	-0.005770
2.233333	-0.005843
2.266667	-0.005909
2.300000	-0.005937
2.333333	-0.005954
2.366667	-0.005948
2.400000	-0.005915
2.433333	-0.005865
2.466667	-0.005790
2.500000	-0.005696
2.533333	-0.005581
2.566667	-0.005444
2.600000	-0.005282
2.633333	-0.005099
2.666667	-0.004898
2.700000	-0.004674
2.733333	-0.004414
2.766667	-0.004142
2.800000	-0.003855
2.833333	-0.003542
2.866667	-0.003178
2.900000	-0.002840
2.933333	-0.002459
2.966667	-0.002070
3.000000	-0.001672
3.033333	-0.001277
3.066667	-0.000852
3.100000	-0.000405
3.133333	0.000022
3.166667	0.000437
3.200000	0.000863
3.233333	0.001257
3.266667	0.001611
3.300000	0.001954
3.333333	0.002282
3.366667	0.002586
3.400000	0.002863
3.433333	0.003095
3.466667	0.003302
3.500000	0.003480
3.533333	0.003631
3.566667	0.003758
3.600000	0.003860
3.633333	0.003935
3.666667	0.003992
3.700000	0.004036
3.733333	0.004063
3.766667	0.004056
3.800000	0.004059
3.833333	0.004064
3.866667	0.004067
3.900000	0.004026
3.933333	0.004005
3.966667	0.003959
4.000000	0.003934
4.033333	0.003924
4.066667	0.003914
4.100000	0.003887
4.133333	0.003842
4.166667	0.003816
4.200000	0.003795
4.233333	0.003769
4.266667	0.003757
4.300000	0.003778
4.333333	0.003831
4.366667	0.003879
4.400000	0.003947
4.433333	0.004033
4.466667	0.004140
4.500000	0.004266
4.533333	0.004419
4.566667	0.004575
4.600000	0.004752
4.633333	0.004942
4.666667	0.005141
4.700000	0.005342
4.733333	0.005539
4.766667	0.005734
4.800000	0.005927
4.833333	0.006097
4.866667	0.006224
4.900000	0.006341
4.933333	0.006422
4.966667	0.006487
5.000000	0.006529
5.033333	0.006540
5.066667	0.006502
5.100000	0.006438
5.133333	0.006359
5.166667	0.006267
5.200000	0.006143
5.233333	0.006009
5.266667	0.005863
5.300000	0.005709
5.333333	0.005544
5.366667	0.005372
5.400000	0.005198
5.433333	0.005030
5.466667	0.004857
5.500000	0.004696
5.533333	0.004547
5.566667	0.004397
5.600000	0.004267
5.633333	0.004138
5.666667	0.004012
5.700000	0.003889
5.733333	0.003769
5.766667	0.003656
5.800000	0.003553
5.833333	0.003457
5.866667	0.003372
5.900000	0.003320
5.933333	0.003269
5.966667	0.003243
6.000000	0.003235
6.033333	0.003248
6.066667	0.003269
6.100000	0.003316
6.133333	0.003388
6.166667	0.003475
6.200000	0.003593
6.233333	0.003715
6.266667	0.003858
6.300000	0.004014
6.333333	0.004201
6.366667	0.004384
6.400000	0.004590
6.433333	0.004814
6.466667	0.005035
6.500000	0.005274
6.533333	0.005511
6.566667	0.005743
6.600000	0.005963
6.633333	0.006176
6.666667	0.006392
6.700000	0.006618
6.733333	0.006827
6.766667	0.007021
6.800000	0.007210
6.833333	0.007392
6.866667	0.007552
6.900000	0.007691
6.933333	0.007807
6.966667	0.007900
7.000000	0.007963
7.033333	0.007997
7.066667	0.008001
7.100000	0.007974
7.133333	0.007907
7.166667	0.007817
7.200000	0.007695
7.233333	0.007526
7.266667	0.007336
7.300000	0.007118
7.333333	0.006887
7.366667	0.006596
7.400000	0.006313
7.433333	0.006007
7.466667	0.005663
7.500000	0.005319
7.533333	0.004968
7.566667	0.004592
7.600000	0.004226
7.633333	0.003865
7.666667	0.003513
7.700000	0.003157
7.733333	0.002778
7.766667	0.002420
7.800000	0.002071
7.833333	0.001728
7.866667	0.001387
7.900000	0.001064
7.933333	0.000751
7.966667	0.000455
8.000000	0.000191
8.033333	-0.000067
8.066667	-0.000291
8.100000	-0.000495
8.133333	-0.000673
8.166667	-0.000816
8.200000	-0.000943
8.233333	-0.001042
8.266667	-0.001117
8.300000	-0.001166
8.333333	-0.001197
8.366667	-0.001219
8.400000	-0.001219
8.433333	-0.001222
8.466667	-0.001221
8.500000	-0.001214
8.533333	-0.001237
8.566667	-0.001276
8.600000	-0.001329
8.633333	-0.001421
8.666667	-0.001550
8.700000	-0.001710
8.733333	-0.001913
8.766667	-0.002141
8.800000	-0.002401
8.833333	-0.002705
8.866667	-0.003031
8.900000	-0.003384
8.933333	-0.003770
8.966667	-0.004172
9.000000	-0.004583
9.033333	-0.005035
9.066667	-0.005478
9.100000	-0.005938
9.133333	-0.006401
9.166667	-0.006866
9.200000	-0.007328
9.233333	-0.007783
9.266667	-0.008228
9.300000	-0.008664
9.333333	-0.009084
9.366667	-0.009489
9.400000	-0.009885
9.433333	-0.010261
9.466667	-0.010620
9.500000	-0.010966
9.533333	-0.011293
9.566667	-0.011578
9.600000	-0.011856
9.633333	-0.012097
9.666667	-0.012307
9.700000	-0.012477
9.733333	-0.012616
9.766667	-0.012708
9.800000	-0.012757
9.833333	-0.012781
9.866667	-0.012757
9.900000	-0.012706
9.933333	-0.012613
9.966667	-0.012477
10.000000	-0.012309
10.033333	-0.012122
10.066667	-0.011896
10.100000	-0.011651
10.133333	-0.011386
10.166667	-0.011104
10.200000	-0.010810
10.233333	-0.010507
10.266667	-0.010197
10.300000	-0.009880
10.333333	-0.009557
10.366667	-0.009232
10.400000	-0.008902
10.433333	-0.008570
10.466667	-0.008236
10.500000	-0.007901
10.533333	-0.007565
10.566667	-0.007230
10.600000	-0.006898
10.633333	-0.006570
10.666667	-0.006244
10.700000	-0.005920
10.733333	-0.005599
10.766667	-0.005281
10.800000	-0.004968
10.833333	-0.004664
10.866667	-0.004368
10.900000	-0.004075
10.933333	-0.003784
10.966667	-0.003506
11.000000	-0.003244
11.033333	-0.002995
11.066667	-0.002758
11.100000	-0.002536
11.133333	-0.002329
11.166667	-0.002134
11.200000	-0.001952
11.233333	-0.001781
11.266667	-0.001619
11.300000	-0.001465
11.333333	-0.001317
11.366667	-0.001177
11.400000	-0.001046
11.433333	-0.000922
11.466667	-0.000806
11.500000	-0.000696
11.533333	-0.000594
11.566667	-0.000500
11.600000	-0.000414
11.633333	-0.000336
11.666667	-0.000266
11.700000	-0.000204
11.733333	-0.000151
11.766667	-0.000105
11.800000	-0.000068
11.833333	-0.000039
11.866667	-0.000017
11.900000	-0.000004
11.933333	0.000000
11.966667	-0.000003
