-88.000000	0.000006
-87.966667	0.000007
-87.933333	0.000006
-87.900000	0.000006
-87.866667	0.000005
-87.833333	0.000004
-87.800000	0.000003
-87.766667	0.000002
-87.733333	0.000000
-87.700000	-0.000001
-87.666667	-0.000003
-87.633333	-0.000004
-87.600000	-0.000006
-87.566667	-0.000008
-87.533333	-0.000009
-87.500000	-0.000010
-87.466667	-0.000011
-87.433333	-0.000011
-87.400000	-0.000011
-87.366667	-0.000011
-87.333333	-0.000010
-87.300000	-0.000009
-87.266667	-0.000007
-87.233333	-0.000005
-87.200000	-0.000003
-87.166667	-0.000000
-87.133333	0.000003
-87.100000	0.000005
-87.066667	0.000008
-87.033333	0.000010
-87.000000	0.000012
-86.966667	0.000014
-86.933333	0.000014
-86.900000	0.000014
-86.866667	0.000015
-86.833333	0.000013
-86.800000	0.000011
-86.766667	0.000007
-86.733333	0.000001
-86.700000	-0.000007
-86.666667	-0.000013
-86.633333	-0.000019
-86.600000	-0.000030
-86.566667	-0.000044
-86.533333	-0.000051
-86.500000	-0.000069
-86.466667	-0.000079
-86.433333	-0.000098
-86.400000	-0.000111
-86.366667	-0.000130
-86.333333	-0.000149
-86.300000	-0.000170
-86.266667	-0.000191
-86.233333	-0.000212
-86.200000	-0.000233
-86.166667	-0.000253
-86.133333	-0.000277
-86.100000	-0.000304
-86.066667	-0.000332
-86.033333	-0.000364
-86.000000	-0.000401
-85.966667	-0.000418
-85.933333	-0.000445
-85.900000	-0.000477
-85.866667	-0.000519
-85.833333	-0.000544
-85.800000	-0.000586
-85.766667	-0.000629
-85.733333	-0.000656
-85.700000	-0.000695
-85.666667	-0.000732
-85.633333	-0.000756
-85.600000	-0.000798
-85.566667	-0.000840
-85.533333	-0.000870
-85.500000	-0.000934
-85.466667	-0.000960
-85.433333	-0.000984
-85.400000	-0.001010
-85.366667	-0.001053
-85.333333	-0.001083
-85.300000	-0.001106
-85.266667	-0.001133
-85.233333	-0.001155
-85.200000	-0.001174
-85.166667	-0.001191
-85.133333	-0.001203
-85.100000	-0.001211
-85.066667	-0.001221
-85.033333	-0.001233
-85.000000	-0.001232
-84.966667	-0.001221
-84.933333	-0.001221
-84.900000	-0.001227
-84.866667	-0.001225
-84.833333	-0.001211
-84.800000	-0.001210
-84.766667	-0.001195
-84.733333	-0.001189
-84.700000	-0.001182
-84.666667	-0.001173
-84.633333	-0.001161
-84.600000	-0.001170
-84.566667	-0.001169
-84.533333	-0.001161
-84.500000	-0.001163
-84.466667	-0.001147
-84.433333	-0.001137
-84.400000	-0.001148
-84.366667	-0.001151
-84.333333	-0.001148
-84.300000	-0.001148
-84.266667	-0.001138
-84.233333	-0.001147
-84.200000	-0.001148
-84.166667	-0.001150
-84.133333	-0.001147
-84.100000	-0.001145
-84.066667	-0.001153
-84.033333	-0.001162
-84.000000	-0.001161
-83.966667	-0.001162
-83.933333	-0.001164
-83.900000	-0.001179
-83.866667	-0.001183
-83.833333	-0.001192
-83.800000	-0.001197
-83.766667	-0.001206
-83.733333	-0.001215
-83.700000	-0.001222
-83.666667	-0.001250
-83.633333	-0.001266
-83.600000	-0.001277
-83.566667	-0.001284
-83.533333	-0.001297
-83.500000	-0.001321
-83.466667	-0.001338
-83.433333	-0.001340
-83.400000	-0.001372
-83.366667	-0.001380
-83.333333	-0.001403
-83.300000	-0.001415
-83.266667	-0.001418
-83.233333	-0.001439
-83.200000	-0.001457
-83.166667	-0.001464
-83.133333	-0.001468
-83.100000	-0.001468
-83.066667	-0.001483
-83.033333	-0.001487
-83.000000	-0.001483
-82.966667	-0.001479
-82.933333	-0.001483
-82.900000	-0.001476
-82.866667	-0.001472
-82.833333	-0.001463
-82.800000	-0.001452
-82.766667	-0.001443
-82.733333	-0.001442
-82.700000	-0.001447
-82.666667	-0.001434
-82.633333	-0.001426
-82.600000	-0.001424
-82.566667	-0.001422
-82.533333	-0.001435
-82.500000	-0.001438
-82.466667	-0.001438
-82.433333	-0.001449
-82.400000	-0.001474
-82.366667	-0.001470
-82.333333	-0.001486
-82.300000	-0.001490
-82.266667	-0.001501
-82.233333	-0.001505
-82.200000	-0.001527
-82.166667	-0.001512
-82.133333	-0.001512
-82.100000	-0.001502
-82.066667	-0.001482
-82.033333	-0.001448
-82.000000	-0.001437
-81.966667	-0.001384
-81.933333	-0.001344
-81.900000	-0.001289
-81.866667	-0.001233
-81.833333	-0.001166
-81.800000	-0.001095
-81.766667	-0.001019
-81.733333	-0.000938
-81.700000	-0.000854
-81.666667	-0.000779
-81.633333	-0.000708
-81.600000	-0.000626
-81.566667	-0.000534
-81.533333	-0.000464
-81.500000	-0.000395
-81.466667	-0.000322
-81.433333	-0.000270
-81.400000	-0.000212
-81.366667	-0.000152
-81.333333	-0.000108
-81.300000	-0.000071
-81.266667	-0.000039
-81.233333	0.000003
-81.200000	0.000016
-81.166667	0.000043
-81.133333	0.000057
-81.100000	0.000066
-81.066667	0.000077
-81.033333	0.000071
-81.000000	0.000059
-80.966667	0.000072
-80.933333	0.000048
-80.900000	0.000031
-80.866667	0.000003
-80.833333	-0.000028
-80.800000	-0.000057
-80.766667	-0.000084
-80.733333	-0.000120
-80.700000	-0.000168
-80.666667	-0.000215
-80.633333	-0.000250
-80.600000	-0.000302
-80.566667	-0.000346
-80.533333	-0.000400
-80.500000	-0.000434
-80.466667	-0.000473
-80.433333	-0.000522
-80.400000	-0.000552
-80.366667	-0.000579
-80.333333	-0.000595
-80.300000	-0.000603
-80.266667	-0.000613
-80.233333	-0.000629
-80.200000	-0.000644
-80.166667	-0.000640
-80.133333	-0.000631
-80.100000	-0.000642
-80.066667	-0.000633
-80.033333	-0.000626
-80.000000	-0.000625
-79.966667	-0.000627
-79.933333	-0.000624
-79.900000	-0.000639
-79.866667	-0.000649
-79.833333	-0.000660
-79.800000	-0.000671
-79.766667	-0.000692
-79.733333	-0.000726
-79.700000	-0.000763
-79.666667	-0.000802
-79.633333	-0.000851
-79.600000	-0.000897
-79.566667	-0.000929
-79.533333	-0.000986
-79.500000	-0.001016
-79.466667	-0.001061
-79.433333	-0.001103
-79.400000	-0.001142
-79.366667	-0.001182
-79.333333	-0.001232
-79.300000	-0.001280
-79.266667	-0.001329
-79.233333	-0.001365
-79.200000	-0.001402
-79.166667	-0.001442
-79.133333	-0.001482
-79.100000	-0.001520
-79.066667	-0.001548
-79.033333	-0.001588
-79.000000	-0.001623
-78.966667	-0.001657
-78.933333	-0.001694
-78.900000	-0.001737
-78.866667	-0.001775
-78.833333	-0.001813
-78.800000	-0.001852
-78.766667	-0.001890
-78.733333	-0.001927
-78.700000	-0.001958
-78.666667	-0.001977
-78.633333	-0.001988
-78.600000	-0.002000
-78.566667	-0.002024
-78.533333	-0.002049
-78.500000	-0.002050
-78.466667	-0.002074
-78.433333	-0.002099
-78.400000	-0.002104
-78.366667	-0.002118
-78.333333	-0.002130
-78.300000	-0.002123
-78.266667	-0.002118
-78.233333	-0.002117
-78.200000	-0.002140
-78.166667	-0.002132
-78.133333	-0.002129
-78.100000	-0.002116
-78.066667	-0.002120
-78.033333	-0.002121
-78.000000	-0.002114
-77.966667	-0.002110
-77.933333	-0.002112
-77.900000	-0.002106
-77.866667	-0.002084
-77.833333	-0.002076
-77.800000	-0.002083
-77.766667	-0.002065
-77.733333	-0.002046
-77.700000	-0.002017
-77.666667	-0.002003
-77.633333	-0.001991
-77.600000	-0.001990
-77.566667	-0.001984
-77.533333	-0.001971
-77.500000	-0.001957
-77.466667	-0.001943
-77.433333	-0.001925
-77.400000	-0.001908
-77.366667	-0.001902
-77.333333	-0.001893
-77.300000	-0.001876
-77.266667	-0.001861
-77.233333	-0.001847
-77.200000	-0.001852
-77.166667	-0.001823
-77.133333	-0.001820
-77.100000	-0.001805
-77.066667	-0.001806
-77.033333	-0.001790
-77.000000	-0.001766
-76.966667	-0.001742
-76.933333	-0.001737
-76.900000	-0.001724
-76.866667	-0.001706
-76.833333	-0.001701
-76.800000	-0.001681
-76.766667	-0.001646
-76.733333	-0.001625
-76.700000	-0.001597
-76.666667	-0.001577
-76.633333	-0.001539
-76.600000	-0.001511
-76.566667	-0.001472
-76.533333	-0.001436
-76.500000	-0.001395
-76.466667	-0.001351
-76.433333	-0.001306
-76.400000	-0.001264
-76.366667	-0.001229
-76.333333	-0.001186
-76.300000	-0.001137
-76.266667	-0.001095
-76.233333	-0.001066
-76.200000	-0.001033
-76.166667	-0.000995
-76.133333	-0.000972
-76.100000	-0.000945
-76.066667	-0.000921
-76.033333	-0.000891
-76.000000	-0.000871
-75.966667	-0.000862
-75.933333	-0.000867
-75.900000	-0.000861
-75.866667	-0.000844
-75.833333	-0.000837
-75.800000	-0.000840
-75.766667	-0.000843
-75.733333	-0.000842
-75.700000	-0.000841
-75.666667	-0.000842
-75.633333	-0.000844
-75.600000	-0.000845
-75.566667	-0.000843
-75.533333	-0.000842
-75.500000	-0.000847
-75.466667	-0.000833
-75.433333	-0.000845
-75.400000	-0.000845
-75.366667	-0.000844
-75.333333	-0.000835
-75.300000	-0.000835
-75.266667	-0.000844
-75.233333	-0.000850
-75.200000	-0.000845
-75.166667	-0.000845
-75.133333	-0.000843
-75.100000	-0.000849
-75.066667	-0.000850
-75.033333	-0.000850
-75.000000	-0.000853
-74.966667	-0.000855
-74.933333	-0.000857
-74.900000	-0.000853
-74.866667	-0.000846
-74.833333	-0.000850
-74.800000	-0.000841
-74.766667	-0.000837
-74.733333	-0.000820
-74.700000	-0.000811
-74.666667	-0.000794
-74.633333	-0.000774
-74.600000	-0.000748
-74.566667	-0.000722
-74.533333	-0.000694
-74.500000	-0.000664
-74.466667	-0.000607
-74.433333	-0.000584
-74.400000	-0.000530
-74.366667	-0.000488
-74.333333	-0.000434
-74.300000	-0.000393
-74.266667	-0.000340
-74.233333	-0.000282
-74.200000	-0.000221
-74.166667	-0.000166
-74.133333	-0.000118
-74.100000	-0.000069
-74.066667	-0.000018
-74.033333	0.000027
-74.000000	0.000066
-73.966667	0.000109
-73.933333	0.000149
-73.900000	0.000187
-73.866667	0.000216
-73.833333	0.000240
-73.800000	0.000267
-73.766667	0.000296
-73.733333	0.000324
-73.700000	0.000339
-73.666667	0.000359
-73.633333	0.000374
-73.600000	0.000396
-73.566667	0.000422
-73.533333	0.000443
-73.500000	0.000467
-73.466667	0.000495
-73.433333	0.000514
-73.400000	0.000544
-73.366667	0.000574
-73.333333	0.000610
-73.300000	0.000637
-73.266667	0.000676
-73.233333	0.000709
-73.200000	0.000752
-73.166667	0.000778
-73.133333	0.000825
-73.100000	0.000857
-73.066667	0.000897
-73.033333	0.000937
-73.000000	0.000973
-72.966667	0.001012
-72.933333	0.001061
-72.900000	0.001096
-72.866667	0.001140
-72.833333	0.001188
-72.800000	0.001239
-72.766667	0.001289
-72.733333	0.001339
-72.700000	0.001396
-72.666667	0.001461
-72.633333	0.001536
-72.600000	0.001618
-72.566667	0.001706
-72.533333	0.001814
-72.500000	0.001915
-72.466667	0.002042
-72.433333	0.002177
-72.400000	0.002327
-72.366667	0.002480
-72.333333	0.002646
-72.300000	0.002816
-72.266667	0.002990
-72.233333	0.003177
-72.200000	0.003384
-72.166667	0.003573
-72.133333	0.003769
-72.100000	0.003932
-72.066667	0.004116
-72.033333	0.004278
-72.000000	0.004422
-71.966667	0.004546
-71.933333	0.004669
-71.900000	0.004756
-71.866667	0.004784
-71.833333	0.004824
-71.800000	0.004813
-71.766667	0.004761
-71.733333	0.004702
-71.700000	0.004591
-71.666667	0.004458
-71.633333	0.004287
-71.600000	0.004074
-71.566667	0.003817
-71.533333	0.003531
-71.500000	0.003191
-71.466667	0.002821
-71.433333	0.002397
-71.400000	0.001935
-71.366667	0.001428
-71.333333	0.000885
-71.300000	0.000301
-71.266667	-0.000312
-71.233333	-0.000941
-71.200000	-0.001588
-71.166667	-0.002283
-71.133333	-0.002986
-71.100000	-0.003686
-71.066667	-0.004364
-71.033333	-0.005032
-71.000000	-0.005658
-70.966667	-0.006229
-70.933333	-0.006739
-70.900000	-0.007199
-70.866667	-0.007577
-70.833333	-0.007803
-70.800000	-0.007979
-70.766667	-0.008042
-70.733333	-0.007989
-70.700000	-0.007862
-70.666667	-0.007628
-70.633333	-0.007315
-70.600000	-0.006913
-70.566667	-0.006449
-70.533333	-0.005905
-70.500000	-0.005324
-70.466667	-0.004719
-70.433333	-0.004094
-70.400000	-0.003461
-70.366667	-0.002845
-70.333333	-0.002264
-70.300000	-0.001724
-70.266667	-0.001224
-70.233333	-0.000769
-70.200000	-0.000374
-70.166667	-0.000031
-70.133333	0.000265
-70.100000	0.000508
-70.066667	0.000719
-70.033333	0.000901
-70.000000	0.001055
-69.966667	0.001177
-69.933333	0.001276
-69.900000	0.001368
-69.866667	0.001467
-69.833333	0.001558
-69.800000	0.001625
-69.766667	0.001709
-69.733333	0.001806
-69.700000	0.001890
-69.666667	0.001988
-69.633333	0.002097
-69.600000	0.002215
-69.566667	0.002320
-69.533333	0.002416
-69.500000	0.002517
-69.466667	0.002599
-69.433333	0.002674
-69.400000	0.002739
-69.366667	0.002794
-69.333333	0.002840
-69.300000	0.002887
-69.266667	0.002941
-69.233333	0.003002
-69.200000	0.003068
-69.166667	0.003144
-69.133333	0.003218
-69.100000	0.003304
-69.066667	0.003404
-69.033333	0.003508
-69.000000	0.003616
-68.966667	0.003730
-68.933333	0.003857
-68.900000	0.003998
-68.866667	0.004143
-68.833333	0.004285
-68.800000	0.004430
-68.766667	0.004589
-68.733333	0.004733
-68.700000	0.004856
-68.666667	0.004989
-68.633333	0.005109
-68.600000	0.005221
-68.566667	0.005315
-68.533333	0.005398
-68.500000	0.005494
-68.466667	0.005566
-68.433333	0.005642
-68.400000	0.005714
-68.366667	0.005782
-68.333333	0.005839
-68.300000	0.005892
-68.266667	0.005948
-68.233333	0.005997
-68.200000	0.006059
-68.166667	0.006115
-68.133333	0.006156
-68.100000	0.006184
-68.066667	0.006227
-68.033333	0.006279
-68.000000	0.006310
-67.966667	0.006363
-67.933333	0.006402
-67.900000	0.006443
-67.866667	0.006497
-67.833333	0.006534
-67.800000	0.006599
-67.766667	0.006663
-67.733333	0.006740
-67.700000	0.006827
-67.666667	0.006930
-67.633333	0.007044
-67.600000	0.007175
-67.566667	0.007323
-67.533333	0.007480
-67.500000	0.007639
-67.466667	0.007804
-67.433333	0.007968
-67.400000	0.008124
-67.366667	0.008267
-67.333333	0.008396
-67.300000	0.008498
-67.266667	0.008574
-67.233333	0.008584
-67.200000	0.008551
-67.166667	0.008446
-67.133333	0.008283
-67.100000	0.008048
-67.066667	0.007746
-67.033333	0.007345
-67.000000	0.006867
-66.966667	0.006356
-66.933333	0.005754
-66.900000	0.005101
-66.866667	0.004400
-66.833333	0.003634
-66.800000	0.002858
-66.766667	0.002044
-66.733333	0.001224
-66.700000	0.000404
-66.666667	-0.000404
-66.633333	-0.001185
-66.600000	-0.001926
-66.566667	-0.002615
-66.533333	-0.003246
-66.500000	-0.003807
-66.466667	-0.004290
-66.433333	-0.004678
-66.400000	-0.004975
-66.366667	-0.005184
-66.333333	-0.005300
-66.300000	-0.005329
-66.266667	-0.005278
-66.233333	-0.005153
-66.200000	-0.004928
-66.166667	-0.004647
-66.133333	-0.004301
-66.100000	-0.003918
-66.066667	-0.003479
-66.033333	-0.002990
-66.000000	-0.002458
-65.966667	-0.001885
-65.933333	-0.001306
-65.900000	-0.000702
-65.866667	-0.000072
-65.833333	0.000572
-65.800000	0.001239
-65.766667	0.001922
-65.733333	0.002618
-65.700000	0.003336
-65.666667	0.004101
-65.633333	0.004876
-65.600000	0.005720
-65.566667	0.006621
-65.533333	0.007598
-65.500000	0.008663
-65.466667	0.009840
-65.433333	0.011186
-65.400000	0.012697
-65.366667	0.014412
-65.333333	0.016363
-65.300000	0.018581
-65.266667	0.021111
-65.233333	0.023955
-65.200000	0.027193
-65.166667	0.030839
-65.133333	0.034961
-65.100000	0.039583
-65.066667	0.044744
-65.033333	0.050474
-65.000000	0.056803
-64.966667	0.063757
-64.933333	0.071308
-64.900000	0.079468
-64.866667	0.088202
-64.833333	0.097488
-64.800000	0.107302
-64.766667	0.117601
-64.733333	0.128343
-64.700000	0.139497
-64.666667	0.151022
-64.633333	0.162848
-64.600000	0.174982
-64.566667	0.187322
-64.533333	0.199818
-64.500000	0.212359
-64.466667	0.224854
-64.433333	0.237220
-64.400000	0.249293
-64.366667	0.260948
-64.333333	0.272016
-64.300000	0.282331
-64.266667	0.291695
-64.233333	0.299874
-64.200000	0.306681
-64.166667	0.311792
-64.133333	0.314874
-64.100000	0.315526
-64.066667	0.313296
-64.033333	0.307665
-64.000000	0.298055
-63.966667	0.283840
-63.933333	0.264365
-63.900000	0.239015
-63.866667	0.207223
-63.833333	0.168523
-63.800000	0.122548
-63.766667	0.069153
-63.733333	0.008455
-63.700000	-0.059210
-63.666667	-0.133235
-63.633333	-0.212753
-63.600000	-0.296633
-63.566667	-0.383489
-63.533333	-0.471691
-63.500000	-0.559488
-63.466667	-0.645049
-63.433333	-0.726411
-63.400000	-0.801683
-63.366667	-0.869030
-63.333333	-0.926834
-63.300000	-0.973638
-63.266667	-1.008239
-63.233333	-1.029728
-63.200000	-1.037513
-63.166667	-1.031395
-63.133333	-1.011558
-63.100000	-0.978567
-63.066667	-0.933294
-63.033333	-0.876964
-63.000000	-0.811096
-62.966667	-0.737359
-62.933333	-0.657654
-62.900000	-0.573875
-62.866667	-0.487938
-62.833333	-0.401690
-62.800000	-0.316864
-62.766667	-0.234931
-62.733333	-0.157148
-62.700000	-0.084596
-62.666667	-0.018090
-62.633333	0.041812
-62.600000	0.094807
-62.566667	0.140837
-62.533333	0.179967
-62.500000	0.212397
-62.466667	0.238456
-62.433333	0.258630
-62.400000	0.273367
-62.366667	0.283158
-62.333333	0.288497
-62.300000	0.289927
-62.266667	0.287963
-62.233333	0.283147
-62.200000	0.275910
-62.166667	0.266727
-62.133333	0.255974
-62.100000	0.244063
-62.066667	0.231402
-62.033333	0.218296
-62.000000	0.205041
-61.966667	0.191940
-61.933333	0.179193
-61.900000	0.167059
-61.866667	0.155720
-61.833333	0.145291
-61.800000	0.135882
-61.766667	0.127585
-61.733333	0.120435
-61.700000	0.114380
-61.666667	0.109375
-61.633333	0.105371
-61.600000	0.102312
-61.566667	0.100127
-61.533333	0.098702
-61.500000	0.097960
-61.466667	0.097812
-61.433333	0.098175
-61.400000	0.098969
-61.366667	0.100168
-61.333333	0.101696
-61.300000	0.103540
-61.266667	0.105693
-61.233333	0.108167
-61.200000	0.110922
-61.166667	0.114004
-61.133333	0.117361
-61.100000	0.121020
-61.066667	0.124978
-61.033333	0.129135
-61.000000	0.133477
-60.966667	0.137920
-60.933333	0.142384
-60.900000	0.146756
-60.866667	0.150920
-60.833333	0.154730
-60.800000	0.158075
-60.766667	0.160808
-60.733333	0.162801
-60.700000	0.163937
-60.666667	0.164165
-60.633333	0.163435
-60.600000	0.161736
-60.566667	0.159065
-60.533333	0.155448
-60.500000	0.150946
-60.466667	0.145644
-60.433333	0.139654
-60.400000	0.133126
-60.366667	0.126232
-60.333333	0.119113
-60.300000	0.111970
-60.266667	0.104959
-60.233333	0.098231
-60.200000	0.091931
-60.166667	0.086183
-60.133333	0.081063
-60.100000	0.076642
-60.066667	0.072940
-60.033333	0.069917
-60.000000	0.067592
-59.966667	0.065862
-59.933333	0.064634
-59.900000	0.063796
-59.866667	0.063248
-59.833333	0.062857
-59.800000	0.062498
-59.766667	0.062058
-59.733333	0.061431
-59.700000	0.060530
-59.666667	0.059263
-59.633333	0.057627
-59.600000	0.055527
-59.566667	0.052981
-59.533333	0.049970
-59.500000	0.046527
-59.466667	0.042697
-59.433333	0.038530
-59.400000	0.034100
-59.366667	0.029477
-59.333333	0.024747
-59.300000	0.019972
-59.266667	0.015229
-59.233333	0.010570
-59.200000	0.006028
-59.166667	0.001622
-59.133333	-0.002663
-59.100000	-0.006813
-59.066667	-0.010833
-59.033333	-0.014727
-59.000000	-0.018502
-58.966667	-0.022176
-58.933333	-0.025754
-58.900000	-0.029219
-58.866667	-0.032565
-58.833333	-0.035754
-58.800000	-0.038794
-58.766667	-0.041620
-58.733333	-0.044214
-58.700000	-0.046537
-58.666667	-0.048545
-58.633333	-0.050177
-58.600000	-0.051462
-58.566667	-0.052328
-58.533333	-0.052793
-58.500000	-0.052844
-58.466667	-0.052478
-58.433333	-0.051732
-58.400000	-0.050623
-58.366667	-0.049138
-58.333333	-0.047339
-58.300000	-0.045263
-58.266667	-0.042965
-58.233333	-0.040523
-58.200000	-0.038005
-58.166667	-0.035474
-58.133333	-0.033001
-58.100000	-0.030629
-58.066667	-0.028424
-58.033333	-0.026427
-58.000000	-0.024670
-57.966667	-0.023159
-57.933333	-0.021900
-57.900000	-0.020902
-57.866667	-0.020163
-57.833333	-0.019650
-57.800000	-0.019379
-57.766667	-0.019295
-57.733333	-0.019414
-57.700000	-0.019699
-57.666667	-0.020131
-57.633333	-0.020694
-57.600000	-0.021354
-57.566667	-0.022036
-57.533333	-0.022731
-57.500000	-0.023396
-57.466667	-0.023999
-57.433333	-0.024529
-57.400000	-0.024948
-57.366667	-0.025225
-57.333333	-0.025397
-57.300000	-0.025436
-57.266667	-0.025355
-57.233333	-0.025169
-57.200000	-0.024915
-57.166667	-0.024566
-57.133333	-0.024164
-57.100000	-0.023703
-57.066667	-0.023194
-57.033333	-0.022624
-57.000000	-0.021994
-56.966667	-0.021291
-56.933333	-0.020561
-56.900000	-0.019755
-56.866667	-0.018928
-56.833333	-0.018060
-56.800000	-0.017167
-56.766667	-0.016253
-56.733333	-0.015327
-56.700000	-0.014385
-56.666667	-0.013432
-56.633333	-0.012463
-56.600000	-0.011447
-56.566667	-0.010374
-56.533333	-0.009294
-56.500000	-0.008193
-56.466667	-0.007096
-56.433333	-0.006005
-56.400000	-0.004921
-56.366667	-0.003847
-56.333333	-0.002780
-56.300000	-0.001752
-56.266667	-0.000787
-56.233333	0.000083
-56.200000	0.000835
-56.166667	0.001481
-56.133333	0.001967
-56.100000	0.002308
-56.066667	0.002475
-56.033333	0.002486
-56.000000	0.002320
-55.966667	0.001978
-55.933333	0.001469
-55.900000	0.000839
-55.866667	0.000044
-55.833333	-0.000853
-55.800000	-0.001846
-55.766667	-0.002927
-55.733333	-0.004104
-55.700000	-0.005368
-55.666667	-0.006687
-55.633333	-0.008050
-55.600000	-0.009462
-55.566667	-0.010927
-55.533333	-0.012432
-55.500000	-0.013960
-55.466667	-0.015487
-55.433333	-0.016996
-55.400000	-0.018476
-55.366667	-0.019921
-55.333333	-0.021328
-55.300000	-0.022715
-55.266667	-0.024065
-55.233333	-0.025360
-55.200000	-0.026621
-55.166667	-0.027802
-55.133333	-0.028920
-55.100000	-0.029954
-55.066667	-0.030889
-55.033333	-0.031692
-55.000000	-0.032373
-54.966667	-0.032905
-54.933333	-0.033267
-54.900000	-0.033458
-54.866667	-0.033470
-54.833333	-0.033302
-54.800000	-0.032963
-54.766667	-0.032470
-54.733333	-0.031818
-54.700000	-0.030989
-54.666667	-0.029984
-54.633333	-0.028826
-54.600000	-0.027519
-54.566667	-0.026062
-54.533333	-0.024478
-54.500000	-0.022791
-54.466667	-0.021017
-54.433333	-0.019195
-54.400000	-0.017369
-54.366667	-0.015566
-54.333333	-0.013811
-54.300000	-0.012153
-54.266667	-0.010654
-54.233333	-0.009314
-54.200000	-0.008171
-54.166667	-0.007290
-54.133333	-0.006654
-54.100000	-0.006279
-54.066667	-0.006175
-54.033333	-0.006330
-54.000000	-0.006738
-53.966667	-0.007380
-53.933333	-0.008232
-53.900000	-0.009257
-53.866667	-0.010414
-53.833333	-0.011671
-53.800000	-0.012976
-53.766667	-0.014277
-53.733333	-0.015527
-53.700000	-0.016712
-53.666667	-0.017791
-53.633333	-0.018731
-53.600000	-0.019498
-53.566667	-0.020078
-53.533333	-0.020454
-53.500000	-0.020605
-53.466667	-0.020548
-53.433333	-0.020310
-53.400000	-0.019921
-53.366667	-0.019399
-53.333333	-0.018767
-53.300000	-0.018070
-53.266667	-0.017345
-53.233333	-0.016566
-53.200000	-0.015800
-53.166667	-0.015073
-53.133333	-0.014313
-53.100000	-0.013585
-53.066667	-0.012874
-53.033333	-0.012176
-53.000000	-0.011491
-52.966667	-0.010813
-52.933333	-0.010144
-52.900000	-0.009476
-52.866667	-0.008804
-52.833333	-0.008134
-52.800000	-0.007447
-52.766667	-0.006753
-52.733333	-0.006050
-52.700000	-0.005343
-52.666667	-0.004614
-52.633333	-0.003877
-52.600000	-0.003128
-52.566667	-0.002379
-52.533333	-0.001645
-52.500000	-0.000950
-52.466667	-0.000333
-52.433333	0.000191
-52.400000	0.000607
-52.366667	0.000910
-52.333333	0.001105
-52.300000	0.001148
-52.266667	0.001060
-52.233333	0.000845
-52.200000	0.000488
-52.166667	0.000008
-52.133333	-0.000594
-52.100000	-0.001314
-52.066667	-0.002147
-52.033333	-0.003080
-52.000000	-0.004100
-51.966667	-0.005196
-51.933333	-0.006351
-51.900000	-0.007516
-51.866667	-0.008638
-51.833333	-0.009667
-51.800000	-0.010552
-51.766667	-0.011252
-51.733333	-0.011732
-51.700000	-0.011967
-51.666667	-0.011930
-51.633333	-0.011640
-51.600000	-0.011069
-51.566667	-0.010237
-51.533333	-0.009192
-51.500000	-0.007931
-51.466667	-0.006504
-51.433333	-0.004968
-51.400000	-0.003330
-51.366667	-0.001651
-51.333333	0.000003
-51.300000	0.001565
-51.266667	0.003018
-51.233333	0.004314
-51.200000	0.005418
-51.166667	0.006320
-51.133333	0.007024
-51.100000	0.007523
-51.066667	0.007838
-51.033333	0.007986
-51.000000	0.007999
-50.966667	0.007923
-50.933333	0.007818
-50.900000	0.007742
-50.866667	0.007716
-50.833333	0.007790
-50.800000	0.007969
-50.766667	0.008257
-50.733333	0.008618
-50.700000	0.009035
-50.666667	0.009492
-50.633333	0.009938
-50.600000	0.010355
-50.566667	0.010691
-50.533333	0.010917
-50.500000	0.011044
-50.466667	0.011013
-50.433333	0.010827
-50.400000	0.010494
-50.366667	0.009941
-50.333333	0.009200
-50.300000	0.008270
-50.266667	0.007168
-50.233333	0.005920
-50.200000	0.004555
-50.166667	0.003131
-50.133333	0.001690
-50.100000	0.000276
-50.066667	-0.001059
-50.033333	-0.002274
-50.000000	-0.003330
-49.966667	-0.004194
-49.933333	-0.004848
-49.900000	-0.005302
-49.866667	-0.005550
-49.833333	-0.005586
-49.800000	-0.005460
-49.766667	-0.005201
-49.733333	-0.004847
-49.700000	-0.004408
-49.666667	-0.003911
-49.633333	-0.003395
-49.600000	-0.002885
-49.566667	-0.002393
-49.533333	-0.001941
-49.500000	-0.001537
-49.466667	-0.001172
-49.433333	-0.000835
-49.400000	-0.000524
-49.366667	-0.000237
-49.333333	0.000061
-49.300000	0.000349
-49.266667	0.000649
-49.233333	0.000994
-49.200000	0.001407
-49.166667	0.001914
-49.133333	0.002534
-49.100000	0.003276
-49.066667	0.004121
-49.033333	0.005057
-49.000000	0.006067
-48.966667	0.007105
-48.933333	0.008161
-48.900000	0.009201
-48.866667	0.010208
-48.833333	0.011105
-48.800000	0.011881
-48.766667	0.012495
-48.733333	0.012924
-48.700000	0.013130
-48.666667	0.013075
-48.633333	0.012752
-48.600000	0.012133
-48.566667	0.011222
-48.533333	0.010031
-48.500000	0.008595
-48.466667	0.006952
-48.433333	0.005139
-48.400000	0.003202
-48.366667	0.001188
-48.333333	-0.000851
-48.300000	-0.002852
-48.266667	-0.004755
-48.233333	-0.006497
-48.200000	-0.008029
-48.166667	-0.009308
-48.133333	-0.010308
-48.100000	-0.011017
-48.066667	-0.011428
-48.033333	-0.011553
-48.000000	-0.011442
-47.966667	-0.011133
-47.933333	-0.010626
-47.900000	-0.010034
-47.866667	-0.009354
-47.833333	-0.008663
-47.800000	-0.007973
-47.766667	-0.007340
-47.733333	-0.006786
-47.700000	-0.006345
-47.666667	-0.006010
-47.633333	-0.005771
-47.600000	-0.005635
-47.566667	-0.005568
-47.533333	-0.005539
-47.500000	-0.005515
-47.466667	-0.005463
-47.433333	-0.005373
-47.400000	-0.005183
-47.366667	-0.004879
-47.333333	-0.004451
-47.300000	-0.003897
-47.266667	-0.003227
-47.233333	-0.002446
-47.200000	-0.001568
-47.166667	-0.000620
-47.133333	0.000354
-47.100000	0.001306
-47.066667	0.002169
-47.033333	0.002865
-47.000000	0.003326
-46.966667	0.003515
-46.933333	0.003403
-46.900000	0.002937
-46.866667	0.002172
-46.833333	0.001076
-46.800000	-0.000309
-46.766667	-0.001940
-46.733333	-0.003764
-46.700000	-0.005714
-46.666667	-0.007705
-46.633333	-0.009674
-46.600000	-0.011545
-46.566667	-0.013257
-46.533333	-0.014746
-46.500000	-0.015979
-46.466667	-0.016936
-46.433333	-0.017604
-46.400000	-0.017940
-46.366667	-0.017980
-46.333333	-0.017738
-46.300000	-0.017237
-46.266667	-0.016521
-46.233333	-0.015622
-46.200000	-0.014590
-46.166667	-0.013487
-46.133333	-0.012382
-46.100000	-0.011308
-46.066667	-0.010342
-46.033333	-0.009516
-46.000000	-0.008850
-45.966667	-0.008383
-45.933333	-0.008098
-45.900000	-0.008000
-45.866667	-0.008062
-45.833333	-0.008261
-45.800000	-0.008567
-45.766667	-0.008921
-45.733333	-0.009307
-45.700000	-0.009676
-45.666667	-0.009987
-45.633333	-0.010205
-45.600000	-0.010296
-45.566667	-0.010253
-45.533333	-0.010074
-45.500000	-0.009767
-45.466667	-0.009325
-45.433333	-0.008758
-45.400000	-0.008092
-45.366667	-0.007361
-45.333333	-0.006603
-45.300000	-0.005856
-45.266667	-0.005148
-45.233333	-0.004554
-45.200000	-0.004086
-45.166667	-0.003775
-45.133333	-0.003610
-45.100000	-0.003588
-45.066667	-0.003757
-45.033333	-0.004093
-45.000000	-0.004592
-44.966667	-0.005249
-44.933333	-0.006016
-44.900000	-0.006874
-44.866667	-0.007788
-44.833333	-0.008723
-44.800000	-0.009638
-44.766667	-0.010483
-44.733333	-0.011249
-44.700000	-0.011877
-44.666667	-0.012341
-44.633333	-0.012624
-44.600000	-0.012738
-44.566667	-0.012695
-44.533333	-0.012493
-44.500000	-0.012138
-44.466667	-0.011649
-44.433333	-0.011065
-44.400000	-0.010417
-44.366667	-0.009730
-44.333333	-0.009024
-44.300000	-0.008335
-44.266667	-0.007676
-44.233333	-0.007084
-44.200000	-0.006521
-44.166667	-0.006003
-44.133333	-0.005506
-44.100000	-0.005048
-44.066667	-0.004629
-44.033333	-0.004214
-44.000000	-0.003771
-43.966667	-0.003306
-43.933333	-0.002799
-43.900000	-0.002245
-43.866667	-0.001614
-43.833333	-0.000886
-43.800000	-0.000054
-43.766667	0.000876
-43.733333	0.001886
-43.700000	0.002948
-43.666667	0.004026
-43.633333	0.005081
-43.600000	0.006087
-43.566667	0.007023
-43.533333	0.007844
-43.500000	0.008500
-43.466667	0.008984
-43.433333	0.009279
-43.400000	0.009374
-43.366667	0.009255
-43.333333	0.008898
-43.300000	0.008313
-43.266667	0.007511
-43.233333	0.006487
-43.200000	0.005288
-43.166667	0.003949
-43.133333	0.002509
-43.100000	0.001015
-43.066667	-0.000504
-43.033333	-0.002008
-43.000000	-0.003474
-42.966667	-0.004890
-42.933333	-0.006212
-42.900000	-0.007421
-42.866667	-0.008487
-42.833333	-0.009417
-42.800000	-0.010217
-42.766667	-0.010882
-42.733333	-0.011427
-42.700000	-0.011858
-42.666667	-0.012195
-42.633333	-0.012439
-42.600000	-0.012584
-42.566667	-0.012645
-42.533333	-0.012631
-42.500000	-0.012526
-42.466667	-0.012317
-42.433333	-0.012012
-42.400000	-0.011605
-42.366667	-0.011105
-42.333333	-0.010524
-42.300000	-0.009858
-42.266667	-0.009148
-42.233333	-0.008408
-42.200000	-0.007648
-42.166667	-0.006869
-42.133333	-0.006123
-42.100000	-0.005406
-42.066667	-0.004773
-42.033333	-0.004231
-42.000000	-0.003783
-41.966667	-0.003437
-41.933333	-0.003194
-41.900000	-0.003058
-41.866667	-0.003033
-41.833333	-0.003117
-41.800000	-0.003305
-41.766667	-0.003586
-41.733333	-0.003952
-41.700000	-0.004401
-41.666667	-0.004948
-41.633333	-0.005568
-41.600000	-0.006226
-41.566667	-0.006916
-41.533333	-0.007630
-41.500000	-0.008346
-41.466667	-0.009049
-41.433333	-0.009724
-41.400000	-0.010366
-41.366667	-0.010987
-41.333333	-0.011576
-41.300000	-0.012146
-41.266667	-0.012718
-41.233333	-0.013276
-41.200000	-0.013777
-41.166667	-0.014228
-41.133333	-0.014667
-41.100000	-0.015055
-41.066667	-0.015375
-41.033333	-0.015638
-41.000000	-0.015800
-40.966667	-0.015877
-40.933333	-0.015869
-40.900000	-0.015781
-40.866667	-0.015623
-40.833333	-0.015398
-40.800000	-0.015106
-40.766667	-0.014749
-40.733333	-0.014340
-40.700000	-0.013895
-40.666667	-0.013414
-40.633333	-0.012902
-40.600000	-0.012334
-40.566667	-0.011737
-40.533333	-0.011123
-40.500000	-0.010498
-40.466667	-0.009855
-40.433333	-0.009234
-40.400000	-0.008619
-40.366667	-0.007993
-40.333333	-0.007367
-40.300000	-0.006752
-40.266667	-0.006153
-40.233333	-0.005559
-40.200000	-0.004988
-40.166667	-0.004467
-40.133333	-0.003989
-40.100000	-0.003548
-40.066667	-0.003146
-40.033333	-0.002817
-40.000000	-0.002532
-39.966667	-0.002336
-39.933333	-0.002208
-39.900000	-0.002171
-39.866667	-0.002216
-39.833333	-0.002340
-39.800000	-0.002538
-39.766667	-0.002811
-39.733333	-0.003154
-39.700000	-0.003557
-39.666667	-0.004013
-39.633333	-0.004536
-39.600000	-0.005112
-39.566667	-0.005730
-39.533333	-0.006385
-39.500000	-0.007054
-39.466667	-0.007738
-39.433333	-0.008448
-39.400000	-0.009142
-39.366667	-0.009829
-39.333333	-0.010530
-39.300000	-0.011230
-39.266667	-0.011932
-39.233333	-0.012630
-39.200000	-0.013318
-39.166667	-0.013968
-39.133333	-0.014579
-39.100000	-0.015130
-39.066667	-0.015616
-39.033333	-0.016013
-39.000000	-0.016305
-38.966667	-0.016473
-38.933333	-0.016501
-38.900000	-0.016369
-38.866667	-0.016060
-38.833333	-0.015566
-38.800000	-0.014887
-38.766667	-0.014016
-38.733333	-0.012976
-38.700000	-0.011752
-38.666667	-0.010364
-38.633333	-0.008829
-38.600000	-0.007170
-38.566667	-0.005374
-38.533333	-0.003514
-38.500000	-0.001603
-38.466667	0.000326
-38.433333	0.002206
-38.400000	0.004046
-38.366667	0.005799
-38.333333	0.007442
-38.300000	0.008957
-38.266667	0.010329
-38.233333	0.011539
-38.200000	0.012575
-38.166667	0.013436
-38.133333	0.014116
-38.100000	0.014606
-38.066667	0.014896
-38.033333	0.015021
-38.000000	0.014973
-37.966667	0.014752
-37.933333	0.014352
-37.900000	0.013792
-37.866667	0.013053
-37.833333	0.012157
-37.800000	0.011118
-37.766667	0.009958
-37.733333	0.008676
-37.700000	0.007314
-37.666667	0.005868
-37.633333	0.004372
-37.600000	0.002823
-37.566667	0.001283
-37.533333	-0.000266
-37.500000	-0.001768
-37.466667	-0.003206
-37.433333	-0.004569
-37.400000	-0.005776
-37.366667	-0.006839
-37.333333	-0.007729
-37.300000	-0.008402
-37.266667	-0.008851
-37.233333	-0.009064
-37.200000	-0.009025
-37.166667	-0.008739
-37.133333	-0.008212
-37.100000	-0.007456
-37.066667	-0.006480
-37.033333	-0.005288
-37.000000	-0.003925
-36.966667	-0.002422
-36.933333	-0.000827
-36.900000	0.000822
-36.866667	0.002484
-36.833333	0.004123
-36.800000	0.005719
-36.766667	0.007211
-36.733333	0.008592
-36.700000	0.009809
-36.666667	0.010862
-36.633333	0.011740
-36.600000	0.012442
-36.566667	0.012993
-36.533333	0.013367
-36.500000	0.013593
-36.466667	0.013680
-36.433333	0.013651
-36.400000	0.013522
-36.366667	0.013307
-36.333333	0.013027
-36.300000	0.012710
-36.266667	0.012350
-36.233333	0.011980
-36.200000	0.011635
-36.166667	0.011328
-36.133333	0.011072
-36.100000	0.010871
-36.066667	0.010717
-36.033333	0.010607
-36.000000	0.010542
-35.966667	0.010501
-35.933333	0.010468
-35.900000	0.010422
-35.866667	0.010352
-35.833333	0.010241
-35.800000	0.010084
-35.766667	0.009861
-35.733333	0.009598
-35.700000	0.009280
-35.666667	0.008959
-35.633333	0.008597
-35.600000	0.008229
-35.566667	0.007858
-35.533333	0.007529
-35.500000	0.007266
-35.466667	0.007075
-35.433333	0.006977
-35.400000	0.006999
-35.366667	0.007149
-35.333333	0.007413
-35.300000	0.007779
-35.266667	0.008230
-35.233333	0.008757
-35.200000	0.009348
-35.166667	0.009974
-35.133333	0.010602
-35.100000	0.011202
-35.066667	0.011737
-35.033333	0.012214
-35.000000	0.012601
-34.966667	0.012878
-34.933333	0.013020
-34.900000	0.013020
-34.866667	0.012866
-34.833333	0.012559
-34.800000	0.012121
-34.766667	0.011571
-34.733333	0.010938
-34.700000	0.010246
-34.666667	0.009518
-34.633333	0.008768
-34.600000	0.008067
-34.566667	0.007429
-34.533333	0.006890
-34.500000	0.006435
-34.466667	0.006062
-34.433333	0.005759
-34.400000	0.005538
-34.366667	0.005354
-34.333333	0.005175
-34.300000	0.004984
-34.266667	0.004767
-34.233333	0.004515
-34.200000	0.004227
-34.166667	0.003885
-34.133333	0.003463
-34.100000	0.002944
-34.066667	0.002315
-34.033333	0.001581
-34.000000	0.000724
-33.966667	-0.000240
-33.933333	-0.001308
-33.900000	-0.002461
-33.866667	-0.003664
-33.833333	-0.004894
-33.800000	-0.006134
-33.766667	-0.007355
-33.733333	-0.008518
-33.700000	-0.009592
-33.666667	-0.010556
-33.633333	-0.011387
-33.600000	-0.012074
-33.566667	-0.012631
-33.533333	-0.013052
-33.500000	-0.013328
-33.466667	-0.013471
-33.433333	-0.013503
-33.400000	-0.013387
-33.366667	-0.013170
-33.333333	-0.012847
-33.300000	-0.012427
-33.266667	-0.011913
-33.233333	-0.011327
-33.200000	-0.010708
-33.166667	-0.010033
-33.133333	-0.009343
-33.100000	-0.008670
-33.066667	-0.008031
-33.033333	-0.007417
-33.000000	-0.006868
-32.966667	-0.006377
-32.933333	-0.005936
-32.900000	-0.005548
-32.866667	-0.005226
-32.833333	-0.004980
-32.800000	-0.004797
-32.766667	-0.004669
-32.733333	-0.004609
-32.700000	-0.004572
-32.666667	-0.004596
-32.633333	-0.004648
-32.600000	-0.004739
-32.566667	-0.004873
-32.533333	-0.005049
-32.500000	-0.005258
-32.466667	-0.005488
-32.433333	-0.005739
-32.400000	-0.006002
-32.366667	-0.006292
-32.333333	-0.006578
-32.300000	-0.006868
-32.266667	-0.007159
-32.233333	-0.007454
-32.200000	-0.007732
-32.166667	-0.007953
-32.133333	-0.008157
-32.100000	-0.008320
-32.066667	-0.008410
-32.033333	-0.008401
-32.000000	-0.008302
-31.966667	-0.008067
-31.933333	-0.007695
-31.900000	-0.007180
-31.866667	-0.006492
-31.833333	-0.005652
-31.800000	-0.004643
-31.766667	-0.003464
-31.733333	-0.002152
-31.700000	-0.000684
-31.666667	0.000868
-31.633333	0.002523
-31.600000	0.004237
-31.566667	0.005991
-31.533333	0.007753
-31.500000	0.009508
-31.466667	0.011222
-31.433333	0.012851
-31.400000	0.014393
-31.366667	0.015829
-31.333333	0.017130
-31.300000	0.018272
-31.266667	0.019252
-31.233333	0.020071
-31.200000	0.020731
-31.166667	0.021231
-31.133333	0.021577
-31.100000	0.021781
-31.066667	0.021854
-31.033333	0.021798
-31.000000	0.021621
-30.966667	0.021332
-30.933333	0.020947
-30.900000	0.020486
-30.866667	0.019953
-30.833333	0.019328
-30.800000	0.018645
-30.766667	0.017891
-30.733333	0.017030
-30.700000	0.016086
-30.666667	0.015056
-30.633333	0.013962
-30.600000	0.012827
-30.566667	0.011620
-30.533333	0.010377
-30.500000	0.009099
-30.466667	0.007810
-30.433333	0.006538
-30.400000	0.005300
-30.366667	0.004092
-30.333333	0.002922
-30.300000	0.001814
-30.266667	0.000782
-30.233333	-0.000166
-30.200000	-0.001017
-30.166667	-0.001766
-30.133333	-0.002422
-30.100000	-0.002964
-30.066667	-0.003413
-30.033333	-0.003765
-30.000000	-0.004025
-29.966667	-0.004198
-29.933333	-0.004292
-29.900000	-0.004317
-29.866667	-0.004288
-29.833333	-0.004221
-29.800000	-0.004138
-29.766667	-0.004051
-29.733333	-0.003959
-29.700000	-0.003859
-29.666667	-0.003744
-29.633333	-0.003609
-29.600000	-0.003456
-29.566667	-0.003302
-29.533333	-0.003109
-29.500000	-0.002905
-29.466667	-0.002688
-29.433333	-0.002467
-29.400000	-0.002241
-29.366667	-0.002017
-29.333333	-0.001807
-29.300000	-0.001614
-29.266667	-0.001437
-29.233333	-0.001275
-29.200000	-0.001128
-29.166667	-0.001027
-29.133333	-0.000952
-29.100000	-0.000906
-29.066667	-0.000915
-29.033333	-0.000967
-29.000000	-0.001071
-28.966667	-0.001233
-28.933333	-0.001461
-28.900000	-0.001744
-28.866667	-0.002102
-28.833333	-0.002534
-28.800000	-0.003039
-28.766667	-0.003608
-28.733333	-0.004237
-28.700000	-0.004923
-28.666667	-0.005663
-28.633333	-0.006450
-28.600000	-0.007280
-28.566667	-0.008148
-28.533333	-0.009049
-28.500000	-0.009983
-28.466667	-0.010942
-28.433333	-0.011906
-28.400000	-0.012854
-28.366667	-0.013773
-28.333333	-0.014644
-28.300000	-0.015431
-28.266667	-0.016125
-28.233333	-0.016711
-28.200000	-0.017177
-28.166667	-0.017524
-28.133333	-0.017723
-28.100000	-0.017787
-28.066667	-0.017702
-28.033333	-0.017484
-28.000000	-0.017141
-27.966667	-0.016659
-27.933333	-0.016066
-27.900000	-0.015366
-27.866667	-0.014605
-27.833333	-0.013769
-27.800000	-0.012921
-27.766667	-0.012047
-27.733333	-0.011200
-27.700000	-0.010391
-27.666667	-0.009649
-27.633333	-0.008994
-27.600000	-0.008436
-27.566667	-0.007961
-27.533333	-0.007584
-27.500000	-0.007295
-27.466667	-0.007095
-27.433333	-0.006987
-27.400000	-0.006959
-27.366667	-0.007010
-27.333333	-0.007127
-27.300000	-0.007299
-27.266667	-0.007518
-27.233333	-0.007775
-27.200000	-0.008089
-27.166667	-0.008404
-27.133333	-0.008741
-27.100000	-0.009095
-27.066667	-0.009453
-27.033333	-0.009810
-27.000000	-0.010161
-26.966667	-0.010488
-26.933333	-0.010822
-26.900000	-0.011147
-26.866667	-0.011463
-26.833333	-0.011757
-26.800000	-0.012052
-26.766667	-0.012291
-26.733333	-0.012506
-26.700000	-0.012651
-26.666667	-0.012714
-26.633333	-0.012670
-26.600000	-0.012502
-26.566667	-0.012198
-26.533333	-0.011776
-26.500000	-0.011229
-26.466667	-0.010565
-26.433333	-0.009791
-26.400000	-0.008903
-26.366667	-0.007910
-26.333333	-0.006807
-26.300000	-0.005607
-26.266667	-0.004330
-26.233333	-0.003006
-26.200000	-0.001647
-26.166667	-0.000252
-26.133333	0.001107
-26.100000	0.002428
-26.066667	0.003705
-26.033333	0.004913
-26.000000	0.006014
-25.966667	0.007010
-25.933333	0.007904
-25.900000	0.008667
-25.866667	0.009321
-25.833333	0.009853
-25.800000	0.010263
-25.766667	0.010569
-25.733333	0.010783
-25.700000	0.010884
-25.666667	0.010908
-25.633333	0.010855
-25.600000	0.010720
-25.566667	0.010521
-25.533333	0.010257
-25.500000	0.009937
-25.466667	0.009566
-25.433333	0.009147
-25.400000	0.008683
-25.366667	0.008162
-25.333333	0.007603
-25.300000	0.006989
-25.266667	0.006320
-25.233333	0.005593
-25.200000	0.004801
-25.166667	0.003933
-25.133333	0.003005
-25.100000	0.001998
-25.066667	0.000943
-25.033333	-0.000184
-25.000000	-0.001368
-24.966667	-0.002602
-24.933333	-0.003887
-24.900000	-0.005256
-24.866667	-0.006637
-24.833333	-0.008054
-24.800000	-0.009512
-24.766667	-0.010977
-24.733333	-0.012451
-24.700000	-0.013928
-24.666667	-0.015362
-24.633333	-0.016764
-24.600000	-0.018123
-24.566667	-0.019416
-24.533333	-0.020634
-24.500000	-0.021761
-24.466667	-0.022800
-24.433333	-0.023744
-24.400000	-0.024585
-24.366667	-0.025331
-24.333333	-0.025970
-24.300000	-0.026514
-24.266667	-0.026937
-24.233333	-0.027259
-24.200000	-0.027486
-24.166667	-0.027627
-24.133333	-0.027676
-24.100000	-0.027655
-24.066667	-0.027556
-24.033333	-0.027419
-24.000000	-0.027237
-23.966667	-0.027035
-23.933333	-0.026816
-23.900000	-0.026597
-23.866667	-0.026350
-23.833333	-0.026120
-23.800000	-0.025910
-23.766667	-0.025699
-23.733333	-0.025503
-23.700000	-0.025310
-23.666667	-0.025127
-23.633333	-0.024937
-23.600000	-0.024748
-23.566667	-0.024553
-23.533333	-0.024352
-23.500000	-0.024163
-23.466667	-0.023980
-23.433333	-0.023798
-23.400000	-0.023614
-23.366667	-0.023434
-23.333333	-0.023254
-23.300000	-0.023059
-23.266667	-0.022847
-23.233333	-0.022645
-23.200000	-0.022453
-23.166667	-0.022277
-23.133333	-0.022084
-23.100000	-0.021889
-23.066667	-0.021716
-23.033333	-0.021532
-23.000000	-0.021351
-22.966667	-0.021160
-22.933333	-0.020959
-22.900000	-0.020743
-22.866667	-0.020496
-22.833333	-0.020221
-22.800000	-0.019916
-22.766667	-0.019566
-22.733333	-0.019169
-22.700000	-0.018737
-22.666667	-0.018258
-22.633333	-0.017732
-22.600000	-0.017173
-22.566667	-0.016573
-22.533333	-0.015933
-22.500000	-0.015257
-22.466667	-0.014533
-22.433333	-0.013773
-22.400000	-0.012984
-22.366667	-0.012178
-22.333333	-0.011376
-22.300000	-0.010606
-22.266667	-0.009866
-22.233333	-0.009189
-22.200000	-0.008574
-22.166667	-0.008029
-22.133333	-0.007556
-22.100000	-0.007193
-22.066667	-0.006948
-22.033333	-0.006797
-22.000000	-0.006759
-21.966667	-0.006809
-21.933333	-0.006941
-21.900000	-0.007139
-21.866667	-0.007398
-21.833333	-0.007708
-21.800000	-0.008054
-21.766667	-0.008414
-21.733333	-0.008788
-21.700000	-0.009157
-21.666667	-0.009484
-21.633333	-0.009780
-21.600000	-0.010006
-21.566667	-0.010144
-21.533333	-0.010192
-21.500000	-0.010138
-21.466667	-0.009967
-21.433333	-0.009681
-21.400000	-0.009285
-21.366667	-0.008786
-21.333333	-0.008195
-21.300000	-0.007514
-21.266667	-0.006735
-21.233333	-0.005874
-21.200000	-0.004909
-21.166667	-0.003886
-21.133333	-0.002787
-21.100000	-0.001624
-21.066667	-0.000394
-21.033333	0.000914
-21.000000	0.002322
-20.966667	0.003790
-20.933333	0.005326
-20.900000	0.006937
-20.866667	0.008583
-20.833333	0.010268
-20.800000	0.011979
-20.766667	0.013700
-20.733333	0.015421
-20.700000	0.017135
-20.666667	0.018839
-20.633333	0.020522
-20.600000	0.022204
-20.566667	0.023864
-20.533333	0.025487
-20.500000	0.027080
-20.466667	0.028634
-20.433333	0.030132
-20.400000	0.031557
-20.366667	0.032891
-20.333333	0.034117
-20.300000	0.035231
-20.266667	0.036240
-20.233333	0.037155
-20.200000	0.037979
-20.166667	0.038702
-20.133333	0.039362
-20.100000	0.039951
-20.066667	0.040500
-20.033333	0.041022
-20.000000	0.041517
-19.966667	0.041976
-19.933333	0.042436
-19.900000	0.042895
-19.866667	0.043330
-19.833333	0.043775
-19.800000	0.044212
-19.766667	0.044639
-19.733333	0.045043
-19.700000	0.045427
-19.666667	0.045803
-19.633333	0.046140
-19.600000	0.046443
-19.566667	0.046685
-19.533333	0.046844
-19.500000	0.046908
-19.466667	0.046872
-19.433333	0.046698
-19.400000	0.046388
-19.366667	0.045939
-19.333333	0.045380
-19.300000	0.044708
-19.266667	0.043943
-19.233333	0.043097
-19.200000	0.042211
-19.166667	0.041313
-19.133333	0.040425
-19.100000	0.039575
-19.066667	0.038778
-19.033333	0.038035
-19.000000	0.037340
-18.966667	0.036721
-18.933333	0.036156
-18.900000	0.035656
-18.866667	0.035206
-18.833333	0.034799
-18.800000	0.034413
-18.766667	0.034032
-18.733333	0.033629
-18.700000	0.033218
-18.666667	0.032765
-18.633333	0.032239
-18.600000	0.031630
-18.566667	0.030933
-18.533333	0.030126
-18.500000	0.029221
-18.466667	0.028217
-18.433333	0.027106
-18.400000	0.025919
-18.366667	0.024663
-18.333333	0.023352
-18.300000	0.021985
-18.266667	0.020614
-18.233333	0.019268
-18.200000	0.017978
-18.166667	0.016772
-18.133333	0.015633
-18.100000	0.014569
-18.066667	0.013570
-18.033333	0.012629
-18.000000	0.011749
-17.966667	0.010937
-17.933333	0.010172
-17.900000	0.009454
-17.866667	0.008771
-17.833333	0.008117
-17.800000	0.007486
-17.766667	0.006868
-17.733333	0.006257
-17.700000	0.005663
-17.666667	0.005063
-17.633333	0.004469
-17.600000	0.003879
-17.566667	0.003315
-17.533333	0.002758
-17.500000	0.002237
-17.466667	0.001753
-17.433333	0.001320
-17.400000	0.000952
-17.366667	0.000661
-17.333333	0.000468
-17.300000	0.000391
-17.266667	0.000444
-17.233333	0.000622
-17.200000	0.000917
-17.166667	0.001322
-17.133333	0.001794
-17.100000	0.002329
-17.066667	0.002906
-17.033333	0.003504
-17.000000	0.004094
-16.966667	0.004663
-16.933333	0.005196
-16.900000	0.005679
-16.866667	0.006084
-16.833333	0.006397
-16.800000	0.006616
-16.766667	0.006735
-16.733333	0.006756
-16.700000	0.006663
-16.666667	0.006482
-16.633333	0.006213
-16.600000	0.005867
-16.566667	0.005469
-16.533333	0.005052
-16.500000	0.004631
-16.466667	0.004208
-16.433333	0.003803
-16.400000	0.003445
-16.366667	0.003130
-16.333333	0.002872
-16.300000	0.002668
-16.266667	0.002519
-16.233333	0.002423
-16.200000	0.002377
-16.166667	0.002375
-16.133333	0.002407
-16.100000	0.002515
-16.066667	0.002648
-16.033333	0.002816
-16.000000	0.003015
-15.966667	0.003256
-15.933333	0.003518
-15.900000	0.003790
-15.866667	0.004055
-15.833333	0.004338
-15.800000	0.004627
-15.766667	0.004922
-15.733333	0.005221
-15.700000	0.005520
-15.666667	0.005847
-15.633333	0.006187
-15.600000	0.006543
-15.566667	0.006918
-15.533333	0.007299
-15.500000	0.007667
-15.466667	0.008015
-15.433333	0.008349
-15.400000	0.008647
-15.366667	0.008875
-15.333333	0.009034
-15.300000	0.009131
-15.266667	0.009145
-15.233333	0.009076
-15.200000	0.008912
-15.166667	0.008657
-15.133333	0.008303
-15.100000	0.007874
-15.066667	0.007330
-15.033333	0.006715
-15.000000	0.005999
-14.966667	0.005225
-14.933333	0.004373
-14.900000	0.003467
-14.866667	0.002517
-14.833333	0.001542
-14.800000	0.000542
-14.766667	-0.000474
-14.733333	-0.001495
-14.700000	-0.002516
-14.666667	-0.003524
-14.633333	-0.004530
-14.600000	-0.005521
-14.566667	-0.006493
-14.533333	-0.007439
-14.500000	-0.008345
-14.466667	-0.009204
-14.433333	-0.010014
-14.400000	-0.010765
-14.366667	-0.011442
-14.333333	-0.012019
-14.300000	-0.012490
-14.266667	-0.012880
-14.233333	-0.013182
-14.200000	-0.013406
-14.166667	-0.013548
-14.133333	-0.013610
-14.100000	-0.013574
-14.066667	-0.013441
-14.033333	-0.013236
-14.000000	-0.012967
-13.966667	-0.012627
-13.933333	-0.012247
-13.900000	-0.011820
-13.866667	-0.011385
-13.833333	-0.010946
-13.800000	-0.010501
-13.766667	-0.010112
-13.733333	-0.009738
-13.700000	-0.009408
-13.666667	-0.009119
-13.633333	-0.008879
-13.600000	-0.008682
-13.566667	-0.008536
-13.533333	-0.008444
-13.500000	-0.008386
-13.466667	-0.008365
-13.433333	-0.008370
-13.400000	-0.008403
-13.366667	-0.008466
-13.333333	-0.008544
-13.300000	-0.008656
-13.266667	-0.008800
-13.233333	-0.008974
-13.200000	-0.009169
-13.166667	-0.009379
-13.133333	-0.009601
-13.100000	-0.009832
-13.066667	-0.010072
-13.033333	-0.010342
-13.000000	-0.010630
-12.966667	-0.010932
-12.933333	-0.011232
-12.900000	-0.011544
-12.866667	-0.011855
-12.833333	-0.012143
-12.800000	-0.012401
-12.766667	-0.012641
-12.733333	-0.012815
-12.700000	-0.012939
-12.666667	-0.012992
-12.633333	-0.012987
-12.600000	-0.012928
-12.566667	-0.012819
-12.533333	-0.012650
-12.500000	-0.012412
-12.466667	-0.012132
-12.433333	-0.011822
-12.400000	-0.011475
-12.366667	-0.011093
-12.333333	-0.010708
-12.300000	-0.010311
-12.266667	-0.009922
-12.233333	-0.009546
-12.200000	-0.009198
-12.166667	-0.008889
-12.133333	-0.008623
-12.100000	-0.008398
-12.066667	-0.008212
-12.033333	-0.008073
-12.000000	-0.007975
-11.966667	-0.007909
-11.933333	-0.007865
-11.900000	-0.007853
-11.866667	-0.007846
-11.833333	-0.007852
-11.800000	-0.007865
-11.766667	-0.007875
-11.733333	-0.007877
-11.700000	-0.007862
-11.666667	-0.007830
-11.633333	-0.007789
-11.600000	-0.007726
-11.566667	-0.007652
-11.533333	-0.007558
-11.500000	-0.007452
-11.466667	-0.007327
-11.433333	-0.007189
-11.400000	-0.007047
-11.366667	-0.006927
-11.333333	-0.006820
-11.300000	-0.006722
-11.266667	-0.006659
-11.233333	-0.006625
-11.200000	-0.006631
-11.166667	-0.006676
-11.133333	-0.006761
-11.100000	-0.006884
-11.066667	-0.007036
-11.033333	-0.007214
-11.000000	-0.007416
-10.966667	-0.007627
-10.933333	-0.007843
-10.900000	-0.008060
-10.866667	-0.008256
-10.833333	-0.008435
-10.800000	-0.008582
-10.766667	-0.008686
-10.733333	-0.008747
-10.700000	-0.008755
-10.666667	-0.008710
-10.633333	-0.008613
-10.600000	-0.008475
-10.566667	-0.008299
-10.533333	-0.008072
-10.500000	-0.007838
-10.466667	-0.007585
-10.433333	-0.007357
-10.400000	-0.007165
-10.366667	-0.007009
-10.333333	-0.006910
-10.300000	-0.006894
-10.266667	-0.006945
-10.233333	-0.007065
-10.200000	-0.007244
-10.166667	-0.007473
-10.133333	-0.007742
-10.100000	-0.008037
-10.066667	-0.008339
-10.033333	-0.008641
-10.000000	-0.008934
-9.966667	-0.009199
-9.933333	-0.009415
-9.900000	-0.009567
-9.866667	-0.009646
-9.833333	-0.009643
-9.800000	-0.009552
-9.766667	-0.009371
-9.733333	-0.009105
-9.700000	-0.008780
-9.666667	-0.008389
-9.633333	-0.007959
-9.600000	-0.007512
-9.566667	-0.007065
-9.533333	-0.006647
-9.500000	-0.006287
-9.466667	-0.005958
-9.433333	-0.005692
-9.400000	-0.005507
-9.366667	-0.005361
-9.333333	-0.005290
-9.300000	-0.005259
-9.266667	-0.005263
-9.233333	-0.005300
-9.200000	-0.005360
-9.166667	-0.005441
-9.133333	-0.005548
-9.100000	-0.005674
-9.066667	-0.005819
-9.033333	-0.005983
-9.000000	-0.006166
-8.966667	-0.006357
-8.933333	-0.006547
-8.900000	-0.006735
-8.866667	-0.006920
-8.833333	-0.007098
-8.800000	-0.007272
-8.766667	-0.007465
-8.733333	-0.007671
-8.700000	-0.007916
-8.666667	-0.008195
-8.633333	-0.008518
-8.600000	-0.008888
-8.566667	-0.009291
-8.533333	-0.009719
-8.500000	-0.010164
-8.466667	-0.010612
-8.433333	-0.011066
-8.400000	-0.011500
-8.366667	-0.011873
-8.333333	-0.012228
-8.300000	-0.012518
-8.266667	-0.012749
-8.233333	-0.012907
-8.200000	-0.012984
-8.166667	-0.012984
-8.133333	-0.012911
-8.100000	-0.012770
-8.066667	-0.012569
-8.033333	-0.012312
-8.000000	-0.011998
-7.966667	-0.011623
-7.933333	-0.011193
-7.900000	-0.010706
-7.866667	-0.010183
-7.833333	-0.009635
-7.800000	-0.009079
-7.766667	-0.008535
-7.733333	-0.007983
-7.700000	-0.007462
-7.666667	-0.007001
-7.633333	-0.006599
-7.600000	-0.006261
-7.566667	-0.005992
-7.533333	-0.005815
-7.500000	-0.005742
-7.466667	-0.005764
-7.433333	-0.005894
-7.400000	-0.006122
-7.366667	-0.006446
-7.333333	-0.006850
-7.300000	-0.007322
-7.266667	-0.007862
-7.233333	-0.008460
-7.200000	-0.009085
-7.166667	-0.009735
-7.133333	-0.010413
-7.100000	-0.011106
-7.066667	-0.011791
-7.033333	-0.012450
-7.000000	-0.013074
-6.966667	-0.013649
-6.933333	-0.014165
-6.900000	-0.014608
-6.866667	-0.014978
-6.833333	-0.015267
-6.800000	-0.015468
-6.766667	-0.015581
-6.733333	-0.015605
-6.700000	-0.015577
-6.666667	-0.015488
-6.633333	-0.015339
-6.600000	-0.015135
-6.566667	-0.014897
-6.533333	-0.014625
-6.500000	-0.014312
-6.466667	-0.013961
-6.433333	-0.013576
-6.400000	-0.013144
-6.366667	-0.012689
-6.333333	-0.012197
-6.300000	-0.011687
-6.266667	-0.011156
-6.233333	-0.010594
-6.200000	-0.009998
-6.166667	-0.009387
-6.133333	-0.008774
-6.100000	-0.008140
-6.066667	-0.007495
-6.033333	-0.006853
-6.000000	-0.006228
-5.966667	-0.005620
-5.933333	-0.005054
-5.900000	-0.004535
-5.866667	-0.004069
-5.833333	-0.003676
-5.800000	-0.003372
-5.766667	-0.003170
-5.733333	-0.003061
-5.700000	-0.003060
-5.666667	-0.003150
-5.633333	-0.003351
-5.600000	-0.003647
-5.566667	-0.004025
-5.533333	-0.004467
-5.500000	-0.004971
-5.466667	-0.005529
-5.433333	-0.006127
-5.400000	-0.006754
-5.366667	-0.007407
-5.333333	-0.008061
-5.300000	-0.008673
-5.266667	-0.009259
-5.233333	-0.009798
-5.200000	-0.010287
-5.166667	-0.010724
-5.133333	-0.011108
-5.100000	-0.011432
-5.066667	-0.011709
-5.033333	-0.011934
-5.000000	-0.012115
-4.966667	-0.012247
-4.933333	-0.012344
-4.900000	-0.012402
-4.866667	-0.012435
-4.833333	-0.012445
-4.800000	-0.012432
-4.766667	-0.012406
-4.733333	-0.012365
-4.700000	-0.012330
-4.666667	-0.012289
-4.633333	-0.012250
-4.600000	-0.012214
-4.566667	-0.012182
-4.533333	-0.012154
-4.500000	-0.012127
-4.466667	-0.012098
-4.433333	-0.012064
-4.400000	-0.012024
-4.366667	-0.011986
-4.333333	-0.011949
-4.300000	-0.011905
-4.266667	-0.011902
-4.233333	-0.011912
-4.200000	-0.011952
-4.166667	-0.012027
-4.133333	-0.012148
-4.100000	-0.012299
-4.066667	-0.012492
-4.033333	-0.012722
-4.000000	-0.013003
-3.966667	-0.013327
-3.933333	-0.013680
-3.900000	-0.014057
-3.866667	-0.014455
-3.833333	-0.014863
-3.800000	-0.015296
-3.766667	-0.015728
-3.733333	-0.016160
-3.700000	-0.016578
-3.666667	-0.016961
-3.633333	-0.017311
-3.600000	-0.017624
-3.566667	-0.017898
-3.533333	-0.018130
-3.500000	-0.018323
-3.466667	-0.018476
-3.433333	-0.018592
-3.400000	-0.018673
-3.366667	-0.018721
-3.333333	-0.018741
-3.300000	-0.018736
-3.266667	-0.018708
-3.233333	-0.018654
-3.200000	-0.018585
-3.166667	-0.018507
-3.133333	-0.018430
-3.100000	-0.018330
-3.066667	-0.018233
-3.033333	-0.018124
-3.000000	-0.018014
-2.966667	-0.017882
-2.933333	-0.017744
-2.900000	-0.017604
-2.866667	-0.017446
-2.833333	-0.017260
-2.800000	-0.017045
-2.766667	-0.016770
-2.733333	-0.016443
-2.700000	-0.016048
-2.666667	-0.015591
-2.633333	-0.015087
-2.600000	-0.014543
-2.566667	-0.013969
-2.533333	-0.013369
-2.500000	-0.012744
-2.466667	-0.012094
-2.433333	-0.011476
-2.400000	-0.010859
-2.366667	-0.010279
-2.333333	-0.009756
-2.300000	-0.009298
-2.266667	-0.008902
-2.233333	-0.008599
-2.200000	-0.008376
-2.166667	-0.008246
-2.133333	-0.008209
-2.100000	-0.008253
-2.066667	-0.008382
-2.033333	-0.008592
-2.000000	-0.008889
-1.966667	-0.009231
-1.933333	-0.009635
-1.900000	-0.010048
-1.866667	-0.010448
-1.833333	-0.010830
-1.800000	-0.011183
-1.766667	-0.011477
-1.733333	-0.011690
-1.700000	-0.011865
-1.666667	-0.011970
-1.633333	-0.012019
-1.600000	-0.012004
-1.566667	-0.011927
-1.533333	-0.011793
-1.500000	-0.011606
-1.466667	-0.011372
-1.433333	-0.011117
-1.400000	-0.010798
-1.366667	-0.010463
-1.333333	-0.010102
-1.300000	-0.009713
-1.266667	-0.009299
-1.233333	-0.008878
-1.200000	-0.008425
-1.166667	-0.007960
-1.133333	-0.007475
-1.100000	-0.007008
-1.066667	-0.006517
-1.033333	-0.006020
-1.000000	-0.005516
-0.966667	-0.004989
-0.933333	-0.004461
-0.900000	-0.003916
-0.866667	-0.003375
-0.833333	-0.002825
-0.800000	-0.002288
-0.766667	-0.001757
-0.733333	-0.001242
-0.700000	-0.000772
-0.666667	-0.000324
-0.633333	0.000074
-0.600000	0.000426
-0.566667	0.000718
-0.533333	0.000952
-0.500000	0.001130
-0.466667	0.001255
-0.433333	0.001317
-0.400000	0.001321
-0.366667	0.001268
-0.333333	0.001162
-0.300000	0.001006
-0.266667	0.000804
-0.233333	0.000564
-0.200000	0.000295
-0.166667	-0.000001
-0.133333	-0.000325
-0.100000	-0.000652
-0.066667	-0.000953
-0.033333	-0.001237
-0.000000	-0.001497
0.033333	-0.001716
0.066667	-0.001888
0.100000	-0.002024
0.133333	-0.002114
0.166667	-0.002153
0.200000	-0.002169
0.233333	-0.002151
0.266667	-0.002110
0.300000	-0.002052
0.333333	-0.001985
0.366667	-0.001937
0.400000	-0.001895
0.433333	-0.001872
0.466667	-0.001857
0.500000	-0.001871
0.533333	-0.001892
0.566667	-0.001933
0.600000	-0.001999
0.633333	-0.002093
0.666667	-0.002203
0.700000	-0.002327
0.733333	-0.002465
0.766667	-0.002608
0.800000	-0.002745
0.833333	-0.002867
0.866667	-0.002963
0.900000	-0.003020
0.933333	-0.003067
0.966667	-0.003087
1.000000	-0.003091
1.033333	-0.003079
1.066667	-0.003069
1.100000	-0.003066
1.133333	-0.003075
1.166667	-0.003107
1.200000	-0.003160
1.233333	-0.003236
1.266667	-0.003338
1.300000	-0.003456
1.333333	-0.003609
1.366667	-0.003793
1.400000	-0.003973
1.433333	-0.004182
1.466667	-0.004401
1.500000	-0.004644
1.533333	-0.004899
1.566667	-0.005186
1.600000	-0.005497
1.633333	-0.005815
1.666667	-0.006131
1.700000	-0.006451
1.733333	-0.006785
1.766667	-0.007125
1.800000	-0.007449
1.833333	-0.007756
1.866667	-0.008062
1.900000	-0.008372
1.933333	-0.008683
1.966667	-0.008991
2.000000	-0.009291
2.033333	-0.009585
2.066667	-0.009864
2.100000	-0.010118
2.133333	-0.010357
2.166667	-0.010553
2.200000	-0.010713
2.233333	-0.010826
2.266667	-0.010882
2.300000	-0.010873
2.333333	-0.010816
2.366667	-0.010720
2.400000	-0.010567
2.433333	-0.010375
2.466667	-0.010125
2.500000	-0.009847
2.533333	-0.009540
2.566667	-0.009180
2.600000	-0.008790
2.633333	-0.008371
2.666667	-0.007941
2.700000	-0.007510
2.733333	-0.007068
2.766667	-0.006609
2.800000	-0.006141
2.833333	-0.005680
2.866667	-0.005218
2.900000	-0.004769
2.933333	-0.004326
2.966667	-0.003882
3.000000	-0.003451
3.033333	-0.003028
3.066667	-0.002616
3.100000	-0.002219
3.133333	-0.001835
3.166667	-0.001470
3.200000	-0.001144
3.233333	-0.000847
3.266667	-0.000569
3.300000	-0.000319
3.333333	-0.000115
3.366667	0.000042
3.400000	0.000183
3.433333	0.000289
3.466667	0.000369
3.500000	0.000413
3.533333	0.000425
3.566667	0.000419
3.600000	0.000390
3.633333	0.000342
3.666667	0.000296
3.700000	0.000257
3.733333	0.000224
3.766667	0.000195
3.800000	0.000196
3.833333	0.000239
3.866667	0.000324
3.900000	0.000415
3.933333	0.000554
3.966667	0.000729
4.000000	0.000923
4.033333	0.001150
4.066667	0.001409
4.100000	0.001682
4.133333	0.001976
4.166667	0.002268
4.200000	0.002555
4.233333	0.002844
4.266667	0.003151
4.300000	0.003451
4.333333	0.003708
4.366667	0.003928
4.400000	0.004126
4.433333	0.004298
4.466667	0.004444
4.500000	0.004558
4.533333	0.004630
4.566667	0.004694
4.600000	0.004737
4.633333	0.004749
4.666667	0.004754
4.700000	0.004724
4.733333	0.004672
4.766667	0.004612
4.800000	0.004549
4.833333	0.004462
4.866667	0.004352
4.900000	0.004217
4.933333	0.004078
4.966667	0.003918
5.000000	0.003737
5.033333	0.003547
5.066667	0.003363
5.100000	0.003139
5.133333	0.002917
5.166667	0.002674
5.200000	0.002432
5.233333	0.002171
5.266667	0.001913
5.300000	0.001641
5.333333	0.001348
5.366667	0.001063
5.400000	0.000801
5.433333	0.000545
5.466667	0.000300
5.500000	0.000067
5.533333	-0.000142
5.566667	-0.000346
5.600000	-0.000532
5.633333	-0.000696
5.666667	-0.000848
5.700000	-0.000983
5.733333	-0.001082
5.766667	-0.001181
5.800000	-0.001250
5.833333	-0.001299
5.866667	-0.001324
5.900000	-0.001326
5.933333	-0.001309
5.966667	-0.001266
6.000000	-0.001212
6.033333	-0.001133
6.066667	-0.001027
6.100000	-0.000922
6.133333	-0.000786
6.166667	-0.000623
6.200000	-0.000444
6.233333	-0.000263
6.266667	-0.000049
6.300000	0.000180
6.333333	0.000419
6.366667	0.000671
6.400000	0.000932
6.433333	0.001190
6.466667	0.001450
6.500000	0.001707
6.533333	0.001971
6.566667	0.002219
6.600000	0.002471
6.633333	0.002697
6.666667	0.002918
6.700000	0.003129
6.733333	0.003328
6.766667	0.003491
6.800000	0.003649
6.833333	0.003774
6.866667	0.003870
6.900000	0.003930
6.933333	0.003962
6.966667	0.003946
7.000000	0.003887
7.033333	0.003791
7.066667	0.003658
7.100000	0.003481
7.133333	0.003262
7.166667	0.003016
7.200000	0.002724
7.233333	0.002404
7.266667	0.002049
7.300000	0.001669
7.333333	0.001280
7.366667	0.000867
7.400000	0.000458
7.433333	0.000050
7.466667	-0.000346
7.500000	-0.000714
7.533333	-0.001047
7.566667	-0.001349
7.600000	-0.001615
7.633333	-0.001834
7.666667	-0.002009
7.700000	-0.002145
7.733333	-0.002222
7.766667	-0.002273
7.800000	-0.002277
7.833333	-0.002241
7.866667	-0.002168
7.900000	-0.002058
7.933333	-0.001914
7.966667	-0.001750
8.000000	-0.001550
8.033333	-0.001331
8.066667	-0.001093
8.100000	-0.000839
8.133333	-0.000575
8.166667	-0.000300
8.200000	-0.000024
8.233333	0.000253
8.266667	0.000532
8.300000	0.000815
8.333333	0.001094
8.366667	0.001356
8.400000	0.001632
8.433333	0.001860
8.466667	0.002059
8.500000	0.002219
8.533333	0.002336
8.566667	0.002404
8.600000	0.002401
8.633333	0.002323
8.666667	0.002181
8.700000	0.001955
8.733333	0.001665
8.766667	0.001290
8.800000	0.000878
8.833333	0.000423
8.866667	-0.000103
8.900000	-0.000680
8.933333	-0.001281
8.966667	-0.001896
9.000000	-0.002519
9.033333	-0.003130
9.066667	-0.003709
9.100000	-0.004247
9.133333	-0.004727
9.166667	-0.005142
9.200000	-0.005481
9.233333	-0.005740
9.266667	-0.005920
9.300000	-0.006026
9.333333	-0.006059
9.366667	-0.006019
9.400000	-0.005916
9.433333	-0.005784
9.466667	-0.005608
9.500000	-0.005395
9.533333	-0.005186
9.566667	-0.004987
9.600000	-0.004810
9.633333	-0.004647
9.666667	-0.004504
9.700000	-0.004406
9.733333	-0.004329
9.766667	-0.004293
9.800000	-0.004295
9.833333	-0.004354
9.866667	-0.004478
9.900000	-0.004628
9.933333	-0.004784
9.966667	-0.004970
10.000000	-0.005164
10.033333	-0.005360
10.066667	-0.005549
10.100000	-0.005735
10.133333	-0.005902
10.166667	-0.006050
10.200000	-0.006174
10.233333	-0.006272
10.266667	-0.006343
10.300000	-0.006385
10.333333	-0.006395
10.366667	-0.006377
10.400000	-0.006335
10.433333	-0.006278
10.466667	-0.006209
10.500000	-0.006122
10.533333	-0.006040
10.566667	-0.005937
10.600000	-0.005816
10.633333	-0.005680
10.666667	-0.005532
10.700000	-0.005376
10.733333	-0.005217
10.766667	-0.005052
10.800000	-0.004881
10.833333	-0.004702
10.866667	-0.004513
10.900000	-0.004312
10.933333	-0.004100
10.966667	-0.003889
11.000000	-0.003665
11.033333	-0.003439
11.066667	-0.003208
11.100000	-0.002972
11.133333	-0.002734
11.166667	-0.002494
11.200000	-0.002258
11.233333	-0.002027
11.266667	-0.001808
11.300000	-0.001600
11.333333	-0.001407
11.366667	-0.001228
11.400000	-0.001063
11.433333	-0.000913
11.466667	-0.000779
11.500000	-0.000662
11.533333	-0.000556
11.566667	-0.000462
11.600000	-0.000378
11.633333	-0.000306
11.666667	-0.000243
11.700000	-0.000191
11.733333	-0.000148
11.766667	-0.000115
11.800000	-0.000091
11.833333	-0.000076
11.866667	-0.000070
11.900000	-0.000072
11.933333	-0.000082
11.966667	-0.000100
