-88.000000	-0.000003
-87.966667	-0.000003
-87.933333	-0.000003
-87.900000	-0.000004
-87.866667	-0.000004
-87.833333	-0.000004
-87.800000	-0.000005
-87.766667	-0.000005
-87.733333	-0.000005
-87.700000	-0.000005
-87.666667	-0.000004
-87.633333	-0.000003
-87.600000	-0.000002
-87.566667	0.000000
-87.533333	0.000003
-87.500000	0.000006
-87.466667	0.000011
-87.433333	0.000017
-87.400000	0.000024
-87.366667	0.000031
-87.333333	0.000041
-87.300000	0.000051
-87.266667	0.000062
-87.233333	0.000074
-87.200000	0.000088
-87.166667	0.000101
-87.133333	0.000116
-87.100000	0.000131
-87.066667	0.000146
-87.033333	0.000162
-87.000000	0.000177
-86.966667	0.000192
-86.933333	0.000206
-86.900000	0.000219
-86.866667	0.000231
-86.833333	0.000241
-86.800000	0.000250
-86.766667	0.000257
-86.733333	0.000262
-86.700000	0.000265
-86.666667	0.000266
-86.633333	0.000266
-86.600000	0.000258
-86.566667	0.000248
-86.533333	0.000246
-86.500000	0.000228
-86.466667	0.000214
-86.433333	0.000196
-86.400000	0.000174
-86.366667	0.000148
-86.333333	0.000108
-86.300000	0.000078
-86.266667	0.000037
-86.233333	-0.000007
-86.200000	-0.000052
-86.166667	-0.000100
-86.133333	-0.000151
-86.100000	-0.000208
-86.066667	-0.000276
-86.033333	-0.000347
-86.000000	-0.000399
-85.966667	-0.000466
-85.933333	-0.000529
-85.900000	-0.000600
-85.866667	-0.000664
-85.833333	-0.000724
-85.800000	-0.000790
-85.766667	-0.000845
-85.733333	-0.000900
-85.700000	-0.000950
-85.666667	-0.001000
-85.633333	-0.001049
-85.600000	-0.001092
-85.566667	-0.001125
-85.533333	-0.001157
-85.500000	-0.001200
-85.466667	-0.001223
-85.433333	-0.001256
-85.400000	-0.001285
-85.366667	-0.001317
-85.333333	-0.001348
-85.300000	-0.001369
-85.266667	-0.001402
-85.233333	-0.001429
-85.200000	-0.001464
-85.166667	-0.001494
-85.133333	-0.001534
-85.100000	-0.001576
-85.066667	-0.001615
-85.033333	-0.001653
-85.000000	-0.001671
-84.966667	-0.001723
-84.933333	-0.001756
-84.900000	-0.001794
-84.866667	-0.001823
-84.833333	-0.001853
-84.800000	-0.001886
-84.766667	-0.001905
-84.733333	-0.001920
-84.700000	-0.001937
-84.666667	-0.001945
-84.633333	-0.001951
-84.600000	-0.001960
-84.566667	-0.001968
-84.533333	-0.001955
-84.500000	-0.001949
-84.466667	-0.001927
-84.433333	-0.001914
-84.400000	-0.001901
-84.366667	-0.001890
-84.333333	-0.001861
-84.300000	-0.001845
-84.266667	-0.001822
-84.233333	-0.001803
-84.200000	-0.001782
-84.166667	-0.001759
-84.133333	-0.001741
-84.100000	-0.001721
-84.066667	-0.001701
-84.033333	-0.001687
-84.000000	-0.001665
-83.966667	-0.001657
-83.933333	-0.001640
-83.900000	-0.001628
-83.866667	-0.001616
-83.833333	-0.001607
-83.800000	-0.001599
-83.766667	-0.001589
-83.733333	-0.001580
-83.700000	-0.001581
-83.666667	-0.001578
-83.633333	-0.001582
-83.600000	-0.001589
-83.566667	-0.001591
-83.533333	-0.001584
-83.500000	-0.001608
-83.466667	-0.001616
-83.433333	-0.001634
-83.400000	-0.001642
-83.366667	-0.001640
-83.333333	-0.001650
-83.300000	-0.001689
-83.266667	-0.001701
-83.233333	-0.001707
-83.200000	-0.001719
-83.166667	-0.001729
-83.133333	-0.001736
-83.100000	-0.001737
-83.066667	-0.001735
-83.033333	-0.001732
-83.000000	-0.001727
-82.966667	-0.001719
-82.933333	-0.001706
-82.900000	-0.001687
-82.866667	-0.001663
-82.833333	-0.001641
-82.800000	-0.001618
-82.766667	-0.001594
-82.733333	-0.001567
-82.700000	-0.001536
-82.666667	-0.001506
-82.633333	-0.001481
-82.600000	-0.001465
-82.566667	-0.001445
-82.533333	-0.001427
-82.500000	-0.001411
-82.466667	-0.001379
-82.433333	-0.001348
-82.400000	-0.001328
-82.366667	-0.001328
-82.333333	-0.001330
-82.300000	-0.001313
-82.266667	-0.001280
-82.233333	-0.001256
-82.200000	-0.001243
-82.166667	-0.001214
-82.133333	-0.001183
-82.100000	-0.001147
-82.066667	-0.001111
-82.033333	-0.001061
-82.000000	-0.001019
-81.966667	-0.000953
-81.933333	-0.000891
-81.900000	-0.000822
-81.866667	-0.000741
-81.833333	-0.000672
-81.800000	-0.000591
-81.766667	-0.000507
-81.733333	-0.000415
-81.700000	-0.000322
-81.666667	-0.000244
-81.633333	-0.000154
-81.600000	-0.000070
-81.566667	0.000022
-81.533333	0.000099
-81.500000	0.000187
-81.466667	0.000264
-81.433333	0.000332
-81.400000	0.000389
-81.366667	0.000448
-81.333333	0.000515
-81.300000	0.000575
-81.266667	0.000612
-81.233333	0.000644
-81.200000	0.000707
-81.166667	0.000733
-81.133333	0.000756
-81.100000	0.000793
-81.066667	0.000804
-81.033333	0.000828
-81.000000	0.000836
-80.966667	0.000856
-80.933333	0.000844
-80.900000	0.000854
-80.866667	0.000850
-80.833333	0.000832
-80.800000	0.000826
-80.766667	0.000808
-80.733333	0.000782
-80.700000	0.000754
-80.666667	0.000717
-80.633333	0.000690
-80.600000	0.000640
-80.566667	0.000588
-80.533333	0.000547
-80.500000	0.000489
-80.466667	0.000430
-80.433333	0.000371
-80.400000	0.000307
-80.366667	0.000243
-80.333333	0.000179
-80.300000	0.000109
-80.266667	0.000031
-80.233333	-0.000036
-80.200000	-0.000083
-80.166667	-0.000185
-80.133333	-0.000246
-80.100000	-0.000308
-80.066667	-0.000387
-80.033333	-0.000443
-80.000000	-0.000508
-79.966667	-0.000567
-79.933333	-0.000627
-79.900000	-0.000669
-79.866667	-0.000723
-79.833333	-0.000764
-79.800000	-0.000800
-79.766667	-0.000838
-79.733333	-0.000872
-79.700000	-0.000896
-79.666667	-0.000916
-79.633333	-0.000935
-79.600000	-0.000966
-79.566667	-0.000968
-79.533333	-0.000977
-79.500000	-0.001004
-79.466667	-0.001008
-79.433333	-0.001023
-79.400000	-0.001044
-79.366667	-0.001062
-79.333333	-0.001084
-79.300000	-0.001109
-79.266667	-0.001139
-79.233333	-0.001161
-79.200000	-0.001189
-79.166667	-0.001239
-79.133333	-0.001270
-79.100000	-0.001307
-79.066667	-0.001345
-79.033333	-0.001385
-79.000000	-0.001424
-78.966667	-0.001461
-78.933333	-0.001498
-78.900000	-0.001533
-78.866667	-0.001565
-78.833333	-0.001595
-78.800000	-0.001622
-78.766667	-0.001647
-78.733333	-0.001666
-78.700000	-0.001684
-78.666667	-0.001694
-78.633333	-0.001710
-78.600000	-0.001725
-78.566667	-0.001722
-78.533333	-0.001733
-78.500000	-0.001733
-78.466667	-0.001742
-78.433333	-0.001738
-78.400000	-0.001741
-78.366667	-0.001736
-78.333333	-0.001736
-78.300000	-0.001735
-78.266667	-0.001730
-78.233333	-0.001718
-78.200000	-0.001715
-78.166667	-0.001704
-78.133333	-0.001699
-78.100000	-0.001685
-78.066667	-0.001677
-78.033333	-0.001668
-78.000000	-0.001657
-77.966667	-0.001644
-77.933333	-0.001629
-77.900000	-0.001613
-77.866667	-0.001601
-77.833333	-0.001593
-77.800000	-0.001588
-77.766667	-0.001579
-77.733333	-0.001560
-77.700000	-0.001565
-77.666667	-0.001557
-77.633333	-0.001553
-77.600000	-0.001552
-77.566667	-0.001550
-77.533333	-0.001543
-77.500000	-0.001542
-77.466667	-0.001547
-77.433333	-0.001532
-77.400000	-0.001536
-77.366667	-0.001533
-77.333333	-0.001519
-77.300000	-0.001499
-77.266667	-0.001493
-77.233333	-0.001457
-77.200000	-0.001437
-77.166667	-0.001407
-77.133333	-0.001377
-77.100000	-0.001332
-77.066667	-0.001293
-77.033333	-0.001245
-77.000000	-0.001193
-76.966667	-0.001141
-76.933333	-0.001085
-76.900000	-0.001029
-76.866667	-0.000976
-76.833333	-0.000920
-76.800000	-0.000862
-76.766667	-0.000804
-76.733333	-0.000750
-76.700000	-0.000712
-76.666667	-0.000663
-76.633333	-0.000620
-76.600000	-0.000565
-76.566667	-0.000541
-76.533333	-0.000504
-76.500000	-0.000476
-76.466667	-0.000452
-76.433333	-0.000427
-76.400000	-0.000409
-76.366667	-0.000389
-76.333333	-0.000379
-76.300000	-0.000371
-76.266667	-0.000375
-76.233333	-0.000357
-76.200000	-0.000369
-76.166667	-0.000373
-76.133333	-0.000384
-76.100000	-0.000398
-76.066667	-0.000414
-76.033333	-0.000432
-76.000000	-0.000459
-75.966667	-0.000480
-75.933333	-0.000505
-75.900000	-0.000533
-75.866667	-0.000562
-75.833333	-0.000591
-75.800000	-0.000621
-75.766667	-0.000648
-75.733333	-0.000672
-75.700000	-0.000691
-75.666667	-0.000705
-75.633333	-0.000710
-75.600000	-0.000705
-75.566667	-0.000714
-75.533333	-0.000704
-75.500000	-0.000691
-75.466667	-0.000655
-75.433333	-0.000640
-75.400000	-0.000613
-75.366667	-0.000575
-75.333333	-0.000543
-75.300000	-0.000501
-75.266667	-0.000469
-75.233333	-0.000433
-75.200000	-0.000396
-75.166667	-0.000364
-75.133333	-0.000347
-75.100000	-0.000321
-75.066667	-0.000308
-75.033333	-0.000302
-75.000000	-0.000303
-74.966667	-0.000303
-74.933333	-0.000317
-74.900000	-0.000331
-74.866667	-0.000354
-74.833333	-0.000376
-74.800000	-0.000406
-74.766667	-0.000437
-74.733333	-0.000464
-74.700000	-0.000493
-74.666667	-0.000539
-74.633333	-0.000562
-74.600000	-0.000586
-74.566667	-0.000618
-74.533333	-0.000655
-74.500000	-0.000662
-74.466667	-0.000680
-74.433333	-0.000716
-74.400000	-0.000716
-74.366667	-0.000731
-74.333333	-0.000733
-74.300000	-0.000746
-74.266667	-0.000747
-74.233333	-0.000745
-74.200000	-0.000736
-74.166667	-0.000731
-74.133333	-0.000718
-74.100000	-0.000699
-74.066667	-0.000681
-74.033333	-0.000651
-74.000000	-0.000617
-73.966667	-0.000578
-73.933333	-0.000534
-73.900000	-0.000485
-73.866667	-0.000432
-73.833333	-0.000370
-73.800000	-0.000309
-73.766667	-0.000239
-73.733333	-0.000162
-73.700000	-0.000090
-73.666667	-0.000023
-73.633333	0.000067
-73.600000	0.000154
-73.566667	0.000221
-73.533333	0.000303
-73.500000	0.000385
-73.466667	0.000449
-73.433333	0.000522
-73.400000	0.000595
-73.366667	0.000654
-73.333333	0.000715
-73.300000	0.000769
-73.266667	0.000829
-73.233333	0.000881
-73.200000	0.000930
-73.166667	0.000972
-73.133333	0.001013
-73.100000	0.001043
-73.066667	0.001078
-73.033333	0.001109
-73.000000	0.001149
-72.966667	0.001176
-72.933333	0.001202
-72.900000	0.001217
-72.866667	0.001230
-72.833333	0.001244
-72.800000	0.001261
-72.766667	0.001282
-72.733333	0.001308
-72.700000	0.001331
-72.666667	0.001346
-72.633333	0.001360
-72.600000	0.001388
-72.566667	0.001413
-72.533333	0.001454
-72.500000	0.001493
-72.466667	0.001563
-72.433333	0.001635
-72.400000	0.001713
-72.366667	0.001790
-72.333333	0.001885
-72.300000	0.002019
-72.266667	0.002124
-72.233333	0.002266
-72.200000	0.002406
-72.166667	0.002560
-72.133333	0.002723
-72.100000	0.002898
-72.066667	0.003085
-72.033333	0.003287
-72.000000	0.003498
-71.966667	0.003701
-71.933333	0.003915
-71.900000	0.004130
-71.866667	0.004355
-71.833333	0.004578
-71.800000	0.004793
-71.766667	0.004994
-71.733333	0.005177
-71.700000	0.005332
-71.666667	0.005452
-71.633333	0.005542
-71.600000	0.005593
-71.566667	0.005579
-71.533333	0.005482
-71.500000	0.005302
-71.466667	0.005026
-71.433333	0.004617
-71.400000	0.004102
-71.366667	0.003463
-71.333333	0.002701
-71.300000	0.001830
-71.266667	0.000829
-71.233333	-0.000248
-71.200000	-0.001436
-71.166667	-0.002694
-71.133333	-0.004015
-71.100000	-0.005382
-71.066667	-0.006752
-71.033333	-0.008100
-71.000000	-0.009401
-70.966667	-0.010602
-70.933333	-0.011690
-70.900000	-0.012632
-70.866667	-0.013399
-70.833333	-0.013969
-70.800000	-0.014323
-70.766667	-0.014458
-70.733333	-0.014390
-70.700000	-0.014118
-70.666667	-0.013653
-70.633333	-0.012997
-70.600000	-0.012159
-70.566667	-0.011185
-70.533333	-0.010102
-70.500000	-0.008912
-70.466667	-0.007666
-70.433333	-0.006388
-70.400000	-0.005114
-70.366667	-0.003873
-70.333333	-0.002673
-70.300000	-0.001558
-70.266667	-0.000536
-70.233333	0.000390
-70.200000	0.001210
-70.166667	0.001930
-70.133333	0.002548
-70.100000	0.003071
-70.066667	0.003522
-70.033333	0.003900
-70.000000	0.004227
-69.966667	0.004523
-69.933333	0.004767
-69.900000	0.004980
-69.866667	0.005164
-69.833333	0.005344
-69.800000	0.005503
-69.766667	0.005641
-69.733333	0.005747
-69.700000	0.005871
-69.666667	0.005988
-69.633333	0.006108
-69.600000	0.006210
-69.566667	0.006274
-69.533333	0.006320
-69.500000	0.006354
-69.466667	0.006349
-69.433333	0.006300
-69.400000	0.006228
-69.366667	0.006138
-69.333333	0.006032
-69.300000	0.005905
-69.266667	0.005808
-69.233333	0.005723
-69.200000	0.005651
-69.166667	0.005603
-69.133333	0.005567
-69.100000	0.005551
-69.066667	0.005555
-69.033333	0.005583
-69.000000	0.005643
-68.966667	0.005710
-68.933333	0.005793
-68.900000	0.005890
-68.866667	0.006006
-68.833333	0.006145
-68.800000	0.006280
-68.766667	0.006417
-68.733333	0.006546
-68.700000	0.006677
-68.666667	0.006780
-68.633333	0.006868
-68.600000	0.006930
-68.566667	0.006986
-68.533333	0.007032
-68.500000	0.007069
-68.466667	0.007096
-68.433333	0.007108
-68.400000	0.007133
-68.366667	0.007149
-68.333333	0.007164
-68.300000	0.007177
-68.266667	0.007178
-68.233333	0.007184
-68.200000	0.007172
-68.166667	0.007162
-68.133333	0.007144
-68.100000	0.007129
-68.066667	0.007118
-68.033333	0.007114
-68.000000	0.007105
-67.966667	0.007083
-67.933333	0.007082
-67.900000	0.007090
-67.866667	0.007104
-67.833333	0.007132
-67.800000	0.007190
-67.766667	0.007277
-67.733333	0.007368
-67.700000	0.007528
-67.666667	0.007733
-67.633333	0.007969
-67.600000	0.008255
-67.566667	0.008589
-67.533333	0.008960
-67.500000	0.009372
-67.466667	0.009811
-67.433333	0.010275
-67.400000	0.010770
-67.366667	0.011260
-67.333333	0.011753
-67.300000	0.012223
-67.266667	0.012661
-67.233333	0.013060
-67.200000	0.013385
-67.166667	0.013646
-67.133333	0.013834
-67.100000	0.013916
-67.066667	0.013907
-67.033333	0.013790
-67.000000	0.013573
-66.966667	0.013269
-66.933333	0.012879
-66.900000	0.012407
-66.866667	0.011840
-66.833333	0.011215
-66.800000	0.010524
-66.766667	0.009761
-66.733333	0.008933
-66.700000	0.008087
-66.666667	0.007186
-66.633333	0.006265
-66.600000	0.005360
-66.566667	0.004476
-66.533333	0.003633
-66.500000	0.002845
-66.466667	0.002122
-66.433333	0.001506
-66.400000	0.001006
-66.366667	0.000625
-66.333333	0.000393
-66.300000	0.000297
-66.266667	0.000367
-66.233333	0.000570
-66.200000	0.000924
-66.166667	0.001426
-66.133333	0.002075
-66.100000	0.002865
-66.066667	0.003821
-66.033333	0.004922
-66.000000	0.006172
-65.966667	0.007559
-65.933333	0.009076
-65.900000	0.010725
-65.866667	0.012486
-65.833333	0.014361
-65.800000	0.016307
-65.766667	0.018320
-65.733333	0.020388
-65.700000	0.022490
-65.666667	0.024613
-65.633333	0.026741
-65.600000	0.028874
-65.566667	0.030993
-65.533333	0.033080
-65.500000	0.035130
-65.466667	0.037153
-65.433333	0.039168
-65.400000	0.041178
-65.366667	0.043165
-65.333333	0.045146
-65.300000	0.047119
-65.266667	0.049095
-65.233333	0.051062
-65.200000	0.053070
-65.166667	0.055128
-65.133333	0.057274
-65.100000	0.059536
-65.066667	0.061952
-65.033333	0.064554
-65.000000	0.067363
-64.966667	0.070401
-64.933333	0.073684
-64.900000	0.077214
-64.866667	0.080977
-64.833333	0.084964
-64.800000	0.089181
-64.766667	0.093630
-64.733333	0.098298
-64.700000	0.103190
-64.666667	0.108317
-64.633333	0.113739
-64.600000	0.119471
-64.566667	0.125535
-64.533333	0.131952
-64.500000	0.138759
-64.466667	0.146016
-64.433333	0.153727
-64.400000	0.162011
-64.366667	0.170917
-64.333333	0.180602
-64.300000	0.191159
-64.266667	0.202715
-64.233333	0.215416
-64.200000	0.229380
-64.166667	0.244721
-64.133333	0.261526
-64.100000	0.279768
-64.066667	0.299277
-64.033333	0.319611
-64.000000	0.339972
-63.966667	0.359274
-63.933333	0.376064
-63.900000	0.388483
-63.866667	0.394329
-63.833333	0.391081
-63.800000	0.376069
-63.766667	0.346668
-63.733333	0.300527
-63.700000	0.235756
-63.666667	0.151103
-63.633333	0.046229
-63.600000	-0.078309
-63.566667	-0.220949
-63.533333	-0.379168
-63.500000	-0.549611
-63.466667	-0.728216
-63.433333	-0.910311
-63.400000	-1.090688
-63.366667	-1.264088
-63.333333	-1.425205
-63.300000	-1.568960
-63.266667	-1.690661
-63.233333	-1.786213
-63.200000	-1.852347
-63.166667	-1.886574
-63.133333	-1.887388
-63.100000	-1.854302
-63.066667	-1.787852
-63.033333	-1.689750
-63.000000	-1.562769
-62.966667	-1.410602
-62.933333	-1.237852
-62.900000	-1.049805
-62.866667	-0.852114
-62.833333	-0.650525
-62.800000	-0.450475
-62.766667	-0.256940
-62.733333	-0.074207
-62.700000	0.094206
-62.666667	0.245665
-62.633333	0.378517
-62.600000	0.491947
-62.566667	0.585906
-62.533333	0.661033
-62.500000	0.718413
-62.466667	0.759535
-62.433333	0.786177
-62.400000	0.800193
-62.366667	0.803336
-62.333333	0.797263
-62.300000	0.783506
-62.266667	0.763378
-62.233333	0.737990
-62.200000	0.708317
-62.166667	0.675328
-62.133333	0.639903
-62.100000	0.602863
-62.066667	0.564934
-62.033333	0.526730
-62.000000	0.488828
-61.966667	0.451774
-61.933333	0.416101
-61.900000	0.382290
-61.866667	0.350751
-61.833333	0.321934
-61.800000	0.296133
-61.766667	0.273467
-61.733333	0.253862
-61.700000	0.237124
-61.666667	0.222919
-61.633333	0.210960
-61.600000	0.200944
-61.566667	0.192505
-61.533333	0.185251
-61.500000	0.178784
-61.466667	0.172743
-61.433333	0.166804
-61.400000	0.160680
-61.366667	0.154110
-61.333333	0.146877
-61.300000	0.138908
-61.266667	0.130241
-61.233333	0.120971
-61.200000	0.111300
-61.166667	0.101504
-61.133333	0.091894
-61.100000	0.082790
-61.066667	0.074530
-61.033333	0.067445
-61.000000	0.061812
-60.966667	0.057845
-60.933333	0.055666
-60.900000	0.055216
-60.866667	0.056328
-60.833333	0.058799
-60.800000	0.062229
-60.766667	0.066171
-60.733333	0.070133
-60.700000	0.073679
-60.666667	0.076369
-60.633333	0.077889
-60.600000	0.077943
-60.566667	0.076268
-60.533333	0.072708
-60.500000	0.067236
-60.466667	0.059919
-60.433333	0.050877
-60.400000	0.040413
-60.366667	0.028828
-60.333333	0.016516
-60.300000	0.003947
-60.266667	-0.008430
-60.233333	-0.020167
-60.200000	-0.030786
-60.166667	-0.039845
-60.133333	-0.046947
-60.100000	-0.051754
-60.066667	-0.054015
-60.033333	-0.053615
-60.000000	-0.050585
-59.966667	-0.045067
-59.933333	-0.037347
-59.900000	-0.027804
-59.866667	-0.016843
-59.833333	-0.004940
-59.800000	0.007371
-59.766667	0.019554
-59.733333	0.031116
-59.700000	0.041605
-59.666667	0.050656
-59.633333	0.057985
-59.600000	0.063414
-59.566667	0.066843
-59.533333	0.068266
-59.500000	0.067804
-59.466667	0.065633
-59.433333	0.062006
-59.400000	0.057258
-59.366667	0.051621
-59.333333	0.045381
-59.300000	0.038772
-59.266667	0.032009
-59.233333	0.025312
-59.200000	0.018908
-59.166667	0.012921
-59.133333	0.007411
-59.100000	0.002379
-59.066667	-0.002264
-59.033333	-0.006664
-59.000000	-0.011024
-58.966667	-0.015463
-58.933333	-0.020111
-58.900000	-0.025017
-58.866667	-0.030222
-58.833333	-0.035714
-58.800000	-0.041484
-58.766667	-0.047376
-58.733333	-0.053224
-58.700000	-0.058831
-58.666667	-0.064004
-58.633333	-0.068565
-58.600000	-0.072371
-58.566667	-0.075306
-58.533333	-0.077249
-58.500000	-0.078083
-58.466667	-0.077712
-58.433333	-0.076134
-58.400000	-0.073404
-58.366667	-0.069620
-58.333333	-0.064872
-58.300000	-0.059358
-58.266667	-0.053227
-58.233333	-0.046656
-58.200000	-0.039806
-58.166667	-0.032882
-58.133333	-0.026077
-58.100000	-0.019549
-58.066667	-0.013437
-58.033333	-0.007893
-58.000000	-0.002986
-57.966667	0.001272
-57.933333	0.004830
-57.900000	0.007697
-57.866667	0.009875
-57.833333	0.011399
-57.800000	0.012259
-57.766667	0.012512
-57.733333	0.012135
-57.700000	0.011120
-57.666667	0.009458
-57.633333	0.007159
-57.600000	0.004240
-57.566667	0.000791
-57.533333	-0.003060
-57.500000	-0.007175
-57.466667	-0.011418
-57.433333	-0.015693
-57.400000	-0.019844
-57.366667	-0.023746
-57.333333	-0.027305
-57.300000	-0.030514
-57.266667	-0.033271
-57.233333	-0.035552
-57.200000	-0.037306
-57.166667	-0.038539
-57.133333	-0.039242
-57.100000	-0.039420
-57.066667	-0.039158
-57.033333	-0.038531
-57.000000	-0.037587
-56.966667	-0.036371
-56.933333	-0.034913
-56.900000	-0.033219
-56.866667	-0.031323
-56.833333	-0.029222
-56.800000	-0.027028
-56.766667	-0.024799
-56.733333	-0.022599
-56.700000	-0.020476
-56.666667	-0.018455
-56.633333	-0.016562
-56.600000	-0.014799
-56.566667	-0.013097
-56.533333	-0.011424
-56.500000	-0.009724
-56.466667	-0.007941
-56.433333	-0.006034
-56.400000	-0.003991
-56.366667	-0.001858
-56.333333	0.000345
-56.300000	0.002585
-56.266667	0.004881
-56.233333	0.007209
-56.200000	0.009518
-56.166667	0.011723
-56.133333	0.013729
-56.100000	0.015394
-56.066667	0.016586
-56.033333	0.017235
-56.000000	0.017337
-55.966667	0.016930
-55.933333	0.016038
-55.900000	0.014691
-55.866667	0.012910
-55.833333	0.010738
-55.800000	0.008197
-55.766667	0.005382
-55.733333	0.002318
-55.700000	-0.000939
-55.666667	-0.004362
-55.633333	-0.007897
-55.600000	-0.011453
-55.566667	-0.014955
-55.533333	-0.018383
-55.500000	-0.021667
-55.466667	-0.024759
-55.433333	-0.027639
-55.400000	-0.030245
-55.366667	-0.032550
-55.333333	-0.034516
-55.300000	-0.036141
-55.266667	-0.037433
-55.233333	-0.038423
-55.200000	-0.039157
-55.166667	-0.039703
-55.133333	-0.040153
-55.100000	-0.040533
-55.066667	-0.040828
-55.033333	-0.041043
-55.000000	-0.041124
-54.966667	-0.041094
-54.933333	-0.040925
-54.900000	-0.040639
-54.866667	-0.040275
-54.833333	-0.039835
-54.800000	-0.039305
-54.766667	-0.038746
-54.733333	-0.038179
-54.700000	-0.037595
-54.666667	-0.036976
-54.633333	-0.036254
-54.600000	-0.035375
-54.566667	-0.034245
-54.533333	-0.032809
-54.500000	-0.030943
-54.466667	-0.028547
-54.433333	-0.025601
-54.400000	-0.022112
-54.366667	-0.018175
-54.333333	-0.013902
-54.300000	-0.009423
-54.266667	-0.004876
-54.233333	-0.000414
-54.200000	0.003778
-54.166667	0.007508
-54.133333	0.010657
-54.100000	0.013143
-54.066667	0.014881
-54.033333	0.015788
-54.000000	0.015828
-53.966667	0.014999
-53.933333	0.013328
-53.900000	0.010842
-53.866667	0.007607
-53.833333	0.003761
-53.800000	-0.000548
-53.766667	-0.005209
-53.733333	-0.010065
-53.700000	-0.014968
-53.666667	-0.019755
-53.633333	-0.024258
-53.600000	-0.028284
-53.566667	-0.031641
-53.533333	-0.034234
-53.500000	-0.035962
-53.466667	-0.036852
-53.433333	-0.036991
-53.400000	-0.036476
-53.366667	-0.035419
-53.333333	-0.033930
-53.300000	-0.032143
-53.266667	-0.030199
-53.233333	-0.028219
-53.200000	-0.026265
-53.166667	-0.024368
-53.133333	-0.022542
-53.100000	-0.020809
-53.066667	-0.019170
-53.033333	-0.017634
-53.000000	-0.016164
-52.966667	-0.014722
-52.933333	-0.013302
-52.900000	-0.011880
-52.866667	-0.010457
-52.833333	-0.008989
-52.800000	-0.007436
-52.766667	-0.005809
-52.733333	-0.004075
-52.700000	-0.002218
-52.666667	-0.000217
-52.633333	0.001952
-52.600000	0.004295
-52.566667	0.006769
-52.533333	0.009287
-52.500000	0.011780
-52.466667	0.014121
-52.433333	0.016241
-52.400000	0.018065
-52.366667	0.019532
-52.333333	0.020588
-52.300000	0.021186
-52.266667	0.021312
-52.233333	0.020974
-52.200000	0.020167
-52.166667	0.018872
-52.133333	0.017090
-52.100000	0.014837
-52.066667	0.012129
-52.033333	0.008988
-52.000000	0.005478
-51.966667	0.001640
-51.933333	-0.002446
-51.900000	-0.006698
-51.866667	-0.011018
-51.833333	-0.015276
-51.800000	-0.019343
-51.766667	-0.023101
-51.733333	-0.026395
-51.700000	-0.029103
-51.666667	-0.031087
-51.633333	-0.032236
-51.600000	-0.032466
-51.566667	-0.031726
-51.533333	-0.029978
-51.500000	-0.027237
-51.466667	-0.023637
-51.433333	-0.019290
-51.400000	-0.014372
-51.366667	-0.009106
-51.333333	-0.003741
-51.300000	0.001462
-51.266667	0.006231
-51.233333	0.010352
-51.200000	0.013672
-51.166667	0.016105
-51.133333	0.017623
-51.100000	0.018223
-51.066667	0.017928
-51.033333	0.016838
-51.000000	0.015126
-50.966667	0.012968
-50.933333	0.010545
-50.900000	0.008058
-50.866667	0.005712
-50.833333	0.003668
-50.800000	0.002033
-50.766667	0.000915
-50.733333	0.000302
-50.700000	0.000235
-50.666667	0.000739
-50.633333	0.001770
-50.600000	0.003295
-50.566667	0.005222
-50.533333	0.007398
-50.500000	0.009637
-50.466667	0.011759
-50.433333	0.013616
-50.400000	0.015059
-50.366667	0.015902
-50.333333	0.016094
-50.300000	0.015552
-50.266667	0.014244
-50.233333	0.012226
-50.200000	0.009565
-50.166667	0.006363
-50.133333	0.002764
-50.100000	-0.001089
-50.066667	-0.005023
-50.033333	-0.008816
-50.000000	-0.012271
-49.966667	-0.015240
-49.933333	-0.017571
-49.900000	-0.019156
-49.866667	-0.019970
-49.833333	-0.020045
-49.800000	-0.019439
-49.766667	-0.018225
-49.733333	-0.016538
-49.700000	-0.014454
-49.666667	-0.012083
-49.633333	-0.009584
-49.600000	-0.007094
-49.566667	-0.004753
-49.533333	-0.002719
-49.500000	-0.001046
-49.466667	0.000187
-49.433333	0.000944
-49.400000	0.001204
-49.366667	0.000978
-49.333333	0.000397
-49.300000	-0.000494
-49.266667	-0.001531
-49.233333	-0.002573
-49.200000	-0.003515
-49.166667	-0.004212
-49.133333	-0.004515
-49.100000	-0.004356
-49.066667	-0.003709
-49.033333	-0.002554
-49.000000	-0.000882
-48.966667	0.001280
-48.933333	0.003892
-48.900000	0.006871
-48.866667	0.010136
-48.833333	0.013589
-48.800000	0.017098
-48.766667	0.020531
-48.733333	0.023769
-48.700000	0.026666
-48.666667	0.029085
-48.633333	0.030831
-48.600000	0.031746
-48.566667	0.031713
-48.533333	0.030652
-48.500000	0.028578
-48.466667	0.025430
-48.433333	0.021303
-48.400000	0.016340
-48.366667	0.010738
-48.333333	0.004722
-48.300000	-0.001462
-48.266667	-0.007580
-48.233333	-0.013422
-48.200000	-0.018751
-48.166667	-0.023346
-48.133333	-0.027067
-48.100000	-0.029832
-48.066667	-0.031576
-48.033333	-0.032253
-48.000000	-0.031877
-47.966667	-0.030527
-47.933333	-0.028313
-47.900000	-0.025386
-47.866667	-0.021917
-47.833333	-0.018136
-47.800000	-0.014305
-47.766667	-0.010641
-47.733333	-0.007355
-47.700000	-0.004666
-47.666667	-0.002745
-47.633333	-0.001691
-47.600000	-0.001481
-47.566667	-0.001951
-47.533333	-0.003029
-47.500000	-0.004536
-47.466667	-0.006310
-47.433333	-0.008077
-47.400000	-0.009590
-47.366667	-0.010670
-47.333333	-0.011196
-47.300000	-0.011038
-47.266667	-0.010146
-47.233333	-0.008491
-47.200000	-0.006047
-47.166667	-0.002907
-47.133333	0.000809
-47.100000	0.004921
-47.066667	0.009290
-47.033333	0.013687
-47.000000	0.017899
-46.966667	0.021671
-46.933333	0.024734
-46.900000	0.026859
-46.866667	0.027866
-46.833333	0.027570
-46.800000	0.025854
-46.766667	0.022711
-46.733333	0.018202
-46.700000	0.012482
-46.666667	0.005830
-46.633333	-0.001409
-46.600000	-0.008849
-46.566667	-0.016118
-46.533333	-0.022967
-46.500000	-0.029045
-46.466667	-0.034108
-46.433333	-0.037969
-46.400000	-0.040537
-46.366667	-0.041824
-46.333333	-0.041892
-46.300000	-0.040812
-46.266667	-0.038723
-46.233333	-0.035772
-46.200000	-0.032113
-46.166667	-0.027951
-46.133333	-0.023495
-46.100000	-0.018954
-46.066667	-0.014464
-46.033333	-0.010246
-46.000000	-0.006460
-45.966667	-0.003282
-45.933333	-0.000839
-45.900000	0.000803
-45.866667	0.001578
-45.833333	0.001447
-45.800000	0.000437
-45.766667	-0.001351
-45.733333	-0.003745
-45.700000	-0.006548
-45.666667	-0.009487
-45.633333	-0.012346
-45.600000	-0.014919
-45.566667	-0.017017
-45.533333	-0.018517
-45.500000	-0.019314
-45.466667	-0.019341
-45.433333	-0.018639
-45.400000	-0.017299
-45.366667	-0.015417
-45.333333	-0.013051
-45.300000	-0.010339
-45.266667	-0.007450
-45.233333	-0.004522
-45.200000	-0.001688
-45.166667	0.000915
-45.133333	0.003161
-45.100000	0.004942
-45.066667	0.006168
-45.033333	0.006777
-45.000000	0.006742
-44.966667	0.006057
-44.933333	0.004735
-44.900000	0.002808
-44.866667	0.000330
-44.833333	-0.002578
-44.800000	-0.005763
-44.766667	-0.009056
-44.733333	-0.012291
-44.700000	-0.015308
-44.666667	-0.017920
-44.633333	-0.020027
-44.600000	-0.021526
-44.566667	-0.022380
-44.533333	-0.022585
-44.500000	-0.022180
-44.466667	-0.021257
-44.433333	-0.019928
-44.400000	-0.018283
-44.366667	-0.016384
-44.333333	-0.014300
-44.300000	-0.012163
-44.266667	-0.010100
-44.233333	-0.008145
-44.200000	-0.006393
-44.166667	-0.004955
-44.133333	-0.003890
-44.100000	-0.003273
-44.066667	-0.003107
-44.033333	-0.003365
-44.000000	-0.003982
-43.966667	-0.004846
-43.933333	-0.005789
-43.900000	-0.006679
-43.866667	-0.007435
-43.833333	-0.007912
-43.800000	-0.007985
-43.766667	-0.007583
-43.733333	-0.006670
-43.700000	-0.005231
-43.666667	-0.003309
-43.633333	-0.000966
-43.600000	0.001728
-43.566667	0.004632
-43.533333	0.007587
-43.500000	0.010448
-43.466667	0.013120
-43.433333	0.015516
-43.400000	0.017554
-43.366667	0.019168
-43.333333	0.020243
-43.300000	0.020719
-43.266667	0.020542
-43.233333	0.019698
-43.200000	0.018129
-43.166667	0.015864
-43.133333	0.012993
-43.100000	0.009630
-43.066667	0.005908
-43.033333	0.001962
-43.000000	-0.002026
-42.966667	-0.005884
-42.933333	-0.009482
-42.900000	-0.012732
-42.866667	-0.015600
-42.833333	-0.017987
-42.800000	-0.019888
-42.766667	-0.021340
-42.733333	-0.022399
-42.700000	-0.023117
-42.666667	-0.023595
-42.633333	-0.023884
-42.600000	-0.024052
-42.566667	-0.024164
-42.533333	-0.024223
-42.500000	-0.024165
-42.466667	-0.023943
-42.433333	-0.023534
-42.400000	-0.022924
-42.366667	-0.022075
-42.333333	-0.020992
-42.300000	-0.019635
-42.266667	-0.018036
-42.233333	-0.016244
-42.200000	-0.014314
-42.166667	-0.012279
-42.133333	-0.010196
-42.100000	-0.008153
-42.066667	-0.006236
-42.033333	-0.004500
-42.000000	-0.002969
-41.966667	-0.001657
-41.933333	-0.000540
-41.900000	0.000333
-41.866667	0.000945
-41.833333	0.001311
-41.800000	0.001410
-41.766667	0.001253
-41.733333	0.000858
-41.700000	0.000233
-41.666667	-0.000633
-41.633333	-0.001684
-41.600000	-0.002852
-41.566667	-0.004129
-41.533333	-0.005403
-41.500000	-0.006656
-41.466667	-0.007862
-41.433333	-0.009011
-41.400000	-0.010094
-41.366667	-0.011093
-41.333333	-0.012019
-41.300000	-0.012899
-41.266667	-0.013766
-41.233333	-0.014618
-41.200000	-0.015438
-41.166667	-0.016204
-41.133333	-0.016901
-41.100000	-0.017514
-41.066667	-0.018008
-41.033333	-0.018368
-41.000000	-0.018550
-40.966667	-0.018536
-40.933333	-0.018329
-40.900000	-0.017982
-40.866667	-0.017468
-40.833333	-0.016820
-40.800000	-0.016053
-40.766667	-0.015148
-40.733333	-0.014132
-40.700000	-0.013037
-40.666667	-0.011904
-40.633333	-0.010766
-40.600000	-0.009671
-40.566667	-0.008691
-40.533333	-0.007780
-40.500000	-0.007005
-40.466667	-0.006359
-40.433333	-0.005836
-40.400000	-0.005404
-40.366667	-0.005044
-40.333333	-0.004744
-40.300000	-0.004474
-40.266667	-0.004171
-40.233333	-0.003821
-40.200000	-0.003428
-40.166667	-0.002999
-40.133333	-0.002511
-40.100000	-0.001979
-40.066667	-0.001431
-40.033333	-0.000897
-40.000000	-0.000382
-39.966667	0.000092
-39.933333	0.000535
-39.900000	0.000930
-39.866667	0.001246
-39.833333	0.001491
-39.800000	0.001679
-39.766667	0.001780
-39.733333	0.001789
-39.700000	0.001691
-39.666667	0.001480
-39.633333	0.001158
-39.600000	0.000732
-39.566667	0.000223
-39.533333	-0.000339
-39.500000	-0.000940
-39.466667	-0.001545
-39.433333	-0.002133
-39.400000	-0.002685
-39.366667	-0.003219
-39.333333	-0.003743
-39.300000	-0.004252
-39.266667	-0.004766
-39.233333	-0.005336
-39.200000	-0.005959
-39.166667	-0.006619
-39.133333	-0.007301
-39.100000	-0.008038
-39.066667	-0.008838
-39.033333	-0.009700
-39.000000	-0.010626
-38.966667	-0.011583
-38.933333	-0.012517
-38.900000	-0.013442
-38.866667	-0.014293
-38.833333	-0.015009
-38.800000	-0.015542
-38.766667	-0.015864
-38.733333	-0.015908
-38.700000	-0.015676
-38.666667	-0.015111
-38.633333	-0.014212
-38.600000	-0.012985
-38.566667	-0.011441
-38.533333	-0.009610
-38.500000	-0.007557
-38.466667	-0.005327
-38.433333	-0.002991
-38.400000	-0.000599
-38.366667	0.001787
-38.333333	0.004140
-38.300000	0.006405
-38.266667	0.008584
-38.233333	0.010672
-38.200000	0.012686
-38.166667	0.014619
-38.133333	0.016443
-38.100000	0.018114
-38.066667	0.019580
-38.033333	0.020815
-38.000000	0.021806
-37.966667	0.022566
-37.933333	0.023059
-37.900000	0.023235
-37.866667	0.023088
-37.833333	0.022604
-37.800000	0.021780
-37.766667	0.020599
-37.733333	0.019060
-37.700000	0.017197
-37.666667	0.015040
-37.633333	0.012581
-37.600000	0.009835
-37.566667	0.006810
-37.533333	0.003526
-37.500000	0.000001
-37.466667	-0.003714
-37.433333	-0.007549
-37.400000	-0.011441
-37.366667	-0.015302
-37.333333	-0.019010
-37.300000	-0.022485
-37.266667	-0.025621
-37.233333	-0.028348
-37.200000	-0.030588
-37.166667	-0.032336
-37.133333	-0.033526
-37.100000	-0.034149
-37.066667	-0.034202
-37.033333	-0.033678
-37.000000	-0.032575
-36.966667	-0.030921
-36.933333	-0.028776
-36.900000	-0.026165
-36.866667	-0.023123
-36.833333	-0.019687
-36.800000	-0.015953
-36.766667	-0.012009
-36.733333	-0.007929
-36.700000	-0.003793
-36.666667	0.000300
-36.633333	0.004265
-36.600000	0.008014
-36.566667	0.011486
-36.533333	0.014644
-36.500000	0.017431
-36.466667	0.019855
-36.433333	0.021923
-36.400000	0.023639
-36.366667	0.025078
-36.333333	0.026261
-36.300000	0.027218
-36.266667	0.027977
-36.233333	0.028576
-36.200000	0.029047
-36.166667	0.029411
-36.133333	0.029731
-36.100000	0.029944
-36.066667	0.030073
-36.033333	0.030116
-36.000000	0.030089
-35.966667	0.029980
-35.933333	0.029763
-35.900000	0.029440
-35.866667	0.028976
-35.833333	0.028335
-35.800000	0.027487
-35.766667	0.026408
-35.733333	0.025068
-35.700000	0.023457
-35.666667	0.021577
-35.633333	0.019438
-35.600000	0.017081
-35.566667	0.014580
-35.533333	0.012031
-35.500000	0.009488
-35.466667	0.007104
-35.433333	0.004963
-35.400000	0.003184
-35.366667	0.001864
-35.333333	0.001037
-35.300000	0.000761
-35.266667	0.001056
-35.233333	0.001902
-35.200000	0.003243
-35.166667	0.004994
-35.133333	0.007046
-35.100000	0.009259
-35.066667	0.011552
-35.033333	0.013789
-35.000000	0.015862
-34.966667	0.017642
-34.933333	0.019042
-34.900000	0.019999
-34.866667	0.020446
-34.833333	0.020371
-34.800000	0.019788
-34.766667	0.018729
-34.733333	0.017263
-34.700000	0.015483
-34.666667	0.013482
-34.633333	0.011368
-34.600000	0.009295
-34.566667	0.007369
-34.533333	0.005669
-34.500000	0.004307
-34.466667	0.003341
-34.433333	0.002803
-34.400000	0.002714
-34.366667	0.003048
-34.333333	0.003749
-34.300000	0.004766
-34.266667	0.006042
-34.233333	0.007476
-34.200000	0.008972
-34.166667	0.010419
-34.133333	0.011685
-34.100000	0.012703
-34.066667	0.013341
-34.033333	0.013532
-34.000000	0.013195
-33.966667	0.012296
-33.933333	0.010829
-33.900000	0.008803
-33.866667	0.006273
-33.833333	0.003347
-33.800000	0.000128
-33.766667	-0.003247
-33.733333	-0.006629
-33.700000	-0.009898
-33.666667	-0.012952
-33.633333	-0.015682
-33.600000	-0.017991
-33.566667	-0.019876
-33.533333	-0.021332
-33.500000	-0.022318
-33.466667	-0.022878
-33.433333	-0.022992
-33.400000	-0.022699
-33.366667	-0.022035
-33.333333	-0.021040
-33.300000	-0.019716
-33.266667	-0.018086
-33.233333	-0.016199
-33.200000	-0.014120
-33.166667	-0.011931
-33.133333	-0.009708
-33.100000	-0.007496
-33.066667	-0.005377
-33.033333	-0.003387
-33.000000	-0.001622
-32.966667	-0.000065
-32.933333	0.001259
-32.900000	0.002344
-32.866667	0.003220
-32.833333	0.003902
-32.800000	0.004397
-32.766667	0.004757
-32.733333	0.004976
-32.700000	0.005058
-32.666667	0.005006
-32.633333	0.004820
-32.600000	0.004502
-32.566667	0.004033
-32.533333	0.003423
-32.500000	0.002708
-32.466667	0.001900
-32.433333	0.001009
-32.400000	0.000028
-32.366667	-0.001004
-32.333333	-0.002097
-32.300000	-0.003228
-32.266667	-0.004413
-32.233333	-0.005650
-32.200000	-0.006962
-32.166667	-0.008340
-32.133333	-0.009762
-32.100000	-0.011189
-32.066667	-0.012565
-32.033333	-0.013878
-32.000000	-0.015058
-31.966667	-0.016019
-31.933333	-0.016725
-31.900000	-0.017121
-31.866667	-0.017151
-31.833333	-0.016793
-31.800000	-0.016010
-31.766667	-0.014798
-31.733333	-0.013201
-31.700000	-0.011242
-31.666667	-0.008973
-31.633333	-0.006480
-31.600000	-0.003768
-31.566667	-0.000903
-31.533333	0.002062
-31.500000	0.005062
-31.466667	0.008016
-31.433333	0.010847
-31.400000	0.013496
-31.366667	0.015920
-31.333333	0.018036
-31.300000	0.019823
-31.266667	0.021243
-31.233333	0.022287
-31.200000	0.022947
-31.166667	0.023257
-31.133333	0.023249
-31.100000	0.022965
-31.066667	0.022451
-31.033333	0.021748
-31.000000	0.020928
-30.966667	0.020032
-30.933333	0.019107
-30.900000	0.018180
-30.866667	0.017270
-30.833333	0.016367
-30.800000	0.015425
-30.766667	0.014411
-30.733333	0.013277
-30.700000	0.012035
-30.666667	0.010646
-30.633333	0.009123
-30.600000	0.007521
-30.566667	0.005830
-30.533333	0.004054
-30.500000	0.002214
-30.466667	0.000340
-30.433333	-0.001532
-30.400000	-0.003370
-30.366667	-0.005145
-30.333333	-0.006832
-30.300000	-0.008404
-30.266667	-0.009852
-30.233333	-0.011147
-30.200000	-0.012249
-30.166667	-0.013139
-30.133333	-0.013821
-30.100000	-0.014290
-30.066667	-0.014546
-30.033333	-0.014589
-30.000000	-0.014427
-29.966667	-0.014101
-29.933333	-0.013612
-29.900000	-0.013012
-29.866667	-0.012370
-29.833333	-0.011698
-29.800000	-0.011072
-29.766667	-0.010477
-29.733333	-0.009930
-29.700000	-0.009417
-29.666667	-0.008959
-29.633333	-0.008516
-29.600000	-0.008083
-29.566667	-0.007658
-29.533333	-0.007236
-29.500000	-0.006783
-29.466667	-0.006269
-29.433333	-0.005698
-29.400000	-0.005098
-29.366667	-0.004465
-29.333333	-0.003784
-29.300000	-0.003070
-29.266667	-0.002327
-29.233333	-0.001550
-29.200000	-0.000748
-29.166667	0.000044
-29.133333	0.000804
-29.100000	0.001536
-29.066667	0.002248
-29.033333	0.002937
-29.000000	0.003550
-28.966667	0.004060
-28.933333	0.004481
-28.900000	0.004753
-28.866667	0.004846
-28.833333	0.004761
-28.800000	0.004435
-28.766667	0.003896
-28.733333	0.003141
-28.700000	0.002122
-28.666667	0.000873
-28.633333	-0.000618
-28.600000	-0.002340
-28.566667	-0.004273
-28.533333	-0.006401
-28.500000	-0.008697
-28.466667	-0.011138
-28.433333	-0.013704
-28.400000	-0.016334
-28.366667	-0.018947
-28.333333	-0.021466
-28.300000	-0.023849
-28.266667	-0.026037
-28.233333	-0.027970
-28.200000	-0.029582
-28.166667	-0.030844
-28.133333	-0.031696
-28.100000	-0.032113
-28.066667	-0.032081
-28.033333	-0.031622
-28.000000	-0.030784
-27.966667	-0.029577
-27.933333	-0.028057
-27.900000	-0.026288
-27.866667	-0.024316
-27.833333	-0.022203
-27.800000	-0.019988
-27.766667	-0.017728
-27.733333	-0.015480
-27.700000	-0.013312
-27.666667	-0.011224
-27.633333	-0.009291
-27.600000	-0.007546
-27.566667	-0.006031
-27.533333	-0.004776
-27.500000	-0.003789
-27.466667	-0.003056
-27.433333	-0.002545
-27.400000	-0.002216
-27.366667	-0.002060
-27.333333	-0.002044
-27.300000	-0.002152
-27.266667	-0.002367
-27.233333	-0.002657
-27.200000	-0.003000
-27.166667	-0.003372
-27.133333	-0.003753
-27.100000	-0.004159
-27.066667	-0.004615
-27.033333	-0.005148
-27.000000	-0.005776
-26.966667	-0.006522
-26.933333	-0.007395
-26.900000	-0.008286
-26.866667	-0.009242
-26.833333	-0.010220
-26.800000	-0.011178
-26.766667	-0.012094
-26.733333	-0.012926
-26.700000	-0.013644
-26.666667	-0.014231
-26.633333	-0.014681
-26.600000	-0.014994
-26.566667	-0.015154
-26.533333	-0.015135
-26.500000	-0.014950
-26.466667	-0.014563
-26.433333	-0.013993
-26.400000	-0.013219
-26.366667	-0.012253
-26.333333	-0.011083
-26.300000	-0.009730
-26.266667	-0.008192
-26.233333	-0.006477
-26.200000	-0.004603
-26.166667	-0.002600
-26.133333	-0.000530
-26.100000	0.001531
-26.066667	0.003527
-26.033333	0.005406
-26.000000	0.007129
-25.966667	0.008668
-25.933333	0.010026
-25.900000	0.011221
-25.866667	0.012150
-25.833333	0.012870
-25.800000	0.013371
-25.766667	0.013660
-25.733333	0.013739
-25.700000	0.013606
-25.666667	0.013257
-25.633333	0.012708
-25.600000	0.011990
-25.566667	0.011145
-25.533333	0.010209
-25.500000	0.009194
-25.466667	0.008153
-25.433333	0.007085
-25.400000	0.006031
-25.366667	0.005006
-25.333333	0.004053
-25.300000	0.003155
-25.266667	0.002361
-25.233333	0.001652
-25.200000	0.001005
-25.166667	0.000389
-25.133333	-0.000240
-25.100000	-0.000925
-25.066667	-0.001674
-25.033333	-0.002552
-25.000000	-0.003564
-24.966667	-0.004729
-24.933333	-0.006052
-24.900000	-0.007539
-24.866667	-0.009174
-24.833333	-0.010927
-24.800000	-0.012785
-24.766667	-0.014734
-24.733333	-0.016756
-24.700000	-0.018827
-24.666667	-0.020919
-24.633333	-0.022996
-24.600000	-0.025033
-24.566667	-0.027020
-24.533333	-0.028951
-24.500000	-0.030793
-24.466667	-0.032564
-24.433333	-0.034246
-24.400000	-0.035832
-24.366667	-0.037300
-24.333333	-0.038641
-24.300000	-0.039877
-24.266667	-0.040985
-24.233333	-0.042004
-24.200000	-0.042947
-24.166667	-0.043814
-24.133333	-0.044591
-24.100000	-0.045263
-24.066667	-0.045812
-24.033333	-0.046250
-24.000000	-0.046570
-23.966667	-0.046792
-23.933333	-0.046907
-23.900000	-0.046922
-23.866667	-0.046846
-23.833333	-0.046684
-23.800000	-0.046474
-23.766667	-0.046212
-23.733333	-0.045893
-23.700000	-0.045507
-23.666667	-0.045034
-23.633333	-0.044476
-23.600000	-0.043854
-23.566667	-0.043168
-23.533333	-0.042407
-23.500000	-0.041597
-23.466667	-0.040751
-23.433333	-0.039870
-23.400000	-0.038975
-23.366667	-0.038078
-23.333333	-0.037171
-23.300000	-0.036255
-23.266667	-0.035319
-23.233333	-0.034350
-23.200000	-0.033340
-23.166667	-0.032262
-23.133333	-0.031099
-23.100000	-0.029847
-23.066667	-0.028514
-23.033333	-0.027126
-23.000000	-0.025707
-22.966667	-0.024263
-22.933333	-0.022809
-22.900000	-0.021349
-22.866667	-0.019869
-22.833333	-0.018369
-22.800000	-0.016889
-22.766667	-0.015416
-22.733333	-0.013957
-22.700000	-0.012506
-22.666667	-0.011044
-22.633333	-0.009560
-22.600000	-0.008032
-22.566667	-0.006419
-22.533333	-0.004704
-22.500000	-0.002826
-22.466667	-0.000727
-22.433333	0.001598
-22.400000	0.004139
-22.366667	0.006877
-22.333333	0.009790
-22.300000	0.012830
-22.266667	0.015962
-22.233333	0.019127
-22.200000	0.022256
-22.166667	0.025275
-22.133333	0.028153
-22.100000	0.030828
-22.066667	0.033248
-22.033333	0.035395
-22.000000	0.037221
-21.966667	0.038715
-21.933333	0.039870
-21.900000	0.040696
-21.866667	0.041181
-21.833333	0.041318
-21.800000	0.041115
-21.766667	0.040602
-21.733333	0.039802
-21.700000	0.038754
-21.666667	0.037527
-21.633333	0.036130
-21.600000	0.034665
-21.566667	0.033179
-21.533333	0.031731
-21.500000	0.030398
-21.466667	0.029182
-21.433333	0.028097
-21.400000	0.027095
-21.366667	0.026178
-21.333333	0.025344
-21.300000	0.024578
-21.266667	0.023861
-21.233333	0.023159
-21.200000	0.022446
-21.166667	0.021746
-21.133333	0.021042
-21.100000	0.020326
-21.066667	0.019613
-21.033333	0.018933
-21.000000	0.018289
-20.966667	0.017707
-20.933333	0.017219
-20.900000	0.016844
-20.866667	0.016611
-20.833333	0.016508
-20.800000	0.016567
-20.766667	0.016750
-20.733333	0.017033
-20.700000	0.017449
-20.666667	0.017964
-20.633333	0.018580
-20.600000	0.019334
-20.566667	0.020186
-20.533333	0.021138
-20.500000	0.022180
-20.466667	0.023291
-20.433333	0.024430
-20.400000	0.025545
-20.366667	0.026609
-20.333333	0.027574
-20.300000	0.028390
-20.266667	0.029028
-20.233333	0.029465
-20.200000	0.029685
-20.166667	0.029691
-20.133333	0.029455
-20.100000	0.029024
-20.066667	0.028426
-20.033333	0.027699
-20.000000	0.026884
-19.966667	0.026027
-19.933333	0.025208
-19.900000	0.024476
-19.866667	0.023888
-19.833333	0.023479
-19.800000	0.023339
-19.766667	0.023439
-19.733333	0.023824
-19.700000	0.024494
-19.666667	0.025388
-19.633333	0.026507
-19.600000	0.027783
-19.566667	0.029160
-19.533333	0.030551
-19.500000	0.031878
-19.466667	0.033072
-19.433333	0.034018
-19.400000	0.034664
-19.366667	0.034954
-19.333333	0.034905
-19.300000	0.034527
-19.266667	0.033856
-19.233333	0.032925
-19.200000	0.031784
-19.166667	0.030495
-19.133333	0.029129
-19.100000	0.027769
-19.066667	0.026510
-19.033333	0.025434
-19.000000	0.024619
-18.966667	0.024137
-18.933333	0.024038
-18.900000	0.024341
-18.866667	0.025058
-18.833333	0.026174
-18.800000	0.027652
-18.766667	0.029382
-18.733333	0.031313
-18.700000	0.033303
-18.666667	0.035217
-18.633333	0.036943
-18.600000	0.038353
-18.566667	0.039347
-18.533333	0.039855
-18.500000	0.039856
-18.466667	0.039355
-18.433333	0.038348
-18.400000	0.036891
-18.366667	0.035035
-18.333333	0.032885
-18.300000	0.030510
-18.266667	0.028014
-18.233333	0.025463
-18.200000	0.022916
-18.166667	0.020438
-18.133333	0.018112
-18.100000	0.015987
-18.066667	0.014084
-18.033333	0.012420
-18.000000	0.011014
-17.966667	0.009854
-17.933333	0.008904
-17.900000	0.008135
-17.866667	0.007496
-17.833333	0.006906
-17.800000	0.006311
-17.766667	0.005624
-17.733333	0.004813
-17.700000	0.003798
-17.666667	0.002539
-17.633333	0.001056
-17.600000	-0.000654
-17.566667	-0.002539
-17.533333	-0.004567
-17.500000	-0.006670
-17.466667	-0.008771
-17.433333	-0.010816
-17.400000	-0.012750
-17.366667	-0.014461
-17.333333	-0.015887
-17.300000	-0.016959
-17.266667	-0.017630
-17.233333	-0.017905
-17.200000	-0.017793
-17.166667	-0.017307
-17.133333	-0.016492
-17.100000	-0.015389
-17.066667	-0.014043
-17.033333	-0.012469
-17.000000	-0.010709
-16.966667	-0.008832
-16.933333	-0.006910
-16.900000	-0.005007
-16.866667	-0.003205
-16.833333	-0.001565
-16.800000	-0.000126
-16.766667	0.001056
-16.733333	0.001945
-16.700000	0.002508
-16.666667	0.002740
-16.633333	0.002669
-16.600000	0.002320
-16.566667	0.001723
-16.533333	0.000942
-16.500000	0.000015
-16.466667	-0.001005
-16.433333	-0.002060
-16.400000	-0.003107
-16.366667	-0.004082
-16.333333	-0.004985
-16.300000	-0.005772
-16.266667	-0.006424
-16.233333	-0.006940
-16.200000	-0.007317
-16.166667	-0.007567
-16.133333	-0.007680
-16.100000	-0.007647
-16.066667	-0.007485
-16.033333	-0.007210
-16.000000	-0.006856
-15.966667	-0.006461
-15.933333	-0.006045
-15.900000	-0.005640
-15.866667	-0.005251
-15.833333	-0.004892
-15.800000	-0.004558
-15.766667	-0.004246
-15.733333	-0.003947
-15.700000	-0.003641
-15.666667	-0.003310
-15.633333	-0.002916
-15.600000	-0.002460
-15.566667	-0.001938
-15.533333	-0.001341
-15.500000	-0.000725
-15.466667	-0.000086
-15.433333	0.000550
-15.400000	0.001133
-15.366667	0.001653
-15.333333	0.002112
-15.300000	0.002540
-15.266667	0.002955
-15.233333	0.003362
-15.200000	0.003730
-15.166667	0.004032
-15.133333	0.004261
-15.100000	0.004393
-15.066667	0.004424
-15.033333	0.004340
-15.000000	0.004125
-14.966667	0.003777
-14.933333	0.003309
-14.900000	0.002717
-14.866667	0.002023
-14.833333	0.001245
-14.800000	0.000427
-14.766667	-0.000429
-14.733333	-0.001285
-14.700000	-0.002137
-14.666667	-0.003001
-14.633333	-0.003837
-14.600000	-0.004714
-14.566667	-0.005611
-14.533333	-0.006527
-14.500000	-0.007461
-14.466667	-0.008403
-14.433333	-0.009328
-14.400000	-0.010191
-14.366667	-0.010924
-14.333333	-0.011467
-14.300000	-0.011788
-14.266667	-0.011875
-14.233333	-0.011781
-14.200000	-0.011507
-14.166667	-0.011071
-14.133333	-0.010482
-14.100000	-0.009756
-14.066667	-0.008908
-14.033333	-0.007992
-14.000000	-0.007009
-13.966667	-0.005977
-13.933333	-0.004905
-13.900000	-0.003814
-13.866667	-0.002730
-13.833333	-0.001664
-13.800000	-0.000644
-13.766667	0.000284
-13.733333	0.001100
-13.700000	0.001771
-13.666667	0.002292
-13.633333	0.002674
-13.600000	0.002860
-13.566667	0.002895
-13.533333	0.002798
-13.500000	0.002575
-13.466667	0.002236
-13.433333	0.001816
-13.400000	0.001352
-13.366667	0.000819
-13.333333	0.000239
-13.300000	-0.000368
-13.266667	-0.001040
-13.233333	-0.001792
-13.200000	-0.002580
-13.166667	-0.003429
-13.133333	-0.004317
-13.100000	-0.005253
-13.066667	-0.006226
-13.033333	-0.007240
-13.000000	-0.008257
-12.966667	-0.009287
-12.933333	-0.010315
-12.900000	-0.011339
-12.866667	-0.012349
-12.833333	-0.013322
-12.800000	-0.014253
-12.766667	-0.015107
-12.733333	-0.015846
-12.700000	-0.016459
-12.666667	-0.016931
-12.633333	-0.017280
-12.600000	-0.017515
-12.566667	-0.017629
-12.533333	-0.017627
-12.500000	-0.017500
-12.466667	-0.017276
-12.433333	-0.016947
-12.400000	-0.016534
-12.366667	-0.016077
-12.333333	-0.015558
-12.300000	-0.014992
-12.266667	-0.014435
-12.233333	-0.013887
-12.200000	-0.013372
-12.166667	-0.012913
-12.133333	-0.012523
-12.100000	-0.012223
-12.066667	-0.012011
-12.033333	-0.011893
-12.000000	-0.011856
-11.966667	-0.011879
-11.933333	-0.011936
-11.900000	-0.012007
-11.866667	-0.012077
-11.833333	-0.012132
-11.800000	-0.012160
-11.766667	-0.012139
-11.733333	-0.012069
-11.700000	-0.011967
-11.666667	-0.011812
-11.633333	-0.011621
-11.600000	-0.011381
-11.566667	-0.011073
-11.533333	-0.010702
-11.500000	-0.010246
-11.466667	-0.009753
-11.433333	-0.009220
-11.400000	-0.008674
-11.366667	-0.008135
-11.333333	-0.007622
-11.300000	-0.007155
-11.266667	-0.006768
-11.233333	-0.006479
-11.200000	-0.006313
-11.166667	-0.006290
-11.133333	-0.006423
-11.100000	-0.006718
-11.066667	-0.007167
-11.033333	-0.007754
-11.000000	-0.008457
-10.966667	-0.009257
-10.933333	-0.010144
-10.900000	-0.011101
-10.866667	-0.012106
-10.833333	-0.013134
-10.800000	-0.014129
-10.766667	-0.015051
-10.733333	-0.015860
-10.700000	-0.016507
-10.666667	-0.016945
-10.633333	-0.017123
-10.600000	-0.016993
-10.566667	-0.016588
-10.533333	-0.015916
-10.500000	-0.015033
-10.466667	-0.014027
-10.433333	-0.012949
-10.400000	-0.011834
-10.366667	-0.010745
-10.333333	-0.009742
-10.300000	-0.008884
-10.266667	-0.008217
-10.233333	-0.007776
-10.200000	-0.007585
-10.166667	-0.007654
-10.133333	-0.007983
-10.100000	-0.008556
-10.066667	-0.009347
-10.033333	-0.010306
-10.000000	-0.011390
-9.966667	-0.012537
-9.933333	-0.013677
-9.900000	-0.014734
-9.866667	-0.015643
-9.833333	-0.016334
-9.800000	-0.016731
-9.766667	-0.016814
-9.733333	-0.016562
-9.700000	-0.015983
-9.666667	-0.015113
-9.633333	-0.014012
-9.600000	-0.012774
-9.566667	-0.011523
-9.533333	-0.010313
-9.500000	-0.009258
-9.466667	-0.008400
-9.433333	-0.007755
-9.400000	-0.007326
-9.366667	-0.007121
-9.333333	-0.007170
-9.300000	-0.007443
-9.266667	-0.007905
-9.233333	-0.008527
-9.200000	-0.009283
-9.166667	-0.010148
-9.133333	-0.011092
-9.100000	-0.012077
-9.066667	-0.013057
-9.033333	-0.013969
-9.000000	-0.014789
-8.966667	-0.015481
-8.933333	-0.015993
-8.900000	-0.016307
-8.866667	-0.016397
-8.833333	-0.016275
-8.800000	-0.015972
-8.766667	-0.015548
-8.733333	-0.015058
-8.700000	-0.014567
-8.666667	-0.014123
-8.633333	-0.013767
-8.600000	-0.013524
-8.566667	-0.013411
-8.533333	-0.013448
-8.500000	-0.013619
-8.466667	-0.013919
-8.433333	-0.014312
-8.400000	-0.014748
-8.366667	-0.015211
-8.333333	-0.015688
-8.300000	-0.016125
-8.266667	-0.016504
-8.233333	-0.016825
-8.200000	-0.017082
-8.166667	-0.017265
-8.133333	-0.017370
-8.100000	-0.017387
-8.066667	-0.017312
-8.033333	-0.017126
-8.000000	-0.016824
-7.966667	-0.016380
-7.933333	-0.015763
-7.900000	-0.014992
-7.866667	-0.014090
-7.833333	-0.013074
-7.800000	-0.012006
-7.766667	-0.010901
-7.733333	-0.009773
-7.700000	-0.008661
-7.666667	-0.007587
-7.633333	-0.006564
-7.600000	-0.005642
-7.566667	-0.004850
-7.533333	-0.004215
-7.500000	-0.003741
-7.466667	-0.003448
-7.433333	-0.003327
-7.400000	-0.003380
-7.366667	-0.003621
-7.333333	-0.004042
-7.300000	-0.004643
-7.266667	-0.005404
-7.233333	-0.006339
-7.200000	-0.007433
-7.166667	-0.008681
-7.133333	-0.010062
-7.100000	-0.011539
-7.066667	-0.013046
-7.033333	-0.014518
-7.000000	-0.015904
-6.966667	-0.017154
-6.933333	-0.018227
-6.900000	-0.019094
-6.866667	-0.019728
-6.833333	-0.020115
-6.800000	-0.020311
-6.766667	-0.020311
-6.733333	-0.020149
-6.700000	-0.019874
-6.666667	-0.019505
-6.633333	-0.019072
-6.600000	-0.018629
-6.566667	-0.018171
-6.533333	-0.017686
-6.500000	-0.017201
-6.466667	-0.016663
-6.433333	-0.016083
-6.400000	-0.015449
-6.366667	-0.014768
-6.333333	-0.014053
-6.300000	-0.013314
-6.266667	-0.012544
-6.233333	-0.011778
-6.200000	-0.011016
-6.166667	-0.010268
-6.133333	-0.009519
-6.100000	-0.008749
-6.066667	-0.007941
-6.033333	-0.007125
-6.000000	-0.006285
-5.966667	-0.005431
-5.933333	-0.004571
-5.900000	-0.003741
-5.866667	-0.002988
-5.833333	-0.002376
-5.800000	-0.001961
-5.766667	-0.001764
-5.733333	-0.001814
-5.700000	-0.002133
-5.666667	-0.002732
-5.633333	-0.003585
-5.600000	-0.004682
-5.566667	-0.005947
-5.533333	-0.007340
-5.500000	-0.008827
-5.466667	-0.010320
-5.433333	-0.011820
-5.400000	-0.013273
-5.366667	-0.014656
-5.333333	-0.015937
-5.300000	-0.017082
-5.266667	-0.018058
-5.233333	-0.018874
-5.200000	-0.019541
-5.166667	-0.020040
-5.133333	-0.020378
-5.100000	-0.020558
-5.066667	-0.020594
-5.033333	-0.020475
-5.000000	-0.020197
-4.966667	-0.019779
-4.933333	-0.019237
-4.900000	-0.018598
-4.866667	-0.017906
-4.833333	-0.017189
-4.800000	-0.016468
-4.766667	-0.015764
-4.733333	-0.015116
-4.700000	-0.014547
-4.666667	-0.014074
-4.633333	-0.013675
-4.600000	-0.013380
-4.566667	-0.013158
-4.533333	-0.013024
-4.500000	-0.012956
-4.466667	-0.012942
-4.433333	-0.012968
-4.400000	-0.013021
-4.366667	-0.013091
-4.333333	-0.013168
-4.300000	-0.013248
-4.266667	-0.013333
-4.233333	-0.013422
-4.200000	-0.013501
-4.166667	-0.013591
-4.133333	-0.013697
-4.100000	-0.013790
-4.066667	-0.013904
-4.033333	-0.014011
-4.000000	-0.014143
-3.966667	-0.014289
-3.933333	-0.014465
-3.900000	-0.014673
-3.866667	-0.014923
-3.833333	-0.015200
-3.800000	-0.015498
-3.766667	-0.015809
-3.733333	-0.016125
-3.700000	-0.016430
-3.666667	-0.016711
-3.633333	-0.016945
-3.600000	-0.017146
-3.566667	-0.017288
-3.533333	-0.017395
-3.500000	-0.017440
-3.466667	-0.017420
-3.433333	-0.017347
-3.400000	-0.017211
-3.366667	-0.017018
-3.333333	-0.016772
-3.300000	-0.016510
-3.266667	-0.016234
-3.233333	-0.015937
-3.200000	-0.015647
-3.166667	-0.015403
-3.133333	-0.015204
-3.100000	-0.015062
-3.066667	-0.014992
-3.033333	-0.015002
-3.000000	-0.015080
-2.966667	-0.015227
-2.933333	-0.015428
-2.900000	-0.015667
-2.866667	-0.015930
-2.833333	-0.016190
-2.800000	-0.016404
-2.766667	-0.016531
-2.733333	-0.016540
-2.700000	-0.016405
-2.666667	-0.016124
-2.633333	-0.015690
-2.600000	-0.015113
-2.566667	-0.014385
-2.533333	-0.013502
-2.500000	-0.012443
-2.466667	-0.011247
-2.433333	-0.009937
-2.400000	-0.008522
-2.366667	-0.007071
-2.333333	-0.005638
-2.300000	-0.004259
-2.266667	-0.002958
-2.233333	-0.001790
-2.200000	-0.000799
-2.166667	-0.000027
-2.133333	0.000483
-2.100000	0.000718
-2.066667	0.000662
-2.033333	0.000285
-2.000000	-0.000359
-1.966667	-0.001253
-1.933333	-0.002319
-1.900000	-0.003554
-1.866667	-0.004875
-1.833333	-0.006227
-1.800000	-0.007544
-1.766667	-0.008786
-1.733333	-0.009927
-1.700000	-0.010966
-1.666667	-0.011917
-1.633333	-0.012765
-1.600000	-0.013471
-1.566667	-0.014009
-1.533333	-0.014367
-1.500000	-0.014552
-1.466667	-0.014574
-1.433333	-0.014441
-1.400000	-0.014195
-1.366667	-0.013825
-1.333333	-0.013379
-1.300000	-0.012856
-1.266667	-0.012295
-1.233333	-0.011714
-1.200000	-0.011124
-1.166667	-0.010510
-1.133333	-0.009918
-1.100000	-0.009329
-1.066667	-0.008727
-1.033333	-0.008082
-1.000000	-0.007356
-0.966667	-0.006531
-0.933333	-0.005625
-0.900000	-0.004639
-0.866667	-0.003571
-0.833333	-0.002446
-0.800000	-0.001268
-0.766667	-0.000067
-0.733333	0.001128
-0.700000	0.002286
-0.666667	0.003383
-0.633333	0.004418
-0.600000	0.005380
-0.566667	0.006235
-0.533333	0.006958
-0.500000	0.007524
-0.466667	0.007895
-0.433333	0.008099
-0.400000	0.008095
-0.366667	0.007918
-0.333333	0.007517
-0.300000	0.006931
-0.266667	0.006172
-0.233333	0.005257
-0.200000	0.004212
-0.166667	0.003076
-0.133333	0.001840
-0.100000	0.000611
-0.066667	-0.000591
-0.033333	-0.001714
-0.000000	-0.002735
0.033333	-0.003635
0.066667	-0.004389
0.100000	-0.004967
0.133333	-0.005405
0.166667	-0.005672
0.200000	-0.005767
0.233333	-0.005702
0.266667	-0.005507
0.300000	-0.005187
0.333333	-0.004788
0.366667	-0.004324
0.400000	-0.003803
0.433333	-0.003325
0.466667	-0.002864
0.500000	-0.002476
0.533333	-0.002178
0.566667	-0.001972
0.600000	-0.001929
0.633333	-0.002027
0.666667	-0.002273
0.700000	-0.002647
0.733333	-0.003132
0.766667	-0.003691
0.800000	-0.004295
0.833333	-0.004921
0.866667	-0.005501
0.900000	-0.006008
0.933333	-0.006461
0.966667	-0.006828
1.000000	-0.007143
1.033333	-0.007399
1.066667	-0.007595
1.100000	-0.007748
1.133333	-0.007874
1.166667	-0.007960
1.200000	-0.007999
1.233333	-0.008034
1.266667	-0.008044
1.300000	-0.008028
1.333333	-0.008007
1.366667	-0.007958
1.400000	-0.007891
1.433333	-0.007864
1.466667	-0.007822
1.500000	-0.007841
1.533333	-0.007926
1.566667	-0.008088
1.600000	-0.008318
1.633333	-0.008600
1.666667	-0.008916
1.700000	-0.009261
1.733333	-0.009633
1.766667	-0.009997
1.800000	-0.010365
1.833333	-0.010739
1.866667	-0.011099
1.900000	-0.011485
1.933333	-0.011885
1.966667	-0.012324
2.000000	-0.012799
2.033333	-0.013285
2.066667	-0.013758
2.100000	-0.014209
2.133333	-0.014629
2.166667	-0.014991
2.200000	-0.015275
2.233333	-0.015477
2.266667	-0.015545
2.300000	-0.015513
2.333333	-0.015352
2.366667	-0.015067
2.400000	-0.014664
2.433333	-0.014168
2.466667	-0.013583
2.500000	-0.012932
2.533333	-0.012219
2.566667	-0.011445
2.600000	-0.010611
2.633333	-0.009728
2.666667	-0.008802
2.700000	-0.007846
2.733333	-0.006859
2.766667	-0.005838
2.800000	-0.004804
2.833333	-0.003764
2.866667	-0.002711
2.900000	-0.001670
2.933333	-0.000632
2.966667	0.000379
3.000000	0.001390
3.033333	0.002380
3.066667	0.003338
3.100000	0.004251
3.133333	0.005129
3.166667	0.005903
3.200000	0.006616
3.233333	0.007232
3.266667	0.007739
3.300000	0.008116
3.333333	0.008393
3.366667	0.008546
3.400000	0.008571
3.433333	0.008510
3.466667	0.008329
3.500000	0.008050
3.533333	0.007677
3.566667	0.007227
3.600000	0.006714
3.633333	0.006162
3.666667	0.005593
3.700000	0.005028
3.733333	0.004494
3.766667	0.004011
3.800000	0.003607
3.833333	0.003300
3.866667	0.003099
3.900000	0.002998
3.933333	0.003009
3.966667	0.003123
4.000000	0.003349
4.033333	0.003657
4.066667	0.004050
4.100000	0.004523
4.133333	0.005056
4.166667	0.005601
4.200000	0.006217
4.233333	0.006838
4.266667	0.007460
4.300000	0.008061
4.333333	0.008631
4.366667	0.009152
4.400000	0.009642
4.433333	0.010116
4.466667	0.010505
4.500000	0.010832
4.533333	0.011088
4.566667	0.011321
4.600000	0.011520
4.633333	0.011657
4.666667	0.011767
4.700000	0.011841
4.733333	0.011870
4.766667	0.011854
4.800000	0.011795
4.833333	0.011678
4.866667	0.011503
4.900000	0.011262
4.933333	0.010948
4.966667	0.010587
5.000000	0.010170
5.033333	0.009693
5.066667	0.009167
5.100000	0.008587
5.133333	0.007954
5.166667	0.007275
5.200000	0.006562
5.233333	0.005813
5.266667	0.005040
5.300000	0.004259
5.333333	0.003484
5.366667	0.002749
5.400000	0.002070
5.433333	0.001429
5.466667	0.000822
5.500000	0.000286
5.533333	-0.000186
5.566667	-0.000575
5.600000	-0.000918
5.633333	-0.001214
5.666667	-0.001448
5.700000	-0.001622
5.733333	-0.001767
5.766667	-0.001867
5.800000	-0.001933
5.833333	-0.001974
5.866667	-0.001990
5.900000	-0.001996
5.933333	-0.001996
5.966667	-0.001983
6.000000	-0.001981
6.033333	-0.001979
6.066667	-0.001975
6.100000	-0.001978
6.133333	-0.001979
6.166667	-0.001973
6.200000	-0.001951
6.233333	-0.001908
6.266667	-0.001842
6.300000	-0.001753
6.333333	-0.001639
6.366667	-0.001491
6.400000	-0.001301
6.433333	-0.001090
6.466667	-0.000846
6.500000	-0.000571
6.533333	-0.000280
6.566667	0.000043
6.600000	0.000390
6.633333	0.000753
6.666667	0.001118
6.700000	0.001512
6.733333	0.001886
6.766667	0.002258
6.800000	0.002610
6.833333	0.002932
6.866667	0.003214
6.900000	0.003446
6.933333	0.003615
6.966667	0.003729
7.000000	0.003756
7.033333	0.003727
7.066667	0.003634
7.100000	0.003440
7.133333	0.003181
7.166667	0.002854
7.200000	0.002463
7.233333	0.002011
7.266667	0.001490
7.300000	0.000922
7.333333	0.000311
7.366667	-0.000322
7.400000	-0.000962
7.433333	-0.001620
7.466667	-0.002260
7.500000	-0.002881
7.533333	-0.003461
7.566667	-0.004001
7.600000	-0.004496
7.633333	-0.004935
7.666667	-0.005304
7.700000	-0.005615
7.733333	-0.005879
7.766667	-0.006080
7.800000	-0.006197
7.833333	-0.006294
7.866667	-0.006301
7.900000	-0.006245
7.933333	-0.006135
7.966667	-0.005955
8.000000	-0.005717
8.033333	-0.005395
8.066667	-0.005017
8.100000	-0.004591
8.133333	-0.004090
8.166667	-0.003535
8.200000	-0.002941
8.233333	-0.002313
8.266667	-0.001659
8.300000	-0.000974
8.333333	-0.000277
8.366667	0.000427
8.400000	0.001113
8.433333	0.001749
8.466667	0.002319
8.500000	0.002792
8.533333	0.003164
8.566667	0.003366
8.600000	0.003411
8.633333	0.003277
8.666667	0.002961
8.700000	0.002450
8.733333	0.001784
8.766667	0.000934
8.800000	-0.000053
8.833333	-0.001211
8.866667	-0.002458
8.900000	-0.003828
8.933333	-0.005250
8.966667	-0.006718
9.000000	-0.008166
9.033333	-0.009576
9.066667	-0.010905
9.100000	-0.012119
9.133333	-0.013179
9.166667	-0.014060
9.200000	-0.014736
9.233333	-0.015198
9.266667	-0.015449
9.300000	-0.015473
9.333333	-0.015305
9.366667	-0.014963
9.400000	-0.014488
9.433333	-0.013907
9.466667	-0.013231
9.500000	-0.012488
9.533333	-0.011692
9.566667	-0.010896
9.600000	-0.010094
9.633333	-0.009338
9.666667	-0.008645
9.700000	-0.008037
9.733333	-0.007526
9.766667	-0.007135
9.800000	-0.006824
9.833333	-0.006628
9.866667	-0.006532
9.900000	-0.006513
9.933333	-0.006558
9.966667	-0.006674
10.000000	-0.006805
10.033333	-0.006964
10.066667	-0.007128
10.100000	-0.007280
10.133333	-0.007408
10.166667	-0.007502
10.200000	-0.007557
10.233333	-0.007574
10.266667	-0.007556
10.300000	-0.007494
10.333333	-0.007418
10.366667	-0.007315
10.400000	-0.007193
10.433333	-0.007040
10.466667	-0.006859
10.500000	-0.006665
10.533333	-0.006457
10.566667	-0.006256
10.600000	-0.006068
10.633333	-0.005896
10.666667	-0.005738
10.700000	-0.005581
10.733333	-0.005415
10.766667	-0.005242
10.800000	-0.005061
10.833333	-0.004876
10.866667	-0.004690
10.900000	-0.004500
10.933333	-0.004304
10.966667	-0.004102
11.000000	-0.003893
11.033333	-0.003680
11.066667	-0.003461
11.100000	-0.003233
11.133333	-0.002998
11.166667	-0.002756
11.200000	-0.002512
11.233333	-0.002271
11.266667	-0.002039
11.300000	-0.001819
11.333333	-0.001613
11.366667	-0.001421
11.400000	-0.001244
11.433333	-0.001081
11.466667	-0.000935
11.500000	-0.000804
11.533333	-0.000683
11.566667	-0.000573
11.600000	-0.000474
11.633333	-0.000384
11.666667	-0.000304
11.700000	-0.000233
11.733333	-0.000171
11.766667	-0.000118
11.800000	-0.000074
11.833333	-0.000038
11.866667	-0.000011
11.900000	0.000010
11.933333	0.000022
11.966667	0.000027
