-88.000000	-0.000005
-87.966667	-0.000005
-87.933333	-0.000006
-87.900000	-0.000005
-87.866667	-0.000005
-87.833333	-0.000004
-87.800000	-0.000002
-87.766667	-0.000001
-87.733333	0.000001
-87.700000	0.000003
-87.666667	0.000005
-87.633333	0.000007
-87.600000	0.000009
-87.566667	0.000012
-87.533333	0.000014
-87.500000	0.000016
-87.466667	0.000018
-87.433333	0.000020
-87.400000	0.000021
-87.366667	0.000023
-87.333333	0.000024
-87.300000	0.000025
-87.266667	0.000026
-87.233333	0.000026
-87.200000	0.000025
-87.166667	0.000024
-87.133333	0.000022
-87.100000	0.000019
-87.066667	0.000016
-87.033333	0.000011
-87.000000	0.000005
-86.966667	-0.000003
-86.933333	-0.000011
-86.900000	-0.000022
-86.866667	-0.000037
-86.833333	-0.000054
-86.800000	-0.000068
-86.766667	-0.000089
-86.733333	-0.000109
-86.700000	-0.000131
-86.666667	-0.000154
-86.633333	-0.000181
-86.600000	-0.000216
-86.566667	-0.000238
-86.533333	-0.000265
-86.500000	-0.000297
-86.466667	-0.000333
-86.433333	-0.000370
-86.400000	-0.000396
-86.366667	-0.000423
-86.333333	-0.000457
-86.300000	-0.000485
-86.266667	-0.000516
-86.233333	-0.000541
-86.200000	-0.000567
-86.166667	-0.000591
-86.133333	-0.000612
-86.100000	-0.000634
-86.066667	-0.000658
-86.033333	-0.000682
-86.000000	-0.000696
-85.966667	-0.000720
-85.933333	-0.000730
-85.900000	-0.000757
-85.866667	-0.000777
-85.833333	-0.000794
-85.800000	-0.000808
-85.766667	-0.000828
-85.733333	-0.000851
-85.700000	-0.000877
-85.666667	-0.000884
-85.633333	-0.000918
-85.600000	-0.000945
-85.566667	-0.000956
-85.533333	-0.000985
-85.500000	-0.001014
-85.466667	-0.001035
-85.433333	-0.001055
-85.400000	-0.001092
-85.366667	-0.001120
-85.333333	-0.001146
-85.300000	-0.001173
-85.266667	-0.001206
-85.233333	-0.001235
-85.200000	-0.001271
-85.166667	-0.001306
-85.133333	-0.001338
-85.100000	-0.001380
-85.066667	-0.001414
-85.033333	-0.001447
-85.000000	-0.001490
-84.966667	-0.001529
-84.933333	-0.001563
-84.900000	-0.001607
-84.866667	-0.001639
-84.833333	-0.001676
-84.800000	-0.001711
-84.766667	-0.001746
-84.733333	-0.001777
-84.700000	-0.001799
-84.666667	-0.001821
-84.633333	-0.001860
-84.600000	-0.001866
-84.566667	-0.001871
-84.533333	-0.001903
-84.500000	-0.001900
-84.466667	-0.001910
-84.433333	-0.001920
-84.400000	-0.001932
-84.366667	-0.001915
-84.333333	-0.001912
-84.300000	-0.001913
-84.266667	-0.001907
-84.233333	-0.001898
-84.200000	-0.001895
-84.166667	-0.001887
-84.133333	-0.001866
-84.100000	-0.001857
-84.066667	-0.001852
-84.033333	-0.001838
-84.000000	-0.001830
-83.966667	-0.001810
-83.933333	-0.001798
-83.900000	-0.001783
-83.866667	-0.001770
-83.833333	-0.001757
-83.800000	-0.001742
-83.766667	-0.001727
-83.733333	-0.001709
-83.700000	-0.001696
-83.666667	-0.001694
-83.633333	-0.001673
-83.600000	-0.001661
-83.566667	-0.001656
-83.533333	-0.001657
-83.500000	-0.001634
-83.466667	-0.001639
-83.433333	-0.001635
-83.400000	-0.001632
-83.366667	-0.001627
-83.333333	-0.001636
-83.300000	-0.001633
-83.266667	-0.001640
-83.233333	-0.001649
-83.200000	-0.001656
-83.166667	-0.001663
-83.133333	-0.001668
-83.100000	-0.001687
-83.066667	-0.001699
-83.033333	-0.001704
-83.000000	-0.001721
-82.966667	-0.001735
-82.933333	-0.001748
-82.900000	-0.001762
-82.866667	-0.001776
-82.833333	-0.001791
-82.800000	-0.001805
-82.766667	-0.001818
-82.733333	-0.001830
-82.700000	-0.001843
-82.666667	-0.001858
-82.633333	-0.001859
-82.600000	-0.001871
-82.566667	-0.001874
-82.533333	-0.001877
-82.500000	-0.001876
-82.466667	-0.001873
-82.433333	-0.001866
-82.400000	-0.001856
-82.366667	-0.001846
-82.333333	-0.001831
-82.300000	-0.001804
-82.266667	-0.001786
-82.233333	-0.001755
-82.200000	-0.001721
-82.166667	-0.001686
-82.133333	-0.001643
-82.100000	-0.001594
-82.066667	-0.001541
-82.033333	-0.001490
-82.000000	-0.001420
-81.966667	-0.001350
-81.933333	-0.001292
-81.900000	-0.001205
-81.866667	-0.001130
-81.833333	-0.001045
-81.800000	-0.000959
-81.766667	-0.000870
-81.733333	-0.000779
-81.700000	-0.000686
-81.666667	-0.000590
-81.633333	-0.000495
-81.600000	-0.000410
-81.566667	-0.000315
-81.533333	-0.000225
-81.500000	-0.000142
-81.466667	-0.000057
-81.433333	0.000016
-81.400000	0.000085
-81.366667	0.000149
-81.333333	0.000209
-81.300000	0.000265
-81.266667	0.000324
-81.233333	0.000383
-81.200000	0.000421
-81.166667	0.000448
-81.133333	0.000478
-81.100000	0.000512
-81.066667	0.000543
-81.033333	0.000554
-81.000000	0.000580
-80.966667	0.000581
-80.933333	0.000577
-80.900000	0.000591
-80.866667	0.000602
-80.833333	0.000586
-80.800000	0.000573
-80.766667	0.000563
-80.733333	0.000545
-80.700000	0.000523
-80.666667	0.000492
-80.633333	0.000458
-80.600000	0.000415
-80.566667	0.000379
-80.533333	0.000329
-80.500000	0.000272
-80.466667	0.000217
-80.433333	0.000151
-80.400000	0.000086
-80.366667	0.000017
-80.333333	-0.000051
-80.300000	-0.000121
-80.266667	-0.000191
-80.233333	-0.000272
-80.200000	-0.000367
-80.166667	-0.000455
-80.133333	-0.000515
-80.100000	-0.000601
-80.066667	-0.000687
-80.033333	-0.000780
-80.000000	-0.000852
-79.966667	-0.000937
-79.933333	-0.001003
-79.900000	-0.001061
-79.866667	-0.001123
-79.833333	-0.001220
-79.800000	-0.001274
-79.766667	-0.001327
-79.733333	-0.001383
-79.700000	-0.001436
-79.666667	-0.001486
-79.633333	-0.001529
-79.600000	-0.001576
-79.566667	-0.001617
-79.533333	-0.001652
-79.500000	-0.001687
-79.466667	-0.001735
-79.433333	-0.001764
-79.400000	-0.001804
-79.366667	-0.001833
-79.333333	-0.001889
-79.300000	-0.001916
-79.266667	-0.001956
-79.233333	-0.001997
-79.200000	-0.002040
-79.166667	-0.002079
-79.133333	-0.002116
-79.100000	-0.002174
-79.066667	-0.002208
-79.033333	-0.002246
-79.000000	-0.002280
-78.966667	-0.002312
-78.933333	-0.002344
-78.900000	-0.002380
-78.866667	-0.002417
-78.833333	-0.002446
-78.800000	-0.002466
-78.766667	-0.002485
-78.733333	-0.002501
-78.700000	-0.002519
-78.666667	-0.002533
-78.633333	-0.002547
-78.600000	-0.002551
-78.566667	-0.002563
-78.533333	-0.002567
-78.500000	-0.002575
-78.466667	-0.002581
-78.433333	-0.002567
-78.400000	-0.002576
-78.366667	-0.002578
-78.333333	-0.002593
-78.300000	-0.002570
-78.266667	-0.002579
-78.233333	-0.002579
-78.200000	-0.002575
-78.166667	-0.002569
-78.133333	-0.002572
-78.100000	-0.002571
-78.066667	-0.002568
-78.033333	-0.002564
-78.000000	-0.002564
-77.966667	-0.002566
-77.933333	-0.002568
-77.900000	-0.002566
-77.866667	-0.002576
-77.833333	-0.002581
-77.800000	-0.002586
-77.766667	-0.002599
-77.733333	-0.002610
-77.700000	-0.002629
-77.666667	-0.002646
-77.633333	-0.002664
-77.600000	-0.002684
-77.566667	-0.002712
-77.533333	-0.002724
-77.500000	-0.002745
-77.466667	-0.002767
-77.433333	-0.002783
-77.400000	-0.002806
-77.366667	-0.002821
-77.333333	-0.002821
-77.300000	-0.002820
-77.266667	-0.002817
-77.233333	-0.002802
-77.200000	-0.002776
-77.166667	-0.002749
-77.133333	-0.002721
-77.100000	-0.002677
-77.066667	-0.002629
-77.033333	-0.002570
-77.000000	-0.002500
-76.966667	-0.002446
-76.933333	-0.002376
-76.900000	-0.002304
-76.866667	-0.002231
-76.833333	-0.002148
-76.800000	-0.002082
-76.766667	-0.002023
-76.733333	-0.001945
-76.700000	-0.001886
-76.666667	-0.001826
-76.633333	-0.001777
-76.600000	-0.001737
-76.566667	-0.001702
-76.533333	-0.001668
-76.500000	-0.001640
-76.466667	-0.001604
-76.433333	-0.001569
-76.400000	-0.001561
-76.366667	-0.001549
-76.333333	-0.001540
-76.300000	-0.001531
-76.266667	-0.001515
-76.233333	-0.001502
-76.200000	-0.001491
-76.166667	-0.001485
-76.133333	-0.001482
-76.100000	-0.001468
-76.066667	-0.001458
-76.033333	-0.001445
-76.000000	-0.001433
-75.966667	-0.001436
-75.933333	-0.001415
-75.900000	-0.001405
-75.866667	-0.001395
-75.833333	-0.001391
-75.800000	-0.001393
-75.766667	-0.001387
-75.733333	-0.001377
-75.700000	-0.001382
-75.666667	-0.001376
-75.633333	-0.001375
-75.600000	-0.001373
-75.566667	-0.001373
-75.533333	-0.001371
-75.500000	-0.001369
-75.466667	-0.001362
-75.433333	-0.001357
-75.400000	-0.001365
-75.366667	-0.001366
-75.333333	-0.001361
-75.300000	-0.001348
-75.266667	-0.001342
-75.233333	-0.001340
-75.200000	-0.001341
-75.166667	-0.001337
-75.133333	-0.001317
-75.100000	-0.001289
-75.066667	-0.001297
-75.033333	-0.001291
-75.000000	-0.001283
-74.966667	-0.001264
-74.933333	-0.001254
-74.900000	-0.001244
-74.866667	-0.001235
-74.833333	-0.001224
-74.800000	-0.001215
-74.766667	-0.001199
-74.733333	-0.001179
-74.700000	-0.001155
-74.666667	-0.001132
-74.633333	-0.001119
-74.600000	-0.001123
-74.566667	-0.001128
-74.533333	-0.001112
-74.500000	-0.001074
-74.466667	-0.001043
-74.433333	-0.001033
-74.400000	-0.001030
-74.366667	-0.001013
-74.333333	-0.000995
-74.300000	-0.000980
-74.266667	-0.000966
-74.233333	-0.000945
-74.200000	-0.000910
-74.166667	-0.000871
-74.133333	-0.000832
-74.100000	-0.000808
-74.066667	-0.000785
-74.033333	-0.000727
-74.000000	-0.000677
-73.966667	-0.000625
-73.933333	-0.000571
-73.900000	-0.000507
-73.866667	-0.000455
-73.833333	-0.000382
-73.800000	-0.000298
-73.766667	-0.000226
-73.733333	-0.000154
-73.700000	-0.000076
-73.666667	-0.000006
-73.633333	0.000060
-73.600000	0.000116
-73.566667	0.000199
-73.533333	0.000280
-73.500000	0.000348
-73.466667	0.000392
-73.433333	0.000434
-73.400000	0.000479
-73.366667	0.000519
-73.333333	0.000555
-73.300000	0.000583
-73.266667	0.000627
-73.233333	0.000670
-73.200000	0.000696
-73.166667	0.000701
-73.133333	0.000718
-73.100000	0.000744
-73.066667	0.000773
-73.033333	0.000792
-73.000000	0.000809
-72.966667	0.000835
-72.933333	0.000865
-72.900000	0.000891
-72.866667	0.000922
-72.833333	0.000972
-72.800000	0.001004
-72.766667	0.001038
-72.733333	0.001074
-72.700000	0.001118
-72.666667	0.001160
-72.633333	0.001212
-72.600000	0.001252
-72.566667	0.001334
-72.533333	0.001375
-72.500000	0.001418
-72.466667	0.001465
-72.433333	0.001521
-72.400000	0.001585
-72.366667	0.001643
-72.333333	0.001717
-72.300000	0.001789
-72.266667	0.001865
-72.233333	0.001924
-72.200000	0.001989
-72.166667	0.002071
-72.133333	0.002167
-72.100000	0.002260
-72.066667	0.002346
-72.033333	0.002438
-72.000000	0.002549
-71.966667	0.002670
-71.933333	0.002791
-71.900000	0.002915
-71.866667	0.003046
-71.833333	0.003178
-71.800000	0.003304
-71.766667	0.003440
-71.733333	0.003567
-71.700000	0.003698
-71.666667	0.003820
-71.633333	0.003928
-71.600000	0.004019
-71.566667	0.004104
-71.533333	0.004132
-71.500000	0.004150
-71.466667	0.004138
-71.433333	0.004085
-71.400000	0.003982
-71.366667	0.003832
-71.333333	0.003647
-71.300000	0.003407
-71.266667	0.003116
-71.233333	0.002788
-71.200000	0.002423
-71.166667	0.002010
-71.133333	0.001553
-71.100000	0.001067
-71.066667	0.000551
-71.033333	0.000021
-71.000000	-0.000519
-70.966667	-0.001076
-70.933333	-0.001642
-70.900000	-0.002200
-70.866667	-0.002741
-70.833333	-0.003266
-70.800000	-0.003777
-70.766667	-0.004260
-70.733333	-0.004708
-70.700000	-0.005147
-70.666667	-0.005543
-70.633333	-0.005907
-70.600000	-0.006234
-70.566667	-0.006530
-70.533333	-0.006777
-70.500000	-0.006978
-70.466667	-0.007136
-70.433333	-0.007206
-70.400000	-0.007219
-70.366667	-0.007167
-70.333333	-0.007061
-70.300000	-0.006890
-70.266667	-0.006650
-70.233333	-0.006343
-70.200000	-0.005971
-70.166667	-0.005531
-70.133333	-0.005034
-70.100000	-0.004488
-70.066667	-0.003884
-70.033333	-0.003219
-70.000000	-0.002538
-69.966667	-0.001847
-69.933333	-0.001136
-69.900000	-0.000423
-69.866667	0.000266
-69.833333	0.000916
-69.800000	0.001521
-69.766667	0.002070
-69.733333	0.002551
-69.700000	0.002961
-69.666667	0.003316
-69.633333	0.003604
-69.600000	0.003828
-69.566667	0.003994
-69.533333	0.004115
-69.500000	0.004188
-69.466667	0.004218
-69.433333	0.004229
-69.400000	0.004185
-69.366667	0.004127
-69.333333	0.004058
-69.300000	0.003994
-69.266667	0.003945
-69.233333	0.003914
-69.200000	0.003905
-69.166667	0.003921
-69.133333	0.003953
-69.100000	0.004008
-69.066667	0.004091
-69.033333	0.004188
-69.000000	0.004273
-68.966667	0.004374
-68.933333	0.004487
-68.900000	0.004594
-68.866667	0.004688
-68.833333	0.004776
-68.800000	0.004859
-68.766667	0.004931
-68.733333	0.004993
-68.700000	0.005055
-68.666667	0.005107
-68.633333	0.005146
-68.600000	0.005172
-68.566667	0.005191
-68.533333	0.005206
-68.500000	0.005217
-68.466667	0.005223
-68.433333	0.005233
-68.400000	0.005243
-68.366667	0.005260
-68.333333	0.005293
-68.300000	0.005323
-68.266667	0.005361
-68.233333	0.005399
-68.200000	0.005437
-68.166667	0.005472
-68.133333	0.005506
-68.100000	0.005544
-68.066667	0.005587
-68.033333	0.005618
-68.000000	0.005653
-67.966667	0.005688
-67.933333	0.005725
-67.900000	0.005765
-67.866667	0.005808
-67.833333	0.005855
-67.800000	0.005900
-67.766667	0.005949
-67.733333	0.006012
-67.700000	0.006068
-67.666667	0.006141
-67.633333	0.006218
-67.600000	0.006299
-67.566667	0.006390
-67.533333	0.006500
-67.500000	0.006601
-67.466667	0.006715
-67.433333	0.006832
-67.400000	0.006946
-67.366667	0.007065
-67.333333	0.007186
-67.300000	0.007296
-67.266667	0.007410
-67.233333	0.007514
-67.200000	0.007607
-67.166667	0.007687
-67.133333	0.007760
-67.100000	0.007819
-67.066667	0.007852
-67.033333	0.007872
-67.000000	0.007875
-66.966667	0.007854
-66.933333	0.007810
-66.900000	0.007738
-66.866667	0.007620
-66.833333	0.007494
-66.800000	0.007322
-66.766667	0.007117
-66.733333	0.006865
-66.700000	0.006550
-66.666667	0.006195
-66.633333	0.005775
-66.600000	0.005301
-66.566667	0.004778
-66.533333	0.004179
-66.500000	0.003542
-66.466667	0.002860
-66.433333	0.002135
-66.400000	0.001379
-66.366667	0.000602
-66.333333	-0.000187
-66.300000	-0.000978
-66.266667	-0.001752
-66.233333	-0.002492
-66.200000	-0.003177
-66.166667	-0.003783
-66.133333	-0.004290
-66.100000	-0.004683
-66.066667	-0.004943
-66.033333	-0.005049
-66.000000	-0.005013
-65.966667	-0.004809
-65.933333	-0.004468
-65.900000	-0.003955
-65.866667	-0.003293
-65.833333	-0.002458
-65.800000	-0.001506
-65.766667	-0.000404
-65.733333	0.000794
-65.700000	0.002119
-65.666667	0.003529
-65.633333	0.005018
-65.600000	0.006563
-65.566667	0.008147
-65.533333	0.009756
-65.500000	0.011408
-65.466667	0.013046
-65.433333	0.014694
-65.400000	0.016334
-65.366667	0.017980
-65.333333	0.019621
-65.300000	0.021269
-65.266667	0.022942
-65.233333	0.024634
-65.200000	0.026363
-65.166667	0.028134
-65.133333	0.029955
-65.100000	0.031843
-65.066667	0.033820
-65.033333	0.035896
-65.000000	0.038064
-64.966667	0.040337
-64.933333	0.042745
-64.900000	0.045318
-64.866667	0.048048
-64.833333	0.050981
-64.800000	0.054092
-64.766667	0.057456
-64.733333	0.061030
-64.700000	0.064894
-64.666667	0.069045
-64.633333	0.073544
-64.600000	0.078411
-64.566667	0.083710
-64.533333	0.089446
-64.500000	0.095650
-64.466667	0.102341
-64.433333	0.109529
-64.400000	0.117220
-64.366667	0.125414
-64.333333	0.134087
-64.300000	0.143215
-64.266667	0.152735
-64.233333	0.162577
-64.200000	0.172656
-64.166667	0.182832
-64.133333	0.192924
-64.100000	0.202724
-64.066667	0.211982
-64.033333	0.220383
-64.000000	0.227579
-63.966667	0.233203
-63.933333	0.236908
-63.900000	0.238292
-63.866667	0.237004
-63.833333	0.232697
-63.800000	0.225066
-63.766667	0.213890
-63.733333	0.198943
-63.700000	0.180144
-63.666667	0.157421
-63.633333	0.130727
-63.600000	0.100027
-63.566667	0.065338
-63.533333	0.026677
-63.500000	-0.015932
-63.466667	-0.062447
-63.433333	-0.112803
-63.400000	-0.166916
-63.366667	-0.224604
-63.333333	-0.285594
-63.300000	-0.349507
-63.266667	-0.415816
-63.233333	-0.483821
-63.200000	-0.552702
-63.166667	-0.621452
-63.133333	-0.688900
-63.100000	-0.753764
-63.066667	-0.814696
-63.033333	-0.870301
-63.000000	-0.919191
-62.966667	-0.960017
-62.933333	-0.991558
-62.900000	-1.012753
-62.866667	-1.022698
-62.833333	-1.020698
-62.800000	-1.006380
-62.766667	-0.979616
-62.733333	-0.940579
-62.700000	-0.889761
-62.666667	-0.827939
-62.633333	-0.756217
-62.600000	-0.675997
-62.566667	-0.588856
-62.533333	-0.496573
-62.500000	-0.401131
-62.466667	-0.304497
-62.433333	-0.208654
-62.400000	-0.115461
-62.366667	-0.026599
-62.333333	0.056456
-62.300000	0.132486
-62.266667	0.200564
-62.233333	0.260100
-62.200000	0.310819
-62.166667	0.352738
-62.133333	0.386094
-62.100000	0.411310
-62.066667	0.428985
-62.033333	0.439851
-62.000000	0.444697
-61.966667	0.444295
-61.933333	0.439446
-61.900000	0.430942
-61.866667	0.419512
-61.833333	0.405830
-61.800000	0.390474
-61.766667	0.373988
-61.733333	0.356851
-61.700000	0.339467
-61.666667	0.322199
-61.633333	0.305344
-61.600000	0.289093
-61.566667	0.273679
-61.533333	0.259260
-61.500000	0.245926
-61.466667	0.233775
-61.433333	0.222862
-61.400000	0.213234
-61.366667	0.204870
-61.333333	0.197719
-61.300000	0.191706
-61.266667	0.186735
-61.233333	0.182704
-61.200000	0.179497
-61.166667	0.176944
-61.133333	0.174874
-61.100000	0.173147
-61.066667	0.171641
-61.033333	0.170242
-61.000000	0.168851
-60.966667	0.167339
-60.933333	0.165610
-60.900000	0.163637
-60.866667	0.161358
-60.833333	0.158792
-60.800000	0.155954
-60.766667	0.152865
-60.733333	0.149578
-60.700000	0.146136
-60.666667	0.142624
-60.633333	0.139091
-60.600000	0.135560
-60.566667	0.132097
-60.533333	0.128729
-60.500000	0.125454
-60.466667	0.122250
-60.433333	0.119099
-60.400000	0.115958
-60.366667	0.112765
-60.333333	0.109455
-60.300000	0.105972
-60.266667	0.102253
-60.233333	0.098244
-60.200000	0.093888
-60.166667	0.089162
-60.133333	0.084063
-60.100000	0.078632
-60.066667	0.072916
-60.033333	0.066975
-60.000000	0.060859
-59.966667	0.054632
-59.933333	0.048394
-59.900000	0.042272
-59.866667	0.036343
-59.833333	0.030757
-59.800000	0.025622
-59.766667	0.021023
-59.733333	0.017015
-59.700000	0.013681
-59.666667	0.011048
-59.633333	0.009118
-59.600000	0.007859
-59.566667	0.007227
-59.533333	0.007151
-59.500000	0.007510
-59.466667	0.008205
-59.433333	0.009113
-59.400000	0.010108
-59.366667	0.011059
-59.333333	0.011843
-59.300000	0.012334
-59.266667	0.012418
-59.233333	0.012018
-59.200000	0.011110
-59.166667	0.009683
-59.133333	0.007733
-59.100000	0.005317
-59.066667	0.002454
-59.033333	-0.000782
-59.000000	-0.004323
-58.966667	-0.008066
-58.933333	-0.011919
-58.900000	-0.015803
-58.866667	-0.019619
-58.833333	-0.023291
-58.800000	-0.026731
-58.766667	-0.029897
-58.733333	-0.032757
-58.700000	-0.035270
-58.666667	-0.037458
-58.633333	-0.039339
-58.600000	-0.040959
-58.566667	-0.042352
-58.533333	-0.043552
-58.500000	-0.044597
-58.466667	-0.045501
-58.433333	-0.046277
-58.400000	-0.046949
-58.366667	-0.047509
-58.333333	-0.047924
-58.300000	-0.048174
-58.266667	-0.048236
-58.233333	-0.048071
-58.200000	-0.047654
-58.166667	-0.046984
-58.133333	-0.046028
-58.100000	-0.044766
-58.066667	-0.043220
-58.033333	-0.041391
-58.000000	-0.039347
-57.966667	-0.037071
-57.933333	-0.034609
-57.900000	-0.032036
-57.866667	-0.029385
-57.833333	-0.026714
-57.800000	-0.024070
-57.766667	-0.021519
-57.733333	-0.019112
-57.700000	-0.016911
-57.666667	-0.014997
-57.633333	-0.013343
-57.600000	-0.012031
-57.566667	-0.011039
-57.533333	-0.010394
-57.500000	-0.010087
-57.466667	-0.010089
-57.433333	-0.010372
-57.400000	-0.010931
-57.366667	-0.011717
-57.333333	-0.012699
-57.300000	-0.013873
-57.266667	-0.015228
-57.233333	-0.016722
-57.200000	-0.018293
-57.166667	-0.019907
-57.133333	-0.021494
-57.100000	-0.023016
-57.066667	-0.024428
-57.033333	-0.025697
-57.000000	-0.026770
-56.966667	-0.027565
-56.933333	-0.028095
-56.900000	-0.028355
-56.866667	-0.028334
-56.833333	-0.028055
-56.800000	-0.027506
-56.766667	-0.026704
-56.733333	-0.025669
-56.700000	-0.024466
-56.666667	-0.023106
-56.633333	-0.021593
-56.600000	-0.020029
-56.566667	-0.018393
-56.533333	-0.016742
-56.500000	-0.015074
-56.466667	-0.013410
-56.433333	-0.011778
-56.400000	-0.010209
-56.366667	-0.008693
-56.333333	-0.007253
-56.300000	-0.005894
-56.266667	-0.004628
-56.233333	-0.003442
-56.200000	-0.002327
-56.166667	-0.001301
-56.133333	-0.000335
-56.100000	0.000559
-56.066667	0.001387
-56.033333	0.002150
-56.000000	0.002853
-55.966667	0.003451
-55.933333	0.003936
-55.900000	0.004278
-55.866667	0.004469
-55.833333	0.004502
-55.800000	0.004360
-55.766667	0.004047
-55.733333	0.003537
-55.700000	0.002802
-55.666667	0.001861
-55.633333	0.000689
-55.600000	-0.000701
-55.566667	-0.002287
-55.533333	-0.004059
-55.500000	-0.005983
-55.466667	-0.008014
-55.433333	-0.010110
-55.400000	-0.012242
-55.366667	-0.014384
-55.333333	-0.016489
-55.300000	-0.018536
-55.266667	-0.020519
-55.233333	-0.022417
-55.200000	-0.024221
-55.166667	-0.025902
-55.133333	-0.027464
-55.100000	-0.028899
-55.066667	-0.030212
-55.033333	-0.031399
-55.000000	-0.032460
-54.966667	-0.033413
-54.933333	-0.034235
-54.900000	-0.034937
-54.866667	-0.035508
-54.833333	-0.035958
-54.800000	-0.036291
-54.766667	-0.036499
-54.733333	-0.036620
-54.700000	-0.036634
-54.666667	-0.036541
-54.633333	-0.036326
-54.600000	-0.035975
-54.566667	-0.035476
-54.533333	-0.034837
-54.500000	-0.034048
-54.466667	-0.033118
-54.433333	-0.032070
-54.400000	-0.030917
-54.366667	-0.029672
-54.333333	-0.028320
-54.300000	-0.026906
-54.266667	-0.025441
-54.233333	-0.023928
-54.200000	-0.022369
-54.166667	-0.020758
-54.133333	-0.019116
-54.100000	-0.017437
-54.066667	-0.015728
-54.033333	-0.013998
-54.000000	-0.012274
-53.966667	-0.010591
-53.933333	-0.008985
-53.900000	-0.007502
-53.866667	-0.006166
-53.833333	-0.005022
-53.800000	-0.004102
-53.766667	-0.003432
-53.733333	-0.003027
-53.700000	-0.002887
-53.666667	-0.003022
-53.633333	-0.003410
-53.600000	-0.004068
-53.566667	-0.004981
-53.533333	-0.006140
-53.500000	-0.007511
-53.466667	-0.009049
-53.433333	-0.010714
-53.400000	-0.012477
-53.366667	-0.014236
-53.333333	-0.015981
-53.300000	-0.017634
-53.266667	-0.019141
-53.233333	-0.020449
-53.200000	-0.021521
-53.166667	-0.022315
-53.133333	-0.022782
-53.100000	-0.022995
-53.066667	-0.022959
-53.033333	-0.022657
-53.000000	-0.022119
-52.966667	-0.021375
-52.933333	-0.020469
-52.900000	-0.019435
-52.866667	-0.018272
-52.833333	-0.017017
-52.800000	-0.015697
-52.766667	-0.014314
-52.733333	-0.012912
-52.700000	-0.011506
-52.666667	-0.010112
-52.633333	-0.008712
-52.600000	-0.007376
-52.566667	-0.006059
-52.533333	-0.004768
-52.500000	-0.003492
-52.466667	-0.002241
-52.433333	-0.001022
-52.400000	0.000170
-52.366667	0.001360
-52.333333	0.002480
-52.300000	0.003560
-52.266667	0.004577
-52.233333	0.005514
-52.200000	0.006369
-52.166667	0.007096
-52.133333	0.007695
-52.100000	0.008093
-52.066667	0.008358
-52.033333	0.008499
-52.000000	0.008475
-51.966667	0.008285
-51.933333	0.007931
-51.900000	0.007433
-51.866667	0.006812
-51.833333	0.006075
-51.800000	0.005249
-51.766667	0.004342
-51.733333	0.003365
-51.700000	0.002353
-51.666667	0.001329
-51.633333	0.000319
-51.600000	-0.000702
-51.566667	-0.001674
-51.533333	-0.002600
-51.500000	-0.003465
-51.466667	-0.004273
-51.433333	-0.005004
-51.400000	-0.005642
-51.366667	-0.006173
-51.333333	-0.006574
-51.300000	-0.006812
-51.266667	-0.006856
-51.233333	-0.006678
-51.200000	-0.006279
-51.166667	-0.005695
-51.133333	-0.004865
-51.100000	-0.003865
-51.066667	-0.002667
-51.033333	-0.001339
-51.000000	0.000052
-50.966667	0.001455
-50.933333	0.002850
-50.900000	0.004171
-50.866667	0.005371
-50.833333	0.006412
-50.800000	0.007279
-50.766667	0.007931
-50.733333	0.008393
-50.700000	0.008644
-50.666667	0.008686
-50.633333	0.008531
-50.600000	0.008200
-50.566667	0.007739
-50.533333	0.007194
-50.500000	0.006607
-50.466667	0.006013
-50.433333	0.005462
-50.400000	0.004996
-50.366667	0.004641
-50.333333	0.004409
-50.300000	0.004309
-50.266667	0.004345
-50.233333	0.004501
-50.200000	0.004727
-50.166667	0.004998
-50.133333	0.005291
-50.100000	0.005531
-50.066667	0.005704
-50.033333	0.005718
-50.000000	0.005550
-49.966667	0.005203
-49.933333	0.004694
-49.900000	0.003972
-49.866667	0.003076
-49.833333	0.002026
-49.800000	0.000868
-49.766667	-0.000375
-49.733333	-0.001652
-49.700000	-0.002940
-49.666667	-0.004203
-49.633333	-0.005394
-49.600000	-0.006467
-49.566667	-0.007380
-49.533333	-0.008103
-49.500000	-0.008615
-49.466667	-0.008915
-49.433333	-0.008993
-49.400000	-0.008854
-49.366667	-0.008515
-49.333333	-0.007999
-49.300000	-0.007329
-49.266667	-0.006543
-49.233333	-0.005673
-49.200000	-0.004756
-49.166667	-0.003822
-49.133333	-0.002904
-49.100000	-0.002026
-49.066667	-0.001199
-49.033333	-0.000419
-49.000000	0.000322
-48.966667	0.001021
-48.933333	0.001694
-48.900000	0.002331
-48.866667	0.002996
-48.833333	0.003646
-48.800000	0.004344
-48.766667	0.005079
-48.733333	0.005850
-48.700000	0.006648
-48.666667	0.007455
-48.633333	0.008259
-48.600000	0.009049
-48.566667	0.009802
-48.533333	0.010498
-48.500000	0.011097
-48.466667	0.011589
-48.433333	0.011948
-48.400000	0.012151
-48.366667	0.012171
-48.333333	0.011989
-48.300000	0.011591
-48.266667	0.010974
-48.233333	0.010131
-48.200000	0.009066
-48.166667	0.007778
-48.133333	0.006272
-48.100000	0.004565
-48.066667	0.002675
-48.033333	0.000635
-48.000000	-0.001511
-47.966667	-0.003730
-47.933333	-0.005945
-47.900000	-0.008107
-47.866667	-0.010146
-47.833333	-0.012026
-47.800000	-0.013646
-47.766667	-0.015006
-47.733333	-0.016070
-47.700000	-0.016823
-47.666667	-0.017250
-47.633333	-0.017346
-47.600000	-0.017113
-47.566667	-0.016571
-47.533333	-0.015751
-47.500000	-0.014694
-47.466667	-0.013436
-47.433333	-0.012062
-47.400000	-0.010630
-47.366667	-0.009203
-47.333333	-0.007823
-47.300000	-0.006535
-47.266667	-0.005383
-47.233333	-0.004409
-47.200000	-0.003627
-47.166667	-0.003016
-47.133333	-0.002582
-47.100000	-0.002299
-47.066667	-0.002161
-47.033333	-0.002129
-47.000000	-0.002158
-46.966667	-0.002225
-46.933333	-0.002292
-46.900000	-0.002330
-46.866667	-0.002310
-46.833333	-0.002211
-46.800000	-0.002041
-46.766667	-0.001783
-46.733333	-0.001488
-46.700000	-0.001147
-46.666667	-0.000801
-46.633333	-0.000477
-46.600000	-0.000214
-46.566667	-0.000074
-46.533333	-0.000101
-46.500000	-0.000340
-46.466667	-0.000819
-46.433333	-0.001597
-46.400000	-0.002667
-46.366667	-0.004005
-46.333333	-0.005591
-46.300000	-0.007379
-46.266667	-0.009310
-46.233333	-0.011307
-46.200000	-0.013276
-46.166667	-0.015121
-46.133333	-0.016811
-46.100000	-0.018278
-46.066667	-0.019494
-46.033333	-0.020408
-46.000000	-0.020992
-45.966667	-0.021246
-45.933333	-0.021185
-45.900000	-0.020827
-45.866667	-0.020194
-45.833333	-0.019354
-45.800000	-0.018338
-45.766667	-0.017197
-45.733333	-0.016007
-45.700000	-0.014779
-45.666667	-0.013575
-45.633333	-0.012436
-45.600000	-0.011424
-45.566667	-0.010564
-45.533333	-0.009894
-45.500000	-0.009427
-45.466667	-0.009157
-45.433333	-0.009099
-45.400000	-0.009206
-45.366667	-0.009450
-45.333333	-0.009812
-45.300000	-0.010232
-45.266667	-0.010661
-45.233333	-0.011054
-45.200000	-0.011376
-45.166667	-0.011588
-45.133333	-0.011664
-45.100000	-0.011585
-45.066667	-0.011347
-45.033333	-0.010956
-45.000000	-0.010430
-44.966667	-0.009799
-44.933333	-0.009096
-44.900000	-0.008328
-44.866667	-0.007552
-44.833333	-0.006808
-44.800000	-0.006103
-44.766667	-0.005481
-44.733333	-0.004967
-44.700000	-0.004592
-44.666667	-0.004371
-44.633333	-0.004329
-44.600000	-0.004467
-44.566667	-0.004772
-44.533333	-0.005266
-44.500000	-0.005881
-44.466667	-0.006606
-44.433333	-0.007404
-44.400000	-0.008239
-44.366667	-0.009077
-44.333333	-0.009885
-44.300000	-0.010618
-44.266667	-0.011232
-44.233333	-0.011719
-44.200000	-0.012030
-44.166667	-0.012168
-44.133333	-0.012111
-44.100000	-0.011871
-44.066667	-0.011452
-44.033333	-0.010870
-44.000000	-0.010146
-43.966667	-0.009306
-43.933333	-0.008387
-43.900000	-0.007398
-43.866667	-0.006388
-43.833333	-0.005381
-43.800000	-0.004388
-43.766667	-0.003456
-43.733333	-0.002581
-43.700000	-0.001771
-43.666667	-0.001014
-43.633333	-0.000317
-43.600000	0.000337
-43.566667	0.000935
-43.533333	0.001519
-43.500000	0.002103
-43.466667	0.002693
-43.433333	0.003318
-43.400000	0.003982
-43.366667	0.004708
-43.333333	0.005465
-43.300000	0.006243
-43.266667	0.007003
-43.233333	0.007723
-43.200000	0.008414
-43.166667	0.008996
-43.133333	0.009485
-43.100000	0.009826
-43.066667	0.009998
-43.033333	0.009971
-43.000000	0.009734
-42.966667	0.009267
-42.933333	0.008549
-42.900000	0.007587
-42.866667	0.006375
-42.833333	0.004921
-42.800000	0.003262
-42.766667	0.001415
-42.733333	-0.000554
-42.700000	-0.002615
-42.666667	-0.004722
-42.633333	-0.006823
-42.600000	-0.008849
-42.566667	-0.010754
-42.533333	-0.012485
-42.500000	-0.014028
-42.466667	-0.015342
-42.433333	-0.016424
-42.400000	-0.017264
-42.366667	-0.017879
-42.333333	-0.018309
-42.300000	-0.018566
-42.266667	-0.018678
-42.233333	-0.018644
-42.200000	-0.018487
-42.166667	-0.018238
-42.133333	-0.017884
-42.100000	-0.017457
-42.066667	-0.016971
-42.033333	-0.016433
-42.000000	-0.015849
-41.966667	-0.015202
-41.933333	-0.014525
-41.900000	-0.013809
-41.866667	-0.013047
-41.833333	-0.012244
-41.800000	-0.011399
-41.766667	-0.010522
-41.733333	-0.009616
-41.700000	-0.008721
-41.666667	-0.007863
-41.633333	-0.007032
-41.600000	-0.006255
-41.566667	-0.005558
-41.533333	-0.004975
-41.500000	-0.004505
-41.466667	-0.004190
-41.433333	-0.004032
-41.400000	-0.004015
-41.366667	-0.004145
-41.333333	-0.004426
-41.300000	-0.004857
-41.266667	-0.005415
-41.233333	-0.006077
-41.200000	-0.006815
-41.166667	-0.007628
-41.133333	-0.008481
-41.100000	-0.009365
-41.066667	-0.010256
-41.033333	-0.011118
-41.000000	-0.011914
-40.966667	-0.012617
-40.933333	-0.013247
-40.900000	-0.013754
-40.866667	-0.014140
-40.833333	-0.014405
-40.800000	-0.014550
-40.766667	-0.014590
-40.733333	-0.014529
-40.700000	-0.014399
-40.666667	-0.014200
-40.633333	-0.013890
-40.600000	-0.013517
-40.566667	-0.013072
-40.533333	-0.012572
-40.500000	-0.012026
-40.466667	-0.011449
-40.433333	-0.010819
-40.400000	-0.010146
-40.366667	-0.009456
-40.333333	-0.008765
-40.300000	-0.008068
-40.266667	-0.007364
-40.233333	-0.006662
-40.200000	-0.005972
-40.166667	-0.005305
-40.133333	-0.004644
-40.100000	-0.004005
-40.066667	-0.003383
-40.033333	-0.002782
-40.000000	-0.002206
-39.966667	-0.001664
-39.933333	-0.001160
-39.900000	-0.000687
-39.866667	-0.000261
-39.833333	0.000131
-39.800000	0.000486
-39.766667	0.000805
-39.733333	0.001077
-39.700000	0.001293
-39.666667	0.001453
-39.633333	0.001565
-39.600000	0.001589
-39.566667	0.001556
-39.533333	0.001439
-39.500000	0.001248
-39.466667	0.000982
-39.433333	0.000640
-39.400000	0.000228
-39.366667	-0.000248
-39.333333	-0.000786
-39.300000	-0.001375
-39.266667	-0.002009
-39.233333	-0.002681
-39.200000	-0.003386
-39.166667	-0.004116
-39.133333	-0.004869
-39.100000	-0.005642
-39.066667	-0.006411
-39.033333	-0.007174
-39.000000	-0.007933
-38.966667	-0.008647
-38.933333	-0.009326
-38.900000	-0.009948
-38.866667	-0.010506
-38.833333	-0.010992
-38.800000	-0.011396
-38.766667	-0.011755
-38.733333	-0.012058
-38.700000	-0.012314
-38.666667	-0.012513
-38.633333	-0.012647
-38.600000	-0.012701
-38.566667	-0.012668
-38.533333	-0.012565
-38.500000	-0.012370
-38.466667	-0.012065
-38.433333	-0.011688
-38.400000	-0.011189
-38.366667	-0.010587
-38.333333	-0.009886
-38.300000	-0.009069
-38.266667	-0.008135
-38.233333	-0.007106
-38.200000	-0.005986
-38.166667	-0.004790
-38.133333	-0.003531
-38.100000	-0.002219
-38.066667	-0.000870
-38.033333	0.000479
-38.000000	0.001804
-37.966667	0.003091
-37.933333	0.004275
-37.900000	0.005355
-37.866667	0.006316
-37.833333	0.007153
-37.800000	0.007859
-37.766667	0.008421
-37.733333	0.008861
-37.700000	0.009174
-37.666667	0.009383
-37.633333	0.009489
-37.600000	0.009485
-37.566667	0.009367
-37.533333	0.009136
-37.500000	0.008808
-37.466667	0.008394
-37.433333	0.007888
-37.400000	0.007356
-37.366667	0.006779
-37.333333	0.006186
-37.300000	0.005608
-37.266667	0.005066
-37.233333	0.004538
-37.200000	0.004067
-37.166667	0.003650
-37.133333	0.003293
-37.100000	0.002991
-37.066667	0.002750
-37.033333	0.002573
-37.000000	0.002464
-36.966667	0.002429
-36.933333	0.002473
-36.900000	0.002623
-36.866667	0.002905
-36.833333	0.003320
-36.800000	0.003856
-36.766667	0.004562
-36.733333	0.005400
-36.700000	0.006385
-36.666667	0.007502
-36.633333	0.008746
-36.600000	0.010073
-36.566667	0.011472
-36.533333	0.012929
-36.500000	0.014425
-36.466667	0.015938
-36.433333	0.017442
-36.400000	0.018915
-36.366667	0.020327
-36.333333	0.021652
-36.300000	0.022871
-36.266667	0.023958
-36.233333	0.024878
-36.200000	0.025623
-36.166667	0.026182
-36.133333	0.026552
-36.100000	0.026725
-36.066667	0.026698
-36.033333	0.026479
-36.000000	0.026080
-35.966667	0.025496
-35.933333	0.024738
-35.900000	0.023828
-35.866667	0.022802
-35.833333	0.021620
-35.800000	0.020349
-35.766667	0.019019
-35.733333	0.017610
-35.700000	0.016179
-35.666667	0.014733
-35.633333	0.013295
-35.600000	0.011848
-35.566667	0.010416
-35.533333	0.008995
-35.500000	0.007579
-35.466667	0.006172
-35.433333	0.004776
-35.400000	0.003386
-35.366667	0.001998
-35.333333	0.000601
-35.300000	-0.000793
-35.266667	-0.002159
-35.233333	-0.003486
-35.200000	-0.004767
-35.166667	-0.005971
-35.133333	-0.007100
-35.100000	-0.008132
-35.066667	-0.009035
-35.033333	-0.009764
-35.000000	-0.010305
-34.966667	-0.010639
-34.933333	-0.010747
-34.900000	-0.010620
-34.866667	-0.010254
-34.833333	-0.009683
-34.800000	-0.008868
-34.766667	-0.007865
-34.733333	-0.006689
-34.700000	-0.005379
-34.666667	-0.003978
-34.633333	-0.002538
-34.600000	-0.001116
-34.566667	0.000249
-34.533333	0.001533
-34.500000	0.002707
-34.466667	0.003766
-34.433333	0.004683
-34.400000	0.005436
-34.366667	0.006013
-34.333333	0.006419
-34.300000	0.006679
-34.266667	0.006820
-34.233333	0.006847
-34.200000	0.006770
-34.166667	0.006615
-34.133333	0.006412
-34.100000	0.006192
-34.066667	0.005985
-34.033333	0.005797
-34.000000	0.005621
-33.966667	0.005509
-33.933333	0.005423
-33.900000	0.005377
-33.866667	0.005349
-33.833333	0.005325
-33.800000	0.005280
-33.766667	0.005190
-33.733333	0.005029
-33.700000	0.004790
-33.666667	0.004459
-33.633333	0.004016
-33.600000	0.003465
-33.566667	0.002824
-33.533333	0.002091
-33.500000	0.001259
-33.466667	0.000374
-33.433333	-0.000562
-33.400000	-0.001528
-33.366667	-0.002485
-33.333333	-0.003395
-33.300000	-0.004224
-33.266667	-0.004950
-33.233333	-0.005540
-33.200000	-0.006006
-33.166667	-0.006331
-33.133333	-0.006513
-33.100000	-0.006567
-33.066667	-0.006476
-33.033333	-0.006250
-33.000000	-0.005894
-32.966667	-0.005381
-32.933333	-0.004781
-32.900000	-0.004082
-32.866667	-0.003315
-32.833333	-0.002492
-32.800000	-0.001640
-32.766667	-0.000776
-32.733333	0.000080
-32.700000	0.000913
-32.666667	0.001696
-32.633333	0.002410
-32.600000	0.003047
-32.566667	0.003590
-32.533333	0.004026
-32.500000	0.004360
-32.466667	0.004602
-32.433333	0.004737
-32.400000	0.004776
-32.366667	0.004727
-32.333333	0.004591
-32.300000	0.004369
-32.266667	0.004063
-32.233333	0.003679
-32.200000	0.003197
-32.166667	0.002641
-32.133333	0.002020
-32.100000	0.001348
-32.066667	0.000659
-32.033333	-0.000045
-32.000000	-0.000739
-31.966667	-0.001397
-31.933333	-0.002011
-31.900000	-0.002562
-31.866667	-0.003059
-31.833333	-0.003499
-31.800000	-0.003869
-31.766667	-0.004158
-31.733333	-0.004359
-31.700000	-0.004466
-31.666667	-0.004482
-31.633333	-0.004406
-31.600000	-0.004227
-31.566667	-0.003958
-31.533333	-0.003550
-31.500000	-0.003015
-31.466667	-0.002368
-31.433333	-0.001599
-31.400000	-0.000707
-31.366667	0.000305
-31.333333	0.001431
-31.300000	0.002661
-31.266667	0.003971
-31.233333	0.005331
-31.200000	0.006753
-31.166667	0.008219
-31.133333	0.009707
-31.100000	0.011198
-31.066667	0.012675
-31.033333	0.014105
-31.000000	0.015433
-30.966667	0.016672
-30.933333	0.017786
-30.900000	0.018694
-30.866667	0.019418
-30.833333	0.019937
-30.800000	0.020252
-30.766667	0.020369
-30.733333	0.020307
-30.700000	0.020045
-30.666667	0.019617
-30.633333	0.019037
-30.600000	0.018334
-30.566667	0.017530
-30.533333	0.016666
-30.500000	0.015725
-30.466667	0.014718
-30.433333	0.013675
-30.400000	0.012609
-30.366667	0.011526
-30.333333	0.010423
-30.300000	0.009308
-30.266667	0.008202
-30.233333	0.007078
-30.200000	0.006008
-30.166667	0.004951
-30.133333	0.003885
-30.100000	0.002846
-30.066667	0.001828
-30.033333	0.000834
-30.000000	-0.000142
-29.966667	-0.001060
-29.933333	-0.001943
-29.900000	-0.002795
-29.866667	-0.003569
-29.833333	-0.004299
-29.800000	-0.004971
-29.766667	-0.005568
-29.733333	-0.006075
-29.700000	-0.006497
-29.666667	-0.006803
-29.633333	-0.007006
-29.600000	-0.007099
-29.566667	-0.007089
-29.533333	-0.006985
-29.500000	-0.006799
-29.466667	-0.006543
-29.433333	-0.006231
-29.400000	-0.005882
-29.366667	-0.005513
-29.333333	-0.005135
-29.300000	-0.004752
-29.266667	-0.004376
-29.233333	-0.004035
-29.200000	-0.003684
-29.166667	-0.003365
-29.133333	-0.003077
-29.100000	-0.002801
-29.066667	-0.002531
-29.033333	-0.002282
-29.000000	-0.002060
-28.966667	-0.001869
-28.933333	-0.001716
-28.900000	-0.001626
-28.866667	-0.001606
-28.833333	-0.001639
-28.800000	-0.001754
-28.766667	-0.001914
-28.733333	-0.002121
-28.700000	-0.002376
-28.666667	-0.002680
-28.633333	-0.003031
-28.600000	-0.003437
-28.566667	-0.003900
-28.533333	-0.004417
-28.500000	-0.004988
-28.466667	-0.005611
-28.433333	-0.006297
-28.400000	-0.007063
-28.366667	-0.007883
-28.333333	-0.008738
-28.300000	-0.009617
-28.266667	-0.010532
-28.233333	-0.011468
-28.200000	-0.012403
-28.166667	-0.013317
-28.133333	-0.014241
-28.100000	-0.015152
-28.066667	-0.016021
-28.033333	-0.016873
-28.000000	-0.017694
-27.966667	-0.018481
-27.933333	-0.019232
-27.900000	-0.019917
-27.866667	-0.020524
-27.833333	-0.021033
-27.800000	-0.021456
-27.766667	-0.021756
-27.733333	-0.021939
-27.700000	-0.021986
-27.666667	-0.021905
-27.633333	-0.021695
-27.600000	-0.021361
-27.566667	-0.020906
-27.533333	-0.020342
-27.500000	-0.019685
-27.466667	-0.018949
-27.433333	-0.018154
-27.400000	-0.017315
-27.366667	-0.016426
-27.333333	-0.015523
-27.300000	-0.014640
-27.266667	-0.013809
-27.233333	-0.013030
-27.200000	-0.012313
-27.166667	-0.011683
-27.133333	-0.011168
-27.100000	-0.010761
-27.066667	-0.010460
-27.033333	-0.010271
-27.000000	-0.010195
-26.966667	-0.010220
-26.933333	-0.010338
-26.900000	-0.010514
-26.866667	-0.010751
-26.833333	-0.011029
-26.800000	-0.011336
-26.766667	-0.011650
-26.733333	-0.011954
-26.700000	-0.012237
-26.666667	-0.012494
-26.633333	-0.012709
-26.600000	-0.012877
-26.566667	-0.012993
-26.533333	-0.013055
-26.500000	-0.013053
-26.466667	-0.012980
-26.433333	-0.012848
-26.400000	-0.012650
-26.366667	-0.012394
-26.333333	-0.012074
-26.300000	-0.011705
-26.266667	-0.011255
-26.233333	-0.010751
-26.200000	-0.010164
-26.166667	-0.009498
-26.133333	-0.008748
-26.100000	-0.007922
-26.066667	-0.007013
-26.033333	-0.006032
-26.000000	-0.004978
-25.966667	-0.003855
-25.933333	-0.002681
-25.900000	-0.001436
-25.866667	-0.000155
-25.833333	0.001168
-25.800000	0.002525
-25.766667	0.003899
-25.733333	0.005275
-25.700000	0.006633
-25.666667	0.007953
-25.633333	0.009208
-25.600000	0.010361
-25.566667	0.011397
-25.533333	0.012317
-25.500000	0.013097
-25.466667	0.013716
-25.433333	0.014157
-25.400000	0.014433
-25.366667	0.014536
-25.333333	0.014473
-25.300000	0.014249
-25.266667	0.013898
-25.233333	0.013404
-25.200000	0.012810
-25.166667	0.012112
-25.133333	0.011332
-25.100000	0.010482
-25.066667	0.009578
-25.033333	0.008644
-25.000000	0.007707
-24.966667	0.006777
-24.933333	0.005860
-24.900000	0.004978
-24.866667	0.004095
-24.833333	0.003237
-24.800000	0.002410
-24.766667	0.001579
-24.733333	0.000746
-24.700000	-0.000089
-24.666667	-0.000978
-24.633333	-0.001892
-24.600000	-0.002875
-24.566667	-0.003908
-24.533333	-0.004999
-24.500000	-0.006185
-24.466667	-0.007473
-24.433333	-0.008838
-24.400000	-0.010288
-24.366667	-0.011812
-24.333333	-0.013396
-24.300000	-0.015034
-24.266667	-0.016730
-24.233333	-0.018476
-24.200000	-0.020248
-24.166667	-0.022030
-24.133333	-0.023811
-24.100000	-0.025575
-24.066667	-0.027299
-24.033333	-0.028960
-24.000000	-0.030552
-23.966667	-0.032051
-23.933333	-0.033471
-23.900000	-0.034794
-23.866667	-0.036016
-23.833333	-0.037127
-23.800000	-0.038121
-23.766667	-0.039027
-23.733333	-0.039809
-23.700000	-0.040481
-23.666667	-0.041068
-23.633333	-0.041536
-23.600000	-0.041937
-23.566667	-0.042253
-23.533333	-0.042507
-23.500000	-0.042708
-23.466667	-0.042860
-23.433333	-0.042955
-23.400000	-0.043024
-23.366667	-0.043055
-23.333333	-0.043060
-23.300000	-0.043049
-23.266667	-0.043021
-23.233333	-0.042963
-23.200000	-0.042867
-23.166667	-0.042741
-23.133333	-0.042585
-23.100000	-0.042392
-23.066667	-0.042164
-23.033333	-0.041902
-23.000000	-0.041602
-22.966667	-0.041247
-22.933333	-0.040850
-22.900000	-0.040436
-22.866667	-0.039981
-22.833333	-0.039490
-22.800000	-0.038949
-22.766667	-0.038363
-22.733333	-0.037728
-22.700000	-0.037046
-22.666667	-0.036319
-22.633333	-0.035543
-22.600000	-0.034723
-22.566667	-0.033864
-22.533333	-0.032970
-22.500000	-0.032040
-22.466667	-0.031071
-22.433333	-0.030064
-22.400000	-0.029028
-22.366667	-0.027907
-22.333333	-0.026720
-22.300000	-0.025445
-22.266667	-0.024090
-22.233333	-0.022650
-22.200000	-0.021146
-22.166667	-0.019557
-22.133333	-0.017878
-22.100000	-0.016122
-22.066667	-0.014316
-22.033333	-0.012421
-22.000000	-0.010477
-21.966667	-0.008496
-21.933333	-0.006474
-21.900000	-0.004484
-21.866667	-0.002473
-21.833333	-0.000508
-21.800000	0.001415
-21.766667	0.003244
-21.733333	0.004982
-21.700000	0.006623
-21.666667	0.008157
-21.633333	0.009568
-21.600000	0.010856
-21.566667	0.012012
-21.533333	0.013035
-21.500000	0.013949
-21.466667	0.014758
-21.433333	0.015481
-21.400000	0.016144
-21.366667	0.016802
-21.333333	0.017406
-21.300000	0.017963
-21.266667	0.018513
-21.233333	0.019043
-21.200000	0.019577
-21.166667	0.020155
-21.133333	0.020779
-21.100000	0.021442
-21.066667	0.022141
-21.033333	0.022900
-21.000000	0.023681
-20.966667	0.024501
-20.933333	0.025352
-20.900000	0.026208
-20.866667	0.027098
-20.833333	0.027991
-20.800000	0.028897
-20.766667	0.029800
-20.733333	0.030722
-20.700000	0.031650
-20.666667	0.032602
-20.633333	0.033562
-20.600000	0.034522
-20.566667	0.035470
-20.533333	0.036432
-20.500000	0.037414
-20.466667	0.038393
-20.433333	0.039388
-20.400000	0.040378
-20.366667	0.041351
-20.333333	0.042275
-20.300000	0.043147
-20.266667	0.043997
-20.233333	0.044777
-20.200000	0.045513
-20.166667	0.046185
-20.133333	0.046780
-20.100000	0.047289
-20.066667	0.047720
-20.033333	0.048082
-20.000000	0.048368
-19.966667	0.048574
-19.933333	0.048705
-19.900000	0.048768
-19.866667	0.048750
-19.833333	0.048652
-19.800000	0.048473
-19.766667	0.048203
-19.733333	0.047865
-19.700000	0.047469
-19.666667	0.047036
-19.633333	0.046545
-19.600000	0.046020
-19.566667	0.045485
-19.533333	0.044960
-19.500000	0.044440
-19.466667	0.043918
-19.433333	0.043410
-19.400000	0.042920
-19.366667	0.042451
-19.333333	0.041993
-19.300000	0.041533
-19.266667	0.041063
-19.233333	0.040581
-19.200000	0.040067
-19.166667	0.039514
-19.133333	0.038912
-19.100000	0.038265
-19.066667	0.037571
-19.033333	0.036815
-19.000000	0.035992
-18.966667	0.035108
-18.933333	0.034164
-18.900000	0.033149
-18.866667	0.032059
-18.833333	0.030924
-18.800000	0.029746
-18.766667	0.028546
-18.733333	0.027368
-18.700000	0.026225
-18.666667	0.025135
-18.633333	0.024104
-18.600000	0.023166
-18.566667	0.022322
-18.533333	0.021586
-18.500000	0.020961
-18.466667	0.020456
-18.433333	0.020065
-18.400000	0.019790
-18.366667	0.019600
-18.333333	0.019474
-18.300000	0.019394
-18.266667	0.019335
-18.233333	0.019270
-18.200000	0.019162
-18.166667	0.018995
-18.133333	0.018755
-18.100000	0.018435
-18.066667	0.018031
-18.033333	0.017537
-18.000000	0.016949
-17.966667	0.016264
-17.933333	0.015487
-17.900000	0.014626
-17.866667	0.013700
-17.833333	0.012745
-17.800000	0.011774
-17.766667	0.010801
-17.733333	0.009834
-17.700000	0.008877
-17.666667	0.007949
-17.633333	0.007046
-17.600000	0.006183
-17.566667	0.005362
-17.533333	0.004588
-17.500000	0.003865
-17.466667	0.003193
-17.433333	0.002560
-17.400000	0.001977
-17.366667	0.001438
-17.333333	0.000936
-17.300000	0.000461
-17.266667	0.000008
-17.233333	-0.000421
-17.200000	-0.000820
-17.166667	-0.001172
-17.133333	-0.001464
-17.100000	-0.001683
-17.066667	-0.001818
-17.033333	-0.001859
-17.000000	-0.001791
-16.966667	-0.001604
-16.933333	-0.001290
-16.900000	-0.000849
-16.866667	-0.000282
-16.833333	0.000406
-16.800000	0.001206
-16.766667	0.002090
-16.733333	0.003053
-16.700000	0.004074
-16.666667	0.005135
-16.633333	0.006195
-16.600000	0.007233
-16.566667	0.008212
-16.533333	0.009114
-16.500000	0.009913
-16.466667	0.010583
-16.433333	0.011108
-16.400000	0.011478
-16.366667	0.011695
-16.333333	0.011756
-16.300000	0.011667
-16.266667	0.011423
-16.233333	0.011039
-16.200000	0.010551
-16.166667	0.009936
-16.133333	0.009243
-16.100000	0.008512
-16.066667	0.007761
-16.033333	0.007009
-16.000000	0.006272
-15.966667	0.005565
-15.933333	0.004918
-15.900000	0.004343
-15.866667	0.003843
-15.833333	0.003426
-15.800000	0.003100
-15.766667	0.002861
-15.733333	0.002703
-15.700000	0.002619
-15.666667	0.002594
-15.633333	0.002611
-15.600000	0.002658
-15.566667	0.002725
-15.533333	0.002806
-15.500000	0.002878
-15.466667	0.002939
-15.433333	0.002973
-15.400000	0.002981
-15.366667	0.002954
-15.333333	0.002887
-15.300000	0.002774
-15.266667	0.002612
-15.233333	0.002413
-15.200000	0.002172
-15.166667	0.001872
-15.133333	0.001569
-15.100000	0.001255
-15.066667	0.000916
-15.033333	0.000558
-15.000000	0.000179
-14.966667	-0.000214
-14.933333	-0.000611
-14.900000	-0.001037
-14.866667	-0.001498
-14.833333	-0.001990
-14.800000	-0.002509
-14.766667	-0.003059
-14.733333	-0.003632
-14.700000	-0.004227
-14.666667	-0.004844
-14.633333	-0.005481
-14.600000	-0.006133
-14.566667	-0.006796
-14.533333	-0.007464
-14.500000	-0.008136
-14.466667	-0.008799
-14.433333	-0.009454
-14.400000	-0.010080
-14.366667	-0.010671
-14.333333	-0.011211
-14.300000	-0.011694
-14.266667	-0.012120
-14.233333	-0.012489
-14.200000	-0.012797
-14.166667	-0.013036
-14.133333	-0.013206
-14.100000	-0.013314
-14.066667	-0.013360
-14.033333	-0.013349
-14.000000	-0.013289
-13.966667	-0.013177
-13.933333	-0.013011
-13.900000	-0.012807
-13.866667	-0.012578
-13.833333	-0.012308
-13.800000	-0.011994
-13.766667	-0.011671
-13.733333	-0.011319
-13.700000	-0.010954
-13.666667	-0.010578
-13.633333	-0.010196
-13.600000	-0.009802
-13.566667	-0.009401
-13.533333	-0.009004
-13.500000	-0.008613
-13.466667	-0.008221
-13.433333	-0.007839
-13.400000	-0.007492
-13.366667	-0.007167
-13.333333	-0.006890
-13.300000	-0.006673
-13.266667	-0.006537
-13.233333	-0.006474
-13.200000	-0.006447
-13.166667	-0.006491
-13.133333	-0.006611
-13.100000	-0.006819
-13.066667	-0.007081
-13.033333	-0.007398
-13.000000	-0.007778
-12.966667	-0.008209
-12.933333	-0.008680
-12.900000	-0.009189
-12.866667	-0.009721
-12.833333	-0.010243
-12.800000	-0.010768
-12.766667	-0.011271
-12.733333	-0.011718
-12.700000	-0.012121
-12.666667	-0.012485
-12.633333	-0.012807
-12.600000	-0.013055
-12.566667	-0.013241
-12.533333	-0.013377
-12.500000	-0.013460
-12.466667	-0.013492
-12.433333	-0.013486
-12.400000	-0.013431
-12.366667	-0.013363
-12.333333	-0.013267
-12.300000	-0.013152
-12.266667	-0.013021
-12.233333	-0.012851
-12.200000	-0.012657
-12.166667	-0.012484
-12.133333	-0.012316
-12.100000	-0.012151
-12.066667	-0.011960
-12.033333	-0.011772
-12.000000	-0.011599
-11.966667	-0.011411
-11.933333	-0.011219
-11.900000	-0.011015
-11.866667	-0.010796
-11.833333	-0.010564
-11.800000	-0.010334
-11.766667	-0.010069
-11.733333	-0.009821
-11.700000	-0.009578
-11.666667	-0.009349
-11.633333	-0.009117
-11.600000	-0.008886
-11.566667	-0.008661
-11.533333	-0.008474
-11.500000	-0.008307
-11.466667	-0.008141
-11.433333	-0.007981
-11.400000	-0.007853
-11.366667	-0.007766
-11.333333	-0.007668
-11.300000	-0.007622
-11.266667	-0.007587
-11.233333	-0.007571
-11.200000	-0.007578
-11.166667	-0.007605
-11.133333	-0.007657
-11.100000	-0.007720
-11.066667	-0.007792
-11.033333	-0.007901
-11.000000	-0.008028
-10.966667	-0.008170
-10.933333	-0.008342
-10.900000	-0.008524
-10.866667	-0.008711
-10.833333	-0.008913
-10.800000	-0.009151
-10.766667	-0.009358
-10.733333	-0.009600
-10.700000	-0.009839
-10.666667	-0.010092
-10.633333	-0.010333
-10.600000	-0.010552
-10.566667	-0.010775
-10.533333	-0.010995
-10.500000	-0.011198
-10.466667	-0.011369
-10.433333	-0.011525
-10.400000	-0.011684
-10.366667	-0.011800
-10.333333	-0.011899
-10.300000	-0.011982
-10.266667	-0.012025
-10.233333	-0.012052
-10.200000	-0.012052
-10.166667	-0.012037
-10.133333	-0.012025
-10.100000	-0.011977
-10.066667	-0.011944
-10.033333	-0.011919
-10.000000	-0.011894
-9.966667	-0.011888
-9.933333	-0.011904
-9.900000	-0.011943
-9.866667	-0.012012
-9.833333	-0.012130
-9.800000	-0.012296
-9.766667	-0.012476
-9.733333	-0.012708
-9.700000	-0.012943
-9.666667	-0.013172
-9.633333	-0.013362
-9.600000	-0.013526
-9.566667	-0.013667
-9.533333	-0.013732
-9.500000	-0.013733
-9.466667	-0.013648
-9.433333	-0.013492
-9.400000	-0.013264
-9.366667	-0.012947
-9.333333	-0.012571
-9.300000	-0.012125
-9.266667	-0.011612
-9.233333	-0.011066
-9.200000	-0.010475
-9.166667	-0.009873
-9.133333	-0.009267
-9.100000	-0.008651
-9.066667	-0.008083
-9.033333	-0.007550
-9.000000	-0.007079
-8.966667	-0.006683
-8.933333	-0.006374
-8.900000	-0.006161
-8.866667	-0.006048
-8.833333	-0.006035
-8.800000	-0.006114
-8.766667	-0.006270
-8.733333	-0.006486
-8.700000	-0.006748
-8.666667	-0.007044
-8.633333	-0.007365
-8.600000	-0.007700
-8.566667	-0.008036
-8.533333	-0.008363
-8.500000	-0.008678
-8.466667	-0.008973
-8.433333	-0.009248
-8.400000	-0.009506
-8.366667	-0.009752
-8.333333	-0.009992
-8.300000	-0.010224
-8.266667	-0.010447
-8.233333	-0.010677
-8.200000	-0.010880
-8.166667	-0.011079
-8.133333	-0.011259
-8.100000	-0.011418
-8.066667	-0.011549
-8.033333	-0.011648
-8.000000	-0.011711
-7.966667	-0.011730
-7.933333	-0.011700
-7.900000	-0.011622
-7.866667	-0.011500
-7.833333	-0.011317
-7.800000	-0.011077
-7.766667	-0.010796
-7.733333	-0.010458
-7.700000	-0.010072
-7.666667	-0.009641
-7.633333	-0.009170
-7.600000	-0.008671
-7.566667	-0.008154
-7.533333	-0.007634
-7.500000	-0.007126
-7.466667	-0.006650
-7.433333	-0.006227
-7.400000	-0.005879
-7.366667	-0.005616
-7.333333	-0.005438
-7.300000	-0.005348
-7.266667	-0.005358
-7.233333	-0.005448
-7.200000	-0.005624
-7.166667	-0.005890
-7.133333	-0.006230
-7.100000	-0.006640
-7.066667	-0.007113
-7.033333	-0.007644
-7.000000	-0.008227
-6.966667	-0.008849
-6.933333	-0.009504
-6.900000	-0.010185
-6.866667	-0.010891
-6.833333	-0.011596
-6.800000	-0.012299
-6.766667	-0.012986
-6.733333	-0.013635
-6.700000	-0.014249
-6.666667	-0.014813
-6.633333	-0.015326
-6.600000	-0.015786
-6.566667	-0.016186
-6.533333	-0.016517
-6.500000	-0.016780
-6.466667	-0.016955
-6.433333	-0.017057
-6.400000	-0.017071
-6.366667	-0.016997
-6.333333	-0.016837
-6.300000	-0.016601
-6.266667	-0.016291
-6.233333	-0.015896
-6.200000	-0.015447
-6.166667	-0.014943
-6.133333	-0.014388
-6.100000	-0.013801
-6.066667	-0.013193
-6.033333	-0.012569
-6.000000	-0.011921
-5.966667	-0.011276
-5.933333	-0.010629
-5.900000	-0.009998
-5.866667	-0.009384
-5.833333	-0.008847
-5.800000	-0.008339
-5.766667	-0.007884
-5.733333	-0.007500
-5.700000	-0.007177
-5.666667	-0.006906
-5.633333	-0.006692
-5.600000	-0.006538
-5.566667	-0.006445
-5.533333	-0.006407
-5.500000	-0.006432
-5.466667	-0.006521
-5.433333	-0.006668
-5.400000	-0.006881
-5.366667	-0.007154
-5.333333	-0.007488
-5.300000	-0.007873
-5.266667	-0.008303
-5.233333	-0.008772
-5.200000	-0.009275
-5.166667	-0.009804
-5.133333	-0.010350
-5.100000	-0.010906
-5.066667	-0.011461
-5.033333	-0.012000
-5.000000	-0.012518
-4.966667	-0.013031
-4.933333	-0.013513
-4.900000	-0.013977
-4.866667	-0.014420
-4.833333	-0.014853
-4.800000	-0.015211
-4.766667	-0.015535
-4.733333	-0.015816
-4.700000	-0.016035
-4.666667	-0.016188
-4.633333	-0.016293
-4.600000	-0.016365
-4.566667	-0.016402
-4.533333	-0.016396
-4.500000	-0.016352
-4.466667	-0.016272
-4.433333	-0.016156
-4.400000	-0.016051
-4.366667	-0.015910
-4.333333	-0.015764
-4.300000	-0.015600
-4.266667	-0.015431
-4.233333	-0.015266
-4.200000	-0.015121
-4.166667	-0.014967
-4.133333	-0.014830
-4.100000	-0.014707
-4.066667	-0.014619
-4.033333	-0.014529
-4.000000	-0.014470
-3.966667	-0.014429
-3.933333	-0.014405
-3.900000	-0.014402
-3.866667	-0.014423
-3.833333	-0.014469
-3.800000	-0.014528
-3.766667	-0.014617
-3.733333	-0.014726
-3.700000	-0.014859
-3.666667	-0.015019
-3.633333	-0.015212
-3.600000	-0.015437
-3.566667	-0.015685
-3.533333	-0.015948
-3.500000	-0.016235
-3.466667	-0.016549
-3.433333	-0.016889
-3.400000	-0.017253
-3.366667	-0.017605
-3.333333	-0.017968
-3.300000	-0.018321
-3.266667	-0.018669
-3.233333	-0.019003
-3.200000	-0.019309
-3.166667	-0.019576
-3.133333	-0.019813
-3.100000	-0.020003
-3.066667	-0.020151
-3.033333	-0.020231
-3.000000	-0.020280
-2.966667	-0.020270
-2.933333	-0.020210
-2.900000	-0.020101
-2.866667	-0.019943
-2.833333	-0.019733
-2.800000	-0.019473
-2.766667	-0.019177
-2.733333	-0.018835
-2.700000	-0.018459
-2.666667	-0.018050
-2.633333	-0.017614
-2.600000	-0.017149
-2.566667	-0.016671
-2.533333	-0.016177
-2.500000	-0.015675
-2.466667	-0.015171
-2.433333	-0.014662
-2.400000	-0.014141
-2.366667	-0.013605
-2.333333	-0.013071
-2.300000	-0.012538
-2.266667	-0.011999
-2.233333	-0.011460
-2.200000	-0.010939
-2.166667	-0.010431
-2.133333	-0.009910
-2.100000	-0.009424
-2.066667	-0.008983
-2.033333	-0.008562
-2.000000	-0.008197
-1.966667	-0.007888
-1.933333	-0.007648
-1.900000	-0.007485
-1.866667	-0.007402
-1.833333	-0.007404
-1.800000	-0.007493
-1.766667	-0.007663
-1.733333	-0.007890
-1.700000	-0.008188
-1.666667	-0.008543
-1.633333	-0.008949
-1.600000	-0.009381
-1.566667	-0.009827
-1.533333	-0.010251
-1.500000	-0.010670
-1.466667	-0.011067
-1.433333	-0.011430
-1.400000	-0.011724
-1.366667	-0.011953
-1.333333	-0.012138
-1.300000	-0.012249
-1.266667	-0.012266
-1.233333	-0.012194
-1.200000	-0.012046
-1.166667	-0.011811
-1.133333	-0.011500
-1.100000	-0.011141
-1.066667	-0.010716
-1.033333	-0.010229
-1.000000	-0.009738
-0.966667	-0.009228
-0.933333	-0.008712
-0.900000	-0.008171
-0.866667	-0.007620
-0.833333	-0.007054
-0.800000	-0.006470
-0.766667	-0.005872
-0.733333	-0.005253
-0.700000	-0.004636
-0.666667	-0.004004
-0.633333	-0.003364
-0.600000	-0.002724
-0.566667	-0.002102
-0.533333	-0.001503
-0.500000	-0.000957
-0.466667	-0.000468
-0.433333	-0.000007
-0.400000	0.000407
-0.366667	0.000759
-0.333333	0.001044
-0.300000	0.001288
-0.266667	0.001491
-0.233333	0.001611
-0.200000	0.001660
-0.166667	0.001639
-0.133333	0.001554
-0.100000	0.001425
-0.066667	0.001226
-0.033333	0.000958
-0.000000	0.000633
0.033333	0.000287
0.066667	-0.000081
0.100000	-0.000456
0.133333	-0.000841
0.166667	-0.001219
0.200000	-0.001595
0.233333	-0.001959
0.266667	-0.002301
0.300000	-0.002620
0.333333	-0.002914
0.366667	-0.003195
0.400000	-0.003479
0.433333	-0.003754
0.466667	-0.004002
0.500000	-0.004227
0.533333	-0.004421
0.566667	-0.004584
0.600000	-0.004755
0.633333	-0.004855
0.666667	-0.004950
0.700000	-0.005027
0.733333	-0.005109
0.766667	-0.005197
0.800000	-0.005287
0.833333	-0.005384
0.866667	-0.005508
0.900000	-0.005636
0.933333	-0.005815
0.966667	-0.006002
1.000000	-0.006184
1.033333	-0.006364
1.066667	-0.006579
1.100000	-0.006751
1.133333	-0.006921
1.166667	-0.007076
1.200000	-0.007222
1.233333	-0.007353
1.266667	-0.007455
1.300000	-0.007524
1.333333	-0.007578
1.366667	-0.007617
1.400000	-0.007655
1.433333	-0.007654
1.466667	-0.007632
1.500000	-0.007591
1.533333	-0.007543
1.566667	-0.007503
1.600000	-0.007450
1.633333	-0.007376
1.666667	-0.007364
1.700000	-0.007344
1.733333	-0.007363
1.766667	-0.007405
1.800000	-0.007492
1.833333	-0.007601
1.866667	-0.007737
1.900000	-0.007875
1.933333	-0.008041
1.966667	-0.008209
2.000000	-0.008372
2.033333	-0.008539
2.066667	-0.008704
2.100000	-0.008834
2.133333	-0.008989
2.166667	-0.009111
2.200000	-0.009241
2.233333	-0.009352
2.266667	-0.009433
2.300000	-0.009500
2.333333	-0.009562
2.366667	-0.009605
2.400000	-0.009631
2.433333	-0.009623
2.466667	-0.009601
2.500000	-0.009550
2.533333	-0.009465
2.566667	-0.009346
2.600000	-0.009189
2.633333	-0.008991
2.666667	-0.008754
2.700000	-0.008454
2.733333	-0.008116
2.766667	-0.007724
2.800000	-0.007275
2.833333	-0.006768
2.866667	-0.006206
2.900000	-0.005605
2.933333	-0.004964
2.966667	-0.004277
3.000000	-0.003544
3.033333	-0.002781
3.066667	-0.002010
3.100000	-0.001238
3.133333	-0.000463
3.166667	0.000313
3.200000	0.001047
3.233333	0.001753
3.266667	0.002415
3.300000	0.003025
3.333333	0.003588
3.366667	0.004071
3.400000	0.004508
3.433333	0.004876
3.466667	0.005183
3.500000	0.005427
3.533333	0.005620
3.566667	0.005758
3.600000	0.005842
3.633333	0.005896
3.666667	0.005895
3.700000	0.005873
3.733333	0.005820
3.766667	0.005740
3.800000	0.005649
3.833333	0.005543
3.866667	0.005428
3.900000	0.005311
3.933333	0.005202
3.966667	0.005097
4.000000	0.004979
4.033333	0.004846
4.066667	0.004712
4.100000	0.004582
4.133333	0.004463
4.166667	0.004345
4.200000	0.004235
4.233333	0.004144
4.266667	0.004081
4.300000	0.004040
4.333333	0.004047
4.366667	0.004059
4.400000	0.004137
4.433333	0.004238
4.466667	0.004371
4.500000	0.004538
4.533333	0.004757
4.566667	0.004983
4.600000	0.005242
4.633333	0.005534
4.666667	0.005827
4.700000	0.006140
4.733333	0.006446
4.766667	0.006744
4.800000	0.007015
4.833333	0.007257
4.866667	0.007453
4.900000	0.007596
4.933333	0.007687
4.966667	0.007714
5.000000	0.007678
5.033333	0.007592
5.066667	0.007455
5.100000	0.007253
5.133333	0.007007
5.166667	0.006728
5.200000	0.006433
5.233333	0.006084
5.266667	0.005724
5.300000	0.005338
5.333333	0.004947
5.366667	0.004543
5.400000	0.004153
5.433333	0.003764
5.466667	0.003383
5.500000	0.003022
5.533333	0.002684
5.566667	0.002338
5.600000	0.002028
5.633333	0.001726
5.666667	0.001434
5.700000	0.001154
5.733333	0.000874
5.766667	0.000612
5.800000	0.000359
5.833333	0.000123
5.866667	-0.000119
5.900000	-0.000339
5.933333	-0.000532
5.966667	-0.000710
6.000000	-0.000863
6.033333	-0.000999
6.066667	-0.001117
6.100000	-0.001206
6.133333	-0.001260
6.166667	-0.001283
6.200000	-0.001281
6.233333	-0.001266
6.266667	-0.001198
6.300000	-0.001106
6.333333	-0.000980
6.366667	-0.000816
6.400000	-0.000616
6.433333	-0.000395
6.466667	-0.000145
6.500000	0.000129
6.533333	0.000427
6.566667	0.000741
6.600000	0.001074
6.633333	0.001422
6.666667	0.001787
6.700000	0.002161
6.733333	0.002539
6.766667	0.002941
6.800000	0.003329
6.833333	0.003711
6.866667	0.004078
6.900000	0.004436
6.933333	0.004768
6.966667	0.005068
7.000000	0.005336
7.033333	0.005564
7.066667	0.005750
7.100000	0.005897
7.133333	0.006004
7.166667	0.006070
7.200000	0.006079
7.233333	0.006062
7.266667	0.005992
7.300000	0.005884
7.333333	0.005738
7.366667	0.005559
7.400000	0.005342
7.433333	0.005097
7.466667	0.004833
7.500000	0.004546
7.533333	0.004244
7.566667	0.003931
7.600000	0.003616
7.633333	0.003290
7.666667	0.002964
7.700000	0.002636
7.733333	0.002305
7.766667	0.001982
7.800000	0.001653
7.833333	0.001331
7.866667	0.001012
7.900000	0.000702
7.933333	0.000419
7.966667	0.000155
8.000000	-0.000105
8.033333	-0.000307
8.066667	-0.000490
8.100000	-0.000632
8.133333	-0.000734
8.166667	-0.000805
8.200000	-0.000845
8.233333	-0.000835
8.266667	-0.000808
8.300000	-0.000740
8.333333	-0.000641
8.366667	-0.000519
8.400000	-0.000379
8.433333	-0.000215
8.466667	-0.000053
8.500000	0.000112
8.533333	0.000259
8.566667	0.000397
8.600000	0.000497
8.633333	0.000557
8.666667	0.000597
8.700000	0.000578
8.733333	0.000526
8.766667	0.000437
8.800000	0.000295
8.833333	0.000108
8.866667	-0.000114
8.900000	-0.000365
8.933333	-0.000651
8.966667	-0.000980
9.000000	-0.001349
9.033333	-0.001721
9.066667	-0.002150
9.100000	-0.002594
9.133333	-0.003066
9.166667	-0.003559
9.200000	-0.004072
9.233333	-0.004599
9.266667	-0.005133
9.300000	-0.005675
9.333333	-0.006228
9.366667	-0.006789
9.400000	-0.007342
9.433333	-0.007916
9.466667	-0.008458
9.500000	-0.008990
9.533333	-0.009501
9.566667	-0.009967
9.600000	-0.010399
9.633333	-0.010761
9.666667	-0.011053
9.700000	-0.011288
9.733333	-0.011433
9.766667	-0.011506
9.800000	-0.011516
9.833333	-0.011447
9.866667	-0.011300
9.900000	-0.011088
9.933333	-0.010817
9.966667	-0.010491
10.000000	-0.010119
10.033333	-0.009710
10.066667	-0.009281
10.100000	-0.008839
10.133333	-0.008399
10.166667	-0.007972
10.200000	-0.007571
10.233333	-0.007204
10.266667	-0.006877
10.300000	-0.006596
10.333333	-0.006361
10.366667	-0.006163
10.400000	-0.006003
10.433333	-0.005892
10.466667	-0.005784
10.500000	-0.005720
10.533333	-0.005669
10.566667	-0.005624
10.600000	-0.005583
10.633333	-0.005537
10.666667	-0.005483
10.700000	-0.005415
10.733333	-0.005328
10.766667	-0.005217
10.800000	-0.005083
10.833333	-0.004922
10.866667	-0.004734
10.900000	-0.004521
10.933333	-0.004286
10.966667	-0.004034
11.000000	-0.003772
11.033333	-0.003505
11.066667	-0.003237
11.100000	-0.002973
11.133333	-0.002716
11.166667	-0.002470
11.200000	-0.002238
11.233333	-0.002017
11.266667	-0.001810
11.300000	-0.001615
11.333333	-0.001433
11.366667	-0.001268
11.400000	-0.001119
11.433333	-0.000987
11.466667	-0.000869
11.500000	-0.000771
11.533333	-0.000681
11.566667	-0.000600
11.600000	-0.000527
11.633333	-0.000459
11.666667	-0.000397
11.700000	-0.000340
11.733333	-0.000286
11.766667	-0.000234
11.800000	-0.000183
11.833333	-0.000133
11.866667	-0.000082
11.900000	-0.000030
11.933333	0.000025
11.966667	0.000084
