-88.000000	0.000008
-87.966667	0.000008
-87.933333	0.000007
-87.900000	0.000007
-87.866667	0.000006
-87.833333	0.000005
-87.800000	0.000004
-87.766667	0.000003
-87.733333	0.000001
-87.700000	-0.000000
-87.666667	-0.000002
-87.633333	-0.000004
-87.600000	-0.000005
-87.566667	-0.000007
-87.533333	-0.000008
-87.500000	-0.000010
-87.466667	-0.000011
-87.433333	-0.000011
-87.400000	-0.000012
-87.366667	-0.000011
-87.333333	-0.000011
-87.300000	-0.000010
-87.266667	-0.000009
-87.233333	-0.000008
-87.200000	-0.000007
-87.166667	-0.000006
-87.133333	-0.000004
-87.100000	-0.000004
-87.066667	-0.000003
-87.033333	-0.000003
-87.000000	-0.000004
-86.966667	-0.000006
-86.933333	-0.000009
-86.900000	-0.000014
-86.866667	-0.000021
-86.833333	-0.000030
-86.800000	-0.000040
-86.766667	-0.000052
-86.733333	-0.000064
-86.700000	-0.000077
-86.666667	-0.000092
-86.633333	-0.000110
-86.600000	-0.000131
-86.566667	-0.000154
-86.533333	-0.000175
-86.500000	-0.000189
-86.466667	-0.000207
-86.433333	-0.000226
-86.400000	-0.000243
-86.366667	-0.000259
-86.333333	-0.000275
-86.300000	-0.000290
-86.266667	-0.000299
-86.233333	-0.000303
-86.200000	-0.000309
-86.166667	-0.000315
-86.133333	-0.000315
-86.100000	-0.000318
-86.066667	-0.000312
-86.033333	-0.000313
-86.000000	-0.000308
-85.966667	-0.000303
-85.933333	-0.000303
-85.900000	-0.000302
-85.866667	-0.000292
-85.833333	-0.000296
-85.800000	-0.000297
-85.766667	-0.000301
-85.733333	-0.000302
-85.700000	-0.000309
-85.666667	-0.000322
-85.633333	-0.000330
-85.600000	-0.000341
-85.566667	-0.000353
-85.533333	-0.000374
-85.500000	-0.000389
-85.466667	-0.000411
-85.433333	-0.000425
-85.400000	-0.000437
-85.366667	-0.000463
-85.333333	-0.000482
-85.300000	-0.000496
-85.266667	-0.000508
-85.233333	-0.000524
-85.200000	-0.000544
-85.166667	-0.000558
-85.133333	-0.000557
-85.100000	-0.000583
-85.066667	-0.000578
-85.033333	-0.000598
-85.000000	-0.000601
-84.966667	-0.000611
-84.933333	-0.000623
-84.900000	-0.000630
-84.866667	-0.000635
-84.833333	-0.000651
-84.800000	-0.000668
-84.766667	-0.000680
-84.733333	-0.000688
-84.700000	-0.000714
-84.666667	-0.000734
-84.633333	-0.000752
-84.600000	-0.000774
-84.566667	-0.000797
-84.533333	-0.000833
-84.500000	-0.000863
-84.466667	-0.000873
-84.433333	-0.000908
-84.400000	-0.000944
-84.366667	-0.000970
-84.333333	-0.000991
-84.300000	-0.001017
-84.266667	-0.001043
-84.233333	-0.001062
-84.200000	-0.001076
-84.166667	-0.001084
-84.133333	-0.001091
-84.100000	-0.001109
-84.066667	-0.001099
-84.033333	-0.001112
-84.000000	-0.001104
-83.966667	-0.001102
-83.933333	-0.001097
-83.900000	-0.001089
-83.866667	-0.001082
-83.833333	-0.001073
-83.800000	-0.001062
-83.766667	-0.001039
-83.733333	-0.001022
-83.700000	-0.001011
-83.666667	-0.000994
-83.633333	-0.000985
-83.600000	-0.000981
-83.566667	-0.000983
-83.533333	-0.000977
-83.500000	-0.000966
-83.466667	-0.000955
-83.433333	-0.000979
-83.400000	-0.000974
-83.366667	-0.000964
-83.333333	-0.000971
-83.300000	-0.000974
-83.266667	-0.000971
-83.233333	-0.000965
-83.200000	-0.000960
-83.166667	-0.000953
-83.133333	-0.000945
-83.100000	-0.000936
-83.066667	-0.000929
-83.033333	-0.000919
-83.000000	-0.000903
-82.966667	-0.000883
-82.933333	-0.000865
-82.900000	-0.000838
-82.866667	-0.000807
-82.833333	-0.000770
-82.800000	-0.000731
-82.766667	-0.000693
-82.733333	-0.000651
-82.700000	-0.000610
-82.666667	-0.000571
-82.633333	-0.000523
-82.600000	-0.000474
-82.566667	-0.000415
-82.533333	-0.000344
-82.500000	-0.000293
-82.466667	-0.000236
-82.433333	-0.000173
-82.400000	-0.000095
-82.366667	-0.000021
-82.333333	0.000036
-82.300000	0.000104
-82.266667	0.000176
-82.233333	0.000253
-82.200000	0.000321
-82.166667	0.000378
-82.133333	0.000431
-82.100000	0.000477
-82.066667	0.000512
-82.033333	0.000540
-82.000000	0.000565
-81.966667	0.000582
-81.933333	0.000590
-81.900000	0.000597
-81.866667	0.000594
-81.833333	0.000567
-81.800000	0.000545
-81.766667	0.000515
-81.733333	0.000478
-81.700000	0.000432
-81.666667	0.000382
-81.633333	0.000334
-81.600000	0.000280
-81.566667	0.000231
-81.533333	0.000185
-81.500000	0.000134
-81.466667	0.000092
-81.433333	0.000044
-81.400000	-0.000005
-81.366667	-0.000060
-81.333333	-0.000104
-81.300000	-0.000129
-81.266667	-0.000164
-81.233333	-0.000205
-81.200000	-0.000252
-81.166667	-0.000293
-81.133333	-0.000327
-81.100000	-0.000363
-81.066667	-0.000398
-81.033333	-0.000428
-81.000000	-0.000453
-80.966667	-0.000455
-80.933333	-0.000489
-80.900000	-0.000503
-80.866667	-0.000543
-80.833333	-0.000594
-80.800000	-0.000617
-80.766667	-0.000640
-80.733333	-0.000665
-80.700000	-0.000690
-80.666667	-0.000705
-80.633333	-0.000714
-80.600000	-0.000722
-80.566667	-0.000732
-80.533333	-0.000750
-80.500000	-0.000763
-80.466667	-0.000772
-80.433333	-0.000793
-80.400000	-0.000805
-80.366667	-0.000816
-80.333333	-0.000823
-80.300000	-0.000838
-80.266667	-0.000856
-80.233333	-0.000878
-80.200000	-0.000888
-80.166667	-0.000901
-80.133333	-0.000914
-80.100000	-0.000929
-80.066667	-0.000944
-80.033333	-0.000960
-80.000000	-0.000978
-79.966667	-0.000998
-79.933333	-0.001045
-79.900000	-0.001069
-79.866667	-0.001124
-79.833333	-0.001156
-79.800000	-0.001183
-79.766667	-0.001214
-79.733333	-0.001253
-79.700000	-0.001291
-79.666667	-0.001325
-79.633333	-0.001362
-79.600000	-0.001400
-79.566667	-0.001444
-79.533333	-0.001492
-79.500000	-0.001529
-79.466667	-0.001544
-79.433333	-0.001579
-79.400000	-0.001605
-79.366667	-0.001631
-79.333333	-0.001642
-79.300000	-0.001656
-79.266667	-0.001650
-79.233333	-0.001647
-79.200000	-0.001642
-79.166667	-0.001642
-79.133333	-0.001623
-79.100000	-0.001607
-79.066667	-0.001581
-79.033333	-0.001558
-79.000000	-0.001541
-78.966667	-0.001513
-78.933333	-0.001491
-78.900000	-0.001472
-78.866667	-0.001454
-78.833333	-0.001434
-78.800000	-0.001422
-78.766667	-0.001410
-78.733333	-0.001400
-78.700000	-0.001393
-78.666667	-0.001392
-78.633333	-0.001392
-78.600000	-0.001385
-78.566667	-0.001404
-78.533333	-0.001402
-78.500000	-0.001409
-78.466667	-0.001410
-78.433333	-0.001438
-78.400000	-0.001456
-78.366667	-0.001468
-78.333333	-0.001481
-78.300000	-0.001495
-78.266667	-0.001501
-78.233333	-0.001520
-78.200000	-0.001542
-78.166667	-0.001556
-78.133333	-0.001559
-78.100000	-0.001577
-78.066667	-0.001604
-78.033333	-0.001617
-78.000000	-0.001652
-77.966667	-0.001663
-77.933333	-0.001668
-77.900000	-0.001670
-77.866667	-0.001707
-77.833333	-0.001716
-77.800000	-0.001730
-77.766667	-0.001730
-77.733333	-0.001736
-77.700000	-0.001743
-77.666667	-0.001733
-77.633333	-0.001734
-77.600000	-0.001720
-77.566667	-0.001719
-77.533333	-0.001700
-77.500000	-0.001697
-77.466667	-0.001682
-77.433333	-0.001665
-77.400000	-0.001649
-77.366667	-0.001630
-77.333333	-0.001611
-77.300000	-0.001586
-77.266667	-0.001580
-77.233333	-0.001572
-77.200000	-0.001547
-77.166667	-0.001545
-77.133333	-0.001531
-77.100000	-0.001520
-77.066667	-0.001505
-77.033333	-0.001485
-77.000000	-0.001492
-76.966667	-0.001480
-76.933333	-0.001469
-76.900000	-0.001469
-76.866667	-0.001484
-76.833333	-0.001471
-76.800000	-0.001478
-76.766667	-0.001471
-76.733333	-0.001460
-76.700000	-0.001459
-76.666667	-0.001452
-76.633333	-0.001468
-76.600000	-0.001460
-76.566667	-0.001451
-76.533333	-0.001446
-76.500000	-0.001447
-76.466667	-0.001453
-76.433333	-0.001452
-76.400000	-0.001457
-76.366667	-0.001452
-76.333333	-0.001454
-76.300000	-0.001461
-76.266667	-0.001466
-76.233333	-0.001460
-76.200000	-0.001452
-76.166667	-0.001461
-76.133333	-0.001440
-76.100000	-0.001427
-76.066667	-0.001435
-76.033333	-0.001427
-76.000000	-0.001421
-75.966667	-0.001409
-75.933333	-0.001404
-75.900000	-0.001389
-75.866667	-0.001384
-75.833333	-0.001364
-75.800000	-0.001339
-75.766667	-0.001316
-75.733333	-0.001302
-75.700000	-0.001291
-75.666667	-0.001250
-75.633333	-0.001227
-75.600000	-0.001190
-75.566667	-0.001166
-75.533333	-0.001143
-75.500000	-0.001110
-75.466667	-0.001074
-75.433333	-0.001034
-75.400000	-0.000996
-75.366667	-0.000950
-75.333333	-0.000919
-75.300000	-0.000882
-75.266667	-0.000829
-75.233333	-0.000793
-75.200000	-0.000750
-75.166667	-0.000706
-75.133333	-0.000658
-75.100000	-0.000618
-75.066667	-0.000585
-75.033333	-0.000530
-75.000000	-0.000493
-74.966667	-0.000453
-74.933333	-0.000428
-74.900000	-0.000377
-74.866667	-0.000335
-74.833333	-0.000288
-74.800000	-0.000258
-74.766667	-0.000223
-74.733333	-0.000182
-74.700000	-0.000128
-74.666667	-0.000078
-74.633333	-0.000046
-74.600000	-0.000002
-74.566667	0.000038
-74.533333	0.000092
-74.500000	0.000152
-74.466667	0.000202
-74.433333	0.000254
-74.400000	0.000311
-74.366667	0.000365
-74.333333	0.000414
-74.300000	0.000467
-74.266667	0.000526
-74.233333	0.000573
-74.200000	0.000629
-74.166667	0.000669
-74.133333	0.000708
-74.100000	0.000756
-74.066667	0.000792
-74.033333	0.000823
-74.000000	0.000857
-73.966667	0.000871
-73.933333	0.000889
-73.900000	0.000902
-73.866667	0.000910
-73.833333	0.000912
-73.800000	0.000901
-73.766667	0.000894
-73.733333	0.000885
-73.700000	0.000887
-73.666667	0.000893
-73.633333	0.000905
-73.600000	0.000933
-73.566667	0.000955
-73.533333	0.000989
-73.500000	0.001026
-73.466667	0.001066
-73.433333	0.001115
-73.400000	0.001157
-73.366667	0.001221
-73.333333	0.001300
-73.300000	0.001382
-73.266667	0.001480
-73.233333	0.001576
-73.200000	0.001646
-73.166667	0.001748
-73.133333	0.001844
-73.100000	0.001944
-73.066667	0.002016
-73.033333	0.002104
-73.000000	0.002176
-72.966667	0.002235
-72.933333	0.002286
-72.900000	0.002307
-72.866667	0.002329
-72.833333	0.002335
-72.800000	0.002320
-72.766667	0.002286
-72.733333	0.002244
-72.700000	0.002186
-72.666667	0.002099
-72.633333	0.001983
-72.600000	0.001832
-72.566667	0.001626
-72.533333	0.001387
-72.500000	0.001106
-72.466667	0.000793
-72.433333	0.000428
-72.400000	0.000015
-72.366667	-0.000422
-72.333333	-0.000901
-72.300000	-0.001422
-72.266667	-0.001967
-72.233333	-0.002548
-72.200000	-0.003151
-72.166667	-0.003740
-72.133333	-0.004353
-72.100000	-0.004948
-72.066667	-0.005524
-72.033333	-0.006051
-72.000000	-0.006543
-71.966667	-0.006970
-71.933333	-0.007333
-71.900000	-0.007610
-71.866667	-0.007798
-71.833333	-0.007904
-71.800000	-0.007944
-71.766667	-0.007887
-71.733333	-0.007728
-71.700000	-0.007512
-71.666667	-0.007215
-71.633333	-0.006851
-71.600000	-0.006425
-71.566667	-0.005949
-71.533333	-0.005429
-71.500000	-0.004874
-71.466667	-0.004295
-71.433333	-0.003709
-71.400000	-0.003119
-71.366667	-0.002523
-71.333333	-0.001940
-71.300000	-0.001380
-71.266667	-0.000841
-71.233333	-0.000318
-71.200000	0.000179
-71.166667	0.000652
-71.133333	0.001106
-71.100000	0.001537
-71.066667	0.001955
-71.033333	0.002351
-71.000000	0.002732
-70.966667	0.003093
-70.933333	0.003439
-70.900000	0.003765
-70.866667	0.004071
-70.833333	0.004349
-70.800000	0.004601
-70.766667	0.004846
-70.733333	0.005066
-70.700000	0.005249
-70.666667	0.005428
-70.633333	0.005572
-70.600000	0.005689
-70.566667	0.005779
-70.533333	0.005849
-70.500000	0.005897
-70.466667	0.005920
-70.433333	0.005930
-70.400000	0.005924
-70.366667	0.005915
-70.333333	0.005898
-70.300000	0.005891
-70.266667	0.005894
-70.233333	0.005906
-70.200000	0.005919
-70.166667	0.005929
-70.133333	0.005951
-70.100000	0.005978
-70.066667	0.006010
-70.033333	0.006043
-70.000000	0.006093
-69.966667	0.006151
-69.933333	0.006210
-69.900000	0.006270
-69.866667	0.006335
-69.833333	0.006401
-69.800000	0.006466
-69.766667	0.006520
-69.733333	0.006575
-69.700000	0.006615
-69.666667	0.006660
-69.633333	0.006698
-69.600000	0.006707
-69.566667	0.006746
-69.533333	0.006772
-69.500000	0.006800
-69.466667	0.006822
-69.433333	0.006858
-69.400000	0.006884
-69.366667	0.006916
-69.333333	0.006959
-69.300000	0.006989
-69.266667	0.007031
-69.233333	0.007072
-69.200000	0.007093
-69.166667	0.007122
-69.133333	0.007146
-69.100000	0.007167
-69.066667	0.007192
-69.033333	0.007229
-69.000000	0.007279
-68.966667	0.007314
-68.933333	0.007342
-68.900000	0.007403
-68.866667	0.007468
-68.833333	0.007547
-68.800000	0.007640
-68.766667	0.007749
-68.733333	0.007887
-68.700000	0.008044
-68.666667	0.008227
-68.633333	0.008427
-68.600000	0.008641
-68.566667	0.008901
-68.533333	0.009150
-68.500000	0.009422
-68.466667	0.009702
-68.433333	0.009989
-68.400000	0.010261
-68.366667	0.010530
-68.333333	0.010800
-68.300000	0.011012
-68.266667	0.011224
-68.233333	0.011387
-68.200000	0.011504
-68.166667	0.011600
-68.133333	0.011631
-68.100000	0.011626
-68.066667	0.011573
-68.033333	0.011469
-68.000000	0.011310
-67.966667	0.011093
-67.933333	0.010848
-67.900000	0.010577
-67.866667	0.010245
-67.833333	0.009899
-67.800000	0.009525
-67.766667	0.009135
-67.733333	0.008736
-67.700000	0.008330
-67.666667	0.007925
-67.633333	0.007537
-67.600000	0.007168
-67.566667	0.006838
-67.533333	0.006558
-67.500000	0.006332
-67.466667	0.006159
-67.433333	0.006042
-67.400000	0.005996
-67.366667	0.006035
-67.333333	0.006162
-67.300000	0.006361
-67.266667	0.006684
-67.233333	0.007070
-67.200000	0.007551
-67.166667	0.008144
-67.133333	0.008825
-67.100000	0.009589
-67.066667	0.010449
-67.033333	0.011395
-67.000000	0.012420
-66.966667	0.013529
-66.933333	0.014685
-66.900000	0.015885
-66.866667	0.017138
-66.833333	0.018443
-66.800000	0.019761
-66.766667	0.021093
-66.733333	0.022433
-66.700000	0.023772
-66.666667	0.025098
-66.633333	0.026414
-66.600000	0.027724
-66.566667	0.029003
-66.533333	0.030279
-66.500000	0.031528
-66.466667	0.032769
-66.433333	0.034015
-66.400000	0.035277
-66.366667	0.036556
-66.333333	0.037859
-66.300000	0.039199
-66.266667	0.040584
-66.233333	0.042026
-66.200000	0.043574
-66.166667	0.045223
-66.133333	0.046986
-66.100000	0.048875
-66.066667	0.050920
-66.033333	0.053119
-66.000000	0.055463
-65.966667	0.057959
-65.933333	0.060602
-65.900000	0.063381
-65.866667	0.066326
-65.833333	0.069405
-65.800000	0.072610
-65.766667	0.075954
-65.733333	0.079448
-65.700000	0.083090
-65.666667	0.086884
-65.633333	0.090856
-65.600000	0.095033
-65.566667	0.099428
-65.533333	0.104072
-65.500000	0.108989
-65.466667	0.114191
-65.433333	0.119648
-65.400000	0.125360
-65.366667	0.131282
-65.333333	0.137328
-65.300000	0.143394
-65.266667	0.149337
-65.233333	0.154951
-65.200000	0.159941
-65.166667	0.163972
-65.133333	0.166665
-65.100000	0.167559
-65.066667	0.166151
-65.033333	0.161895
-65.000000	0.154214
-64.966667	0.142545
-64.933333	0.126303
-64.900000	0.104951
-64.866667	0.078077
-64.833333	0.045312
-64.800000	0.006467
-64.766667	-0.038525
-64.733333	-0.089539
-64.700000	-0.146264
-64.666667	-0.208162
-64.633333	-0.274482
-64.600000	-0.344273
-64.566667	-0.416427
-64.533333	-0.489674
-64.500000	-0.562581
-64.466667	-0.633657
-64.433333	-0.701358
-64.400000	-0.764159
-64.366667	-0.820596
-64.333333	-0.869277
-64.300000	-0.908964
-64.266667	-0.938639
-64.233333	-0.957513
-64.200000	-0.965032
-64.166667	-0.960884
-64.133333	-0.945030
-64.100000	-0.917814
-64.066667	-0.879738
-64.033333	-0.831620
-64.000000	-0.774437
-63.966667	-0.709390
-63.933333	-0.637812
-63.900000	-0.561109
-63.866667	-0.480741
-63.833333	-0.398172
-63.800000	-0.314832
-63.766667	-0.232096
-63.733333	-0.151200
-63.700000	-0.073259
-63.666667	0.000777
-63.633333	0.070105
-63.600000	0.134095
-63.566667	0.192267
-63.533333	0.244315
-63.500000	0.290108
-63.466667	0.329611
-63.433333	0.362897
-63.400000	0.390160
-63.366667	0.411694
-63.333333	0.427824
-63.300000	0.438956
-63.266667	0.445472
-63.233333	0.447865
-63.200000	0.446605
-63.166667	0.442173
-63.133333	0.435023
-63.100000	0.425556
-63.066667	0.414265
-63.033333	0.401497
-63.000000	0.387681
-62.966667	0.373136
-62.933333	0.358169
-62.900000	0.343054
-62.866667	0.328021
-62.833333	0.313265
-62.800000	0.298949
-62.766667	0.285162
-62.733333	0.271998
-62.700000	0.259505
-62.666667	0.247710
-62.633333	0.236607
-62.600000	0.226169
-62.566667	0.216376
-62.533333	0.207199
-62.500000	0.198606
-62.466667	0.190538
-62.433333	0.182980
-62.400000	0.175877
-62.366667	0.169143
-62.333333	0.162770
-62.300000	0.156752
-62.266667	0.151054
-62.233333	0.145725
-62.200000	0.140749
-62.166667	0.136136
-62.133333	0.131877
-62.100000	0.127966
-62.066667	0.124381
-62.033333	0.121101
-62.000000	0.118100
-61.966667	0.115314
-61.933333	0.112678
-61.900000	0.110125
-61.866667	0.107589
-61.833333	0.105001
-61.800000	0.102292
-61.766667	0.099353
-61.733333	0.096156
-61.700000	0.092635
-61.666667	0.088775
-61.633333	0.084554
-61.600000	0.079972
-61.566667	0.075049
-61.533333	0.069792
-61.500000	0.064251
-61.466667	0.058491
-61.433333	0.052594
-61.400000	0.046615
-61.366667	0.040644
-61.333333	0.034822
-61.300000	0.029243
-61.266667	0.024037
-61.233333	0.019290
-61.200000	0.015071
-61.166667	0.011429
-61.133333	0.008384
-61.100000	0.005944
-61.066667	0.004108
-61.033333	0.002845
-61.000000	0.002087
-60.966667	0.001795
-60.933333	0.001845
-60.900000	0.002194
-60.866667	0.002722
-60.833333	0.003341
-60.800000	0.003953
-60.766667	0.004459
-60.733333	0.004800
-60.700000	0.004909
-60.666667	0.004755
-60.633333	0.004289
-60.600000	0.003498
-60.566667	0.002369
-60.533333	0.000898
-60.500000	-0.000873
-60.466667	-0.002914
-60.433333	-0.005188
-60.400000	-0.007641
-60.366667	-0.010225
-60.333333	-0.012917
-60.300000	-0.015671
-60.266667	-0.018429
-60.233333	-0.021175
-60.200000	-0.023903
-60.166667	-0.026593
-60.133333	-0.029228
-60.100000	-0.031769
-60.066667	-0.034179
-60.033333	-0.036476
-60.000000	-0.038668
-59.966667	-0.040753
-59.933333	-0.042759
-59.900000	-0.044642
-59.866667	-0.046435
-59.833333	-0.048095
-59.800000	-0.049605
-59.766667	-0.050941
-59.733333	-0.052081
-59.700000	-0.052986
-59.666667	-0.053623
-59.633333	-0.053968
-59.600000	-0.053996
-59.566667	-0.053714
-59.533333	-0.053133
-59.500000	-0.052242
-59.466667	-0.051044
-59.433333	-0.049545
-59.400000	-0.047773
-59.366667	-0.045769
-59.333333	-0.043564
-59.300000	-0.041179
-59.266667	-0.038666
-59.233333	-0.036086
-59.200000	-0.033473
-59.166667	-0.030864
-59.133333	-0.028306
-59.100000	-0.025838
-59.066667	-0.023499
-59.033333	-0.021344
-59.000000	-0.019398
-58.966667	-0.017677
-58.933333	-0.016189
-58.900000	-0.014943
-58.866667	-0.013936
-58.833333	-0.013162
-58.800000	-0.012623
-58.766667	-0.012314
-58.733333	-0.012222
-58.700000	-0.012323
-58.666667	-0.012598
-58.633333	-0.013024
-58.600000	-0.013575
-58.566667	-0.014230
-58.533333	-0.014958
-58.500000	-0.015727
-58.466667	-0.016485
-58.433333	-0.017229
-58.400000	-0.017915
-58.366667	-0.018523
-58.333333	-0.019034
-58.300000	-0.019448
-58.266667	-0.019759
-58.233333	-0.019942
-58.200000	-0.019992
-58.166667	-0.019911
-58.133333	-0.019694
-58.100000	-0.019330
-58.066667	-0.018822
-58.033333	-0.018168
-58.000000	-0.017367
-57.966667	-0.016421
-57.933333	-0.015336
-57.900000	-0.014118
-57.866667	-0.012781
-57.833333	-0.011338
-57.800000	-0.009800
-57.766667	-0.008203
-57.733333	-0.006515
-57.700000	-0.004810
-57.666667	-0.003073
-57.633333	-0.001337
-57.600000	0.000379
-57.566667	0.002049
-57.533333	0.003650
-57.500000	0.005162
-57.466667	0.006581
-57.433333	0.007865
-57.400000	0.009024
-57.366667	0.010021
-57.333333	0.010843
-57.300000	0.011472
-57.266667	0.011891
-57.233333	0.012086
-57.200000	0.012032
-57.166667	0.011737
-57.133333	0.011200
-57.100000	0.010422
-57.066667	0.009400
-57.033333	0.008142
-57.000000	0.006671
-56.966667	0.005002
-56.933333	0.003158
-56.900000	0.001158
-56.866667	-0.000964
-56.833333	-0.003184
-56.800000	-0.005496
-56.766667	-0.007879
-56.733333	-0.010253
-56.700000	-0.012711
-56.666667	-0.015124
-56.633333	-0.017503
-56.600000	-0.019817
-56.566667	-0.022036
-56.533333	-0.024131
-56.500000	-0.026076
-56.466667	-0.027871
-56.433333	-0.029489
-56.400000	-0.030926
-56.366667	-0.032170
-56.333333	-0.033221
-56.300000	-0.034083
-56.266667	-0.034766
-56.233333	-0.035282
-56.200000	-0.035645
-56.166667	-0.035850
-56.133333	-0.035911
-56.100000	-0.035840
-56.066667	-0.035647
-56.033333	-0.035337
-56.000000	-0.034909
-55.966667	-0.034380
-55.933333	-0.033759
-55.900000	-0.033053
-55.866667	-0.032257
-55.833333	-0.031380
-55.800000	-0.030426
-55.766667	-0.029378
-55.733333	-0.028247
-55.700000	-0.027065
-55.666667	-0.025744
-55.633333	-0.024329
-55.600000	-0.022838
-55.566667	-0.021271
-55.533333	-0.019647
-55.500000	-0.017994
-55.466667	-0.016307
-55.433333	-0.014592
-55.400000	-0.012910
-55.366667	-0.011246
-55.333333	-0.009663
-55.300000	-0.008166
-55.266667	-0.006790
-55.233333	-0.005570
-55.200000	-0.004543
-55.166667	-0.003701
-55.133333	-0.003084
-55.100000	-0.002713
-55.066667	-0.002572
-55.033333	-0.002695
-55.000000	-0.003063
-54.966667	-0.003668
-54.933333	-0.004483
-54.900000	-0.005476
-54.866667	-0.006622
-54.833333	-0.007858
-54.800000	-0.009176
-54.766667	-0.010535
-54.733333	-0.011911
-54.700000	-0.013263
-54.666667	-0.014553
-54.633333	-0.015772
-54.600000	-0.016903
-54.566667	-0.017914
-54.533333	-0.018786
-54.500000	-0.019510
-54.466667	-0.020059
-54.433333	-0.020464
-54.400000	-0.020733
-54.366667	-0.020850
-54.333333	-0.020846
-54.300000	-0.020709
-54.266667	-0.020489
-54.233333	-0.020159
-54.200000	-0.019747
-54.166667	-0.019234
-54.133333	-0.018661
-54.100000	-0.018017
-54.066667	-0.017290
-54.033333	-0.016510
-54.000000	-0.015652
-53.966667	-0.014731
-53.933333	-0.013747
-53.900000	-0.012708
-53.866667	-0.011615
-53.833333	-0.010456
-53.800000	-0.009265
-53.766667	-0.008035
-53.733333	-0.006789
-53.700000	-0.005504
-53.666667	-0.004198
-53.633333	-0.002882
-53.600000	-0.001580
-53.566667	-0.000291
-53.533333	0.000951
-53.500000	0.002132
-53.466667	0.003230
-53.433333	0.004216
-53.400000	0.005070
-53.366667	0.005784
-53.333333	0.006345
-53.300000	0.006734
-53.266667	0.006948
-53.233333	0.007004
-53.200000	0.006867
-53.166667	0.006579
-53.133333	0.006108
-53.100000	0.005486
-53.066667	0.004724
-53.033333	0.003835
-53.000000	0.002821
-52.966667	0.001706
-52.933333	0.000532
-52.900000	-0.000660
-52.866667	-0.001826
-52.833333	-0.002907
-52.800000	-0.003885
-52.766667	-0.004735
-52.733333	-0.005412
-52.700000	-0.005885
-52.666667	-0.006161
-52.633333	-0.006222
-52.600000	-0.006081
-52.566667	-0.005738
-52.533333	-0.005216
-52.500000	-0.004527
-52.466667	-0.003710
-52.433333	-0.002789
-52.400000	-0.001806
-52.366667	-0.000795
-52.333333	0.000203
-52.300000	0.001156
-52.266667	0.002038
-52.233333	0.002820
-52.200000	0.003480
-52.166667	0.004014
-52.133333	0.004393
-52.100000	0.004649
-52.066667	0.004778
-52.033333	0.004795
-52.000000	0.004722
-51.966667	0.004607
-51.933333	0.004470
-51.900000	0.004333
-51.866667	0.004223
-51.833333	0.004152
-51.800000	0.004096
-51.766667	0.004075
-51.733333	0.004106
-51.700000	0.004176
-51.666667	0.004285
-51.633333	0.004419
-51.600000	0.004556
-51.566667	0.004694
-51.533333	0.004805
-51.500000	0.004870
-51.466667	0.004871
-51.433333	0.004792
-51.400000	0.004617
-51.366667	0.004334
-51.333333	0.003948
-51.300000	0.003467
-51.266667	0.002896
-51.233333	0.002249
-51.200000	0.001545
-51.166667	0.000815
-51.133333	0.000087
-51.100000	-0.000613
-51.066667	-0.001263
-51.033333	-0.001844
-51.000000	-0.002344
-50.966667	-0.002756
-50.933333	-0.003084
-50.900000	-0.003309
-50.866667	-0.003428
-50.833333	-0.003456
-50.800000	-0.003410
-50.766667	-0.003264
-50.733333	-0.003047
-50.700000	-0.002768
-50.666667	-0.002452
-50.633333	-0.002122
-50.600000	-0.001795
-50.566667	-0.001470
-50.533333	-0.001209
-50.500000	-0.000940
-50.466667	-0.000714
-50.433333	-0.000507
-50.400000	-0.000319
-50.366667	-0.000139
-50.333333	0.000049
-50.300000	0.000261
-50.266667	0.000503
-50.233333	0.000799
-50.200000	0.001163
-50.166667	0.001600
-50.133333	0.002105
-50.100000	0.002685
-50.066667	0.003311
-50.033333	0.003994
-50.000000	0.004719
-49.966667	0.005474
-49.933333	0.006229
-49.900000	0.006994
-49.866667	0.007708
-49.833333	0.008346
-49.800000	0.008876
-49.766667	0.009284
-49.733333	0.009511
-49.700000	0.009582
-49.666667	0.009457
-49.633333	0.009138
-49.600000	0.008612
-49.566667	0.007875
-49.533333	0.006921
-49.500000	0.005812
-49.466667	0.004514
-49.433333	0.003103
-49.400000	0.001601
-49.366667	0.000056
-49.333333	-0.001497
-49.300000	-0.003016
-49.266667	-0.004464
-49.233333	-0.005797
-49.200000	-0.006996
-49.166667	-0.008043
-49.133333	-0.008923
-49.100000	-0.009620
-49.066667	-0.010135
-49.033333	-0.010440
-49.000000	-0.010556
-48.966667	-0.010495
-48.933333	-0.010280
-48.900000	-0.009932
-48.866667	-0.009517
-48.833333	-0.009032
-48.800000	-0.008499
-48.766667	-0.007935
-48.733333	-0.007375
-48.700000	-0.006817
-48.666667	-0.006289
-48.633333	-0.005778
-48.600000	-0.005295
-48.566667	-0.004830
-48.533333	-0.004376
-48.500000	-0.003916
-48.466667	-0.003428
-48.433333	-0.002901
-48.400000	-0.002324
-48.366667	-0.001698
-48.333333	-0.001036
-48.300000	-0.000348
-48.266667	0.000349
-48.233333	0.001051
-48.200000	0.001719
-48.166667	0.002307
-48.133333	0.002815
-48.100000	0.003206
-48.066667	0.003454
-48.033333	0.003531
-48.000000	0.003414
-47.966667	0.003081
-47.933333	0.002513
-47.900000	0.001708
-47.866667	0.000665
-47.833333	-0.000602
-47.800000	-0.002078
-47.766667	-0.003747
-47.733333	-0.005577
-47.700000	-0.007503
-47.666667	-0.009466
-47.633333	-0.011434
-47.600000	-0.013361
-47.566667	-0.015209
-47.533333	-0.016944
-47.500000	-0.018525
-47.466667	-0.019914
-47.433333	-0.021087
-47.400000	-0.022028
-47.366667	-0.022734
-47.333333	-0.023226
-47.300000	-0.023505
-47.266667	-0.023603
-47.233333	-0.023542
-47.200000	-0.023361
-47.166667	-0.023091
-47.133333	-0.022721
-47.100000	-0.022306
-47.066667	-0.021870
-47.033333	-0.021424
-47.000000	-0.020989
-46.966667	-0.020576
-46.933333	-0.020196
-46.900000	-0.019853
-46.866667	-0.019555
-46.833333	-0.019286
-46.800000	-0.019036
-46.766667	-0.018781
-46.733333	-0.018494
-46.700000	-0.018157
-46.666667	-0.017766
-46.633333	-0.017299
-46.600000	-0.016750
-46.566667	-0.016109
-46.533333	-0.015368
-46.500000	-0.014517
-46.466667	-0.013553
-46.433333	-0.012501
-46.400000	-0.011366
-46.366667	-0.010182
-46.333333	-0.008983
-46.300000	-0.007788
-46.266667	-0.006633
-46.233333	-0.005531
-46.200000	-0.004503
-46.166667	-0.003567
-46.133333	-0.002741
-46.100000	-0.002054
-46.066667	-0.001529
-46.033333	-0.001138
-46.000000	-0.000904
-45.966667	-0.000808
-45.933333	-0.000844
-45.900000	-0.000989
-45.866667	-0.001210
-45.833333	-0.001511
-45.800000	-0.001841
-45.766667	-0.002185
-45.733333	-0.002521
-45.700000	-0.002836
-45.666667	-0.003118
-45.633333	-0.003342
-45.600000	-0.003513
-45.566667	-0.003616
-45.533333	-0.003664
-45.500000	-0.003642
-45.466667	-0.003565
-45.433333	-0.003460
-45.400000	-0.003310
-45.366667	-0.003131
-45.333333	-0.002938
-45.300000	-0.002735
-45.266667	-0.002532
-45.233333	-0.002353
-45.200000	-0.002186
-45.166667	-0.002037
-45.133333	-0.001905
-45.100000	-0.001792
-45.066667	-0.001692
-45.033333	-0.001561
-45.000000	-0.001448
-44.966667	-0.001318
-44.933333	-0.001153
-44.900000	-0.000933
-44.866667	-0.000651
-44.833333	-0.000316
-44.800000	0.000095
-44.766667	0.000559
-44.733333	0.001066
-44.700000	0.001607
-44.666667	0.002169
-44.633333	0.002737
-44.600000	0.003291
-44.566667	0.003804
-44.533333	0.004256
-44.500000	0.004632
-44.466667	0.004894
-44.433333	0.005031
-44.400000	0.005052
-44.366667	0.004935
-44.333333	0.004638
-44.300000	0.004215
-44.266667	0.003619
-44.233333	0.002875
-44.200000	0.002012
-44.166667	0.001026
-44.133333	-0.000072
-44.100000	-0.001235
-44.066667	-0.002466
-44.033333	-0.003725
-44.000000	-0.005017
-43.966667	-0.006284
-43.933333	-0.007502
-43.900000	-0.008660
-43.866667	-0.009745
-43.833333	-0.010746
-43.800000	-0.011650
-43.766667	-0.012446
-43.733333	-0.013132
-43.700000	-0.013696
-43.666667	-0.014136
-43.633333	-0.014457
-43.600000	-0.014660
-43.566667	-0.014748
-43.533333	-0.014726
-43.500000	-0.014597
-43.466667	-0.014364
-43.433333	-0.014008
-43.400000	-0.013546
-43.366667	-0.013012
-43.333333	-0.012427
-43.300000	-0.011767
-43.266667	-0.011073
-43.233333	-0.010352
-43.200000	-0.009643
-43.166667	-0.008931
-43.133333	-0.008242
-43.100000	-0.007582
-43.066667	-0.006976
-43.033333	-0.006402
-43.000000	-0.005897
-42.966667	-0.005424
-42.933333	-0.005029
-42.900000	-0.004695
-42.866667	-0.004403
-42.833333	-0.004194
-42.800000	-0.004036
-42.766667	-0.003925
-42.733333	-0.003882
-42.700000	-0.003891
-42.666667	-0.003970
-42.633333	-0.004110
-42.600000	-0.004285
-42.566667	-0.004490
-42.533333	-0.004730
-42.500000	-0.004998
-42.466667	-0.005274
-42.433333	-0.005560
-42.400000	-0.005892
-42.366667	-0.006243
-42.333333	-0.006617
-42.300000	-0.006992
-42.266667	-0.007372
-42.233333	-0.007778
-42.200000	-0.008174
-42.166667	-0.008543
-42.133333	-0.008899
-42.100000	-0.009221
-42.066667	-0.009486
-42.033333	-0.009695
-42.000000	-0.009855
-41.966667	-0.009943
-41.933333	-0.010003
-41.900000	-0.009992
-41.866667	-0.009947
-41.833333	-0.009863
-41.800000	-0.009724
-41.766667	-0.009555
-41.733333	-0.009376
-41.700000	-0.009170
-41.666667	-0.008953
-41.633333	-0.008711
-41.600000	-0.008467
-41.566667	-0.008203
-41.533333	-0.007964
-41.500000	-0.007728
-41.466667	-0.007498
-41.433333	-0.007289
-41.400000	-0.007098
-41.366667	-0.006905
-41.333333	-0.006735
-41.300000	-0.006574
-41.266667	-0.006430
-41.233333	-0.006289
-41.200000	-0.006142
-41.166667	-0.005993
-41.133333	-0.005837
-41.100000	-0.005699
-41.066667	-0.005548
-41.033333	-0.005394
-41.000000	-0.005245
-40.966667	-0.005111
-40.933333	-0.004984
-40.900000	-0.004865
-40.866667	-0.004755
-40.833333	-0.004651
-40.800000	-0.004565
-40.766667	-0.004491
-40.733333	-0.004434
-40.700000	-0.004387
-40.666667	-0.004360
-40.633333	-0.004359
-40.600000	-0.004384
-40.566667	-0.004418
-40.533333	-0.004497
-40.500000	-0.004594
-40.466667	-0.004719
-40.433333	-0.004870
-40.400000	-0.005045
-40.366667	-0.005240
-40.333333	-0.005453
-40.300000	-0.005691
-40.266667	-0.005946
-40.233333	-0.006211
-40.200000	-0.006466
-40.166667	-0.006725
-40.133333	-0.006982
-40.100000	-0.007231
-40.066667	-0.007435
-40.033333	-0.007614
-40.000000	-0.007757
-39.966667	-0.007857
-39.933333	-0.007897
-39.900000	-0.007877
-39.866667	-0.007794
-39.833333	-0.007649
-39.800000	-0.007422
-39.766667	-0.007135
-39.733333	-0.006772
-39.700000	-0.006347
-39.666667	-0.005869
-39.633333	-0.005336
-39.600000	-0.004743
-39.566667	-0.004115
-39.533333	-0.003432
-39.500000	-0.002710
-39.466667	-0.001959
-39.433333	-0.001182
-39.400000	-0.000380
-39.366667	0.000417
-39.333333	0.001222
-39.300000	0.002011
-39.266667	0.002789
-39.233333	0.003570
-39.200000	0.004333
-39.166667	0.005066
-39.133333	0.005775
-39.100000	0.006447
-39.066667	0.007079
-39.033333	0.007656
-39.000000	0.008164
-38.966667	0.008593
-38.933333	0.008938
-38.900000	0.009186
-38.866667	0.009330
-38.833333	0.009365
-38.800000	0.009283
-38.766667	0.009089
-38.733333	0.008782
-38.700000	0.008363
-38.666667	0.007846
-38.633333	0.007244
-38.600000	0.006572
-38.566667	0.005836
-38.533333	0.005084
-38.500000	0.004316
-38.466667	0.003552
-38.433333	0.002818
-38.400000	0.002149
-38.366667	0.001565
-38.333333	0.001113
-38.300000	0.000793
-38.266667	0.000618
-38.233333	0.000602
-38.200000	0.000728
-38.166667	0.000991
-38.133333	0.001415
-38.100000	0.001971
-38.066667	0.002622
-38.033333	0.003408
-38.000000	0.004275
-37.966667	0.005197
-37.933333	0.006168
-37.900000	0.007163
-37.866667	0.008157
-37.833333	0.009133
-37.800000	0.010068
-37.766667	0.010939
-37.733333	0.011715
-37.700000	0.012378
-37.666667	0.012950
-37.633333	0.013421
-37.600000	0.013788
-37.566667	0.014057
-37.533333	0.014242
-37.500000	0.014356
-37.466667	0.014378
-37.433333	0.014332
-37.400000	0.014244
-37.366667	0.014114
-37.333333	0.013944
-37.300000	0.013737
-37.266667	0.013503
-37.233333	0.013252
-37.200000	0.012982
-37.166667	0.012693
-37.133333	0.012410
-37.100000	0.012098
-37.066667	0.011771
-37.033333	0.011456
-37.000000	0.011091
-36.966667	0.010698
-36.933333	0.010279
-36.900000	0.009823
-36.866667	0.009343
-36.833333	0.008806
-36.800000	0.008239
-36.766667	0.007634
-36.733333	0.007004
-36.700000	0.006375
-36.666667	0.005767
-36.633333	0.005161
-36.600000	0.004570
-36.566667	0.004007
-36.533333	0.003492
-36.500000	0.003033
-36.466667	0.002622
-36.433333	0.002297
-36.400000	0.002064
-36.366667	0.001920
-36.333333	0.001866
-36.300000	0.001910
-36.266667	0.002049
-36.233333	0.002267
-36.200000	0.002542
-36.166667	0.002867
-36.133333	0.003235
-36.100000	0.003599
-36.066667	0.003929
-36.033333	0.004248
-36.000000	0.004504
-35.966667	0.004706
-35.933333	0.004853
-35.900000	0.004942
-35.866667	0.004949
-35.833333	0.004884
-35.800000	0.004753
-35.766667	0.004551
-35.733333	0.004306
-35.700000	0.004021
-35.666667	0.003725
-35.633333	0.003428
-35.600000	0.003135
-35.566667	0.002857
-35.533333	0.002597
-35.500000	0.002364
-35.466667	0.002176
-35.433333	0.002031
-35.400000	0.001909
-35.366667	0.001812
-35.333333	0.001754
-35.300000	0.001692
-35.266667	0.001629
-35.233333	0.001535
-35.200000	0.001400
-35.166667	0.001202
-35.133333	0.000926
-35.100000	0.000536
-35.066667	0.000051
-35.033333	-0.000503
-35.000000	-0.001167
-34.966667	-0.001896
-34.933333	-0.002701
-34.900000	-0.003580
-34.866667	-0.004516
-34.833333	-0.005475
-34.800000	-0.006466
-34.766667	-0.007430
-34.733333	-0.008329
-34.700000	-0.009191
-34.666667	-0.009953
-34.633333	-0.010640
-34.600000	-0.011237
-34.566667	-0.011735
-34.533333	-0.012125
-34.500000	-0.012391
-34.466667	-0.012528
-34.433333	-0.012548
-34.400000	-0.012459
-34.366667	-0.012260
-34.333333	-0.011976
-34.300000	-0.011622
-34.266667	-0.011182
-34.233333	-0.010720
-34.200000	-0.010209
-34.166667	-0.009687
-34.133333	-0.009151
-34.100000	-0.008619
-34.066667	-0.008093
-34.033333	-0.007576
-34.000000	-0.007083
-33.966667	-0.006615
-33.933333	-0.006178
-33.900000	-0.005771
-33.866667	-0.005394
-33.833333	-0.005049
-33.800000	-0.004732
-33.766667	-0.004437
-33.733333	-0.004171
-33.700000	-0.003961
-33.666667	-0.003772
-33.633333	-0.003638
-33.600000	-0.003544
-33.566667	-0.003491
-33.533333	-0.003470
-33.500000	-0.003494
-33.466667	-0.003560
-33.433333	-0.003677
-33.400000	-0.003843
-33.366667	-0.004057
-33.333333	-0.004306
-33.300000	-0.004564
-33.266667	-0.004843
-33.233333	-0.005170
-33.200000	-0.005489
-33.166667	-0.005780
-33.133333	-0.006051
-33.100000	-0.006274
-33.066667	-0.006437
-33.033333	-0.006522
-33.000000	-0.006513
-32.966667	-0.006398
-32.933333	-0.006168
-32.900000	-0.005816
-32.866667	-0.005341
-32.833333	-0.004742
-32.800000	-0.004022
-32.766667	-0.003191
-32.733333	-0.002260
-32.700000	-0.001243
-32.666667	-0.000154
-32.633333	0.000986
-32.600000	0.002156
-32.566667	0.003341
-32.533333	0.004516
-32.500000	0.005652
-32.466667	0.006747
-32.433333	0.007782
-32.400000	0.008753
-32.366667	0.009652
-32.333333	0.010472
-32.300000	0.011205
-32.266667	0.011842
-32.233333	0.012377
-32.200000	0.012846
-32.166667	0.013244
-32.133333	0.013537
-32.100000	0.013755
-32.066667	0.013882
-32.033333	0.013920
-32.000000	0.013874
-31.966667	0.013743
-31.933333	0.013528
-31.900000	0.013230
-31.866667	0.012849
-31.833333	0.012390
-31.800000	0.011848
-31.766667	0.011232
-31.733333	0.010536
-31.700000	0.009764
-31.666667	0.008915
-31.633333	0.007994
-31.600000	0.007006
-31.566667	0.005972
-31.533333	0.004910
-31.500000	0.003842
-31.466667	0.002781
-31.433333	0.001742
-31.400000	0.000736
-31.366667	-0.000222
-31.333333	-0.001119
-31.300000	-0.001950
-31.266667	-0.002710
-31.233333	-0.003396
-31.200000	-0.004004
-31.166667	-0.004542
-31.133333	-0.005004
-31.100000	-0.005398
-31.066667	-0.005724
-31.033333	-0.005982
-31.000000	-0.006174
-30.966667	-0.006305
-30.933333	-0.006381
-30.900000	-0.006411
-30.866667	-0.006399
-30.833333	-0.006351
-30.800000	-0.006280
-30.766667	-0.006175
-30.733333	-0.006029
-30.700000	-0.005878
-30.666667	-0.005690
-30.633333	-0.005479
-30.600000	-0.005235
-30.566667	-0.004956
-30.533333	-0.004637
-30.500000	-0.004290
-30.466667	-0.003922
-30.433333	-0.003541
-30.400000	-0.003155
-30.366667	-0.002769
-30.333333	-0.002393
-30.300000	-0.002037
-30.266667	-0.001708
-30.233333	-0.001406
-30.200000	-0.001134
-30.166667	-0.000901
-30.133333	-0.000703
-30.100000	-0.000558
-30.066667	-0.000461
-30.033333	-0.000422
-30.000000	-0.000449
-29.966667	-0.000547
-29.933333	-0.000713
-29.900000	-0.000971
-29.866667	-0.001309
-29.833333	-0.001733
-29.800000	-0.002227
-29.766667	-0.002814
-29.733333	-0.003464
-29.700000	-0.004231
-29.666667	-0.005050
-29.633333	-0.005952
-29.600000	-0.006917
-29.566667	-0.007937
-29.533333	-0.008990
-29.500000	-0.010072
-29.466667	-0.011185
-29.433333	-0.012296
-29.400000	-0.013388
-29.366667	-0.014435
-29.333333	-0.015415
-29.300000	-0.016313
-29.266667	-0.017104
-29.233333	-0.017782
-29.200000	-0.018329
-29.166667	-0.018747
-29.133333	-0.019033
-29.100000	-0.019200
-29.066667	-0.019236
-29.033333	-0.019158
-29.000000	-0.018963
-28.966667	-0.018659
-28.933333	-0.018268
-28.900000	-0.017815
-28.866667	-0.017296
-28.833333	-0.016739
-28.800000	-0.016162
-28.766667	-0.015604
-28.733333	-0.015051
-28.700000	-0.014548
-28.666667	-0.014072
-28.633333	-0.013644
-28.600000	-0.013258
-28.566667	-0.012912
-28.533333	-0.012610
-28.500000	-0.012356
-28.466667	-0.012145
-28.433333	-0.011956
-28.400000	-0.011807
-28.366667	-0.011691
-28.333333	-0.011603
-28.300000	-0.011536
-28.266667	-0.011504
-28.233333	-0.011513
-28.200000	-0.011549
-28.166667	-0.011627
-28.133333	-0.011739
-28.100000	-0.011883
-28.066667	-0.012052
-28.033333	-0.012234
-28.000000	-0.012440
-27.966667	-0.012663
-27.933333	-0.012908
-27.900000	-0.013163
-27.866667	-0.013420
-27.833333	-0.013662
-27.800000	-0.013877
-27.766667	-0.014049
-27.733333	-0.014163
-27.700000	-0.014197
-27.666667	-0.014134
-27.633333	-0.013960
-27.600000	-0.013669
-27.566667	-0.013262
-27.533333	-0.012742
-27.500000	-0.012108
-27.466667	-0.011368
-27.433333	-0.010529
-27.400000	-0.009599
-27.366667	-0.008580
-27.333333	-0.007489
-27.300000	-0.006347
-27.266667	-0.005168
-27.233333	-0.003950
-27.200000	-0.002721
-27.166667	-0.001505
-27.133333	-0.000312
-27.100000	0.000838
-27.066667	0.001933
-27.033333	0.002967
-27.000000	0.003920
-26.966667	0.004794
-26.933333	0.005568
-26.900000	0.006248
-26.866667	0.006841
-26.833333	0.007354
-26.800000	0.007775
-26.766667	0.008113
-26.733333	0.008371
-26.700000	0.008552
-26.666667	0.008656
-26.633333	0.008683
-26.600000	0.008631
-26.566667	0.008503
-26.533333	0.008307
-26.500000	0.008051
-26.466667	0.007732
-26.433333	0.007354
-26.400000	0.006922
-26.366667	0.006437
-26.333333	0.005908
-26.300000	0.005338
-26.266667	0.004703
-26.233333	0.003994
-26.200000	0.003239
-26.166667	0.002420
-26.133333	0.001550
-26.100000	0.000625
-26.066667	-0.000369
-26.033333	-0.001428
-26.000000	-0.002541
-25.966667	-0.003717
-25.933333	-0.004953
-25.900000	-0.006238
-25.866667	-0.007559
-25.833333	-0.008933
-25.800000	-0.010346
-25.766667	-0.011790
-25.733333	-0.013257
-25.700000	-0.014741
-25.666667	-0.016234
-25.633333	-0.017731
-25.600000	-0.019235
-25.566667	-0.020737
-25.533333	-0.022215
-25.500000	-0.023666
-25.466667	-0.025093
-25.433333	-0.026481
-25.400000	-0.027812
-25.366667	-0.029088
-25.333333	-0.030322
-25.300000	-0.031501
-25.266667	-0.032648
-25.233333	-0.033717
-25.200000	-0.034684
-25.166667	-0.035604
-25.133333	-0.036441
-25.100000	-0.037213
-25.066667	-0.037914
-25.033333	-0.038524
-25.000000	-0.039035
-24.966667	-0.039473
-24.933333	-0.039823
-24.900000	-0.040093
-24.866667	-0.040281
-24.833333	-0.040402
-24.800000	-0.040440
-24.766667	-0.040410
-24.733333	-0.040309
-24.700000	-0.040149
-24.666667	-0.039943
-24.633333	-0.039687
-24.600000	-0.039402
-24.566667	-0.039076
-24.533333	-0.038710
-24.500000	-0.038323
-24.466667	-0.037931
-24.433333	-0.037526
-24.400000	-0.037106
-24.366667	-0.036685
-24.333333	-0.036270
-24.300000	-0.035835
-24.266667	-0.035401
-24.233333	-0.034958
-24.200000	-0.034501
-24.166667	-0.034044
-24.133333	-0.033573
-24.100000	-0.033090
-24.066667	-0.032573
-24.033333	-0.032032
-24.000000	-0.031457
-23.966667	-0.030858
-23.933333	-0.030216
-23.900000	-0.029527
-23.866667	-0.028785
-23.833333	-0.027985
-23.800000	-0.027120
-23.766667	-0.026192
-23.733333	-0.025208
-23.700000	-0.024138
-23.666667	-0.023003
-23.633333	-0.021780
-23.600000	-0.020488
-23.566667	-0.019102
-23.533333	-0.017604
-23.500000	-0.016031
-23.466667	-0.014353
-23.433333	-0.012579
-23.400000	-0.010706
-23.366667	-0.008749
-23.333333	-0.006725
-23.300000	-0.004635
-23.266667	-0.002499
-23.233333	-0.000364
-23.200000	0.001788
-23.166667	0.003936
-23.133333	0.006054
-23.100000	0.008142
-23.066667	0.010179
-23.033333	0.012141
-23.000000	0.014027
-22.966667	0.015816
-22.933333	0.017504
-22.900000	0.019083
-22.866667	0.020538
-22.833333	0.021870
-22.800000	0.023073
-22.766667	0.024147
-22.733333	0.025101
-22.700000	0.025955
-22.666667	0.026693
-22.633333	0.027346
-22.600000	0.027913
-22.566667	0.028430
-22.533333	0.028897
-22.500000	0.029302
-22.466667	0.029677
-22.433333	0.030028
-22.400000	0.030351
-22.366667	0.030652
-22.333333	0.030925
-22.300000	0.031196
-22.266667	0.031449
-22.233333	0.031685
-22.200000	0.031941
-22.166667	0.032195
-22.133333	0.032453
-22.100000	0.032721
-22.066667	0.032996
-22.033333	0.033282
-22.000000	0.033578
-21.966667	0.033885
-21.933333	0.034202
-21.900000	0.034529
-21.866667	0.034866
-21.833333	0.035214
-21.800000	0.035571
-21.766667	0.035940
-21.733333	0.036327
-21.700000	0.036729
-21.666667	0.037132
-21.633333	0.037566
-21.600000	0.037997
-21.566667	0.038444
-21.533333	0.038878
-21.500000	0.039298
-21.466667	0.039697
-21.433333	0.040063
-21.400000	0.040373
-21.366667	0.040623
-21.333333	0.040797
-21.300000	0.040911
-21.266667	0.040933
-21.233333	0.040879
-21.200000	0.040740
-21.166667	0.040513
-21.133333	0.040226
-21.100000	0.039877
-21.066667	0.039475
-21.033333	0.039021
-21.000000	0.038536
-20.966667	0.038027
-20.933333	0.037503
-20.900000	0.036979
-20.866667	0.036474
-20.833333	0.035974
-20.800000	0.035494
-20.766667	0.035047
-20.733333	0.034640
-20.700000	0.034307
-20.666667	0.033995
-20.633333	0.033732
-20.600000	0.033469
-20.566667	0.033224
-20.533333	0.032973
-20.500000	0.032710
-20.466667	0.032422
-20.433333	0.032093
-20.400000	0.031738
-20.366667	0.031336
-20.333333	0.030905
-20.300000	0.030454
-20.266667	0.029978
-20.233333	0.029493
-20.200000	0.029002
-20.166667	0.028521
-20.133333	0.028068
-20.100000	0.027643
-20.066667	0.027251
-20.033333	0.026899
-20.000000	0.026598
-19.966667	0.026340
-19.933333	0.026127
-19.900000	0.025954
-19.866667	0.025808
-19.833333	0.025667
-19.800000	0.025538
-19.766667	0.025409
-19.733333	0.025266
-19.700000	0.025088
-19.666667	0.024789
-19.633333	0.024437
-19.600000	0.023986
-19.566667	0.023450
-19.533333	0.022827
-19.500000	0.022130
-19.466667	0.021349
-19.433333	0.020493
-19.400000	0.019569
-19.366667	0.018581
-19.333333	0.017553
-19.300000	0.016477
-19.266667	0.015368
-19.233333	0.014233
-19.200000	0.013088
-19.166667	0.011946
-19.133333	0.010811
-19.100000	0.009705
-19.066667	0.008619
-19.033333	0.007564
-19.000000	0.006540
-18.966667	0.005547
-18.933333	0.004583
-18.900000	0.003646
-18.866667	0.002732
-18.833333	0.001840
-18.800000	0.000965
-18.766667	0.000110
-18.733333	-0.000729
-18.700000	-0.001558
-18.666667	-0.002375
-18.633333	-0.003149
-18.600000	-0.003890
-18.566667	-0.004566
-18.533333	-0.005184
-18.500000	-0.005727
-18.466667	-0.006190
-18.433333	-0.006565
-18.400000	-0.006835
-18.366667	-0.006999
-18.333333	-0.007043
-18.300000	-0.006978
-18.266667	-0.006791
-18.233333	-0.006491
-18.200000	-0.006084
-18.166667	-0.005580
-18.133333	-0.004981
-18.100000	-0.004289
-18.066667	-0.003546
-18.033333	-0.002754
-18.000000	-0.001931
-17.966667	-0.001095
-17.933333	-0.000268
-17.900000	0.000531
-17.866667	0.001283
-17.833333	0.001975
-17.800000	0.002593
-17.766667	0.003122
-17.733333	0.003537
-17.700000	0.003846
-17.666667	0.004062
-17.633333	0.004148
-17.600000	0.004154
-17.566667	0.004062
-17.533333	0.003888
-17.500000	0.003651
-17.466667	0.003350
-17.433333	0.003019
-17.400000	0.002652
-17.366667	0.002272
-17.333333	0.001890
-17.300000	0.001514
-17.266667	0.001146
-17.233333	0.000806
-17.200000	0.000486
-17.166667	0.000198
-17.133333	-0.000063
-17.100000	-0.000305
-17.066667	-0.000533
-17.033333	-0.000739
-17.000000	-0.000919
-16.966667	-0.001091
-16.933333	-0.001267
-16.900000	-0.001426
-16.866667	-0.001576
-16.833333	-0.001707
-16.800000	-0.001829
-16.766667	-0.001943
-16.733333	-0.002046
-16.700000	-0.002120
-16.666667	-0.002187
-16.633333	-0.002277
-16.600000	-0.002344
-16.566667	-0.002433
-16.533333	-0.002531
-16.500000	-0.002649
-16.466667	-0.002785
-16.433333	-0.002928
-16.400000	-0.003105
-16.366667	-0.003284
-16.333333	-0.003480
-16.300000	-0.003688
-16.266667	-0.003912
-16.233333	-0.004153
-16.200000	-0.004426
-16.166667	-0.004725
-16.133333	-0.005054
-16.100000	-0.005412
-16.066667	-0.005797
-16.033333	-0.006207
-16.000000	-0.006637
-15.966667	-0.007089
-15.933333	-0.007546
-15.900000	-0.007991
-15.866667	-0.008446
-15.833333	-0.008896
-15.800000	-0.009323
-15.766667	-0.009733
-15.733333	-0.010126
-15.700000	-0.010513
-15.666667	-0.010897
-15.633333	-0.011275
-15.600000	-0.011643
-15.566667	-0.011992
-15.533333	-0.012316
-15.500000	-0.012601
-15.466667	-0.012848
-15.433333	-0.013051
-15.400000	-0.013194
-15.366667	-0.013276
-15.333333	-0.013290
-15.300000	-0.013238
-15.266667	-0.013127
-15.233333	-0.012968
-15.200000	-0.012741
-15.166667	-0.012466
-15.133333	-0.012136
-15.100000	-0.011761
-15.066667	-0.011350
-15.033333	-0.010907
-15.000000	-0.010435
-14.966667	-0.009948
-14.933333	-0.009464
-14.900000	-0.008965
-14.866667	-0.008479
-14.833333	-0.007991
-14.800000	-0.007509
-14.766667	-0.007065
-14.733333	-0.006659
-14.700000	-0.006293
-14.666667	-0.005955
-14.633333	-0.005646
-14.600000	-0.005371
-14.566667	-0.005131
-14.533333	-0.004922
-14.500000	-0.004744
-14.466667	-0.004610
-14.433333	-0.004517
-14.400000	-0.004463
-14.366667	-0.004457
-14.333333	-0.004509
-14.300000	-0.004617
-14.266667	-0.004759
-14.233333	-0.004947
-14.200000	-0.005174
-14.166667	-0.005461
-14.133333	-0.005779
-14.100000	-0.006139
-14.066667	-0.006545
-14.033333	-0.006987
-14.000000	-0.007444
-13.966667	-0.007933
-13.933333	-0.008419
-13.900000	-0.008882
-13.866667	-0.009343
-13.833333	-0.009772
-13.800000	-0.010168
-13.766667	-0.010520
-13.733333	-0.010811
-13.700000	-0.011055
-13.666667	-0.011234
-13.633333	-0.011363
-13.600000	-0.011442
-13.566667	-0.011467
-13.533333	-0.011441
-13.500000	-0.011373
-13.466667	-0.011267
-13.433333	-0.011125
-13.400000	-0.010954
-13.366667	-0.010765
-13.333333	-0.010564
-13.300000	-0.010356
-13.266667	-0.010139
-13.233333	-0.009925
-13.200000	-0.009731
-13.166667	-0.009553
-13.133333	-0.009367
-13.100000	-0.009200
-13.066667	-0.009044
-13.033333	-0.008887
-13.000000	-0.008725
-12.966667	-0.008572
-12.933333	-0.008396
-12.900000	-0.008215
-12.866667	-0.008021
-12.833333	-0.007813
-12.800000	-0.007588
-12.766667	-0.007349
-12.733333	-0.007117
-12.700000	-0.006878
-12.666667	-0.006605
-12.633333	-0.006345
-12.600000	-0.006056
-12.566667	-0.005758
-12.533333	-0.005458
-12.500000	-0.005161
-12.466667	-0.004872
-12.433333	-0.004600
-12.400000	-0.004353
-12.366667	-0.004137
-12.333333	-0.003953
-12.300000	-0.003808
-12.266667	-0.003690
-12.233333	-0.003608
-12.200000	-0.003592
-12.166667	-0.003616
-12.133333	-0.003676
-12.100000	-0.003782
-12.066667	-0.003924
-12.033333	-0.004099
-12.000000	-0.004284
-11.966667	-0.004513
-11.933333	-0.004755
-11.900000	-0.005011
-11.866667	-0.005257
-11.833333	-0.005511
-11.800000	-0.005739
-11.766667	-0.005950
-11.733333	-0.006140
-11.700000	-0.006279
-11.666667	-0.006368
-11.633333	-0.006420
-11.600000	-0.006415
-11.566667	-0.006397
-11.533333	-0.006365
-11.500000	-0.006330
-11.466667	-0.006297
-11.433333	-0.006274
-11.400000	-0.006271
-11.366667	-0.006293
-11.333333	-0.006348
-11.300000	-0.006444
-11.266667	-0.006587
-11.233333	-0.006772
-11.200000	-0.007000
-11.166667	-0.007265
-11.133333	-0.007558
-11.100000	-0.007876
-11.066667	-0.008211
-11.033333	-0.008555
-11.000000	-0.008902
-10.966667	-0.009264
-10.933333	-0.009580
-10.900000	-0.009870
-10.866667	-0.010101
-10.833333	-0.010290
-10.800000	-0.010410
-10.766667	-0.010492
-10.733333	-0.010535
-10.700000	-0.010535
-10.666667	-0.010493
-10.633333	-0.010432
-10.600000	-0.010367
-10.566667	-0.010320
-10.533333	-0.010275
-10.500000	-0.010244
-10.466667	-0.010238
-10.433333	-0.010243
-10.400000	-0.010277
-10.366667	-0.010331
-10.333333	-0.010406
-10.300000	-0.010498
-10.266667	-0.010605
-10.233333	-0.010721
-10.200000	-0.010849
-10.166667	-0.010980
-10.133333	-0.011109
-10.100000	-0.011235
-10.066667	-0.011351
-10.033333	-0.011453
-10.000000	-0.011535
-9.966667	-0.011588
-9.933333	-0.011612
-9.900000	-0.011615
-9.866667	-0.011580
-9.833333	-0.011553
-9.800000	-0.011519
-9.766667	-0.011496
-9.733333	-0.011475
-9.700000	-0.011455
-9.666667	-0.011431
-9.633333	-0.011413
-9.600000	-0.011413
-9.566667	-0.011443
-9.533333	-0.011454
-9.500000	-0.011468
-9.466667	-0.011492
-9.433333	-0.011513
-9.400000	-0.011545
-9.366667	-0.011569
-9.333333	-0.011583
-9.300000	-0.011585
-9.266667	-0.011581
-9.233333	-0.011547
-9.200000	-0.011481
-9.166667	-0.011410
-9.133333	-0.011309
-9.100000	-0.011186
-9.066667	-0.011038
-9.033333	-0.010863
-9.000000	-0.010664
-8.966667	-0.010439
-8.933333	-0.010195
-8.900000	-0.009938
-8.866667	-0.009688
-8.833333	-0.009440
-8.800000	-0.009198
-8.766667	-0.008971
-8.733333	-0.008775
-8.700000	-0.008589
-8.666667	-0.008450
-8.633333	-0.008360
-8.600000	-0.008324
-8.566667	-0.008338
-8.533333	-0.008398
-8.500000	-0.008529
-8.466667	-0.008738
-8.433333	-0.009012
-8.400000	-0.009347
-8.366667	-0.009723
-8.333333	-0.010157
-8.300000	-0.010637
-8.266667	-0.011152
-8.233333	-0.011681
-8.200000	-0.012239
-8.166667	-0.012821
-8.133333	-0.013384
-8.100000	-0.013937
-8.066667	-0.014460
-8.033333	-0.014942
-8.000000	-0.015371
-7.966667	-0.015741
-7.933333	-0.016048
-7.900000	-0.016288
-7.866667	-0.016459
-7.833333	-0.016544
-7.800000	-0.016575
-7.766667	-0.016529
-7.733333	-0.016422
-7.700000	-0.016234
-7.666667	-0.016006
-7.633333	-0.015714
-7.600000	-0.015372
-7.566667	-0.014993
-7.533333	-0.014577
-7.500000	-0.014135
-7.466667	-0.013681
-7.433333	-0.013222
-7.400000	-0.012757
-7.366667	-0.012279
-7.333333	-0.011826
-7.300000	-0.011367
-7.266667	-0.010906
-7.233333	-0.010452
-7.200000	-0.010031
-7.166667	-0.009637
-7.133333	-0.009250
-7.100000	-0.008890
-7.066667	-0.008549
-7.033333	-0.008242
-7.000000	-0.007982
-6.966667	-0.007738
-6.933333	-0.007553
-6.900000	-0.007424
-6.866667	-0.007343
-6.833333	-0.007338
-6.800000	-0.007399
-6.766667	-0.007519
-6.733333	-0.007703
-6.700000	-0.007948
-6.666667	-0.008241
-6.633333	-0.008599
-6.600000	-0.009002
-6.566667	-0.009454
-6.533333	-0.009935
-6.500000	-0.010444
-6.466667	-0.010975
-6.433333	-0.011487
-6.400000	-0.011983
-6.366667	-0.012440
-6.333333	-0.012859
-6.300000	-0.013212
-6.266667	-0.013506
-6.233333	-0.013746
-6.200000	-0.013931
-6.166667	-0.014046
-6.133333	-0.014097
-6.100000	-0.014112
-6.066667	-0.014076
-6.033333	-0.013984
-6.000000	-0.013847
-5.966667	-0.013659
-5.933333	-0.013488
-5.900000	-0.013278
-5.866667	-0.013063
-5.833333	-0.012857
-5.800000	-0.012651
-5.766667	-0.012458
-5.733333	-0.012287
-5.700000	-0.012134
-5.666667	-0.012001
-5.633333	-0.011902
-5.600000	-0.011813
-5.566667	-0.011743
-5.533333	-0.011681
-5.500000	-0.011630
-5.466667	-0.011587
-5.433333	-0.011541
-5.400000	-0.011513
-5.366667	-0.011484
-5.333333	-0.011458
-5.300000	-0.011437
-5.266667	-0.011425
-5.233333	-0.011422
-5.200000	-0.011435
-5.166667	-0.011469
-5.133333	-0.011522
-5.100000	-0.011587
-5.066667	-0.011654
-5.033333	-0.011723
-5.000000	-0.011821
-4.966667	-0.011941
-4.933333	-0.012080
-4.900000	-0.012234
-4.866667	-0.012409
-4.833333	-0.012595
-4.800000	-0.012801
-4.766667	-0.013018
-4.733333	-0.013235
-4.700000	-0.013454
-4.666667	-0.013665
-4.633333	-0.013854
-4.600000	-0.013992
-4.566667	-0.014110
-4.533333	-0.014232
-4.500000	-0.014313
-4.466667	-0.014398
-4.433333	-0.014472
-4.400000	-0.014543
-4.366667	-0.014595
-4.333333	-0.014620
-4.300000	-0.014624
-4.266667	-0.014606
-4.233333	-0.014579
-4.200000	-0.014536
-4.166667	-0.014497
-4.133333	-0.014442
-4.100000	-0.014374
-4.066667	-0.014293
-4.033333	-0.014196
-4.000000	-0.014088
-3.966667	-0.013965
-3.933333	-0.013825
-3.900000	-0.013669
-3.866667	-0.013487
-3.833333	-0.013292
-3.800000	-0.013065
-3.766667	-0.012796
-3.733333	-0.012488
-3.700000	-0.012141
-3.666667	-0.011744
-3.633333	-0.011293
-3.600000	-0.010789
-3.566667	-0.010299
-3.533333	-0.009796
-3.500000	-0.009264
-3.466667	-0.008753
-3.433333	-0.008228
-3.400000	-0.007710
-3.366667	-0.007190
-3.333333	-0.006689
-3.300000	-0.006225
-3.266667	-0.005809
-3.233333	-0.005453
-3.200000	-0.005149
-3.166667	-0.004922
-3.133333	-0.004775
-3.100000	-0.004685
-3.066667	-0.004654
-3.033333	-0.004695
-3.000000	-0.004788
-2.966667	-0.004930
-2.933333	-0.005107
-2.900000	-0.005315
-2.866667	-0.005550
-2.833333	-0.005792
-2.800000	-0.006011
-2.766667	-0.006232
-2.733333	-0.006419
-2.700000	-0.006587
-2.666667	-0.006723
-2.633333	-0.006822
-2.600000	-0.006870
-2.566667	-0.006873
-2.533333	-0.006808
-2.500000	-0.006698
-2.466667	-0.006525
-2.433333	-0.006299
-2.400000	-0.006021
-2.366667	-0.005691
-2.333333	-0.005321
-2.300000	-0.004915
-2.266667	-0.004476
-2.233333	-0.004013
-2.200000	-0.003544
-2.166667	-0.003059
-2.133333	-0.002577
-2.100000	-0.002060
-2.066667	-0.001552
-2.033333	-0.001051
-2.000000	-0.000537
-1.966667	-0.000033
-1.933333	0.000477
-1.900000	0.000983
-1.866667	0.001482
-1.833333	0.001975
-1.800000	0.002447
-1.766667	0.002880
-1.733333	0.003302
-1.700000	0.003677
-1.666667	0.004013
-1.633333	0.004328
-1.600000	0.004591
-1.566667	0.004807
-1.533333	0.004951
-1.500000	0.005059
-1.466667	0.005103
-1.433333	0.005090
-1.400000	0.005024
-1.366667	0.004901
-1.333333	0.004723
-1.300000	0.004491
-1.266667	0.004205
-1.233333	0.003868
-1.200000	0.003493
-1.166667	0.003102
-1.133333	0.002671
-1.100000	0.002256
-1.066667	0.001819
-1.033333	0.001400
-1.000000	0.001004
-0.966667	0.000639
-0.933333	0.000306
-0.900000	0.000017
-0.866667	-0.000263
-0.833333	-0.000492
-0.800000	-0.000706
-0.766667	-0.000883
-0.733333	-0.001029
-0.700000	-0.001157
-0.666667	-0.001274
-0.633333	-0.001382
-0.600000	-0.001507
-0.566667	-0.001627
-0.533333	-0.001765
-0.500000	-0.001905
-0.466667	-0.002096
-0.433333	-0.002307
-0.400000	-0.002550
-0.366667	-0.002825
-0.333333	-0.003126
-0.300000	-0.003465
-0.266667	-0.003824
-0.233333	-0.004198
-0.200000	-0.004576
-0.166667	-0.004963
-0.133333	-0.005352
-0.100000	-0.005722
-0.066667	-0.006108
-0.033333	-0.006462
-0.000000	-0.006796
0.033333	-0.007113
0.066667	-0.007400
0.100000	-0.007653
0.133333	-0.007916
0.166667	-0.008095
0.200000	-0.008283
0.233333	-0.008432
0.266667	-0.008556
0.300000	-0.008654
0.333333	-0.008731
0.366667	-0.008794
0.400000	-0.008838
0.433333	-0.008885
0.466667	-0.008929
0.500000	-0.008976
0.533333	-0.009023
0.566667	-0.009074
0.600000	-0.009130
0.633333	-0.009191
0.666667	-0.009263
0.700000	-0.009351
0.733333	-0.009433
0.766667	-0.009507
0.800000	-0.009598
0.833333	-0.009700
0.866667	-0.009795
0.900000	-0.009877
0.933333	-0.009955
0.966667	-0.010017
1.000000	-0.010061
1.033333	-0.010086
1.066667	-0.010076
1.100000	-0.010046
1.133333	-0.009986
1.166667	-0.009865
1.200000	-0.009737
1.233333	-0.009558
1.266667	-0.009335
1.300000	-0.009082
1.333333	-0.008798
1.366667	-0.008464
1.400000	-0.008101
1.433333	-0.007710
1.466667	-0.007291
1.500000	-0.006848
1.533333	-0.006372
1.566667	-0.005867
1.600000	-0.005351
1.633333	-0.004823
1.666667	-0.004265
1.700000	-0.003697
1.733333	-0.003099
1.766667	-0.002512
1.800000	-0.001929
1.833333	-0.001331
1.866667	-0.000723
1.900000	-0.000115
1.933333	0.000489
1.966667	0.001078
2.000000	0.001656
2.033333	0.002220
2.066667	0.002757
2.100000	0.003263
2.133333	0.003732
2.166667	0.004155
2.200000	0.004525
2.233333	0.004851
2.266667	0.005106
2.300000	0.005297
2.333333	0.005477
2.366667	0.005567
2.400000	0.005609
2.433333	0.005602
2.466667	0.005545
2.500000	0.005454
2.533333	0.005331
2.566667	0.005174
2.600000	0.004990
2.633333	0.004806
2.666667	0.004631
2.700000	0.004453
2.733333	0.004300
2.766667	0.004154
2.800000	0.004056
2.833333	0.003983
2.866667	0.003944
2.900000	0.003934
2.933333	0.003951
2.966667	0.003997
3.000000	0.004070
3.033333	0.004165
3.066667	0.004272
3.100000	0.004395
3.133333	0.004530
3.166667	0.004670
3.200000	0.004811
3.233333	0.004958
3.266667	0.005094
3.300000	0.005243
3.333333	0.005390
3.366667	0.005478
3.400000	0.005591
3.433333	0.005677
3.466667	0.005758
3.500000	0.005837
3.533333	0.005900
3.566667	0.005943
3.600000	0.005981
3.633333	0.006011
3.666667	0.006020
3.700000	0.006006
3.733333	0.005968
3.766667	0.005899
3.800000	0.005795
3.833333	0.005656
3.866667	0.005478
3.900000	0.005261
3.933333	0.005012
3.966667	0.004737
4.000000	0.004427
4.033333	0.004091
4.066667	0.003722
4.100000	0.003335
4.133333	0.002932
4.166667	0.002502
4.200000	0.002069
4.233333	0.001632
4.266667	0.001175
4.300000	0.000753
4.333333	0.000343
4.366667	-0.000035
4.400000	-0.000379
4.433333	-0.000689
4.466667	-0.000968
4.500000	-0.001222
4.533333	-0.001448
4.566667	-0.001644
4.600000	-0.001801
4.633333	-0.001936
4.666667	-0.002052
4.700000	-0.002141
4.733333	-0.002202
4.766667	-0.002243
4.800000	-0.002278
4.833333	-0.002275
4.866667	-0.002263
4.900000	-0.002231
4.933333	-0.002182
4.966667	-0.002119
5.000000	-0.002044
5.033333	-0.001960
5.066667	-0.001865
5.100000	-0.001753
5.133333	-0.001632
5.166667	-0.001504
5.200000	-0.001358
5.233333	-0.001213
5.266667	-0.001053
5.300000	-0.000858
5.333333	-0.000677
5.366667	-0.000491
5.400000	-0.000318
5.433333	-0.000157
5.466667	-0.000004
5.500000	0.000144
5.533333	0.000279
5.566667	0.000410
5.600000	0.000517
5.633333	0.000608
5.666667	0.000688
5.700000	0.000754
5.733333	0.000800
5.766667	0.000821
5.800000	0.000818
5.833333	0.000808
5.866667	0.000766
5.900000	0.000705
5.933333	0.000626
5.966667	0.000526
6.000000	0.000409
6.033333	0.000276
6.066667	0.000127
6.100000	-0.000039
6.133333	-0.000219
6.166667	-0.000415
6.200000	-0.000628
6.233333	-0.000851
6.266667	-0.001082
6.300000	-0.001324
6.333333	-0.001568
6.366667	-0.001809
6.400000	-0.002047
6.433333	-0.002271
6.466667	-0.002484
6.500000	-0.002683
6.533333	-0.002861
6.566667	-0.003017
6.600000	-0.003164
6.633333	-0.003284
6.666667	-0.003381
6.700000	-0.003458
6.733333	-0.003522
6.766667	-0.003566
6.800000	-0.003581
6.833333	-0.003578
6.866667	-0.003568
6.900000	-0.003524
6.933333	-0.003474
6.966667	-0.003413
7.000000	-0.003336
7.033333	-0.003248
7.066667	-0.003155
7.100000	-0.003060
7.133333	-0.002957
7.166667	-0.002855
7.200000	-0.002765
7.233333	-0.002659
7.266667	-0.002567
7.300000	-0.002472
7.333333	-0.002404
7.366667	-0.002342
7.400000	-0.002329
7.433333	-0.002346
7.466667	-0.002384
7.500000	-0.002458
7.533333	-0.002609
7.566667	-0.002809
7.600000	-0.003063
7.633333	-0.003367
7.666667	-0.003732
7.700000	-0.004140
7.733333	-0.004606
7.766667	-0.005115
7.800000	-0.005660
7.833333	-0.006248
7.866667	-0.006868
7.900000	-0.007483
7.933333	-0.008135
7.966667	-0.008767
8.000000	-0.009389
8.033333	-0.009988
8.066667	-0.010556
8.100000	-0.011081
8.133333	-0.011563
8.166667	-0.011993
8.200000	-0.012379
8.233333	-0.012699
8.266667	-0.012992
8.300000	-0.013232
8.333333	-0.013444
8.366667	-0.013605
8.400000	-0.013757
8.433333	-0.013867
8.466667	-0.013950
8.500000	-0.014041
8.533333	-0.014148
8.566667	-0.014211
8.600000	-0.014286
8.633333	-0.014360
8.666667	-0.014459
8.700000	-0.014541
8.733333	-0.014661
8.766667	-0.014781
8.800000	-0.014912
8.833333	-0.015053
8.866667	-0.015201
8.900000	-0.015345
8.933333	-0.015494
8.966667	-0.015633
9.000000	-0.015797
9.033333	-0.015937
9.066667	-0.016087
9.100000	-0.016239
9.133333	-0.016404
9.166667	-0.016575
9.200000	-0.016760
9.233333	-0.016946
9.266667	-0.017139
9.300000	-0.017334
9.333333	-0.017524
9.366667	-0.017731
9.400000	-0.017935
9.433333	-0.018140
9.466667	-0.018340
9.500000	-0.018534
9.533333	-0.018715
9.566667	-0.018864
9.600000	-0.018999
9.633333	-0.019101
9.666667	-0.019178
9.700000	-0.019186
9.733333	-0.019181
9.766667	-0.019120
9.800000	-0.019017
9.833333	-0.018865
9.866667	-0.018669
9.900000	-0.018430
9.933333	-0.018149
9.966667	-0.017831
10.000000	-0.017484
10.033333	-0.017084
10.066667	-0.016672
10.100000	-0.016229
10.133333	-0.015768
10.166667	-0.015286
10.200000	-0.014785
10.233333	-0.014271
10.266667	-0.013748
10.300000	-0.013213
10.333333	-0.012671
10.366667	-0.012135
10.400000	-0.011584
10.433333	-0.011035
10.466667	-0.010480
10.500000	-0.009922
10.533333	-0.009363
10.566667	-0.008803
10.600000	-0.008244
10.633333	-0.007695
10.666667	-0.007158
10.700000	-0.006624
10.733333	-0.006124
10.766667	-0.005636
10.800000	-0.005168
10.833333	-0.004723
10.866667	-0.004302
10.900000	-0.003904
10.933333	-0.003530
10.966667	-0.003183
11.000000	-0.002862
11.033333	-0.002567
11.066667	-0.002298
11.100000	-0.002054
11.133333	-0.001833
11.166667	-0.001635
11.200000	-0.001456
11.233333	-0.001293
11.266667	-0.001143
11.300000	-0.001004
11.333333	-0.000875
11.366667	-0.000755
11.400000	-0.000644
11.433333	-0.000542
11.466667	-0.000449
11.500000	-0.000359
11.533333	-0.000280
11.566667	-0.000210
11.600000	-0.000150
11.633333	-0.000099
11.666667	-0.000059
11.700000	-0.000027
11.733333	-0.000005
11.766667	0.000007
11.800000	0.000010
11.833333	0.000004
11.866667	-0.000011
11.900000	-0.000036
11.933333	-0.000069
11.966667	-0.000112
