-88.000000	0.000014
-87.966667	0.000014
-87.933333	0.000013
-87.900000	0.000011
-87.866667	0.000008
-87.833333	0.000005
-87.800000	0.000000
-87.766667	-0.000004
-87.733333	-0.000009
-87.700000	-0.000014
-87.666667	-0.000020
-87.633333	-0.000025
-87.600000	-0.000030
-87.566667	-0.000034
-87.533333	-0.000038
-87.500000	-0.000042
-87.466667	-0.000043
-87.433333	-0.000044
-87.400000	-0.000043
-87.366667	-0.000041
-87.333333	-0.000037
-87.300000	-0.000032
-87.266667	-0.000025
-87.233333	-0.000017
-87.200000	-0.000008
-87.166667	0.000003
-87.133333	0.000014
-87.100000	0.000026
-87.066667	0.000038
-87.033333	0.000049
-87.000000	0.000060
-86.966667	0.000070
-86.933333	0.000079
-86.900000	0.000086
-86.866667	0.000091
-86.833333	0.000094
-86.800000	0.000095
-86.766667	0.000093
-86.733333	0.000087
-86.700000	0.000080
-86.666667	0.000077
-86.633333	0.000064
-86.600000	0.000052
-86.566667	0.000041
-86.533333	0.000025
-86.500000	0.000014
-86.466667	0.000004
-86.433333	-0.000004
-86.400000	-0.000014
-86.366667	-0.000023
-86.333333	-0.000025
-86.300000	-0.000036
-86.266667	-0.000031
-86.233333	-0.000022
-86.200000	-0.000016
-86.166667	-0.000012
-86.133333	0.000003
-86.100000	0.000012
-86.066667	0.000029
-86.033333	0.000045
-86.000000	0.000056
-85.966667	0.000073
-85.933333	0.000079
-85.900000	0.000092
-85.866667	0.000098
-85.833333	0.000100
-85.800000	0.000094
-85.766667	0.000087
-85.733333	0.000073
-85.700000	0.000056
-85.666667	0.000032
-85.633333	-0.000003
-85.600000	-0.000030
-85.566667	-0.000071
-85.533333	-0.000113
-85.500000	-0.000153
-85.466667	-0.000200
-85.433333	-0.000250
-85.400000	-0.000304
-85.366667	-0.000356
-85.333333	-0.000404
-85.300000	-0.000455
-85.266667	-0.000487
-85.233333	-0.000526
-85.200000	-0.000570
-85.166667	-0.000611
-85.133333	-0.000640
-85.100000	-0.000670
-85.066667	-0.000692
-85.033333	-0.000716
-85.000000	-0.000734
-84.966667	-0.000744
-84.933333	-0.000762
-84.900000	-0.000773
-84.866667	-0.000787
-84.833333	-0.000793
-84.800000	-0.000802
-84.766667	-0.000805
-84.733333	-0.000812
-84.700000	-0.000816
-84.666667	-0.000819
-84.633333	-0.000820
-84.600000	-0.000826
-84.566667	-0.000831
-84.533333	-0.000840
-84.500000	-0.000838
-84.466667	-0.000834
-84.433333	-0.000826
-84.400000	-0.000829
-84.366667	-0.000839
-84.333333	-0.000837
-84.300000	-0.000833
-84.266667	-0.000828
-84.233333	-0.000830
-84.200000	-0.000836
-84.166667	-0.000828
-84.133333	-0.000832
-84.100000	-0.000835
-84.066667	-0.000845
-84.033333	-0.000862
-84.000000	-0.000875
-83.966667	-0.000862
-83.933333	-0.000873
-83.900000	-0.000893
-83.866667	-0.000901
-83.833333	-0.000908
-83.800000	-0.000923
-83.766667	-0.000937
-83.733333	-0.000946
-83.700000	-0.000956
-83.666667	-0.000958
-83.633333	-0.000969
-83.600000	-0.000975
-83.566667	-0.000971
-83.533333	-0.000977
-83.500000	-0.000967
-83.466667	-0.000964
-83.433333	-0.000957
-83.400000	-0.000945
-83.366667	-0.000923
-83.333333	-0.000908
-83.300000	-0.000913
-83.266667	-0.000892
-83.233333	-0.000851
-83.200000	-0.000824
-83.166667	-0.000812
-83.133333	-0.000806
-83.100000	-0.000778
-83.066667	-0.000754
-83.033333	-0.000723
-83.000000	-0.000678
-82.966667	-0.000639
-82.933333	-0.000621
-82.900000	-0.000595
-82.866667	-0.000552
-82.833333	-0.000512
-82.800000	-0.000482
-82.766667	-0.000447
-82.733333	-0.000388
-82.700000	-0.000359
-82.666667	-0.000311
-82.633333	-0.000271
-82.600000	-0.000219
-82.566667	-0.000168
-82.533333	-0.000125
-82.500000	-0.000082
-82.466667	-0.000020
-82.433333	0.000036
-82.400000	0.000096
-82.366667	0.000140
-82.333333	0.000168
-82.300000	0.000222
-82.266667	0.000300
-82.233333	0.000354
-82.200000	0.000386
-82.166667	0.000424
-82.133333	0.000478
-82.100000	0.000529
-82.066667	0.000582
-82.033333	0.000617
-82.000000	0.000655
-81.966667	0.000691
-81.933333	0.000734
-81.900000	0.000767
-81.866667	0.000801
-81.833333	0.000828
-81.800000	0.000848
-81.766667	0.000872
-81.733333	0.000899
-81.700000	0.000903
-81.666667	0.000935
-81.633333	0.000956
-81.600000	0.000967
-81.566667	0.000964
-81.533333	0.000964
-81.500000	0.000978
-81.466667	0.000989
-81.433333	0.000976
-81.400000	0.000979
-81.366667	0.000976
-81.333333	0.000958
-81.300000	0.000961
-81.266667	0.000948
-81.233333	0.000931
-81.200000	0.000919
-81.166667	0.000896
-81.133333	0.000874
-81.100000	0.000857
-81.066667	0.000836
-81.033333	0.000799
-81.000000	0.000777
-80.966667	0.000748
-80.933333	0.000713
-80.900000	0.000676
-80.866667	0.000645
-80.833333	0.000617
-80.800000	0.000573
-80.766667	0.000523
-80.733333	0.000487
-80.700000	0.000448
-80.666667	0.000407
-80.633333	0.000356
-80.600000	0.000298
-80.566667	0.000247
-80.533333	0.000201
-80.500000	0.000144
-80.466667	0.000080
-80.433333	0.000019
-80.400000	-0.000050
-80.366667	-0.000108
-80.333333	-0.000186
-80.300000	-0.000250
-80.266667	-0.000322
-80.233333	-0.000398
-80.200000	-0.000474
-80.166667	-0.000553
-80.133333	-0.000625
-80.100000	-0.000698
-80.066667	-0.000773
-80.033333	-0.000844
-80.000000	-0.000915
-79.966667	-0.000983
-79.933333	-0.001044
-79.900000	-0.001096
-79.866667	-0.001154
-79.833333	-0.001194
-79.800000	-0.001262
-79.766667	-0.001300
-79.733333	-0.001325
-79.700000	-0.001361
-79.666667	-0.001390
-79.633333	-0.001418
-79.600000	-0.001439
-79.566667	-0.001458
-79.533333	-0.001475
-79.500000	-0.001489
-79.466667	-0.001502
-79.433333	-0.001524
-79.400000	-0.001548
-79.366667	-0.001562
-79.333333	-0.001582
-79.300000	-0.001585
-79.266667	-0.001600
-79.233333	-0.001630
-79.200000	-0.001643
-79.166667	-0.001665
-79.133333	-0.001683
-79.100000	-0.001703
-79.066667	-0.001723
-79.033333	-0.001743
-79.000000	-0.001765
-78.966667	-0.001784
-78.933333	-0.001803
-78.900000	-0.001823
-78.866667	-0.001834
-78.833333	-0.001827
-78.800000	-0.001864
-78.766667	-0.001861
-78.733333	-0.001882
-78.700000	-0.001894
-78.666667	-0.001899
-78.633333	-0.001904
-78.600000	-0.001909
-78.566667	-0.001916
-78.533333	-0.001921
-78.500000	-0.001925
-78.466667	-0.001931
-78.433333	-0.001934
-78.400000	-0.001937
-78.366667	-0.001937
-78.333333	-0.001914
-78.300000	-0.001914
-78.266667	-0.001914
-78.233333	-0.001908
-78.200000	-0.001890
-78.166667	-0.001879
-78.133333	-0.001861
-78.100000	-0.001845
-78.066667	-0.001824
-78.033333	-0.001803
-78.000000	-0.001780
-77.966667	-0.001752
-77.933333	-0.001720
-77.900000	-0.001681
-77.866667	-0.001642
-77.833333	-0.001610
-77.800000	-0.001586
-77.766667	-0.001536
-77.733333	-0.001500
-77.700000	-0.001451
-77.666667	-0.001404
-77.633333	-0.001358
-77.600000	-0.001313
-77.566667	-0.001265
-77.533333	-0.001212
-77.500000	-0.001158
-77.466667	-0.001106
-77.433333	-0.001058
-77.400000	-0.001014
-77.366667	-0.000970
-77.333333	-0.000915
-77.300000	-0.000870
-77.266667	-0.000831
-77.233333	-0.000790
-77.200000	-0.000756
-77.166667	-0.000722
-77.133333	-0.000691
-77.100000	-0.000663
-77.066667	-0.000635
-77.033333	-0.000611
-77.000000	-0.000595
-76.966667	-0.000581
-76.933333	-0.000549
-76.900000	-0.000535
-76.866667	-0.000521
-76.833333	-0.000489
-76.800000	-0.000469
-76.766667	-0.000447
-76.733333	-0.000421
-76.700000	-0.000390
-76.666667	-0.000355
-76.633333	-0.000316
-76.600000	-0.000269
-76.566667	-0.000215
-76.533333	-0.000167
-76.500000	-0.000122
-76.466667	-0.000070
-76.433333	-0.000011
-76.400000	0.000047
-76.366667	0.000104
-76.333333	0.000159
-76.300000	0.000203
-76.266667	0.000252
-76.233333	0.000307
-76.200000	0.000349
-76.166667	0.000385
-76.133333	0.000416
-76.100000	0.000444
-76.066667	0.000464
-76.033333	0.000474
-76.000000	0.000478
-75.966667	0.000487
-75.933333	0.000497
-75.900000	0.000485
-75.866667	0.000480
-75.833333	0.000475
-75.800000	0.000460
-75.766667	0.000460
-75.733333	0.000463
-75.700000	0.000466
-75.666667	0.000468
-75.633333	0.000474
-75.600000	0.000490
-75.566667	0.000506
-75.533333	0.000500
-75.500000	0.000493
-75.466667	0.000521
-75.433333	0.000570
-75.400000	0.000595
-75.366667	0.000603
-75.333333	0.000625
-75.300000	0.000660
-75.266667	0.000697
-75.233333	0.000714
-75.200000	0.000735
-75.166667	0.000755
-75.133333	0.000789
-75.100000	0.000821
-75.066667	0.000829
-75.033333	0.000835
-75.000000	0.000839
-74.966667	0.000845
-74.933333	0.000838
-74.900000	0.000852
-74.866667	0.000845
-74.833333	0.000841
-74.800000	0.000859
-74.766667	0.000860
-74.733333	0.000869
-74.700000	0.000861
-74.666667	0.000861
-74.633333	0.000863
-74.600000	0.000868
-74.566667	0.000865
-74.533333	0.000857
-74.500000	0.000869
-74.466667	0.000901
-74.433333	0.000918
-74.400000	0.000912
-74.366667	0.000920
-74.333333	0.000943
-74.300000	0.000958
-74.266667	0.000970
-74.233333	0.000987
-74.200000	0.001009
-74.166667	0.001031
-74.133333	0.001050
-74.100000	0.001054
-74.066667	0.001042
-74.033333	0.001040
-74.000000	0.001043
-73.966667	0.001047
-73.933333	0.001046
-73.900000	0.001053
-73.866667	0.001034
-73.833333	0.001041
-73.800000	0.001054
-73.766667	0.001051
-73.733333	0.001059
-73.700000	0.001047
-73.666667	0.001048
-73.633333	0.001046
-73.600000	0.001052
-73.566667	0.001064
-73.533333	0.001072
-73.500000	0.001093
-73.466667	0.001130
-73.433333	0.001161
-73.400000	0.001205
-73.366667	0.001247
-73.333333	0.001288
-73.300000	0.001334
-73.266667	0.001387
-73.233333	0.001443
-73.200000	0.001494
-73.166667	0.001544
-73.133333	0.001604
-73.100000	0.001647
-73.066667	0.001693
-73.033333	0.001735
-73.000000	0.001770
-72.966667	0.001796
-72.933333	0.001816
-72.900000	0.001837
-72.866667	0.001866
-72.833333	0.001876
-72.800000	0.001879
-72.766667	0.001872
-72.733333	0.001859
-72.700000	0.001846
-72.666667	0.001836
-72.633333	0.001831
-72.600000	0.001837
-72.566667	0.001849
-72.533333	0.001865
-72.500000	0.001909
-72.466667	0.001956
-72.433333	0.002005
-72.400000	0.002078
-72.366667	0.002157
-72.333333	0.002248
-72.300000	0.002350
-72.266667	0.002463
-72.233333	0.002578
-72.200000	0.002702
-72.166667	0.002830
-72.133333	0.002945
-72.100000	0.003045
-72.066667	0.003131
-72.033333	0.003188
-72.000000	0.003231
-71.966667	0.003257
-71.933333	0.003253
-71.900000	0.003209
-71.866667	0.003122
-71.833333	0.002983
-71.800000	0.002824
-71.766667	0.002630
-71.733333	0.002402
-71.700000	0.002137
-71.666667	0.001839
-71.633333	0.001513
-71.600000	0.001167
-71.566667	0.000792
-71.533333	0.000400
-71.500000	-0.000003
-71.466667	-0.000423
-71.433333	-0.000848
-71.400000	-0.001273
-71.366667	-0.001699
-71.333333	-0.002120
-71.300000	-0.002526
-71.266667	-0.002921
-71.233333	-0.003299
-71.200000	-0.003639
-71.166667	-0.003961
-71.133333	-0.004245
-71.100000	-0.004478
-71.066667	-0.004698
-71.033333	-0.004873
-71.000000	-0.004978
-70.966667	-0.005018
-70.933333	-0.005011
-70.900000	-0.004945
-70.866667	-0.004806
-70.833333	-0.004590
-70.800000	-0.004290
-70.766667	-0.003924
-70.733333	-0.003492
-70.700000	-0.002997
-70.666667	-0.002438
-70.633333	-0.001820
-70.600000	-0.001150
-70.566667	-0.000440
-70.533333	0.000305
-70.500000	0.001067
-70.466667	0.001841
-70.433333	0.002606
-70.400000	0.003363
-70.366667	0.004086
-70.333333	0.004759
-70.300000	0.005401
-70.266667	0.005979
-70.233333	0.006512
-70.200000	0.006996
-70.166667	0.007420
-70.133333	0.007791
-70.100000	0.008097
-70.066667	0.008342
-70.033333	0.008545
-70.000000	0.008737
-69.966667	0.008873
-69.933333	0.008968
-69.900000	0.009039
-69.866667	0.009099
-69.833333	0.009153
-69.800000	0.009206
-69.766667	0.009258
-69.733333	0.009317
-69.700000	0.009383
-69.666667	0.009458
-69.633333	0.009543
-69.600000	0.009622
-69.566667	0.009714
-69.533333	0.009789
-69.500000	0.009868
-69.466667	0.009936
-69.433333	0.009993
-69.400000	0.010044
-69.366667	0.010085
-69.333333	0.010108
-69.300000	0.010136
-69.266667	0.010151
-69.233333	0.010159
-69.200000	0.010176
-69.166667	0.010192
-69.133333	0.010191
-69.100000	0.010181
-69.066667	0.010180
-69.033333	0.010178
-69.000000	0.010182
-68.966667	0.010170
-68.933333	0.010174
-68.900000	0.010181
-68.866667	0.010195
-68.833333	0.010216
-68.800000	0.010241
-68.766667	0.010265
-68.733333	0.010283
-68.700000	0.010294
-68.666667	0.010297
-68.633333	0.010296
-68.600000	0.010284
-68.566667	0.010278
-68.533333	0.010255
-68.500000	0.010242
-68.466667	0.010221
-68.433333	0.010201
-68.400000	0.010180
-68.366667	0.010161
-68.333333	0.010136
-68.300000	0.010116
-68.266667	0.010100
-68.233333	0.010082
-68.200000	0.010080
-68.166667	0.010073
-68.133333	0.010066
-68.100000	0.010073
-68.066667	0.010093
-68.033333	0.010121
-68.000000	0.010152
-67.966667	0.010193
-67.933333	0.010241
-67.900000	0.010304
-67.866667	0.010371
-67.833333	0.010445
-67.800000	0.010527
-67.766667	0.010616
-67.733333	0.010715
-67.700000	0.010830
-67.666667	0.010960
-67.633333	0.011110
-67.600000	0.011275
-67.566667	0.011451
-67.533333	0.011631
-67.500000	0.011818
-67.466667	0.012005
-67.433333	0.012193
-67.400000	0.012378
-67.366667	0.012557
-67.333333	0.012720
-67.300000	0.012859
-67.266667	0.012964
-67.233333	0.013028
-67.200000	0.013050
-67.166667	0.013025
-67.133333	0.012947
-67.100000	0.012807
-67.066667	0.012596
-67.033333	0.012341
-67.000000	0.012024
-66.966667	0.011660
-66.933333	0.011246
-66.900000	0.010794
-66.866667	0.010302
-66.833333	0.009789
-66.800000	0.009264
-66.766667	0.008747
-66.733333	0.008274
-66.700000	0.007824
-66.666667	0.007443
-66.633333	0.007129
-66.600000	0.006896
-66.566667	0.006752
-66.533333	0.006704
-66.500000	0.006761
-66.466667	0.006917
-66.433333	0.007173
-66.400000	0.007527
-66.366667	0.007969
-66.333333	0.008492
-66.300000	0.009087
-66.266667	0.009747
-66.233333	0.010459
-66.200000	0.011210
-66.166667	0.011989
-66.133333	0.012794
-66.100000	0.013582
-66.066667	0.014369
-66.033333	0.015149
-66.000000	0.015893
-65.966667	0.016600
-65.933333	0.017253
-65.900000	0.017851
-65.866667	0.018389
-65.833333	0.018865
-65.800000	0.019277
-65.766667	0.019626
-65.733333	0.019904
-65.700000	0.020083
-65.666667	0.020198
-65.633333	0.020204
-65.600000	0.020118
-65.566667	0.019930
-65.533333	0.019636
-65.500000	0.019232
-65.466667	0.018710
-65.433333	0.018079
-65.400000	0.017363
-65.366667	0.016570
-65.333333	0.015700
-65.300000	0.014766
-65.266667	0.013787
-65.233333	0.012782
-65.200000	0.011774
-65.166667	0.010794
-65.133333	0.009869
-65.100000	0.009017
-65.066667	0.008317
-65.033333	0.007780
-65.000000	0.007440
-64.966667	0.007328
-64.933333	0.007484
-64.900000	0.007929
-64.866667	0.008726
-64.833333	0.009903
-64.800000	0.011493
-64.766667	0.013527
-64.733333	0.016045
-64.700000	0.019091
-64.666667	0.022711
-64.633333	0.026941
-64.600000	0.031833
-64.566667	0.037379
-64.533333	0.043546
-64.500000	0.050278
-64.466667	0.057502
-64.433333	0.065070
-64.400000	0.072740
-64.366667	0.080260
-64.333333	0.087261
-64.300000	0.093356
-64.266667	0.098065
-64.233333	0.100868
-64.200000	0.101179
-64.166667	0.098389
-64.133333	0.091865
-64.100000	0.081016
-64.066667	0.065305
-64.033333	0.044241
-64.000000	0.017428
-63.966667	-0.015354
-63.933333	-0.054183
-63.900000	-0.098972
-63.866667	-0.149348
-63.833333	-0.204814
-63.800000	-0.264625
-63.766667	-0.327841
-63.733333	-0.393350
-63.700000	-0.459878
-63.666667	-0.526019
-63.633333	-0.590300
-63.600000	-0.651222
-63.566667	-0.707298
-63.533333	-0.757082
-63.500000	-0.799220
-63.466667	-0.832563
-63.433333	-0.856158
-63.400000	-0.869253
-63.366667	-0.871310
-63.333333	-0.862124
-63.300000	-0.841719
-63.266667	-0.810428
-63.233333	-0.768816
-63.200000	-0.717700
-63.166667	-0.658079
-63.133333	-0.591130
-63.100000	-0.518128
-63.066667	-0.440455
-63.033333	-0.359556
-63.000000	-0.276860
-62.966667	-0.193733
-62.933333	-0.111481
-62.900000	-0.031293
-62.866667	0.045795
-62.833333	0.118847
-62.800000	0.187107
-62.766667	0.249979
-62.733333	0.307027
-62.700000	0.357970
-62.666667	0.402651
-62.633333	0.441034
-62.600000	0.473208
-62.566667	0.499371
-62.533333	0.519790
-62.500000	0.534787
-62.466667	0.544728
-62.433333	0.550038
-62.400000	0.551165
-62.366667	0.548560
-62.333333	0.542684
-62.300000	0.533979
-62.266667	0.522875
-62.233333	0.509795
-62.200000	0.495137
-62.166667	0.479253
-62.133333	0.462461
-62.100000	0.445042
-62.066667	0.427238
-62.033333	0.409258
-62.000000	0.391273
-61.966667	0.373427
-61.933333	0.355827
-61.900000	0.338557
-61.866667	0.321688
-61.833333	0.305283
-61.800000	0.289375
-61.766667	0.273989
-61.733333	0.259126
-61.700000	0.244775
-61.666667	0.230926
-61.633333	0.217576
-61.600000	0.204703
-61.566667	0.192330
-61.533333	0.180431
-61.500000	0.169044
-61.466667	0.158144
-61.433333	0.147734
-61.400000	0.137822
-61.366667	0.128434
-61.333333	0.119555
-61.300000	0.111191
-61.266667	0.103333
-61.233333	0.095968
-61.200000	0.089067
-61.166667	0.082586
-61.133333	0.076473
-61.100000	0.070672
-61.066667	0.065110
-61.033333	0.059727
-61.000000	0.054440
-60.966667	0.049174
-60.933333	0.043853
-60.900000	0.038410
-60.866667	0.032780
-60.833333	0.026914
-60.800000	0.020779
-60.766667	0.014355
-60.733333	0.007636
-60.700000	0.000647
-60.666667	-0.006568
-60.633333	-0.013933
-60.600000	-0.021351
-60.566667	-0.028731
-60.533333	-0.035989
-60.500000	-0.042992
-60.466667	-0.049677
-60.433333	-0.055918
-60.400000	-0.061619
-60.366667	-0.066677
-60.333333	-0.071047
-60.300000	-0.074650
-60.266667	-0.077452
-60.233333	-0.079437
-60.200000	-0.080605
-60.166667	-0.080978
-60.133333	-0.080596
-60.100000	-0.079516
-60.066667	-0.077817
-60.033333	-0.075578
-60.000000	-0.072898
-59.966667	-0.069871
-59.933333	-0.066605
-59.900000	-0.063202
-59.866667	-0.059759
-59.833333	-0.056343
-59.800000	-0.052999
-59.766667	-0.049790
-59.733333	-0.046779
-59.700000	-0.043965
-59.666667	-0.041369
-59.633333	-0.038990
-59.600000	-0.036853
-59.566667	-0.034957
-59.533333	-0.033301
-59.500000	-0.031877
-59.466667	-0.030682
-59.433333	-0.029698
-59.400000	-0.028920
-59.366667	-0.028337
-59.333333	-0.027939
-59.300000	-0.027714
-59.266667	-0.027656
-59.233333	-0.027747
-59.200000	-0.027957
-59.166667	-0.028298
-59.133333	-0.028750
-59.100000	-0.029306
-59.066667	-0.029944
-59.033333	-0.030643
-59.000000	-0.031395
-58.966667	-0.032164
-58.933333	-0.032926
-58.900000	-0.033645
-58.866667	-0.034290
-58.833333	-0.034809
-58.800000	-0.035158
-58.766667	-0.035360
-58.733333	-0.035360
-58.700000	-0.035130
-58.666667	-0.034683
-58.633333	-0.033996
-58.600000	-0.033058
-58.566667	-0.031875
-58.533333	-0.030444
-58.500000	-0.028780
-58.466667	-0.026944
-58.433333	-0.024961
-58.400000	-0.022831
-58.366667	-0.020582
-58.333333	-0.018265
-58.300000	-0.015913
-58.266667	-0.013555
-58.233333	-0.011218
-58.200000	-0.008955
-58.166667	-0.006823
-58.133333	-0.004866
-58.100000	-0.003137
-58.066667	-0.001665
-58.033333	-0.000484
-58.000000	0.000402
-57.966667	0.000998
-57.933333	0.001280
-57.900000	0.001255
-57.866667	0.000940
-57.833333	0.000366
-57.800000	-0.000461
-57.766667	-0.001525
-57.733333	-0.002754
-57.700000	-0.004140
-57.666667	-0.005630
-57.633333	-0.007173
-57.600000	-0.008732
-57.566667	-0.010268
-57.533333	-0.011706
-57.500000	-0.013093
-57.466667	-0.014377
-57.433333	-0.015525
-57.400000	-0.016515
-57.366667	-0.017369
-57.333333	-0.018085
-57.300000	-0.018654
-57.266667	-0.019086
-57.233333	-0.019398
-57.200000	-0.019611
-57.166667	-0.019722
-57.133333	-0.019737
-57.100000	-0.019644
-57.066667	-0.019467
-57.033333	-0.019197
-57.000000	-0.018861
-56.966667	-0.018449
-56.933333	-0.017995
-56.900000	-0.017472
-56.866667	-0.016907
-56.833333	-0.016306
-56.800000	-0.015669
-56.766667	-0.014976
-56.733333	-0.014220
-56.700000	-0.013414
-56.666667	-0.012559
-56.633333	-0.011667
-56.600000	-0.010742
-56.566667	-0.009816
-56.533333	-0.008902
-56.500000	-0.008059
-56.466667	-0.007265
-56.433333	-0.006574
-56.400000	-0.006011
-56.366667	-0.005553
-56.333333	-0.005229
-56.300000	-0.005038
-56.266667	-0.004991
-56.233333	-0.005088
-56.200000	-0.005332
-56.166667	-0.005701
-56.133333	-0.006161
-56.100000	-0.006772
-56.066667	-0.007505
-56.033333	-0.008350
-56.000000	-0.009293
-55.966667	-0.010291
-55.933333	-0.011357
-55.900000	-0.012460
-55.866667	-0.013617
-55.833333	-0.014783
-55.800000	-0.015959
-55.766667	-0.017131
-55.733333	-0.018284
-55.700000	-0.019422
-55.666667	-0.020541
-55.633333	-0.021639
-55.600000	-0.022703
-55.566667	-0.023734
-55.533333	-0.024705
-55.500000	-0.025611
-55.466667	-0.026437
-55.433333	-0.027182
-55.400000	-0.027827
-55.366667	-0.028349
-55.333333	-0.028759
-55.300000	-0.029034
-55.266667	-0.029181
-55.233333	-0.029225
-55.200000	-0.029129
-55.166667	-0.028893
-55.133333	-0.028524
-55.100000	-0.028054
-55.066667	-0.027429
-55.033333	-0.026684
-55.000000	-0.025820
-54.966667	-0.024854
-54.933333	-0.023786
-54.900000	-0.022633
-54.866667	-0.021411
-54.833333	-0.020122
-54.800000	-0.018777
-54.766667	-0.017369
-54.733333	-0.015909
-54.700000	-0.014417
-54.666667	-0.012902
-54.633333	-0.011371
-54.600000	-0.009846
-54.566667	-0.008325
-54.533333	-0.006861
-54.500000	-0.005470
-54.466667	-0.004175
-54.433333	-0.003005
-54.400000	-0.001993
-54.366667	-0.001122
-54.333333	-0.000430
-54.300000	0.000072
-54.266667	0.000372
-54.233333	0.000457
-54.200000	0.000364
-54.166667	0.000069
-54.133333	-0.000415
-54.100000	-0.001070
-54.066667	-0.001888
-54.033333	-0.002851
-54.000000	-0.003945
-53.966667	-0.005112
-53.933333	-0.006321
-53.900000	-0.007537
-53.866667	-0.008724
-53.833333	-0.009834
-53.800000	-0.010827
-53.766667	-0.011679
-53.733333	-0.012372
-53.700000	-0.012896
-53.666667	-0.013252
-53.633333	-0.013444
-53.600000	-0.013471
-53.566667	-0.013329
-53.533333	-0.013061
-53.500000	-0.012654
-53.466667	-0.012130
-53.433333	-0.011502
-53.400000	-0.010774
-53.366667	-0.009935
-53.333333	-0.009028
-53.300000	-0.008047
-53.266667	-0.007040
-53.233333	-0.005989
-53.200000	-0.004916
-53.166667	-0.003821
-53.133333	-0.002715
-53.100000	-0.001600
-53.066667	-0.000474
-53.033333	0.000672
-53.000000	0.001836
-52.966667	0.003028
-52.933333	0.004230
-52.900000	0.005437
-52.866667	0.006622
-52.833333	0.007791
-52.800000	0.008925
-52.766667	0.010003
-52.733333	0.010989
-52.700000	0.011863
-52.666667	0.012616
-52.633333	0.013245
-52.600000	0.013757
-52.566667	0.014109
-52.533333	0.014324
-52.500000	0.014387
-52.466667	0.014298
-52.433333	0.014052
-52.400000	0.013635
-52.366667	0.013054
-52.333333	0.012332
-52.300000	0.011466
-52.266667	0.010449
-52.233333	0.009326
-52.200000	0.008103
-52.166667	0.006820
-52.133333	0.005498
-52.100000	0.004179
-52.066667	0.002901
-52.033333	0.001700
-52.000000	0.000602
-51.966667	-0.000370
-51.933333	-0.001194
-51.900000	-0.001855
-51.866667	-0.002343
-51.833333	-0.002646
-51.800000	-0.002800
-51.766667	-0.002767
-51.733333	-0.002597
-51.700000	-0.002274
-51.666667	-0.001814
-51.633333	-0.001236
-51.600000	-0.000570
-51.566667	0.000122
-51.533333	0.000846
-51.500000	0.001539
-51.466667	0.002187
-51.433333	0.002754
-51.400000	0.003225
-51.366667	0.003602
-51.333333	0.003880
-51.300000	0.004033
-51.266667	0.004061
-51.233333	0.003992
-51.200000	0.003850
-51.166667	0.003659
-51.133333	0.003457
-51.100000	0.003270
-51.066667	0.003110
-51.033333	0.002989
-51.000000	0.002915
-50.966667	0.002884
-50.933333	0.002910
-50.900000	0.002980
-50.866667	0.003083
-50.833333	0.003206
-50.800000	0.003345
-50.766667	0.003516
-50.733333	0.003663
-50.700000	0.003802
-50.666667	0.003899
-50.633333	0.003936
-50.600000	0.003889
-50.566667	0.003743
-50.533333	0.003511
-50.500000	0.003172
-50.466667	0.002746
-50.433333	0.002235
-50.400000	0.001655
-50.366667	0.001013
-50.333333	0.000326
-50.300000	-0.000375
-50.266667	-0.001057
-50.233333	-0.001725
-50.200000	-0.002331
-50.166667	-0.002869
-50.133333	-0.003343
-50.100000	-0.003743
-50.066667	-0.004041
-50.033333	-0.004246
-50.000000	-0.004361
-49.966667	-0.004406
-49.933333	-0.004375
-49.900000	-0.004279
-49.866667	-0.004137
-49.833333	-0.003955
-49.800000	-0.003748
-49.766667	-0.003525
-49.733333	-0.003295
-49.700000	-0.003064
-49.666667	-0.002835
-49.633333	-0.002612
-49.600000	-0.002395
-49.566667	-0.002177
-49.533333	-0.001951
-49.500000	-0.001726
-49.466667	-0.001462
-49.433333	-0.001156
-49.400000	-0.000824
-49.366667	-0.000412
-49.333333	0.000053
-49.300000	0.000568
-49.266667	0.001129
-49.233333	0.001711
-49.200000	0.002342
-49.166667	0.002982
-49.133333	0.003642
-49.100000	0.004307
-49.066667	0.004927
-49.033333	0.005453
-49.000000	0.005861
-48.966667	0.006130
-48.933333	0.006251
-48.900000	0.006196
-48.866667	0.005941
-48.833333	0.005483
-48.800000	0.004826
-48.766667	0.003933
-48.733333	0.002831
-48.700000	0.001527
-48.666667	0.000068
-48.633333	-0.001517
-48.600000	-0.003197
-48.566667	-0.004927
-48.533333	-0.006653
-48.500000	-0.008334
-48.466667	-0.009919
-48.433333	-0.011381
-48.400000	-0.012697
-48.366667	-0.013812
-48.333333	-0.014760
-48.300000	-0.015517
-48.266667	-0.016060
-48.233333	-0.016404
-48.200000	-0.016551
-48.166667	-0.016525
-48.133333	-0.016343
-48.100000	-0.016043
-48.066667	-0.015647
-48.033333	-0.015160
-48.000000	-0.014608
-47.966667	-0.014009
-47.933333	-0.013393
-47.900000	-0.012787
-47.866667	-0.012192
-47.833333	-0.011619
-47.800000	-0.011069
-47.766667	-0.010563
-47.733333	-0.010056
-47.700000	-0.009542
-47.666667	-0.008993
-47.633333	-0.008409
-47.600000	-0.007786
-47.566667	-0.007104
-47.533333	-0.006363
-47.500000	-0.005566
-47.466667	-0.004717
-47.433333	-0.003828
-47.400000	-0.002926
-47.366667	-0.002030
-47.333333	-0.001169
-47.300000	-0.000407
-47.266667	0.000256
-47.233333	0.000767
-47.200000	0.001103
-47.166667	0.001248
-47.133333	0.001184
-47.100000	0.000907
-47.066667	0.000419
-47.033333	-0.000282
-47.000000	-0.001189
-46.966667	-0.002272
-46.933333	-0.003515
-46.900000	-0.004875
-46.866667	-0.006311
-46.833333	-0.007778
-46.800000	-0.009229
-46.766667	-0.010619
-46.733333	-0.011909
-46.700000	-0.013054
-46.666667	-0.014028
-46.633333	-0.014806
-46.600000	-0.015385
-46.566667	-0.015754
-46.533333	-0.015908
-46.500000	-0.015848
-46.466667	-0.015594
-46.433333	-0.015177
-46.400000	-0.014645
-46.366667	-0.014031
-46.333333	-0.013353
-46.300000	-0.012689
-46.266667	-0.012028
-46.233333	-0.011422
-46.200000	-0.010880
-46.166667	-0.010420
-46.133333	-0.010056
-46.100000	-0.009781
-46.066667	-0.009597
-46.033333	-0.009505
-46.000000	-0.009499
-45.966667	-0.009536
-45.933333	-0.009621
-45.900000	-0.009706
-45.866667	-0.009756
-45.833333	-0.009742
-45.800000	-0.009648
-45.766667	-0.009453
-45.733333	-0.009140
-45.700000	-0.008716
-45.666667	-0.008214
-45.633333	-0.007603
-45.600000	-0.006923
-45.566667	-0.006181
-45.533333	-0.005394
-45.500000	-0.004588
-45.466667	-0.003775
-45.433333	-0.003004
-45.400000	-0.002268
-45.366667	-0.001586
-45.333333	-0.000979
-45.300000	-0.000488
-45.266667	-0.000090
-45.233333	0.000187
-45.200000	0.000344
-45.166667	0.000376
-45.133333	0.000297
-45.100000	0.000123
-45.066667	-0.000147
-45.033333	-0.000498
-45.000000	-0.000913
-44.966667	-0.001352
-44.933333	-0.001800
-44.900000	-0.002221
-44.866667	-0.002615
-44.833333	-0.002960
-44.800000	-0.003251
-44.766667	-0.003470
-44.733333	-0.003619
-44.700000	-0.003714
-44.666667	-0.003762
-44.633333	-0.003739
-44.600000	-0.003698
-44.566667	-0.003633
-44.533333	-0.003556
-44.500000	-0.003453
-44.466667	-0.003348
-44.433333	-0.003253
-44.400000	-0.003143
-44.366667	-0.003045
-44.333333	-0.002961
-44.300000	-0.002860
-44.266667	-0.002754
-44.233333	-0.002636
-44.200000	-0.002505
-44.166667	-0.002331
-44.133333	-0.002117
-44.100000	-0.001857
-44.066667	-0.001549
-44.033333	-0.001180
-44.000000	-0.000745
-43.966667	-0.000236
-43.933333	0.000339
-43.900000	0.000966
-43.866667	0.001626
-43.833333	0.002317
-43.800000	0.003001
-43.766667	0.003658
-43.733333	0.004258
-43.700000	0.004773
-43.666667	0.005175
-43.633333	0.005442
-43.600000	0.005555
-43.566667	0.005504
-43.533333	0.005288
-43.500000	0.004914
-43.466667	0.004364
-43.433333	0.003669
-43.400000	0.002840
-43.366667	0.001894
-43.333333	0.000847
-43.300000	-0.000273
-43.266667	-0.001466
-43.233333	-0.002696
-43.200000	-0.003943
-43.166667	-0.005169
-43.133333	-0.006358
-43.100000	-0.007481
-43.066667	-0.008536
-43.033333	-0.009507
-43.000000	-0.010374
-42.966667	-0.011162
-42.933333	-0.011847
-42.900000	-0.012442
-42.866667	-0.012948
-42.833333	-0.013376
-42.800000	-0.013719
-42.766667	-0.013975
-42.733333	-0.014143
-42.700000	-0.014221
-42.666667	-0.014207
-42.633333	-0.014116
-42.600000	-0.013936
-42.566667	-0.013673
-42.533333	-0.013324
-42.500000	-0.012899
-42.466667	-0.012402
-42.433333	-0.011838
-42.400000	-0.011210
-42.366667	-0.010533
-42.333333	-0.009819
-42.300000	-0.009080
-42.266667	-0.008330
-42.233333	-0.007594
-42.200000	-0.006908
-42.166667	-0.006257
-42.133333	-0.005688
-42.100000	-0.005218
-42.066667	-0.004869
-42.033333	-0.004646
-42.000000	-0.004553
-41.966667	-0.004614
-41.933333	-0.004800
-41.900000	-0.005133
-41.866667	-0.005599
-41.833333	-0.006200
-41.800000	-0.006918
-41.766667	-0.007749
-41.733333	-0.008671
-41.700000	-0.009666
-41.666667	-0.010718
-41.633333	-0.011811
-41.600000	-0.012903
-41.566667	-0.013978
-41.533333	-0.015008
-41.500000	-0.015971
-41.466667	-0.016850
-41.433333	-0.017629
-41.400000	-0.018297
-41.366667	-0.018842
-41.333333	-0.019265
-41.300000	-0.019552
-41.266667	-0.019714
-41.233333	-0.019756
-41.200000	-0.019678
-41.166667	-0.019470
-41.133333	-0.019163
-41.100000	-0.018730
-41.066667	-0.018206
-41.033333	-0.017569
-41.000000	-0.016836
-40.966667	-0.016018
-40.933333	-0.015116
-40.900000	-0.014138
-40.866667	-0.013088
-40.833333	-0.011975
-40.800000	-0.010812
-40.766667	-0.009601
-40.733333	-0.008347
-40.700000	-0.007068
-40.666667	-0.005757
-40.633333	-0.004428
-40.600000	-0.003106
-40.566667	-0.001807
-40.533333	-0.000539
-40.500000	0.000694
-40.466667	0.001866
-40.433333	0.002968
-40.400000	0.003988
-40.366667	0.004934
-40.333333	0.005776
-40.300000	0.006532
-40.266667	0.007207
-40.233333	0.007762
-40.200000	0.008235
-40.166667	0.008609
-40.133333	0.008890
-40.100000	0.009076
-40.066667	0.009153
-40.033333	0.009157
-40.000000	0.009085
-39.966667	0.008944
-39.933333	0.008780
-39.900000	0.008567
-39.866667	0.008301
-39.833333	0.007981
-39.800000	0.007633
-39.766667	0.007265
-39.733333	0.006860
-39.700000	0.006413
-39.666667	0.005935
-39.633333	0.005416
-39.600000	0.004855
-39.566667	0.004251
-39.533333	0.003631
-39.500000	0.002987
-39.466667	0.002313
-39.433333	0.001623
-39.400000	0.000918
-39.366667	0.000213
-39.333333	-0.000496
-39.300000	-0.001179
-39.266667	-0.001835
-39.233333	-0.002481
-39.200000	-0.003062
-39.166667	-0.003610
-39.133333	-0.004105
-39.100000	-0.004534
-39.066667	-0.004877
-39.033333	-0.005117
-39.000000	-0.005245
-38.966667	-0.005245
-38.933333	-0.005114
-38.900000	-0.004876
-38.866667	-0.004507
-38.833333	-0.003999
-38.800000	-0.003360
-38.766667	-0.002596
-38.733333	-0.001753
-38.700000	-0.000819
-38.666667	0.000197
-38.633333	0.001282
-38.600000	0.002412
-38.566667	0.003568
-38.533333	0.004747
-38.500000	0.005912
-38.466667	0.007045
-38.433333	0.008121
-38.400000	0.009120
-38.366667	0.010026
-38.333333	0.010817
-38.300000	0.011473
-38.266667	0.011986
-38.233333	0.012352
-38.200000	0.012564
-38.166667	0.012625
-38.133333	0.012543
-38.100000	0.012326
-38.066667	0.011979
-38.033333	0.011508
-38.000000	0.010925
-37.966667	0.010254
-37.933333	0.009490
-37.900000	0.008667
-37.866667	0.007794
-37.833333	0.006882
-37.800000	0.005949
-37.766667	0.005023
-37.733333	0.004085
-37.700000	0.003193
-37.666667	0.002339
-37.633333	0.001543
-37.600000	0.000818
-37.566667	0.000176
-37.533333	-0.000374
-37.500000	-0.000822
-37.466667	-0.001158
-37.433333	-0.001374
-37.400000	-0.001459
-37.366667	-0.001423
-37.333333	-0.001292
-37.300000	-0.000983
-37.266667	-0.000559
-37.233333	-0.000001
-37.200000	0.000664
-37.166667	0.001434
-37.133333	0.002277
-37.100000	0.003174
-37.066667	0.004105
-37.033333	0.005051
-37.000000	0.005995
-36.966667	0.006925
-36.933333	0.007805
-36.900000	0.008644
-36.866667	0.009420
-36.833333	0.010129
-36.800000	0.010745
-36.766667	0.011250
-36.733333	0.011630
-36.700000	0.011898
-36.666667	0.012067
-36.633333	0.012132
-36.600000	0.012102
-36.566667	0.011982
-36.533333	0.011800
-36.500000	0.011568
-36.466667	0.011288
-36.433333	0.010982
-36.400000	0.010642
-36.366667	0.010272
-36.333333	0.009890
-36.300000	0.009561
-36.266667	0.009174
-36.233333	0.008793
-36.200000	0.008391
-36.166667	0.007977
-36.133333	0.007540
-36.100000	0.007092
-36.066667	0.006632
-36.033333	0.006149
-36.000000	0.005627
-35.966667	0.005071
-35.933333	0.004504
-35.900000	0.003956
-35.866667	0.003398
-35.833333	0.002840
-35.800000	0.002276
-35.766667	0.001722
-35.733333	0.001203
-35.700000	0.000746
-35.666667	0.000364
-35.633333	0.000042
-35.600000	-0.000182
-35.566667	-0.000304
-35.533333	-0.000319
-35.500000	-0.000261
-35.466667	-0.000121
-35.433333	0.000098
-35.400000	0.000371
-35.366667	0.000689
-35.333333	0.001041
-35.300000	0.001420
-35.266667	0.001799
-35.233333	0.002163
-35.200000	0.002522
-35.166667	0.002846
-35.133333	0.003108
-35.100000	0.003296
-35.066667	0.003417
-35.033333	0.003464
-35.000000	0.003442
-34.966667	0.003378
-34.933333	0.003282
-34.900000	0.003137
-34.866667	0.002943
-34.833333	0.002737
-34.800000	0.002515
-34.766667	0.002296
-34.733333	0.002100
-34.700000	0.001936
-34.666667	0.001813
-34.633333	0.001744
-34.600000	0.001735
-34.566667	0.001772
-34.533333	0.001831
-34.500000	0.001907
-34.466667	0.001992
-34.433333	0.002054
-34.400000	0.002079
-34.366667	0.002045
-34.333333	0.001939
-34.300000	0.001758
-34.266667	0.001513
-34.233333	0.001180
-34.200000	0.000764
-34.166667	0.000237
-34.133333	-0.000377
-34.100000	-0.001059
-34.066667	-0.001804
-34.033333	-0.002597
-34.000000	-0.003437
-33.966667	-0.004300
-33.933333	-0.005173
-33.900000	-0.006033
-33.866667	-0.006859
-33.833333	-0.007625
-33.800000	-0.008323
-33.766667	-0.008917
-33.733333	-0.009406
-33.700000	-0.009781
-33.666667	-0.010037
-33.633333	-0.010171
-33.600000	-0.010174
-33.566667	-0.010060
-33.533333	-0.009850
-33.500000	-0.009551
-33.466667	-0.009181
-33.433333	-0.008747
-33.400000	-0.008269
-33.366667	-0.007750
-33.333333	-0.007175
-33.300000	-0.006544
-33.266667	-0.005895
-33.233333	-0.005241
-33.200000	-0.004590
-33.166667	-0.003933
-33.133333	-0.003287
-33.100000	-0.002670
-33.066667	-0.002084
-33.033333	-0.001520
-33.000000	-0.001003
-32.966667	-0.000520
-32.933333	-0.000082
-32.900000	0.000311
-32.866667	0.000655
-32.833333	0.000953
-32.800000	0.001203
-32.766667	0.001397
-32.733333	0.001530
-32.700000	0.001604
-32.666667	0.001611
-32.633333	0.001575
-32.600000	0.001501
-32.566667	0.001374
-32.533333	0.001210
-32.500000	0.001007
-32.466667	0.000784
-32.433333	0.000542
-32.400000	0.000293
-32.366667	0.000054
-32.333333	-0.000172
-32.300000	-0.000396
-32.266667	-0.000608
-32.233333	-0.000779
-32.200000	-0.000907
-32.166667	-0.000975
-32.133333	-0.000970
-32.100000	-0.000908
-32.066667	-0.000730
-32.033333	-0.000479
-32.000000	-0.000128
-31.966667	0.000327
-31.933333	0.000883
-31.900000	0.001541
-31.866667	0.002287
-31.833333	0.003098
-31.800000	0.003971
-31.766667	0.004888
-31.733333	0.005846
-31.700000	0.006800
-31.666667	0.007766
-31.633333	0.008727
-31.600000	0.009651
-31.566667	0.010528
-31.533333	0.011379
-31.500000	0.012161
-31.466667	0.012883
-31.433333	0.013515
-31.400000	0.014049
-31.366667	0.014483
-31.333333	0.014831
-31.300000	0.015061
-31.266667	0.015190
-31.233333	0.015204
-31.200000	0.015127
-31.166667	0.014974
-31.133333	0.014732
-31.100000	0.014400
-31.066667	0.014026
-31.033333	0.013566
-31.000000	0.013066
-30.966667	0.012509
-30.933333	0.011907
-30.900000	0.011254
-30.866667	0.010548
-30.833333	0.009790
-30.800000	0.008999
-30.766667	0.008172
-30.733333	0.007305
-30.700000	0.006407
-30.666667	0.005493
-30.633333	0.004552
-30.600000	0.003597
-30.566667	0.002649
-30.533333	0.001717
-30.500000	0.000790
-30.466667	-0.000106
-30.433333	-0.000973
-30.400000	-0.001802
-30.366667	-0.002571
-30.333333	-0.003253
-30.300000	-0.003918
-30.266667	-0.004486
-30.233333	-0.004987
-30.200000	-0.005404
-30.166667	-0.005750
-30.133333	-0.006025
-30.100000	-0.006219
-30.066667	-0.006332
-30.033333	-0.006372
-30.000000	-0.006343
-29.966667	-0.006253
-29.933333	-0.006102
-29.900000	-0.005910
-29.866667	-0.005671
-29.833333	-0.005413
-29.800000	-0.005135
-29.766667	-0.004852
-29.733333	-0.004562
-29.700000	-0.004262
-29.666667	-0.003982
-29.633333	-0.003709
-29.600000	-0.003436
-29.566667	-0.003165
-29.533333	-0.002913
-29.500000	-0.002677
-29.466667	-0.002446
-29.433333	-0.002231
-29.400000	-0.002045
-29.366667	-0.001883
-29.333333	-0.001749
-29.300000	-0.001685
-29.266667	-0.001645
-29.233333	-0.001671
-29.200000	-0.001731
-29.166667	-0.001839
-29.133333	-0.002008
-29.100000	-0.002243
-29.066667	-0.002530
-29.033333	-0.002873
-29.000000	-0.003286
-28.966667	-0.003769
-28.933333	-0.004321
-28.900000	-0.004952
-28.866667	-0.005657
-28.833333	-0.006445
-28.800000	-0.007300
-28.766667	-0.008206
-28.733333	-0.009171
-28.700000	-0.010186
-28.666667	-0.011238
-28.633333	-0.012290
-28.600000	-0.013335
-28.566667	-0.014367
-28.533333	-0.015376
-28.500000	-0.016336
-28.466667	-0.017232
-28.433333	-0.018064
-28.400000	-0.018820
-28.366667	-0.019494
-28.333333	-0.020075
-28.300000	-0.020557
-28.266667	-0.020910
-28.233333	-0.021162
-28.200000	-0.021280
-28.166667	-0.021288
-28.133333	-0.021193
-28.100000	-0.020981
-28.066667	-0.020647
-28.033333	-0.020225
-28.000000	-0.019724
-27.966667	-0.019149
-27.933333	-0.018521
-27.900000	-0.017853
-27.866667	-0.017158
-27.833333	-0.016444
-27.800000	-0.015727
-27.766667	-0.015007
-27.733333	-0.014315
-27.700000	-0.013636
-27.666667	-0.012975
-27.633333	-0.012334
-27.600000	-0.011728
-27.566667	-0.011152
-27.533333	-0.010612
-27.500000	-0.010110
-27.466667	-0.009644
-27.433333	-0.009214
-27.400000	-0.008821
-27.366667	-0.008470
-27.333333	-0.008145
-27.300000	-0.007838
-27.266667	-0.007541
-27.233333	-0.007272
-27.200000	-0.006982
-27.166667	-0.006686
-27.133333	-0.006376
-27.100000	-0.006037
-27.066667	-0.005675
-27.033333	-0.005295
-27.000000	-0.004890
-26.966667	-0.004463
-26.933333	-0.004000
-26.900000	-0.003498
-26.866667	-0.002980
-26.833333	-0.002428
-26.800000	-0.001843
-26.766667	-0.001215
-26.733333	-0.000545
-26.700000	0.000173
-26.666667	0.000938
-26.633333	0.001760
-26.600000	0.002631
-26.566667	0.003555
-26.533333	0.004529
-26.500000	0.005547
-26.466667	0.006605
-26.433333	0.007697
-26.400000	0.008819
-26.366667	0.009972
-26.333333	0.011159
-26.300000	0.012362
-26.266667	0.013538
-26.233333	0.014728
-26.200000	0.015872
-26.166667	0.016972
-26.133333	0.018005
-26.100000	0.018948
-26.066667	0.019781
-26.033333	0.020494
-26.000000	0.021084
-25.966667	0.021529
-25.933333	0.021843
-25.900000	0.022006
-25.866667	0.022026
-25.833333	0.021926
-25.800000	0.021682
-25.766667	0.021303
-25.733333	0.020800
-25.700000	0.020182
-25.666667	0.019445
-25.633333	0.018600
-25.600000	0.017652
-25.566667	0.016613
-25.533333	0.015484
-25.500000	0.014282
-25.466667	0.012993
-25.433333	0.011628
-25.400000	0.010198
-25.366667	0.008705
-25.333333	0.007138
-25.300000	0.005481
-25.266667	0.003734
-25.233333	0.001935
-25.200000	0.000035
-25.166667	-0.001928
-25.133333	-0.003974
-25.100000	-0.006096
-25.066667	-0.008272
-25.033333	-0.010520
-25.000000	-0.012816
-24.966667	-0.015168
-24.933333	-0.017540
-24.900000	-0.019937
-24.866667	-0.022354
-24.833333	-0.024797
-24.800000	-0.027255
-24.766667	-0.029703
-24.733333	-0.032124
-24.700000	-0.034518
-24.666667	-0.036878
-24.633333	-0.039178
-24.600000	-0.041397
-24.566667	-0.043541
-24.533333	-0.045577
-24.500000	-0.047491
-24.466667	-0.049307
-24.433333	-0.050999
-24.400000	-0.052553
-24.366667	-0.053974
-24.333333	-0.055258
-24.300000	-0.056405
-24.266667	-0.057426
-24.233333	-0.058293
-24.200000	-0.059023
-24.166667	-0.059619
-24.133333	-0.060083
-24.100000	-0.060435
-24.066667	-0.060665
-24.033333	-0.060810
-24.000000	-0.060853
-23.966667	-0.060822
-23.933333	-0.060717
-23.900000	-0.060553
-23.866667	-0.060340
-23.833333	-0.060076
-23.800000	-0.059759
-23.766667	-0.059394
-23.733333	-0.058975
-23.700000	-0.058500
-23.666667	-0.057967
-23.633333	-0.057352
-23.600000	-0.056661
-23.566667	-0.055902
-23.533333	-0.055075
-23.500000	-0.054173
-23.466667	-0.053188
-23.433333	-0.052139
-23.400000	-0.051002
-23.366667	-0.049764
-23.333333	-0.048453
-23.300000	-0.047059
-23.266667	-0.045580
-23.233333	-0.043998
-23.200000	-0.042332
-23.166667	-0.040566
-23.133333	-0.038701
-23.100000	-0.036752
-23.066667	-0.034717
-23.033333	-0.032598
-23.000000	-0.030352
-22.966667	-0.027989
-22.933333	-0.025503
-22.900000	-0.022896
-22.866667	-0.020152
-22.833333	-0.017268
-22.800000	-0.014250
-22.766667	-0.011105
-22.733333	-0.007839
-22.700000	-0.004462
-22.666667	-0.000975
-22.633333	0.002612
-22.600000	0.006255
-22.566667	0.009936
-22.533333	0.013638
-22.500000	0.017362
-22.466667	0.021053
-22.433333	0.024666
-22.400000	0.028213
-22.366667	0.031655
-22.333333	0.034934
-22.300000	0.038057
-22.266667	0.041002
-22.233333	0.043761
-22.200000	0.046333
-22.166667	0.048708
-22.133333	0.050873
-22.100000	0.052830
-22.066667	0.054578
-22.033333	0.056149
-22.000000	0.057561
-21.966667	0.058784
-21.933333	0.059842
-21.900000	0.060747
-21.866667	0.061516
-21.833333	0.062149
-21.800000	0.062661
-21.766667	0.063065
-21.733333	0.063367
-21.700000	0.063605
-21.666667	0.063753
-21.633333	0.063836
-21.600000	0.063833
-21.566667	0.063764
-21.533333	0.063631
-21.500000	0.063428
-21.466667	0.063155
-21.433333	0.062812
-21.400000	0.062413
-21.366667	0.061957
-21.333333	0.061444
-21.300000	0.060911
-21.266667	0.060338
-21.233333	0.059761
-21.200000	0.059159
-21.166667	0.058548
-21.133333	0.057914
-21.100000	0.057272
-21.066667	0.056620
-21.033333	0.055963
-21.000000	0.055311
-20.966667	0.054654
-20.933333	0.053988
-20.900000	0.053313
-20.866667	0.052633
-20.833333	0.051918
-20.800000	0.051185
-20.766667	0.050415
-20.733333	0.049601
-20.700000	0.048746
-20.666667	0.047818
-20.633333	0.046844
-20.600000	0.045794
-20.566667	0.044684
-20.533333	0.043512
-20.500000	0.042275
-20.466667	0.040960
-20.433333	0.039607
-20.400000	0.038206
-20.366667	0.036768
-20.333333	0.035305
-20.300000	0.033849
-20.266667	0.032387
-20.233333	0.030964
-20.200000	0.029557
-20.166667	0.028201
-20.133333	0.026891
-20.100000	0.025654
-20.066667	0.024485
-20.033333	0.023385
-20.000000	0.022359
-19.966667	0.021398
-19.933333	0.020503
-19.900000	0.019680
-19.866667	0.018910
-19.833333	0.018175
-19.800000	0.017500
-19.766667	0.016847
-19.733333	0.016224
-19.700000	0.015613
-19.666667	0.014982
-19.633333	0.014370
-19.600000	0.013738
-19.566667	0.013103
-19.533333	0.012461
-19.500000	0.011816
-19.466667	0.011170
-19.433333	0.010555
-19.400000	0.009936
-19.366667	0.009354
-19.333333	0.008816
-19.300000	0.008343
-19.266667	0.007926
-19.233333	0.007586
-19.200000	0.007347
-19.166667	0.007169
-19.133333	0.007098
-19.100000	0.007113
-19.066667	0.007202
-19.033333	0.007356
-19.000000	0.007557
-18.966667	0.007791
-18.933333	0.008051
-18.900000	0.008327
-18.866667	0.008614
-18.833333	0.008882
-18.800000	0.009135
-18.766667	0.009349
-18.733333	0.009529
-18.700000	0.009641
-18.666667	0.009700
-18.633333	0.009726
-18.600000	0.009676
-18.566667	0.009585
-18.533333	0.009445
-18.500000	0.009262
-18.466667	0.009029
-18.433333	0.008766
-18.400000	0.008474
-18.366667	0.008171
-18.333333	0.007872
-18.300000	0.007575
-18.266667	0.007286
-18.233333	0.007015
-18.200000	0.006754
-18.166667	0.006467
-18.133333	0.006199
-18.100000	0.005900
-18.066667	0.005578
-18.033333	0.005223
-18.000000	0.004832
-17.966667	0.004416
-17.933333	0.003989
-17.900000	0.003557
-17.866667	0.003101
-17.833333	0.002648
-17.800000	0.002191
-17.766667	0.001746
-17.733333	0.001318
-17.700000	0.000913
-17.666667	0.000549
-17.633333	0.000228
-17.600000	-0.000034
-17.566667	-0.000227
-17.533333	-0.000343
-17.500000	-0.000368
-17.466667	-0.000300
-17.433333	-0.000126
-17.400000	0.000149
-17.366667	0.000528
-17.333333	0.000997
-17.300000	0.001540
-17.266667	0.002137
-17.233333	0.002772
-17.200000	0.003427
-17.166667	0.004091
-17.133333	0.004754
-17.100000	0.005405
-17.066667	0.006021
-17.033333	0.006583
-17.000000	0.007079
-16.966667	0.007503
-16.933333	0.007836
-16.900000	0.008100
-16.866667	0.008265
-16.833333	0.008365
-16.800000	0.008355
-16.766667	0.008270
-16.733333	0.008103
-16.700000	0.007863
-16.666667	0.007539
-16.633333	0.007204
-16.600000	0.006801
-16.566667	0.006364
-16.533333	0.005909
-16.500000	0.005450
-16.466667	0.004988
-16.433333	0.004533
-16.400000	0.004085
-16.366667	0.003643
-16.333333	0.003214
-16.300000	0.002776
-16.266667	0.002346
-16.233333	0.001917
-16.200000	0.001491
-16.166667	0.001072
-16.133333	0.000667
-16.100000	0.000268
-16.066667	-0.000139
-16.033333	-0.000548
-16.000000	-0.000941
-15.966667	-0.001313
-15.933333	-0.001661
-15.900000	-0.001965
-15.866667	-0.002260
-15.833333	-0.002537
-15.800000	-0.002820
-15.766667	-0.003033
-15.733333	-0.003224
-15.700000	-0.003380
-15.666667	-0.003516
-15.633333	-0.003611
-15.600000	-0.003729
-15.566667	-0.003810
-15.533333	-0.003876
-15.500000	-0.003938
-15.466667	-0.004011
-15.433333	-0.004101
-15.400000	-0.004211
-15.366667	-0.004358
-15.333333	-0.004535
-15.300000	-0.004763
-15.266667	-0.005017
-15.233333	-0.005313
-15.200000	-0.005648
-15.166667	-0.006009
-15.133333	-0.006400
-15.100000	-0.006822
-15.066667	-0.007275
-15.033333	-0.007729
-15.000000	-0.008191
-14.966667	-0.008650
-14.933333	-0.009128
-14.900000	-0.009616
-14.866667	-0.010103
-14.833333	-0.010581
-14.800000	-0.011038
-14.766667	-0.011440
-14.733333	-0.011848
-14.700000	-0.012217
-14.666667	-0.012570
-14.633333	-0.012891
-14.600000	-0.013173
-14.566667	-0.013420
-14.533333	-0.013631
-14.500000	-0.013802
-14.466667	-0.013930
-14.433333	-0.014006
-14.400000	-0.014019
-14.366667	-0.013979
-14.333333	-0.013859
-14.300000	-0.013672
-14.266667	-0.013414
-14.233333	-0.013094
-14.200000	-0.012710
-14.166667	-0.012251
-14.133333	-0.011738
-14.100000	-0.011168
-14.066667	-0.010545
-14.033333	-0.009878
-14.000000	-0.009191
-13.966667	-0.008486
-13.933333	-0.007792
-13.900000	-0.007107
-13.866667	-0.006449
-13.833333	-0.005830
-13.800000	-0.005268
-13.766667	-0.004766
-13.733333	-0.004338
-13.700000	-0.003974
-13.666667	-0.003686
-13.633333	-0.003469
-13.600000	-0.003333
-13.566667	-0.003264
-13.533333	-0.003251
-13.500000	-0.003314
-13.466667	-0.003420
-13.433333	-0.003571
-13.400000	-0.003762
-13.366667	-0.003981
-13.333333	-0.004218
-13.300000	-0.004470
-13.266667	-0.004727
-13.233333	-0.004979
-13.200000	-0.005222
-13.166667	-0.005452
-13.133333	-0.005672
-13.100000	-0.005873
-13.066667	-0.006066
-13.033333	-0.006259
-13.000000	-0.006457
-12.966667	-0.006626
-12.933333	-0.006811
-12.900000	-0.006999
-12.866667	-0.007172
-12.833333	-0.007348
-12.800000	-0.007515
-12.766667	-0.007675
-12.733333	-0.007824
-12.700000	-0.007949
-12.666667	-0.008066
-12.633333	-0.008169
-12.600000	-0.008263
-12.566667	-0.008337
-12.533333	-0.008401
-12.500000	-0.008461
-12.466667	-0.008484
-12.433333	-0.008506
-12.400000	-0.008508
-12.366667	-0.008488
-12.333333	-0.008457
-12.300000	-0.008408
-12.266667	-0.008350
-12.233333	-0.008288
-12.200000	-0.008222
-12.166667	-0.008155
-12.133333	-0.008103
-12.100000	-0.008047
-12.066667	-0.008009
-12.033333	-0.007976
-12.000000	-0.007955
-11.966667	-0.007925
-11.933333	-0.007910
-11.900000	-0.007911
-11.866667	-0.007902
-11.833333	-0.007919
-11.800000	-0.007935
-11.766667	-0.007970
-11.733333	-0.008016
-11.700000	-0.008077
-11.666667	-0.008150
-11.633333	-0.008242
-11.600000	-0.008355
-11.566667	-0.008496
-11.533333	-0.008668
-11.500000	-0.008873
-11.466667	-0.009110
-11.433333	-0.009386
-11.400000	-0.009686
-11.366667	-0.010016
-11.333333	-0.010368
-11.300000	-0.010731
-11.266667	-0.011089
-11.233333	-0.011441
-11.200000	-0.011809
-11.166667	-0.012145
-11.133333	-0.012458
-11.100000	-0.012708
-11.066667	-0.012928
-11.033333	-0.013097
-11.000000	-0.013210
-10.966667	-0.013252
-10.933333	-0.013237
-10.900000	-0.013186
-10.866667	-0.013049
-10.833333	-0.012842
-10.800000	-0.012593
-10.766667	-0.012306
-10.733333	-0.011981
-10.700000	-0.011632
-10.666667	-0.011281
-10.633333	-0.010943
-10.600000	-0.010630
-10.566667	-0.010357
-10.533333	-0.010140
-10.500000	-0.009958
-10.466667	-0.009828
-10.433333	-0.009744
-10.400000	-0.009707
-10.366667	-0.009712
-10.333333	-0.009745
-10.300000	-0.009795
-10.266667	-0.009862
-10.233333	-0.009951
-10.200000	-0.010055
-10.166667	-0.010120
-10.133333	-0.010166
-10.100000	-0.010187
-10.066667	-0.010169
-10.033333	-0.010105
-10.000000	-0.009989
-9.966667	-0.009828
-9.933333	-0.009619
-9.900000	-0.009356
-9.866667	-0.009035
-9.833333	-0.008668
-9.800000	-0.008294
-9.766667	-0.007890
-9.733333	-0.007470
-9.700000	-0.007053
-9.666667	-0.006650
-9.633333	-0.006268
-9.600000	-0.005909
-9.566667	-0.005570
-9.533333	-0.005253
-9.500000	-0.004945
-9.466667	-0.004681
-9.433333	-0.004448
-9.400000	-0.004243
-9.366667	-0.004059
-9.333333	-0.003898
-9.300000	-0.003770
-9.266667	-0.003670
-9.233333	-0.003594
-9.200000	-0.003545
-9.166667	-0.003515
-9.133333	-0.003506
-9.100000	-0.003536
-9.066667	-0.003587
-9.033333	-0.003679
-9.000000	-0.003798
-8.966667	-0.003947
-8.933333	-0.004141
-8.900000	-0.004366
-8.866667	-0.004629
-8.833333	-0.004934
-8.800000	-0.005275
-8.766667	-0.005649
-8.733333	-0.006056
-8.700000	-0.006491
-8.666667	-0.006942
-8.633333	-0.007399
-8.600000	-0.007840
-8.566667	-0.008264
-8.533333	-0.008661
-8.500000	-0.009022
-8.466667	-0.009335
-8.433333	-0.009590
-8.400000	-0.009767
-8.366667	-0.009874
-8.333333	-0.009909
-8.300000	-0.009868
-8.266667	-0.009745
-8.233333	-0.009548
-8.200000	-0.009288
-8.166667	-0.008962
-8.133333	-0.008568
-8.100000	-0.008153
-8.066667	-0.007691
-8.033333	-0.007203
-8.000000	-0.006709
-7.966667	-0.006210
-7.933333	-0.005746
-7.900000	-0.005303
-7.866667	-0.004901
-7.833333	-0.004549
-7.800000	-0.004258
-7.766667	-0.004022
-7.733333	-0.003873
-7.700000	-0.003789
-7.666667	-0.003785
-7.633333	-0.003857
-7.600000	-0.004002
-7.566667	-0.004219
-7.533333	-0.004494
-7.500000	-0.004824
-7.466667	-0.005200
-7.433333	-0.005621
-7.400000	-0.006072
-7.366667	-0.006551
-7.333333	-0.007045
-7.300000	-0.007549
-7.266667	-0.008056
-7.233333	-0.008558
-7.200000	-0.009038
-7.166667	-0.009511
-7.133333	-0.009962
-7.100000	-0.010414
-7.066667	-0.010819
-7.033333	-0.011219
-7.000000	-0.011602
-6.966667	-0.011941
-6.933333	-0.012265
-6.900000	-0.012539
-6.866667	-0.012763
-6.833333	-0.012939
-6.800000	-0.013069
-6.766667	-0.013145
-6.733333	-0.013197
-6.700000	-0.013200
-6.666667	-0.013176
-6.633333	-0.013109
-6.600000	-0.013001
-6.566667	-0.012849
-6.533333	-0.012648
-6.500000	-0.012407
-6.466667	-0.012145
-6.433333	-0.011869
-6.400000	-0.011574
-6.366667	-0.011271
-6.333333	-0.010975
-6.300000	-0.010697
-6.266667	-0.010435
-6.233333	-0.010198
-6.200000	-0.010009
-6.166667	-0.009831
-6.133333	-0.009702
-6.100000	-0.009626
-6.066667	-0.009615
-6.033333	-0.009655
-6.000000	-0.009742
-5.966667	-0.009866
-5.933333	-0.010030
-5.900000	-0.010244
-5.866667	-0.010489
-5.833333	-0.010783
-5.800000	-0.011142
-5.766667	-0.011523
-5.733333	-0.011918
-5.700000	-0.012352
-5.666667	-0.012783
-5.633333	-0.013217
-5.600000	-0.013629
-5.566667	-0.014022
-5.533333	-0.014392
-5.500000	-0.014745
-5.466667	-0.015064
-5.433333	-0.015361
-5.400000	-0.015622
-5.366667	-0.015838
-5.333333	-0.016036
-5.300000	-0.016174
-5.266667	-0.016265
-5.233333	-0.016311
-5.200000	-0.016313
-5.166667	-0.016256
-5.133333	-0.016210
-5.100000	-0.016129
-5.066667	-0.016012
-5.033333	-0.015841
-5.000000	-0.015648
-4.966667	-0.015436
-4.933333	-0.015215
-4.900000	-0.014999
-4.866667	-0.014756
-4.833333	-0.014512
-4.800000	-0.014278
-4.766667	-0.014013
-4.733333	-0.013750
-4.700000	-0.013500
-4.666667	-0.013224
-4.633333	-0.012962
-4.600000	-0.012688
-4.566667	-0.012423
-4.533333	-0.012159
-4.500000	-0.011900
-4.466667	-0.011646
-4.433333	-0.011419
-4.400000	-0.011196
-4.366667	-0.010983
-4.333333	-0.010797
-4.300000	-0.010618
-4.266667	-0.010467
-4.233333	-0.010344
-4.200000	-0.010255
-4.166667	-0.010197
-4.133333	-0.010154
-4.100000	-0.010139
-4.066667	-0.010129
-4.033333	-0.010145
-4.000000	-0.010191
-3.966667	-0.010264
-3.933333	-0.010357
-3.900000	-0.010463
-3.866667	-0.010585
-3.833333	-0.010715
-3.800000	-0.010866
-3.766667	-0.010993
-3.733333	-0.011121
-3.700000	-0.011236
-3.666667	-0.011344
-3.633333	-0.011442
-3.600000	-0.011519
-3.566667	-0.011582
-3.533333	-0.011620
-3.500000	-0.011649
-3.466667	-0.011668
-3.433333	-0.011676
-3.400000	-0.011654
-3.366667	-0.011626
-3.333333	-0.011590
-3.300000	-0.011528
-3.266667	-0.011453
-3.233333	-0.011363
-3.200000	-0.011252
-3.166667	-0.011118
-3.133333	-0.010963
-3.100000	-0.010798
-3.066667	-0.010595
-3.033333	-0.010367
-3.000000	-0.010110
-2.966667	-0.009815
-2.933333	-0.009462
-2.900000	-0.009060
-2.866667	-0.008629
-2.833333	-0.008098
-2.800000	-0.007566
-2.766667	-0.006997
-2.733333	-0.006407
-2.700000	-0.005796
-2.666667	-0.005193
-2.633333	-0.004610
-2.600000	-0.004055
-2.566667	-0.003537
-2.533333	-0.003071
-2.500000	-0.002671
-2.466667	-0.002327
-2.433333	-0.002045
-2.400000	-0.001830
-2.366667	-0.001704
-2.333333	-0.001650
-2.300000	-0.001666
-2.266667	-0.001756
-2.233333	-0.001904
-2.200000	-0.002119
-2.166667	-0.002375
-2.133333	-0.002645
-2.100000	-0.002966
-2.066667	-0.003278
-2.033333	-0.003586
-2.000000	-0.003871
-1.966667	-0.004119
-1.933333	-0.004317
-1.900000	-0.004484
-1.866667	-0.004630
-1.833333	-0.004728
-1.800000	-0.004826
-1.766667	-0.004855
-1.733333	-0.004845
-1.700000	-0.004811
-1.666667	-0.004749
-1.633333	-0.004656
-1.600000	-0.004540
-1.566667	-0.004404
-1.533333	-0.004240
-1.500000	-0.004046
-1.466667	-0.003834
-1.433333	-0.003607
-1.400000	-0.003358
-1.366667	-0.003093
-1.333333	-0.002810
-1.300000	-0.002508
-1.266667	-0.002177
-1.233333	-0.001835
-1.200000	-0.001481
-1.166667	-0.001104
-1.133333	-0.000718
-1.100000	-0.000373
-1.066667	0.000004
-1.033333	0.000347
-1.000000	0.000670
-0.966667	0.000960
-0.933333	0.001220
-0.900000	0.001427
-0.866667	0.001581
-0.833333	0.001701
-0.800000	0.001789
-0.766667	0.001823
-0.733333	0.001789
-0.700000	0.001700
-0.666667	0.001566
-0.633333	0.001358
-0.600000	0.001096
-0.566667	0.000786
-0.533333	0.000434
-0.500000	0.000039
-0.466667	-0.000395
-0.433333	-0.000852
-0.400000	-0.001323
-0.366667	-0.001808
-0.333333	-0.002290
-0.300000	-0.002765
-0.266667	-0.003221
-0.233333	-0.003659
-0.200000	-0.004079
-0.166667	-0.004475
-0.133333	-0.004843
-0.100000	-0.005201
-0.066667	-0.005550
-0.033333	-0.005878
-0.000000	-0.006202
0.033333	-0.006510
0.066667	-0.006799
0.100000	-0.007088
0.133333	-0.007392
0.166667	-0.007674
0.200000	-0.007961
0.233333	-0.008237
0.266667	-0.008515
0.300000	-0.008790
0.333333	-0.009061
0.366667	-0.009339
0.400000	-0.009603
0.433333	-0.009865
0.466667	-0.010116
0.500000	-0.010350
0.533333	-0.010552
0.566667	-0.010720
0.600000	-0.010851
0.633333	-0.010939
0.666667	-0.010978
0.700000	-0.010963
0.733333	-0.010898
0.766667	-0.010791
0.800000	-0.010648
0.833333	-0.010464
0.866667	-0.010247
0.900000	-0.010024
0.933333	-0.009782
0.966667	-0.009512
1.000000	-0.009261
1.033333	-0.008988
1.066667	-0.008727
1.100000	-0.008484
1.133333	-0.008260
1.166667	-0.008029
1.200000	-0.007826
1.233333	-0.007636
1.266667	-0.007472
1.300000	-0.007327
1.333333	-0.007202
1.366667	-0.007099
1.400000	-0.007017
1.433333	-0.006951
1.466667	-0.006889
1.500000	-0.006822
1.533333	-0.006765
1.566667	-0.006722
1.600000	-0.006672
1.633333	-0.006619
1.666667	-0.006579
1.700000	-0.006515
1.733333	-0.006459
1.766667	-0.006394
1.800000	-0.006312
1.833333	-0.006213
1.866667	-0.006132
1.900000	-0.006024
1.933333	-0.005898
1.966667	-0.005770
2.000000	-0.005622
2.033333	-0.005450
2.066667	-0.005263
2.100000	-0.005047
2.133333	-0.004805
2.166667	-0.004530
2.200000	-0.004216
2.233333	-0.003866
2.266667	-0.003486
2.300000	-0.003060
2.333333	-0.002606
2.366667	-0.002119
2.400000	-0.001602
2.433333	-0.001054
2.466667	-0.000475
2.500000	0.000129
2.533333	0.000726
2.566667	0.001346
2.600000	0.001963
2.633333	0.002568
2.666667	0.003163
2.700000	0.003749
2.733333	0.004277
2.766667	0.004774
2.800000	0.005244
2.833333	0.005656
2.866667	0.006009
2.900000	0.006342
2.933333	0.006613
2.966667	0.006842
3.000000	0.007029
3.033333	0.007172
3.066667	0.007283
3.100000	0.007347
3.133333	0.007374
3.166667	0.007366
3.200000	0.007334
3.233333	0.007275
3.266667	0.007185
3.300000	0.007077
3.333333	0.006941
3.366667	0.006793
3.400000	0.006622
3.433333	0.006446
3.466667	0.006254
3.500000	0.006047
3.533333	0.005812
3.566667	0.005577
3.600000	0.005329
3.633333	0.005093
3.666667	0.004867
3.700000	0.004637
3.733333	0.004414
3.766667	0.004210
3.800000	0.004049
3.833333	0.003912
3.866667	0.003812
3.900000	0.003751
3.933333	0.003723
3.966667	0.003729
4.000000	0.003768
4.033333	0.003838
4.066667	0.003931
4.100000	0.004037
4.133333	0.004175
4.166667	0.004315
4.200000	0.004460
4.233333	0.004598
4.266667	0.004731
4.300000	0.004835
4.333333	0.004931
4.366667	0.004989
4.400000	0.004997
4.433333	0.004959
4.466667	0.004881
4.500000	0.004767
4.533333	0.004618
4.566667	0.004441
4.600000	0.004237
4.633333	0.004005
4.666667	0.003750
4.700000	0.003473
4.733333	0.003173
4.766667	0.002869
4.800000	0.002580
4.833333	0.002281
4.866667	0.001986
4.900000	0.001694
4.933333	0.001412
4.966667	0.001140
5.000000	0.000882
5.033333	0.000632
5.066667	0.000390
5.100000	0.000157
5.133333	-0.000069
5.166667	-0.000298
5.200000	-0.000508
5.233333	-0.000700
5.266667	-0.000906
5.300000	-0.001101
5.333333	-0.001285
5.366667	-0.001469
5.400000	-0.001639
5.433333	-0.001806
5.466667	-0.001935
5.500000	-0.002059
5.533333	-0.002159
5.566667	-0.002254
5.600000	-0.002331
5.633333	-0.002391
5.666667	-0.002428
5.700000	-0.002448
5.733333	-0.002455
5.766667	-0.002432
5.800000	-0.002399
5.833333	-0.002344
5.866667	-0.002268
5.900000	-0.002179
5.933333	-0.002077
5.966667	-0.001963
6.000000	-0.001839
6.033333	-0.001707
6.066667	-0.001568
6.100000	-0.001425
6.133333	-0.001275
6.166667	-0.001113
6.200000	-0.000935
6.233333	-0.000765
6.266667	-0.000606
6.300000	-0.000430
6.333333	-0.000262
6.366667	-0.000085
6.400000	0.000073
6.433333	0.000204
6.466667	0.000342
6.500000	0.000454
6.533333	0.000582
6.566667	0.000661
6.600000	0.000740
6.633333	0.000814
6.666667	0.000867
6.700000	0.000900
6.733333	0.000907
6.766667	0.000899
6.800000	0.000878
6.833333	0.000864
6.866667	0.000817
6.900000	0.000734
6.933333	0.000647
6.966667	0.000553
7.000000	0.000451
7.033333	0.000339
7.066667	0.000223
7.100000	0.000100
7.133333	-0.000028
7.166667	-0.000160
7.200000	-0.000297
7.233333	-0.000448
7.266667	-0.000596
7.300000	-0.000743
7.333333	-0.000885
7.366667	-0.001028
7.400000	-0.001176
7.433333	-0.001310
7.466667	-0.001422
7.500000	-0.001515
7.533333	-0.001581
7.566667	-0.001651
7.600000	-0.001678
7.633333	-0.001698
7.666667	-0.001709
7.700000	-0.001697
7.733333	-0.001671
7.766667	-0.001625
7.800000	-0.001558
7.833333	-0.001490
7.866667	-0.001431
7.900000	-0.001369
7.933333	-0.001277
7.966667	-0.001191
8.000000	-0.001112
8.033333	-0.001049
8.066667	-0.001014
8.100000	-0.001015
8.133333	-0.001044
8.166667	-0.001097
8.200000	-0.001167
8.233333	-0.001262
8.266667	-0.001405
8.300000	-0.001592
8.333333	-0.001795
8.366667	-0.002024
8.400000	-0.002299
8.433333	-0.002613
8.466667	-0.002939
8.500000	-0.003334
8.533333	-0.003756
8.566667	-0.004227
8.600000	-0.004746
8.633333	-0.005306
8.666667	-0.005888
8.700000	-0.006516
8.733333	-0.007167
8.766667	-0.007837
8.800000	-0.008520
8.833333	-0.009212
8.866667	-0.009905
8.900000	-0.010593
8.933333	-0.011276
8.966667	-0.011944
9.000000	-0.012577
9.033333	-0.013202
9.066667	-0.013782
9.100000	-0.014309
9.133333	-0.014768
9.166667	-0.015160
9.200000	-0.015489
9.233333	-0.015768
9.266667	-0.016001
9.300000	-0.016169
9.333333	-0.016262
9.366667	-0.016319
9.400000	-0.016358
9.433333	-0.016339
9.466667	-0.016289
9.500000	-0.016238
9.533333	-0.016135
9.566667	-0.016023
9.600000	-0.015899
9.633333	-0.015747
9.666667	-0.015587
9.700000	-0.015425
9.733333	-0.015239
9.766667	-0.015056
9.800000	-0.014865
9.833333	-0.014670
9.866667	-0.014470
9.900000	-0.014265
9.933333	-0.014052
9.966667	-0.013824
10.000000	-0.013581
10.033333	-0.013338
10.066667	-0.013061
10.100000	-0.012775
10.133333	-0.012470
10.166667	-0.012153
10.200000	-0.011827
10.233333	-0.011492
10.266667	-0.011150
10.300000	-0.010798
10.333333	-0.010438
10.366667	-0.010079
10.400000	-0.009722
10.433333	-0.009345
10.466667	-0.008979
10.500000	-0.008600
10.533333	-0.008221
10.566667	-0.007843
10.600000	-0.007467
10.633333	-0.007084
10.666667	-0.006714
10.700000	-0.006343
10.733333	-0.005977
10.766667	-0.005622
10.800000	-0.005270
10.833333	-0.004929
10.866667	-0.004596
10.900000	-0.004274
10.933333	-0.003960
10.966667	-0.003657
11.000000	-0.003363
11.033333	-0.003078
11.066667	-0.002804
11.100000	-0.002540
11.133333	-0.002287
11.166667	-0.002046
11.200000	-0.001817
11.233333	-0.001602
11.266667	-0.001402
11.300000	-0.001218
11.333333	-0.001050
11.366667	-0.000897
11.400000	-0.000760
11.433333	-0.000638
11.466667	-0.000531
11.500000	-0.000438
11.533333	-0.000357
11.566667	-0.000286
11.600000	-0.000227
11.633333	-0.000177
11.666667	-0.000137
11.700000	-0.000106
11.733333	-0.000083
11.766667	-0.000068
11.800000	-0.000060
11.833333	-0.000059
11.866667	-0.000064
11.900000	-0.000075
11.933333	-0.000090
11.966667	-0.000110
