-88.000000	0.000001
-87.966667	0.000001
-87.933333	0.000001
-87.900000	0.000000
-87.866667	-0.000000
-87.833333	-0.000001
-87.800000	-0.000001
-87.766667	-0.000002
-87.733333	-0.000002
-87.700000	-0.000002
-87.666667	-0.000002
-87.633333	-0.000002
-87.600000	-0.000002
-87.566667	-0.000001
-87.533333	-0.000000
-87.500000	0.000001
-87.466667	0.000003
-87.433333	0.000006
-87.400000	0.000010
-87.366667	0.000014
-87.333333	0.000018
-87.300000	0.000024
-87.266667	0.000030
-87.233333	0.000036
-87.200000	0.000042
-87.166667	0.000049
-87.133333	0.000056
-87.100000	0.000063
-87.066667	0.000069
-87.033333	0.000075
-87.000000	0.000081
-86.966667	0.000086
-86.933333	0.000089
-86.900000	0.000092
-86.866667	0.000094
-86.833333	0.000095
-86.800000	0.000094
-86.766667	0.000090
-86.733333	0.000083
-86.700000	0.000073
-86.666667	0.000062
-86.633333	0.000049
-86.600000	0.000031
-86.566667	0.000016
-86.533333	-0.000006
-86.500000	-0.000030
-86.466667	-0.000048
-86.433333	-0.000059
-86.400000	-0.000071
-86.366667	-0.000100
-86.333333	-0.000120
-86.300000	-0.000138
-86.266667	-0.000166
-86.233333	-0.000192
-86.200000	-0.000213
-86.166667	-0.000231
-86.133333	-0.000264
-86.100000	-0.000277
-86.066667	-0.000301
-86.033333	-0.000324
-86.000000	-0.000347
-85.966667	-0.000371
-85.933333	-0.000396
-85.900000	-0.000423
-85.866667	-0.000451
-85.833333	-0.000482
-85.800000	-0.000515
-85.766667	-0.000550
-85.733333	-0.000585
-85.700000	-0.000623
-85.666667	-0.000659
-85.633333	-0.000699
-85.600000	-0.000740
-85.566667	-0.000779
-85.533333	-0.000824
-85.500000	-0.000863
-85.466667	-0.000896
-85.433333	-0.000931
-85.400000	-0.000970
-85.366667	-0.001012
-85.333333	-0.001041
-85.300000	-0.001082
-85.266667	-0.001125
-85.233333	-0.001156
-85.200000	-0.001177
-85.166667	-0.001196
-85.133333	-0.001223
-85.100000	-0.001235
-85.066667	-0.001258
-85.033333	-0.001269
-85.000000	-0.001291
-84.966667	-0.001309
-84.933333	-0.001303
-84.900000	-0.001319
-84.866667	-0.001329
-84.833333	-0.001325
-84.800000	-0.001328
-84.766667	-0.001332
-84.733333	-0.001340
-84.700000	-0.001354
-84.666667	-0.001355
-84.633333	-0.001350
-84.600000	-0.001353
-84.566667	-0.001363
-84.533333	-0.001370
-84.500000	-0.001372
-84.466667	-0.001374
-84.433333	-0.001376
-84.400000	-0.001374
-84.366667	-0.001380
-84.333333	-0.001387
-84.300000	-0.001392
-84.266667	-0.001389
-84.233333	-0.001381
-84.200000	-0.001368
-84.166667	-0.001356
-84.133333	-0.001352
-84.100000	-0.001345
-84.066667	-0.001331
-84.033333	-0.001327
-84.000000	-0.001327
-83.966667	-0.001310
-83.933333	-0.001288
-83.900000	-0.001289
-83.866667	-0.001278
-83.833333	-0.001273
-83.800000	-0.001264
-83.766667	-0.001242
-83.733333	-0.001223
-83.700000	-0.001201
-83.666667	-0.001163
-83.633333	-0.001155
-83.600000	-0.001153
-83.566667	-0.001151
-83.533333	-0.001141
-83.500000	-0.001130
-83.466667	-0.001119
-83.433333	-0.001104
-83.400000	-0.001085
-83.366667	-0.001074
-83.333333	-0.001066
-83.300000	-0.001044
-83.266667	-0.001027
-83.233333	-0.001005
-83.200000	-0.000977
-83.166667	-0.000947
-83.133333	-0.000922
-83.100000	-0.000899
-83.066667	-0.000873
-83.033333	-0.000844
-83.000000	-0.000813
-82.966667	-0.000776
-82.933333	-0.000722
-82.900000	-0.000685
-82.866667	-0.000646
-82.833333	-0.000590
-82.800000	-0.000514
-82.766667	-0.000451
-82.733333	-0.000400
-82.700000	-0.000338
-82.666667	-0.000283
-82.633333	-0.000247
-82.600000	-0.000189
-82.566667	-0.000133
-82.533333	-0.000080
-82.500000	-0.000015
-82.466667	0.000040
-82.433333	0.000105
-82.400000	0.000157
-82.366667	0.000201
-82.333333	0.000244
-82.300000	0.000287
-82.266667	0.000335
-82.233333	0.000398
-82.200000	0.000452
-82.166667	0.000489
-82.133333	0.000512
-82.100000	0.000556
-82.066667	0.000590
-82.033333	0.000620
-82.000000	0.000650
-81.966667	0.000682
-81.933333	0.000698
-81.900000	0.000710
-81.866667	0.000725
-81.833333	0.000743
-81.800000	0.000755
-81.766667	0.000761
-81.733333	0.000762
-81.700000	0.000762
-81.666667	0.000750
-81.633333	0.000745
-81.600000	0.000741
-81.566667	0.000730
-81.533333	0.000717
-81.500000	0.000711
-81.466667	0.000691
-81.433333	0.000681
-81.400000	0.000655
-81.366667	0.000633
-81.333333	0.000611
-81.300000	0.000588
-81.266667	0.000579
-81.233333	0.000552
-81.200000	0.000515
-81.166667	0.000480
-81.133333	0.000455
-81.100000	0.000426
-81.066667	0.000385
-81.033333	0.000345
-81.000000	0.000307
-80.966667	0.000262
-80.933333	0.000211
-80.900000	0.000172
-80.866667	0.000113
-80.833333	0.000056
-80.800000	-0.000002
-80.766667	-0.000056
-80.733333	-0.000120
-80.700000	-0.000186
-80.666667	-0.000251
-80.633333	-0.000316
-80.600000	-0.000373
-80.566667	-0.000424
-80.533333	-0.000486
-80.500000	-0.000530
-80.466667	-0.000585
-80.433333	-0.000632
-80.400000	-0.000669
-80.366667	-0.000699
-80.333333	-0.000741
-80.300000	-0.000795
-80.266667	-0.000843
-80.233333	-0.000884
-80.200000	-0.000904
-80.166667	-0.000929
-80.133333	-0.000948
-80.100000	-0.000978
-80.066667	-0.000972
-80.033333	-0.001003
-80.000000	-0.001015
-79.966667	-0.001034
-79.933333	-0.001055
-79.900000	-0.001075
-79.866667	-0.001093
-79.833333	-0.001110
-79.800000	-0.001122
-79.766667	-0.001139
-79.733333	-0.001163
-79.700000	-0.001183
-79.666667	-0.001198
-79.633333	-0.001208
-79.600000	-0.001214
-79.566667	-0.001228
-79.533333	-0.001248
-79.500000	-0.001253
-79.466667	-0.001275
-79.433333	-0.001285
-79.400000	-0.001298
-79.366667	-0.001322
-79.333333	-0.001356
-79.300000	-0.001388
-79.266667	-0.001407
-79.233333	-0.001423
-79.200000	-0.001426
-79.166667	-0.001452
-79.133333	-0.001466
-79.100000	-0.001490
-79.066667	-0.001507
-79.033333	-0.001547
-79.000000	-0.001560
-78.966667	-0.001582
-78.933333	-0.001601
-78.900000	-0.001620
-78.866667	-0.001636
-78.833333	-0.001658
-78.800000	-0.001667
-78.766667	-0.001683
-78.733333	-0.001693
-78.700000	-0.001701
-78.666667	-0.001709
-78.633333	-0.001717
-78.600000	-0.001719
-78.566667	-0.001718
-78.533333	-0.001717
-78.500000	-0.001718
-78.466667	-0.001724
-78.433333	-0.001732
-78.400000	-0.001729
-78.366667	-0.001718
-78.333333	-0.001713
-78.300000	-0.001719
-78.266667	-0.001722
-78.233333	-0.001718
-78.200000	-0.001714
-78.166667	-0.001718
-78.133333	-0.001721
-78.100000	-0.001720
-78.066667	-0.001711
-78.033333	-0.001725
-78.000000	-0.001692
-77.966667	-0.001708
-77.933333	-0.001684
-77.900000	-0.001678
-77.866667	-0.001662
-77.833333	-0.001646
-77.800000	-0.001606
-77.766667	-0.001587
-77.733333	-0.001549
-77.700000	-0.001514
-77.666667	-0.001472
-77.633333	-0.001422
-77.600000	-0.001372
-77.566667	-0.001322
-77.533333	-0.001259
-77.500000	-0.001213
-77.466667	-0.001152
-77.433333	-0.001088
-77.400000	-0.001027
-77.366667	-0.000974
-77.333333	-0.000914
-77.300000	-0.000885
-77.266667	-0.000837
-77.233333	-0.000798
-77.200000	-0.000775
-77.166667	-0.000749
-77.133333	-0.000731
-77.100000	-0.000706
-77.066667	-0.000691
-77.033333	-0.000690
-77.000000	-0.000665
-76.966667	-0.000693
-76.933333	-0.000676
-76.900000	-0.000697
-76.866667	-0.000698
-76.833333	-0.000698
-76.800000	-0.000690
-76.766667	-0.000696
-76.733333	-0.000683
-76.700000	-0.000670
-76.666667	-0.000649
-76.633333	-0.000625
-76.600000	-0.000600
-76.566667	-0.000564
-76.533333	-0.000521
-76.500000	-0.000489
-76.466667	-0.000433
-76.433333	-0.000393
-76.400000	-0.000350
-76.366667	-0.000301
-76.333333	-0.000247
-76.300000	-0.000218
-76.266667	-0.000163
-76.233333	-0.000125
-76.200000	-0.000088
-76.166667	-0.000044
-76.133333	-0.000013
-76.100000	0.000015
-76.066667	0.000031
-76.033333	0.000038
-76.000000	0.000044
-75.966667	0.000038
-75.933333	0.000035
-75.900000	0.000030
-75.866667	0.000025
-75.833333	0.000021
-75.800000	0.000019
-75.766667	0.000013
-75.733333	0.000001
-75.700000	-0.000013
-75.666667	-0.000032
-75.633333	-0.000049
-75.600000	-0.000061
-75.566667	-0.000066
-75.533333	-0.000069
-75.500000	-0.000070
-75.466667	-0.000077
-75.433333	-0.000092
-75.400000	-0.000099
-75.366667	-0.000100
-75.333333	-0.000087
-75.300000	-0.000096
-75.266667	-0.000093
-75.233333	-0.000095
-75.200000	-0.000095
-75.166667	-0.000095
-75.133333	-0.000088
-75.100000	-0.000081
-75.066667	-0.000087
-75.033333	-0.000082
-75.000000	-0.000073
-74.966667	-0.000058
-74.933333	-0.000035
-74.900000	-0.000014
-74.866667	0.000009
-74.833333	0.000033
-74.800000	0.000057
-74.766667	0.000077
-74.733333	0.000093
-74.700000	0.000119
-74.666667	0.000153
-74.633333	0.000185
-74.600000	0.000224
-74.566667	0.000261
-74.533333	0.000294
-74.500000	0.000323
-74.466667	0.000353
-74.433333	0.000385
-74.400000	0.000421
-74.366667	0.000458
-74.333333	0.000494
-74.300000	0.000513
-74.266667	0.000541
-74.233333	0.000578
-74.200000	0.000599
-74.166667	0.000635
-74.133333	0.000664
-74.100000	0.000681
-74.066667	0.000695
-74.033333	0.000723
-74.000000	0.000745
-73.966667	0.000766
-73.933333	0.000777
-73.900000	0.000785
-73.866667	0.000792
-73.833333	0.000797
-73.800000	0.000801
-73.766667	0.000804
-73.733333	0.000807
-73.700000	0.000804
-73.666667	0.000798
-73.633333	0.000780
-73.600000	0.000775
-73.566667	0.000770
-73.533333	0.000760
-73.500000	0.000744
-73.466667	0.000730
-73.433333	0.000717
-73.400000	0.000702
-73.366667	0.000688
-73.333333	0.000676
-73.300000	0.000660
-73.266667	0.000642
-73.233333	0.000639
-73.200000	0.000615
-73.166667	0.000611
-73.133333	0.000596
-73.100000	0.000584
-73.066667	0.000579
-73.033333	0.000573
-73.000000	0.000570
-72.966667	0.000568
-72.933333	0.000571
-72.900000	0.000579
-72.866667	0.000592
-72.833333	0.000609
-72.800000	0.000634
-72.766667	0.000664
-72.733333	0.000695
-72.700000	0.000733
-72.666667	0.000789
-72.633333	0.000859
-72.600000	0.000937
-72.566667	0.001034
-72.533333	0.001143
-72.500000	0.001260
-72.466667	0.001405
-72.433333	0.001566
-72.400000	0.001740
-72.366667	0.001929
-72.333333	0.002131
-72.300000	0.002342
-72.266667	0.002559
-72.233333	0.002787
-72.200000	0.003003
-72.166667	0.003229
-72.133333	0.003437
-72.100000	0.003630
-72.066667	0.003803
-72.033333	0.003946
-72.000000	0.004042
-71.966667	0.004107
-71.933333	0.004100
-71.900000	0.004051
-71.866667	0.003945
-71.833333	0.003788
-71.800000	0.003582
-71.766667	0.003316
-71.733333	0.002990
-71.700000	0.002612
-71.666667	0.002192
-71.633333	0.001734
-71.600000	0.001237
-71.566667	0.000719
-71.533333	0.000173
-71.500000	-0.000392
-71.466667	-0.000953
-71.433333	-0.001518
-71.400000	-0.002074
-71.366667	-0.002614
-71.333333	-0.003134
-71.300000	-0.003629
-71.266667	-0.004095
-71.233333	-0.004528
-71.200000	-0.004935
-71.166667	-0.005292
-71.133333	-0.005620
-71.100000	-0.005909
-71.066667	-0.006143
-71.033333	-0.006333
-71.000000	-0.006480
-70.966667	-0.006537
-70.933333	-0.006550
-70.900000	-0.006463
-70.866667	-0.006310
-70.833333	-0.006079
-70.800000	-0.005785
-70.766667	-0.005435
-70.733333	-0.005019
-70.700000	-0.004532
-70.666667	-0.003971
-70.633333	-0.003363
-70.600000	-0.002713
-70.566667	-0.002027
-70.533333	-0.001307
-70.500000	-0.000568
-70.466667	0.000175
-70.433333	0.000912
-70.400000	0.001637
-70.366667	0.002330
-70.333333	0.002976
-70.300000	0.003565
-70.266667	0.004095
-70.233333	0.004562
-70.200000	0.004965
-70.166667	0.005306
-70.133333	0.005585
-70.100000	0.005801
-70.066667	0.005976
-70.033333	0.006096
-70.000000	0.006168
-69.966667	0.006230
-69.933333	0.006242
-69.900000	0.006238
-69.866667	0.006212
-69.833333	0.006178
-69.800000	0.006154
-69.766667	0.006131
-69.733333	0.006117
-69.700000	0.006113
-69.666667	0.006125
-69.633333	0.006151
-69.600000	0.006187
-69.566667	0.006223
-69.533333	0.006254
-69.500000	0.006292
-69.466667	0.006308
-69.433333	0.006332
-69.400000	0.006348
-69.366667	0.006356
-69.333333	0.006354
-69.300000	0.006343
-69.266667	0.006326
-69.233333	0.006299
-69.200000	0.006264
-69.166667	0.006221
-69.133333	0.006166
-69.100000	0.006107
-69.066667	0.006044
-69.033333	0.005970
-69.000000	0.005872
-68.966667	0.005800
-68.933333	0.005721
-68.900000	0.005658
-68.866667	0.005587
-68.833333	0.005520
-68.800000	0.005460
-68.766667	0.005385
-68.733333	0.005314
-68.700000	0.005243
-68.666667	0.005163
-68.633333	0.005080
-68.600000	0.004982
-68.566667	0.004877
-68.533333	0.004764
-68.500000	0.004654
-68.466667	0.004537
-68.433333	0.004430
-68.400000	0.004326
-68.366667	0.004232
-68.333333	0.004137
-68.300000	0.004046
-68.266667	0.003966
-68.233333	0.003898
-68.200000	0.003846
-68.166667	0.003807
-68.133333	0.003785
-68.100000	0.003785
-68.066667	0.003801
-68.033333	0.003831
-68.000000	0.003873
-67.966667	0.003952
-67.933333	0.004042
-67.900000	0.004151
-67.866667	0.004264
-67.833333	0.004399
-67.800000	0.004550
-67.766667	0.004724
-67.733333	0.004911
-67.700000	0.005109
-67.666667	0.005327
-67.633333	0.005570
-67.600000	0.005807
-67.566667	0.006052
-67.533333	0.006328
-67.500000	0.006578
-67.466667	0.006846
-67.433333	0.007099
-67.400000	0.007350
-67.366667	0.007588
-67.333333	0.007795
-67.300000	0.007968
-67.266667	0.008099
-67.233333	0.008174
-67.200000	0.008180
-67.166667	0.008117
-67.133333	0.007987
-67.100000	0.007764
-67.066667	0.007466
-67.033333	0.007088
-67.000000	0.006627
-66.966667	0.006093
-66.933333	0.005497
-66.900000	0.004836
-66.866667	0.004108
-66.833333	0.003341
-66.800000	0.002556
-66.766667	0.001771
-66.733333	0.000990
-66.700000	0.000242
-66.666667	-0.000457
-66.633333	-0.001096
-66.600000	-0.001658
-66.566667	-0.002114
-66.533333	-0.002461
-66.500000	-0.002738
-66.466667	-0.002888
-66.433333	-0.002957
-66.400000	-0.002929
-66.366667	-0.002815
-66.333333	-0.002635
-66.300000	-0.002395
-66.266667	-0.002119
-66.233333	-0.001816
-66.200000	-0.001502
-66.166667	-0.001193
-66.133333	-0.000933
-66.100000	-0.000707
-66.066667	-0.000536
-66.033333	-0.000435
-66.000000	-0.000415
-65.966667	-0.000469
-65.933333	-0.000590
-65.900000	-0.000776
-65.866667	-0.001021
-65.833333	-0.001303
-65.800000	-0.001607
-65.766667	-0.001925
-65.733333	-0.002244
-65.700000	-0.002532
-65.666667	-0.002787
-65.633333	-0.002985
-65.600000	-0.003101
-65.566667	-0.003132
-65.533333	-0.003068
-65.500000	-0.002869
-65.466667	-0.002529
-65.433333	-0.002031
-65.400000	-0.001370
-65.366667	-0.000493
-65.333333	0.000581
-65.300000	0.001877
-65.266667	0.003410
-65.233333	0.005204
-65.200000	0.007278
-65.166667	0.009653
-65.133333	0.012368
-65.100000	0.015475
-65.066667	0.018975
-65.033333	0.022928
-65.000000	0.027362
-64.966667	0.032321
-64.933333	0.037848
-64.900000	0.043977
-64.866667	0.050743
-64.833333	0.058190
-64.800000	0.066352
-64.766667	0.075256
-64.733333	0.084923
-64.700000	0.095384
-64.666667	0.106638
-64.633333	0.118700
-64.600000	0.131548
-64.566667	0.145100
-64.533333	0.159238
-64.500000	0.173811
-64.466667	0.188581
-64.433333	0.203243
-64.400000	0.217390
-64.366667	0.230564
-64.333333	0.242175
-64.300000	0.251617
-64.266667	0.258180
-64.233333	0.261103
-64.200000	0.259584
-64.166667	0.252845
-64.133333	0.240102
-64.100000	0.220635
-64.066667	0.193813
-64.033333	0.159178
-64.000000	0.116506
-63.966667	0.065761
-63.933333	0.007143
-63.900000	-0.058867
-63.866667	-0.131502
-63.833333	-0.209700
-63.800000	-0.292122
-63.766667	-0.377244
-63.733333	-0.463387
-63.700000	-0.548696
-63.666667	-0.631208
-63.633333	-0.708968
-63.600000	-0.780116
-63.566667	-0.842875
-63.533333	-0.895622
-63.500000	-0.936968
-63.466667	-0.965831
-63.433333	-0.981490
-63.400000	-0.983486
-63.366667	-0.971736
-63.333333	-0.946514
-63.300000	-0.908453
-63.266667	-0.858506
-63.233333	-0.797885
-63.200000	-0.728029
-63.166667	-0.650547
-63.133333	-0.567224
-63.100000	-0.479824
-63.066667	-0.390140
-63.033333	-0.299803
-63.000000	-0.210365
-62.966667	-0.123327
-62.933333	-0.039963
-62.900000	0.038735
-62.866667	0.111883
-62.833333	0.178883
-62.800000	0.239277
-62.766667	0.292773
-62.733333	0.339267
-62.700000	0.378854
-62.666667	0.411732
-62.633333	0.438151
-62.600000	0.458469
-62.566667	0.473152
-62.533333	0.482688
-62.500000	0.487544
-62.466667	0.488183
-62.433333	0.485122
-62.400000	0.478936
-62.366667	0.470079
-62.333333	0.458999
-62.300000	0.446133
-62.266667	0.431905
-62.233333	0.416673
-62.200000	0.400758
-62.166667	0.384434
-62.133333	0.367964
-62.100000	0.351597
-62.066667	0.335505
-62.033333	0.319822
-62.000000	0.304652
-61.966667	0.290014
-61.933333	0.275962
-61.900000	0.262517
-61.866667	0.249616
-61.833333	0.237260
-61.800000	0.225357
-61.766667	0.213894
-61.733333	0.202823
-61.700000	0.192085
-61.666667	0.181653
-61.633333	0.171490
-61.600000	0.161609
-61.566667	0.152013
-61.533333	0.142722
-61.500000	0.133735
-61.466667	0.125077
-61.433333	0.116816
-61.400000	0.108998
-61.366667	0.101617
-61.333333	0.094698
-61.300000	0.088263
-61.266667	0.082285
-61.233333	0.076742
-61.200000	0.071603
-61.166667	0.066836
-61.133333	0.062391
-61.100000	0.058193
-61.066667	0.054155
-61.033333	0.050181
-61.000000	0.046224
-60.966667	0.042164
-60.933333	0.037923
-60.900000	0.033436
-60.866667	0.028635
-60.833333	0.023484
-60.800000	0.017979
-60.766667	0.012166
-60.733333	0.006065
-60.700000	-0.000265
-60.666667	-0.006743
-60.633333	-0.013248
-60.600000	-0.019666
-60.566667	-0.025872
-60.533333	-0.031745
-60.500000	-0.037159
-60.466667	-0.041981
-60.433333	-0.046127
-60.400000	-0.049504
-60.366667	-0.052056
-60.333333	-0.053747
-60.300000	-0.054583
-60.266667	-0.054584
-60.233333	-0.053752
-60.200000	-0.052197
-60.166667	-0.049988
-60.133333	-0.047232
-60.100000	-0.044049
-60.066667	-0.040570
-60.033333	-0.036924
-60.000000	-0.033240
-59.966667	-0.029647
-59.933333	-0.026257
-59.900000	-0.023161
-59.866667	-0.020439
-59.833333	-0.018126
-59.800000	-0.016252
-59.766667	-0.014826
-59.733333	-0.013848
-59.700000	-0.013293
-59.666667	-0.013131
-59.633333	-0.013298
-59.600000	-0.013779
-59.566667	-0.014522
-59.533333	-0.015498
-59.500000	-0.016664
-59.466667	-0.017983
-59.433333	-0.019454
-59.400000	-0.021047
-59.366667	-0.022752
-59.333333	-0.024542
-59.300000	-0.026402
-59.266667	-0.028312
-59.233333	-0.030250
-59.200000	-0.032219
-59.166667	-0.034180
-59.133333	-0.036118
-59.100000	-0.038002
-59.066667	-0.039813
-59.033333	-0.041526
-59.000000	-0.043128
-58.966667	-0.044555
-58.933333	-0.045809
-58.900000	-0.046833
-58.866667	-0.047578
-58.833333	-0.048011
-58.800000	-0.048111
-58.766667	-0.047860
-58.733333	-0.047241
-58.700000	-0.046248
-58.666667	-0.044893
-58.633333	-0.043201
-58.600000	-0.041200
-58.566667	-0.038928
-58.533333	-0.036430
-58.500000	-0.033745
-58.466667	-0.030927
-58.433333	-0.028028
-58.400000	-0.025091
-58.366667	-0.022156
-58.333333	-0.019264
-58.300000	-0.016459
-58.266667	-0.013780
-58.233333	-0.011254
-58.200000	-0.008919
-58.166667	-0.006807
-58.133333	-0.004954
-58.100000	-0.003386
-58.066667	-0.002146
-58.033333	-0.001249
-58.000000	-0.000692
-57.966667	-0.000448
-57.933333	-0.000537
-57.900000	-0.000902
-57.866667	-0.001521
-57.833333	-0.002370
-57.800000	-0.003408
-57.766667	-0.004599
-57.733333	-0.005894
-57.700000	-0.007261
-57.666667	-0.008655
-57.633333	-0.010031
-57.600000	-0.011354
-57.566667	-0.012599
-57.533333	-0.013745
-57.500000	-0.014776
-57.466667	-0.015680
-57.433333	-0.016442
-57.400000	-0.017054
-57.366667	-0.017516
-57.333333	-0.017827
-57.300000	-0.017990
-57.266667	-0.018008
-57.233333	-0.017872
-57.200000	-0.017624
-57.166667	-0.017274
-57.133333	-0.016843
-57.100000	-0.016347
-57.066667	-0.015805
-57.033333	-0.015218
-57.000000	-0.014574
-56.966667	-0.013930
-56.933333	-0.013252
-56.900000	-0.012557
-56.866667	-0.011843
-56.833333	-0.011106
-56.800000	-0.010344
-56.766667	-0.009584
-56.733333	-0.008796
-56.700000	-0.007992
-56.666667	-0.007172
-56.633333	-0.006350
-56.600000	-0.005545
-56.566667	-0.004776
-56.533333	-0.004059
-56.500000	-0.003416
-56.466667	-0.002875
-56.433333	-0.002435
-56.400000	-0.002120
-56.366667	-0.001929
-56.333333	-0.001859
-56.300000	-0.001916
-56.266667	-0.002114
-56.233333	-0.002440
-56.200000	-0.002942
-56.166667	-0.003594
-56.133333	-0.004383
-56.100000	-0.005293
-56.066667	-0.006345
-56.033333	-0.007507
-56.000000	-0.008773
-55.966667	-0.010140
-55.933333	-0.011531
-55.900000	-0.012959
-55.866667	-0.014404
-55.833333	-0.015850
-55.800000	-0.017281
-55.766667	-0.018692
-55.733333	-0.020056
-55.700000	-0.021376
-55.666667	-0.022642
-55.633333	-0.023845
-55.600000	-0.024972
-55.566667	-0.026008
-55.533333	-0.026940
-55.500000	-0.027764
-55.466667	-0.028466
-55.433333	-0.029025
-55.400000	-0.029439
-55.366667	-0.029674
-55.333333	-0.029758
-55.300000	-0.029696
-55.266667	-0.029493
-55.233333	-0.029150
-55.200000	-0.028695
-55.166667	-0.028065
-55.133333	-0.027290
-55.100000	-0.026379
-55.066667	-0.025373
-55.033333	-0.024256
-55.000000	-0.023035
-54.966667	-0.021668
-54.933333	-0.020189
-54.900000	-0.018624
-54.866667	-0.016965
-54.833333	-0.015219
-54.800000	-0.013391
-54.766667	-0.011489
-54.733333	-0.009518
-54.700000	-0.007490
-54.666667	-0.005436
-54.633333	-0.003376
-54.600000	-0.001327
-54.566667	0.000670
-54.533333	0.002573
-54.500000	0.004357
-54.466667	0.005970
-54.433333	0.007381
-54.400000	0.008559
-54.366667	0.009472
-54.333333	0.010072
-54.300000	0.010365
-54.266667	0.010346
-54.233333	0.010017
-54.200000	0.009403
-54.166667	0.008534
-54.133333	0.007385
-54.100000	0.006004
-54.066667	0.004420
-54.033333	0.002691
-54.000000	0.000870
-53.966667	-0.000986
-53.933333	-0.002866
-53.900000	-0.004695
-53.866667	-0.006414
-53.833333	-0.007998
-53.800000	-0.009412
-53.766667	-0.010602
-53.733333	-0.011577
-53.700000	-0.012316
-53.666667	-0.012839
-53.633333	-0.013136
-53.600000	-0.013212
-53.566667	-0.013121
-53.533333	-0.012860
-53.500000	-0.012458
-53.466667	-0.011951
-53.433333	-0.011327
-53.400000	-0.010618
-53.366667	-0.009832
-53.333333	-0.008983
-53.300000	-0.008077
-53.266667	-0.007120
-53.233333	-0.006116
-53.200000	-0.005074
-53.166667	-0.004001
-53.133333	-0.002928
-53.100000	-0.001818
-53.066667	-0.000669
-53.033333	0.000477
-53.000000	0.001652
-52.966667	0.002841
-52.933333	0.004036
-52.900000	0.005228
-52.866667	0.006405
-52.833333	0.007537
-52.800000	0.008618
-52.766667	0.009639
-52.733333	0.010553
-52.700000	0.011366
-52.666667	0.012034
-52.633333	0.012556
-52.600000	0.012914
-52.566667	0.013084
-52.533333	0.013085
-52.500000	0.012901
-52.466667	0.012516
-52.433333	0.011949
-52.400000	0.011210
-52.366667	0.010290
-52.333333	0.009208
-52.300000	0.007991
-52.266667	0.006651
-52.233333	0.005218
-52.200000	0.003719
-52.166667	0.002188
-52.133333	0.000654
-52.100000	-0.000810
-52.066667	-0.002191
-52.033333	-0.003460
-52.000000	-0.004546
-51.966667	-0.005456
-51.933333	-0.006152
-51.900000	-0.006618
-51.866667	-0.006851
-51.833333	-0.006866
-51.800000	-0.006674
-51.766667	-0.006287
-51.733333	-0.005747
-51.700000	-0.005079
-51.666667	-0.004318
-51.633333	-0.003497
-51.600000	-0.002649
-51.566667	-0.001815
-51.533333	-0.001018
-51.500000	-0.000293
-51.466667	0.000322
-51.433333	0.000835
-51.400000	0.001234
-51.366667	0.001492
-51.333333	0.001646
-51.300000	0.001705
-51.266667	0.001688
-51.233333	0.001629
-51.200000	0.001548
-51.166667	0.001474
-51.133333	0.001437
-51.100000	0.001458
-51.066667	0.001554
-51.033333	0.001730
-51.000000	0.001981
-50.966667	0.002305
-50.933333	0.002696
-50.900000	0.003126
-50.866667	0.003553
-50.833333	0.003976
-50.800000	0.004341
-50.766667	0.004646
-50.733333	0.004851
-50.700000	0.004953
-50.666667	0.004927
-50.633333	0.004766
-50.600000	0.004466
-50.566667	0.004026
-50.533333	0.003458
-50.500000	0.002765
-50.466667	0.001964
-50.433333	0.001080
-50.400000	0.000144
-50.366667	-0.000812
-50.333333	-0.001752
-50.300000	-0.002644
-50.266667	-0.003458
-50.233333	-0.004173
-50.200000	-0.004770
-50.166667	-0.005231
-50.133333	-0.005547
-50.100000	-0.005717
-50.066667	-0.005744
-50.033333	-0.005646
-50.000000	-0.005446
-49.966667	-0.005170
-49.933333	-0.004862
-49.900000	-0.004548
-49.866667	-0.004265
-49.833333	-0.004011
-49.800000	-0.003833
-49.766667	-0.003713
-49.733333	-0.003661
-49.700000	-0.003670
-49.666667	-0.003717
-49.633333	-0.003786
-49.600000	-0.003872
-49.566667	-0.003958
-49.533333	-0.004026
-49.500000	-0.004054
-49.466667	-0.004013
-49.433333	-0.003880
-49.400000	-0.003638
-49.366667	-0.003275
-49.333333	-0.002785
-49.300000	-0.002170
-49.266667	-0.001439
-49.233333	-0.000599
-49.200000	0.000351
-49.166667	0.001341
-49.133333	0.002364
-49.100000	0.003377
-49.066667	0.004336
-49.033333	0.005167
-49.000000	0.005824
-48.966667	0.006270
-48.933333	0.006463
-48.900000	0.006397
-48.866667	0.006047
-48.833333	0.005427
-48.800000	0.004552
-48.766667	0.003401
-48.733333	0.002030
-48.700000	0.000469
-48.666667	-0.001224
-48.633333	-0.003013
-48.600000	-0.004858
-48.566667	-0.006693
-48.533333	-0.008455
-48.500000	-0.010089
-48.466667	-0.011546
-48.433333	-0.012790
-48.400000	-0.013802
-48.366667	-0.014571
-48.333333	-0.015096
-48.300000	-0.015383
-48.266667	-0.015448
-48.233333	-0.015307
-48.200000	-0.015002
-48.166667	-0.014589
-48.133333	-0.014060
-48.100000	-0.013469
-48.066667	-0.012847
-48.033333	-0.012232
-48.000000	-0.011628
-47.966667	-0.011055
-47.933333	-0.010529
-47.900000	-0.010045
-47.866667	-0.009598
-47.833333	-0.009185
-47.800000	-0.008813
-47.766667	-0.008483
-47.733333	-0.008120
-47.700000	-0.007713
-47.666667	-0.007223
-47.633333	-0.006639
-47.600000	-0.005944
-47.566667	-0.005125
-47.533333	-0.004189
-47.500000	-0.003160
-47.466667	-0.002065
-47.433333	-0.000915
-47.400000	0.000214
-47.366667	0.001284
-47.333333	0.002235
-47.300000	0.003028
-47.266667	0.003642
-47.233333	0.003979
-47.200000	0.004047
-47.166667	0.003838
-47.133333	0.003334
-47.100000	0.002544
-47.066667	0.001481
-47.033333	0.000158
-47.000000	-0.001382
-46.966667	-0.003093
-46.933333	-0.004908
-46.900000	-0.006729
-46.866667	-0.008543
-46.833333	-0.010286
-46.800000	-0.011901
-46.766667	-0.013331
-46.733333	-0.014544
-46.700000	-0.015513
-46.666667	-0.016201
-46.633333	-0.016590
-46.600000	-0.016687
-46.566667	-0.016511
-46.533333	-0.016101
-46.500000	-0.015485
-46.466667	-0.014693
-46.433333	-0.013782
-46.400000	-0.012835
-46.366667	-0.011886
-46.333333	-0.010982
-46.300000	-0.010152
-46.266667	-0.009428
-46.233333	-0.008881
-46.200000	-0.008445
-46.166667	-0.008155
-46.133333	-0.008020
-46.100000	-0.008014
-46.066667	-0.008119
-46.033333	-0.008311
-46.000000	-0.008546
-45.966667	-0.008791
-45.933333	-0.009006
-45.900000	-0.009162
-45.866667	-0.009282
-45.833333	-0.009308
-45.800000	-0.009242
-45.766667	-0.009065
-45.733333	-0.008778
-45.700000	-0.008341
-45.666667	-0.007728
-45.633333	-0.007016
-45.600000	-0.006201
-45.566667	-0.005288
-45.533333	-0.004353
-45.500000	-0.003406
-45.466667	-0.002482
-45.433333	-0.001631
-45.400000	-0.000879
-45.366667	-0.000248
-45.333333	0.000255
-45.300000	0.000587
-45.266667	0.000751
-45.233333	0.000743
-45.200000	0.000587
-45.166667	0.000286
-45.133333	-0.000134
-45.100000	-0.000647
-45.066667	-0.001238
-45.033333	-0.001878
-45.000000	-0.002560
-44.966667	-0.003250
-44.933333	-0.003914
-44.900000	-0.004559
-44.866667	-0.005142
-44.833333	-0.005661
-44.800000	-0.006105
-44.766667	-0.006450
-44.733333	-0.006693
-44.700000	-0.006808
-44.666667	-0.006836
-44.633333	-0.006822
-44.600000	-0.006726
-44.566667	-0.006587
-44.533333	-0.006454
-44.500000	-0.006311
-44.466667	-0.006197
-44.433333	-0.006116
-44.400000	-0.006071
-44.366667	-0.006037
-44.333333	-0.006006
-44.300000	-0.005976
-44.266667	-0.005923
-44.233333	-0.005834
-44.200000	-0.005667
-44.166667	-0.005407
-44.133333	-0.005062
-44.100000	-0.004616
-44.066667	-0.004064
-44.033333	-0.003393
-44.000000	-0.002629
-43.966667	-0.001768
-43.933333	-0.000840
-43.900000	0.000131
-43.866667	0.001139
-43.833333	0.002134
-43.800000	0.003096
-43.766667	0.003999
-43.733333	0.004808
-43.700000	0.005484
-43.666667	0.005988
-43.633333	0.006287
-43.600000	0.006369
-43.566667	0.006213
-43.533333	0.005827
-43.500000	0.005183
-43.466667	0.004325
-43.433333	0.003282
-43.400000	0.002087
-43.366667	0.000784
-43.333333	-0.000601
-43.300000	-0.002051
-43.266667	-0.003538
-43.233333	-0.004990
-43.200000	-0.006383
-43.166667	-0.007694
-43.133333	-0.008891
-43.100000	-0.009940
-43.066667	-0.010831
-43.033333	-0.011586
-43.000000	-0.012203
-42.966667	-0.012685
-42.933333	-0.013030
-42.900000	-0.013229
-42.866667	-0.013299
-42.833333	-0.013279
-42.800000	-0.013136
-42.766667	-0.012895
-42.733333	-0.012562
-42.700000	-0.012140
-42.666667	-0.011632
-42.633333	-0.011072
-42.600000	-0.010470
-42.566667	-0.009804
-42.533333	-0.009107
-42.500000	-0.008386
-42.466667	-0.007624
-42.433333	-0.006845
-42.400000	-0.006040
-42.366667	-0.005223
-42.333333	-0.004395
-42.300000	-0.003569
-42.266667	-0.002761
-42.233333	-0.001974
-42.200000	-0.001236
-42.166667	-0.000585
-42.133333	-0.000008
-42.100000	0.000426
-42.066667	0.000718
-42.033333	0.000833
-42.000000	0.000784
-41.966667	0.000563
-41.933333	0.000179
-41.900000	-0.000367
-41.866667	-0.001077
-41.833333	-0.001967
-41.800000	-0.002960
-41.766667	-0.004101
-41.733333	-0.005340
-41.700000	-0.006653
-41.666667	-0.008004
-41.633333	-0.009397
-41.600000	-0.010783
-41.566667	-0.012111
-41.533333	-0.013382
-41.500000	-0.014546
-41.466667	-0.015602
-41.433333	-0.016537
-41.400000	-0.017345
-41.366667	-0.018032
-41.333333	-0.018591
-41.300000	-0.019029
-41.266667	-0.019366
-41.233333	-0.019601
-41.200000	-0.019741
-41.166667	-0.019810
-41.133333	-0.019776
-41.100000	-0.019687
-41.066667	-0.019515
-41.033333	-0.019284
-41.000000	-0.018994
-40.966667	-0.018647
-40.933333	-0.018231
-40.900000	-0.017788
-40.866667	-0.017302
-40.833333	-0.016782
-40.800000	-0.016189
-40.766667	-0.015545
-40.733333	-0.014834
-40.700000	-0.014052
-40.666667	-0.013198
-40.633333	-0.012286
-40.600000	-0.011303
-40.566667	-0.010267
-40.533333	-0.009171
-40.500000	-0.008042
-40.466667	-0.006903
-40.433333	-0.005749
-40.400000	-0.004598
-40.366667	-0.003452
-40.333333	-0.002317
-40.300000	-0.001198
-40.266667	-0.000106
-40.233333	0.000951
-40.200000	0.001972
-40.166667	0.002950
-40.133333	0.003883
-40.100000	0.004758
-40.066667	0.005562
-40.033333	0.006304
-40.000000	0.006977
-39.966667	0.007579
-39.933333	0.008119
-39.900000	0.008570
-39.866667	0.008962
-39.833333	0.009287
-39.800000	0.009567
-39.766667	0.009751
-39.733333	0.009859
-39.700000	0.009899
-39.666667	0.009854
-39.633333	0.009731
-39.600000	0.009537
-39.566667	0.009281
-39.533333	0.008953
-39.500000	0.008551
-39.466667	0.008096
-39.433333	0.007600
-39.400000	0.007058
-39.366667	0.006487
-39.333333	0.005893
-39.300000	0.005285
-39.266667	0.004669
-39.233333	0.004053
-39.200000	0.003458
-39.166667	0.002883
-39.133333	0.002343
-39.100000	0.001851
-39.066667	0.001422
-39.033333	0.001079
-39.000000	0.000814
-38.966667	0.000648
-38.933333	0.000614
-38.900000	0.000653
-38.866667	0.000799
-38.833333	0.001060
-38.800000	0.001424
-38.766667	0.001870
-38.733333	0.002393
-38.700000	0.002970
-38.666667	0.003598
-38.633333	0.004284
-38.600000	0.004989
-38.566667	0.005692
-38.533333	0.006373
-38.500000	0.007046
-38.466667	0.007682
-38.433333	0.008264
-38.400000	0.008793
-38.366667	0.009220
-38.333333	0.009558
-38.300000	0.009786
-38.266667	0.009904
-38.233333	0.009911
-38.200000	0.009799
-38.166667	0.009564
-38.133333	0.009218
-38.100000	0.008769
-38.066667	0.008224
-38.033333	0.007578
-38.000000	0.006858
-37.966667	0.006071
-37.933333	0.005208
-37.900000	0.004258
-37.866667	0.003288
-37.833333	0.002282
-37.800000	0.001254
-37.766667	0.000214
-37.733333	-0.000829
-37.700000	-0.001829
-37.666667	-0.002763
-37.633333	-0.003610
-37.600000	-0.004376
-37.566667	-0.005028
-37.533333	-0.005551
-37.500000	-0.005933
-37.466667	-0.006175
-37.433333	-0.006255
-37.400000	-0.006186
-37.366667	-0.005982
-37.333333	-0.005609
-37.300000	-0.005095
-37.266667	-0.004439
-37.233333	-0.003659
-37.200000	-0.002774
-37.166667	-0.001804
-37.133333	-0.000767
-37.100000	0.000311
-37.066667	0.001408
-37.033333	0.002491
-37.000000	0.003545
-36.966667	0.004544
-36.933333	0.005443
-36.900000	0.006268
-36.866667	0.006977
-36.833333	0.007569
-36.800000	0.008040
-36.766667	0.008390
-36.733333	0.008639
-36.700000	0.008777
-36.666667	0.008825
-36.633333	0.008781
-36.600000	0.008653
-36.566667	0.008459
-36.533333	0.008221
-36.500000	0.007943
-36.466667	0.007688
-36.433333	0.007393
-36.400000	0.007109
-36.366667	0.006803
-36.333333	0.006503
-36.300000	0.006191
-36.266667	0.005859
-36.233333	0.005511
-36.200000	0.005133
-36.166667	0.004721
-36.133333	0.004275
-36.100000	0.003790
-36.066667	0.003269
-36.033333	0.002708
-36.000000	0.002100
-35.966667	0.001461
-35.933333	0.000790
-35.900000	0.000128
-35.866667	-0.000556
-35.833333	-0.001227
-35.800000	-0.001876
-35.766667	-0.002482
-35.733333	-0.003029
-35.700000	-0.003508
-35.666667	-0.003885
-35.633333	-0.004155
-35.600000	-0.004301
-35.566667	-0.004320
-35.533333	-0.004208
-35.500000	-0.003961
-35.466667	-0.003584
-35.433333	-0.003139
-35.400000	-0.002580
-35.366667	-0.001981
-35.333333	-0.001330
-35.300000	-0.000682
-35.266667	-0.000053
-35.233333	0.000537
-35.200000	0.001046
-35.166667	0.001514
-35.133333	0.001901
-35.100000	0.002214
-35.066667	0.002431
-35.033333	0.002577
-35.000000	0.002646
-34.966667	0.002670
-34.933333	0.002667
-34.900000	0.002634
-34.866667	0.002598
-34.833333	0.002573
-34.800000	0.002561
-34.766667	0.002558
-34.733333	0.002608
-34.700000	0.002673
-34.666667	0.002784
-34.633333	0.002930
-34.600000	0.003113
-34.566667	0.003321
-34.533333	0.003537
-34.500000	0.003745
-34.466667	0.003905
-34.433333	0.004002
-34.400000	0.004028
-34.366667	0.003929
-34.333333	0.003710
-34.300000	0.003355
-34.266667	0.002859
-34.233333	0.002225
-34.200000	0.001472
-34.166667	0.000644
-34.133333	-0.000300
-34.100000	-0.001291
-34.066667	-0.002336
-34.033333	-0.003380
-34.000000	-0.004400
-33.966667	-0.005362
-33.933333	-0.006263
-33.900000	-0.007086
-33.866667	-0.007797
-33.833333	-0.008401
-33.800000	-0.008885
-33.766667	-0.009244
-33.733333	-0.009436
-33.700000	-0.009507
-33.666667	-0.009420
-33.633333	-0.009212
-33.600000	-0.008887
-33.566667	-0.008470
-33.533333	-0.007982
-33.500000	-0.007441
-33.466667	-0.006872
-33.433333	-0.006279
-33.400000	-0.005656
-33.366667	-0.005033
-33.333333	-0.004404
-33.300000	-0.003799
-33.266667	-0.003217
-33.233333	-0.002663
-33.200000	-0.002140
-33.166667	-0.001644
-33.133333	-0.001196
-33.100000	-0.000778
-33.066667	-0.000414
-33.033333	-0.000087
-33.000000	0.000188
-32.966667	0.000403
-32.933333	0.000579
-32.900000	0.000668
-32.866667	0.000721
-32.833333	0.000713
-32.800000	0.000645
-32.766667	0.000513
-32.733333	0.000331
-32.700000	0.000079
-32.666667	-0.000235
-32.633333	-0.000608
-32.600000	-0.001037
-32.566667	-0.001499
-32.533333	-0.001994
-32.500000	-0.002509
-32.466667	-0.003024
-32.433333	-0.003518
-32.400000	-0.003987
-32.366667	-0.004420
-32.333333	-0.004828
-32.300000	-0.005185
-32.266667	-0.005474
-32.233333	-0.005679
-32.200000	-0.005788
-32.166667	-0.005784
-32.133333	-0.005671
-32.100000	-0.005437
-32.066667	-0.005081
-32.033333	-0.004585
-32.000000	-0.003970
-31.966667	-0.003222
-31.933333	-0.002353
-31.900000	-0.001408
-31.866667	-0.000344
-31.833333	0.000774
-31.800000	0.001945
-31.766667	0.003141
-31.733333	0.004341
-31.700000	0.005532
-31.666667	0.006689
-31.633333	0.007795
-31.600000	0.008842
-31.566667	0.009834
-31.533333	0.010752
-31.500000	0.011603
-31.466667	0.012378
-31.433333	0.013059
-31.400000	0.013630
-31.366667	0.014096
-31.333333	0.014442
-31.300000	0.014679
-31.266667	0.014799
-31.233333	0.014802
-31.200000	0.014702
-31.166667	0.014496
-31.133333	0.014172
-31.100000	0.013749
-31.066667	0.013240
-31.033333	0.012666
-31.000000	0.012008
-30.966667	0.011298
-30.933333	0.010548
-30.900000	0.009761
-30.866667	0.008938
-30.833333	0.008109
-30.800000	0.007251
-30.766667	0.006371
-30.733333	0.005466
-30.700000	0.004541
-30.666667	0.003601
-30.633333	0.002664
-30.600000	0.001740
-30.566667	0.000844
-30.533333	-0.000012
-30.500000	-0.000820
-30.466667	-0.001581
-30.433333	-0.002293
-30.400000	-0.002946
-30.366667	-0.003526
-30.333333	-0.004056
-30.300000	-0.004538
-30.266667	-0.004962
-30.233333	-0.005317
-30.200000	-0.005611
-30.166667	-0.005853
-30.133333	-0.006034
-30.100000	-0.006141
-30.066667	-0.006177
-30.033333	-0.006143
-30.000000	-0.006040
-29.966667	-0.005864
-29.933333	-0.005627
-29.900000	-0.005339
-29.866667	-0.005003
-29.833333	-0.004640
-29.800000	-0.004278
-29.766667	-0.003919
-29.733333	-0.003583
-29.700000	-0.003268
-29.666667	-0.002959
-29.633333	-0.002660
-29.600000	-0.002384
-29.566667	-0.002131
-29.533333	-0.001898
-29.500000	-0.001691
-29.466667	-0.001521
-29.433333	-0.001374
-29.400000	-0.001275
-29.366667	-0.001222
-29.333333	-0.001243
-29.300000	-0.001314
-29.266667	-0.001439
-29.233333	-0.001629
-29.200000	-0.001892
-29.166667	-0.002222
-29.133333	-0.002617
-29.100000	-0.003088
-29.066667	-0.003630
-29.033333	-0.004239
-29.000000	-0.004929
-28.966667	-0.005702
-28.933333	-0.006550
-28.900000	-0.007466
-28.866667	-0.008448
-28.833333	-0.009501
-28.800000	-0.010598
-28.766667	-0.011738
-28.733333	-0.012903
-28.700000	-0.014065
-28.666667	-0.015204
-28.633333	-0.016317
-28.600000	-0.017388
-28.566667	-0.018393
-28.533333	-0.019316
-28.500000	-0.020151
-28.466667	-0.020885
-28.433333	-0.021499
-28.400000	-0.021998
-28.366667	-0.022353
-28.333333	-0.022572
-28.300000	-0.022648
-28.266667	-0.022591
-28.233333	-0.022405
-28.200000	-0.022090
-28.166667	-0.021652
-28.133333	-0.021099
-28.100000	-0.020440
-28.066667	-0.019680
-28.033333	-0.018837
-28.000000	-0.017947
-27.966667	-0.016990
-27.933333	-0.015995
-27.900000	-0.014979
-27.866667	-0.013959
-27.833333	-0.012934
-27.800000	-0.011926
-27.766667	-0.010939
-27.733333	-0.009982
-27.700000	-0.009064
-27.666667	-0.008187
-27.633333	-0.007356
-27.600000	-0.006572
-27.566667	-0.005837
-27.533333	-0.005155
-27.500000	-0.004532
-27.466667	-0.003962
-27.433333	-0.003448
-27.400000	-0.002987
-27.366667	-0.002580
-27.333333	-0.002219
-27.300000	-0.001897
-27.266667	-0.001593
-27.233333	-0.001329
-27.200000	-0.001057
-27.166667	-0.000780
-27.133333	-0.000486
-27.100000	-0.000164
-27.066667	0.000189
-27.033333	0.000567
-27.000000	0.000975
-26.966667	0.001427
-26.933333	0.001903
-26.900000	0.002415
-26.866667	0.002961
-26.833333	0.003547
-26.800000	0.004169
-26.766667	0.004838
-26.733333	0.005556
-26.700000	0.006321
-26.666667	0.007139
-26.633333	0.008005
-26.600000	0.008916
-26.566667	0.009866
-26.533333	0.010851
-26.500000	0.011862
-26.466667	0.012884
-26.433333	0.013931
-26.400000	0.014976
-26.366667	0.016029
-26.333333	0.017095
-26.300000	0.018142
-26.266667	0.019170
-26.233333	0.020137
-26.200000	0.021068
-26.166667	0.021906
-26.133333	0.022644
-26.100000	0.023254
-26.066667	0.023713
-26.033333	0.024015
-26.000000	0.024167
-25.966667	0.024151
-25.933333	0.023974
-25.900000	0.023629
-25.866667	0.023114
-25.833333	0.022476
-25.800000	0.021690
-25.766667	0.020778
-25.733333	0.019750
-25.700000	0.018620
-25.666667	0.017405
-25.633333	0.016109
-25.600000	0.014734
-25.566667	0.013333
-25.533333	0.011881
-25.500000	0.010398
-25.466667	0.008888
-25.433333	0.007368
-25.400000	0.005811
-25.366667	0.004240
-25.333333	0.002650
-25.300000	0.001008
-25.266667	-0.000665
-25.233333	-0.002383
-25.200000	-0.004162
-25.166667	-0.005994
-25.133333	-0.007892
-25.100000	-0.009842
-25.066667	-0.011845
-25.033333	-0.013886
-25.000000	-0.015966
-24.966667	-0.018100
-24.933333	-0.020269
-24.900000	-0.022475
-24.866667	-0.024698
-24.833333	-0.026910
-24.800000	-0.029148
-24.766667	-0.031368
-24.733333	-0.033564
-24.700000	-0.035716
-24.666667	-0.037803
-24.633333	-0.039822
-24.600000	-0.041737
-24.566667	-0.043517
-24.533333	-0.045188
-24.500000	-0.046707
-24.466667	-0.048076
-24.433333	-0.049285
-24.400000	-0.050331
-24.366667	-0.051200
-24.333333	-0.051894
-24.300000	-0.052421
-24.266667	-0.052774
-24.233333	-0.052952
-24.200000	-0.052976
-24.166667	-0.052837
-24.133333	-0.052560
-24.100000	-0.052137
-24.066667	-0.051597
-24.033333	-0.050955
-24.000000	-0.050230
-23.966667	-0.049432
-23.933333	-0.048579
-23.900000	-0.047679
-23.866667	-0.046738
-23.833333	-0.045760
-23.800000	-0.044747
-23.766667	-0.043699
-23.733333	-0.042628
-23.700000	-0.041523
-23.666667	-0.040384
-23.633333	-0.039227
-23.600000	-0.038028
-23.566667	-0.036799
-23.533333	-0.035536
-23.500000	-0.034238
-23.466667	-0.032903
-23.433333	-0.031535
-23.400000	-0.030134
-23.366667	-0.028698
-23.333333	-0.027240
-23.300000	-0.025763
-23.266667	-0.024275
-23.233333	-0.022763
-23.200000	-0.021210
-23.166667	-0.019615
-23.133333	-0.018010
-23.100000	-0.016390
-23.066667	-0.014732
-23.033333	-0.013032
-23.000000	-0.011290
-22.966667	-0.009496
-22.933333	-0.007638
-22.900000	-0.005693
-22.866667	-0.003655
-22.833333	-0.001519
-22.800000	0.000713
-22.766667	0.003026
-22.733333	0.005407
-22.700000	0.007858
-22.666667	0.010368
-22.633333	0.012923
-22.600000	0.015513
-22.566667	0.018109
-22.533333	0.020692
-22.500000	0.023235
-22.466667	0.025704
-22.433333	0.028073
-22.400000	0.030313
-22.366667	0.032394
-22.333333	0.034284
-22.300000	0.035973
-22.266667	0.037464
-22.233333	0.038739
-22.200000	0.039827
-22.166667	0.040683
-22.133333	0.041300
-22.100000	0.041719
-22.066667	0.041980
-22.033333	0.042039
-22.000000	0.041930
-21.966667	0.041696
-21.933333	0.041335
-21.900000	0.040876
-21.866667	0.040332
-21.833333	0.039725
-21.800000	0.039067
-21.766667	0.038386
-21.733333	0.037678
-21.700000	0.036963
-21.666667	0.036252
-21.633333	0.035531
-21.600000	0.034804
-21.566667	0.034075
-21.533333	0.033344
-21.500000	0.032596
-21.466667	0.031844
-21.433333	0.031093
-21.400000	0.030348
-21.366667	0.029616
-21.333333	0.028901
-21.300000	0.028213
-21.266667	0.027566
-21.233333	0.026948
-21.200000	0.026391
-21.166667	0.025868
-21.133333	0.025386
-21.100000	0.024955
-21.066667	0.024578
-21.033333	0.024231
-21.000000	0.023953
-20.966667	0.023733
-20.933333	0.023544
-20.900000	0.023403
-20.866667	0.023293
-20.833333	0.023201
-20.800000	0.023107
-20.766667	0.023017
-20.733333	0.022885
-20.700000	0.022717
-20.666667	0.022503
-20.633333	0.022225
-20.600000	0.021904
-20.566667	0.021527
-20.533333	0.021076
-20.500000	0.020580
-20.466667	0.020059
-20.433333	0.019474
-20.400000	0.018877
-20.366667	0.018262
-20.333333	0.017648
-20.300000	0.017038
-20.266667	0.016461
-20.233333	0.015920
-20.200000	0.015430
-20.166667	0.015000
-20.133333	0.014635
-20.100000	0.014343
-20.066667	0.014123
-20.033333	0.013971
-20.000000	0.013883
-19.966667	0.013845
-19.933333	0.013838
-19.900000	0.013855
-19.866667	0.013893
-19.833333	0.013916
-19.800000	0.013937
-19.766667	0.013942
-19.733333	0.013901
-19.700000	0.013829
-19.666667	0.013720
-19.633333	0.013553
-19.600000	0.013341
-19.566667	0.013084
-19.533333	0.012757
-19.500000	0.012424
-19.466667	0.012058
-19.433333	0.011654
-19.400000	0.011284
-19.366667	0.010927
-19.333333	0.010620
-19.300000	0.010368
-19.266667	0.010184
-19.233333	0.010098
-19.200000	0.010110
-19.166667	0.010211
-19.133333	0.010416
-19.100000	0.010695
-19.066667	0.011065
-19.033333	0.011465
-19.000000	0.011895
-18.966667	0.012318
-18.933333	0.012727
-18.900000	0.013114
-18.866667	0.013470
-18.833333	0.013770
-18.800000	0.014016
-18.766667	0.014186
-18.733333	0.014303
-18.700000	0.014367
-18.666667	0.014372
-18.633333	0.014318
-18.600000	0.014235
-18.566667	0.014123
-18.533333	0.013967
-18.500000	0.013834
-18.466667	0.013683
-18.433333	0.013541
-18.400000	0.013430
-18.366667	0.013349
-18.333333	0.013308
-18.300000	0.013305
-18.266667	0.013339
-18.233333	0.013417
-18.200000	0.013502
-18.166667	0.013582
-18.133333	0.013647
-18.100000	0.013655
-18.066667	0.013604
-18.033333	0.013435
-18.000000	0.013189
-17.966667	0.012847
-17.933333	0.012442
-17.900000	0.011960
-17.866667	0.011424
-17.833333	0.010828
-17.800000	0.010170
-17.766667	0.009512
-17.733333	0.008845
-17.700000	0.008179
-17.666667	0.007527
-17.633333	0.006916
-17.600000	0.006377
-17.566667	0.005907
-17.533333	0.005517
-17.500000	0.005231
-17.466667	0.005034
-17.433333	0.004949
-17.400000	0.004957
-17.366667	0.005064
-17.333333	0.005256
-17.300000	0.005525
-17.266667	0.005853
-17.233333	0.006222
-17.200000	0.006607
-17.166667	0.006970
-17.133333	0.007297
-17.100000	0.007565
-17.066667	0.007780
-17.033333	0.007890
-17.000000	0.007935
-16.966667	0.007891
-16.933333	0.007749
-16.900000	0.007507
-16.866667	0.007173
-16.833333	0.006735
-16.800000	0.006206
-16.766667	0.005609
-16.733333	0.004921
-16.700000	0.004182
-16.666667	0.003404
-16.633333	0.002612
-16.600000	0.001831
-16.566667	0.001063
-16.533333	0.000332
-16.500000	-0.000340
-16.466667	-0.000933
-16.433333	-0.001443
-16.400000	-0.001863
-16.366667	-0.002179
-16.333333	-0.002401
-16.300000	-0.002527
-16.266667	-0.002565
-16.233333	-0.002525
-16.200000	-0.002420
-16.166667	-0.002263
-16.133333	-0.002052
-16.100000	-0.001803
-16.066667	-0.001518
-16.033333	-0.001235
-16.000000	-0.000918
-15.966667	-0.000612
-15.933333	-0.000313
-15.900000	-0.000023
-15.866667	0.000246
-15.833333	0.000495
-15.800000	0.000720
-15.766667	0.000920
-15.733333	0.001091
-15.700000	0.001231
-15.666667	0.001339
-15.633333	0.001411
-15.600000	0.001452
-15.566667	0.001452
-15.533333	0.001397
-15.500000	0.001299
-15.466667	0.001138
-15.433333	0.000911
-15.400000	0.000610
-15.366667	0.000224
-15.333333	-0.000253
-15.300000	-0.000818
-15.266667	-0.001460
-15.233333	-0.002172
-15.200000	-0.002956
-15.166667	-0.003809
-15.133333	-0.004728
-15.100000	-0.005683
-15.066667	-0.006679
-15.033333	-0.007697
-15.000000	-0.008724
-14.966667	-0.009738
-14.933333	-0.010710
-14.900000	-0.011618
-14.866667	-0.012451
-14.833333	-0.013200
-14.800000	-0.013835
-14.766667	-0.014376
-14.733333	-0.014810
-14.700000	-0.015143
-14.666667	-0.015373
-14.633333	-0.015498
-14.600000	-0.015520
-14.566667	-0.015454
-14.533333	-0.015304
-14.500000	-0.015048
-14.466667	-0.014718
-14.433333	-0.014334
-14.400000	-0.013879
-14.366667	-0.013375
-14.333333	-0.012826
-14.300000	-0.012235
-14.266667	-0.011608
-14.233333	-0.010956
-14.200000	-0.010279
-14.166667	-0.009577
-14.133333	-0.008864
-14.100000	-0.008135
-14.066667	-0.007400
-14.033333	-0.006644
-14.000000	-0.005891
-13.966667	-0.005145
-13.933333	-0.004414
-13.900000	-0.003725
-13.866667	-0.003095
-13.833333	-0.002529
-13.800000	-0.002020
-13.766667	-0.001631
-13.733333	-0.001324
-13.700000	-0.001121
-13.666667	-0.001010
-13.633333	-0.000994
-13.600000	-0.001078
-13.566667	-0.001256
-13.533333	-0.001512
-13.500000	-0.001859
-13.466667	-0.002284
-13.433333	-0.002782
-13.400000	-0.003312
-13.366667	-0.003887
-13.333333	-0.004480
-13.300000	-0.005078
-13.266667	-0.005669
-13.233333	-0.006234
-13.200000	-0.006752
-13.166667	-0.007249
-13.133333	-0.007712
-13.100000	-0.008136
-13.066667	-0.008515
-13.033333	-0.008861
-13.000000	-0.009177
-12.966667	-0.009464
-12.933333	-0.009719
-12.900000	-0.009950
-12.866667	-0.010151
-12.833333	-0.010321
-12.800000	-0.010470
-12.766667	-0.010611
-12.733333	-0.010703
-12.700000	-0.010767
-12.666667	-0.010807
-12.633333	-0.010836
-12.600000	-0.010855
-12.566667	-0.010858
-12.533333	-0.010840
-12.500000	-0.010811
-12.466667	-0.010752
-12.433333	-0.010684
-12.400000	-0.010604
-12.366667	-0.010479
-12.333333	-0.010338
-12.300000	-0.010178
-12.266667	-0.010006
-12.233333	-0.009815
-12.200000	-0.009615
-12.166667	-0.009418
-12.133333	-0.009203
-12.100000	-0.008975
-12.066667	-0.008722
-12.033333	-0.008443
-12.000000	-0.008150
-11.966667	-0.007861
-11.933333	-0.007546
-11.900000	-0.007233
-11.866667	-0.006910
-11.833333	-0.006595
-11.800000	-0.006294
-11.766667	-0.005987
-11.733333	-0.005711
-11.700000	-0.005481
-11.666667	-0.005305
-11.633333	-0.005178
-11.600000	-0.005086
-11.566667	-0.005051
-11.533333	-0.005059
-11.500000	-0.005123
-11.466667	-0.005242
-11.433333	-0.005410
-11.400000	-0.005623
-11.366667	-0.005859
-11.333333	-0.006135
-11.300000	-0.006415
-11.266667	-0.006702
-11.233333	-0.006976
-11.200000	-0.007220
-11.166667	-0.007453
-11.133333	-0.007633
-11.100000	-0.007739
-11.066667	-0.007780
-11.033333	-0.007741
-11.000000	-0.007666
-10.966667	-0.007515
-10.933333	-0.007284
-10.900000	-0.007001
-10.866667	-0.006675
-10.833333	-0.006306
-10.800000	-0.005921
-10.766667	-0.005521
-10.733333	-0.005150
-10.700000	-0.004792
-10.666667	-0.004461
-10.633333	-0.004165
-10.600000	-0.003910
-10.566667	-0.003722
-10.533333	-0.003607
-10.500000	-0.003538
-10.466667	-0.003544
-10.433333	-0.003613
-10.400000	-0.003743
-10.366667	-0.003919
-10.333333	-0.004133
-10.300000	-0.004380
-10.266667	-0.004639
-10.233333	-0.004897
-10.200000	-0.005129
-10.166667	-0.005341
-10.133333	-0.005483
-10.100000	-0.005565
-10.066667	-0.005578
-10.033333	-0.005517
-10.000000	-0.005411
-9.966667	-0.005225
-9.933333	-0.004993
-9.900000	-0.004723
-9.866667	-0.004434
-9.833333	-0.004115
-9.800000	-0.003807
-9.766667	-0.003503
-9.733333	-0.003222
-9.700000	-0.002962
-9.666667	-0.002718
-9.633333	-0.002510
-9.600000	-0.002331
-9.566667	-0.002196
-9.533333	-0.002105
-9.500000	-0.002034
-9.466667	-0.002025
-9.433333	-0.002046
-9.400000	-0.002109
-9.366667	-0.002205
-9.333333	-0.002327
-9.300000	-0.002461
-9.266667	-0.002599
-9.233333	-0.002743
-9.200000	-0.002883
-9.166667	-0.003033
-9.133333	-0.003194
-9.100000	-0.003358
-9.066667	-0.003527
-9.033333	-0.003722
-9.000000	-0.003949
-8.966667	-0.004212
-8.933333	-0.004509
-8.900000	-0.004846
-8.866667	-0.005223
-8.833333	-0.005635
-8.800000	-0.006067
-8.766667	-0.006536
-8.733333	-0.007012
-8.700000	-0.007488
-8.666667	-0.007946
-8.633333	-0.008399
-8.600000	-0.008807
-8.566667	-0.009173
-8.533333	-0.009477
-8.500000	-0.009723
-8.466667	-0.009889
-8.433333	-0.009977
-8.400000	-0.009980
-8.366667	-0.009897
-8.333333	-0.009728
-8.300000	-0.009479
-8.266667	-0.009154
-8.233333	-0.008762
-8.200000	-0.008314
-8.166667	-0.007824
-8.133333	-0.007315
-8.100000	-0.006786
-8.066667	-0.006269
-8.033333	-0.005779
-8.000000	-0.005338
-7.966667	-0.004964
-7.933333	-0.004672
-7.900000	-0.004472
-7.866667	-0.004366
-7.833333	-0.004352
-7.800000	-0.004441
-7.766667	-0.004642
-7.733333	-0.004920
-7.700000	-0.005283
-7.666667	-0.005718
-7.633333	-0.006221
-7.600000	-0.006765
-7.566667	-0.007354
-7.533333	-0.007995
-7.500000	-0.008646
-7.466667	-0.009306
-7.433333	-0.009958
-7.400000	-0.010581
-7.366667	-0.011168
-7.333333	-0.011719
-7.300000	-0.012228
-7.266667	-0.012686
-7.233333	-0.013112
-7.200000	-0.013505
-7.166667	-0.013864
-7.133333	-0.014159
-7.100000	-0.014440
-7.066667	-0.014686
-7.033333	-0.014906
-7.000000	-0.015093
-6.966667	-0.015252
-6.933333	-0.015372
-6.900000	-0.015447
-6.866667	-0.015474
-6.833333	-0.015458
-6.800000	-0.015400
-6.766667	-0.015298
-6.733333	-0.015156
-6.700000	-0.014977
-6.666667	-0.014761
-6.633333	-0.014506
-6.600000	-0.014210
-6.566667	-0.013888
-6.533333	-0.013546
-6.500000	-0.013164
-6.466667	-0.012768
-6.433333	-0.012341
-6.400000	-0.011910
-6.366667	-0.011494
-6.333333	-0.011104
-6.300000	-0.010746
-6.266667	-0.010426
-6.233333	-0.010164
-6.200000	-0.009949
-6.166667	-0.009774
-6.133333	-0.009617
-6.100000	-0.009573
-6.066667	-0.009539
-6.033333	-0.009568
-6.000000	-0.009636
-5.966667	-0.009752
-5.933333	-0.009902
-5.900000	-0.010082
-5.866667	-0.010283
-5.833333	-0.010494
-5.800000	-0.010702
-5.766667	-0.010906
-5.733333	-0.011119
-5.700000	-0.011325
-5.666667	-0.011494
-5.633333	-0.011625
-5.600000	-0.011729
-5.566667	-0.011810
-5.533333	-0.011862
-5.500000	-0.011873
-5.466667	-0.011835
-5.433333	-0.011783
-5.400000	-0.011703
-5.366667	-0.011601
-5.333333	-0.011478
-5.300000	-0.011340
-5.266667	-0.011190
-5.233333	-0.011036
-5.200000	-0.010878
-5.166667	-0.010708
-5.133333	-0.010533
-5.100000	-0.010383
-5.066667	-0.010209
-5.033333	-0.010048
-5.000000	-0.009884
-4.966667	-0.009722
-4.933333	-0.009564
-4.900000	-0.009395
-4.866667	-0.009229
-4.833333	-0.009061
-4.800000	-0.008892
-4.766667	-0.008739
-4.733333	-0.008594
-4.700000	-0.008437
-4.666667	-0.008264
-4.633333	-0.008096
-4.600000	-0.007937
-4.566667	-0.007781
-4.533333	-0.007621
-4.500000	-0.007464
-4.466667	-0.007315
-4.433333	-0.007188
-4.400000	-0.007075
-4.366667	-0.006994
-4.333333	-0.006933
-4.300000	-0.006896
-4.266667	-0.006885
-4.233333	-0.006897
-4.200000	-0.006925
-4.166667	-0.006966
-4.133333	-0.007022
-4.100000	-0.007102
-4.066667	-0.007202
-4.033333	-0.007324
-4.000000	-0.007470
-3.966667	-0.007631
-3.933333	-0.007812
-3.900000	-0.008001
-3.866667	-0.008209
-3.833333	-0.008420
-3.800000	-0.008635
-3.766667	-0.008854
-3.733333	-0.009066
-3.700000	-0.009274
-3.666667	-0.009472
-3.633333	-0.009659
-3.600000	-0.009840
-3.566667	-0.010020
-3.533333	-0.010196
-3.500000	-0.010376
-3.466667	-0.010566
-3.433333	-0.010772
-3.400000	-0.010993
-3.366667	-0.011225
-3.333333	-0.011447
-3.300000	-0.011663
-3.266667	-0.011870
-3.233333	-0.012032
-3.200000	-0.012167
-3.166667	-0.012259
-3.133333	-0.012311
-3.100000	-0.012315
-3.066667	-0.012260
-3.033333	-0.012141
-3.000000	-0.011949
-2.966667	-0.011682
-2.933333	-0.011348
-2.900000	-0.010943
-2.866667	-0.010467
-2.833333	-0.009925
-2.800000	-0.009329
-2.766667	-0.008691
-2.733333	-0.008021
-2.700000	-0.007337
-2.666667	-0.006662
-2.633333	-0.006017
-2.600000	-0.005427
-2.566667	-0.004908
-2.533333	-0.004470
-2.500000	-0.004124
-2.466667	-0.003873
-2.433333	-0.003721
-2.400000	-0.003664
-2.366667	-0.003702
-2.333333	-0.003820
-2.300000	-0.004014
-2.266667	-0.004273
-2.233333	-0.004579
-2.200000	-0.004950
-2.166667	-0.005350
-2.133333	-0.005774
-2.100000	-0.006202
-2.066667	-0.006620
-2.033333	-0.007019
-2.000000	-0.007393
-1.966667	-0.007745
-1.933333	-0.008071
-1.900000	-0.008367
-1.866667	-0.008635
-1.833333	-0.008880
-1.800000	-0.009105
-1.766667	-0.009305
-1.733333	-0.009470
-1.700000	-0.009631
-1.666667	-0.009744
-1.633333	-0.009836
-1.600000	-0.009894
-1.566667	-0.009913
-1.533333	-0.009880
-1.500000	-0.009802
-1.466667	-0.009669
-1.433333	-0.009498
-1.400000	-0.009270
-1.366667	-0.009009
-1.333333	-0.008694
-1.300000	-0.008327
-1.266667	-0.007910
-1.233333	-0.007452
-1.200000	-0.006973
-1.166667	-0.006470
-1.133333	-0.005928
-1.100000	-0.005360
-1.066667	-0.004804
-1.033333	-0.004270
-1.000000	-0.003760
-0.966667	-0.003293
-0.933333	-0.002882
-0.900000	-0.002536
-0.866667	-0.002265
-0.833333	-0.002062
-0.800000	-0.001938
-0.766667	-0.001889
-0.733333	-0.001918
-0.700000	-0.002032
-0.666667	-0.002191
-0.633333	-0.002427
-0.600000	-0.002707
-0.566667	-0.003030
-0.533333	-0.003386
-0.500000	-0.003777
-0.466667	-0.004185
-0.433333	-0.004607
-0.400000	-0.005016
-0.366667	-0.005417
-0.333333	-0.005788
-0.300000	-0.006142
-0.266667	-0.006458
-0.233333	-0.006744
-0.200000	-0.006998
-0.166667	-0.007203
-0.133333	-0.007356
-0.100000	-0.007482
-0.066667	-0.007595
-0.033333	-0.007680
-0.000000	-0.007749
0.033333	-0.007824
0.066667	-0.007899
0.100000	-0.007977
0.133333	-0.008065
0.166667	-0.008165
0.200000	-0.008281
0.233333	-0.008403
0.266667	-0.008529
0.300000	-0.008658
0.333333	-0.008785
0.366667	-0.008897
0.400000	-0.009002
0.433333	-0.009090
0.466667	-0.009154
0.500000	-0.009190
0.533333	-0.009195
0.566667	-0.009157
0.600000	-0.009056
0.633333	-0.008927
0.666667	-0.008743
0.700000	-0.008509
0.733333	-0.008218
0.766667	-0.007881
0.800000	-0.007501
0.833333	-0.007081
0.866667	-0.006632
0.900000	-0.006171
0.933333	-0.005703
0.966667	-0.005240
1.000000	-0.004795
1.033333	-0.004365
1.066667	-0.003955
1.100000	-0.003575
1.133333	-0.003229
1.166667	-0.002918
1.200000	-0.002644
1.233333	-0.002405
1.266667	-0.002205
1.300000	-0.002058
1.333333	-0.001938
1.366667	-0.001855
1.400000	-0.001837
1.433333	-0.001823
1.466667	-0.001850
1.500000	-0.001898
1.533333	-0.001961
1.566667	-0.002028
1.600000	-0.002101
1.633333	-0.002193
1.666667	-0.002264
1.700000	-0.002333
1.733333	-0.002388
1.766667	-0.002430
1.800000	-0.002461
1.833333	-0.002479
1.866667	-0.002465
1.900000	-0.002463
1.933333	-0.002432
1.966667	-0.002392
2.000000	-0.002335
2.033333	-0.002260
2.066667	-0.002164
2.100000	-0.002035
2.133333	-0.001885
2.166667	-0.001703
2.200000	-0.001492
2.233333	-0.001244
2.266667	-0.000964
2.300000	-0.000656
2.333333	-0.000312
2.366667	0.000046
2.400000	0.000428
2.433333	0.000859
2.466667	0.001291
2.500000	0.001754
2.533333	0.002228
2.566667	0.002705
2.600000	0.003177
2.633333	0.003640
2.666667	0.004091
2.700000	0.004513
2.733333	0.004892
2.766667	0.005224
2.800000	0.005511
2.833333	0.005756
2.866667	0.005951
2.900000	0.006069
2.933333	0.006164
2.966667	0.006200
3.000000	0.006180
3.033333	0.006128
3.066667	0.006025
3.100000	0.005888
3.133333	0.005705
3.166667	0.005495
3.200000	0.005253
3.233333	0.004990
3.266667	0.004708
3.300000	0.004404
3.333333	0.004074
3.366667	0.003745
3.400000	0.003400
3.433333	0.003044
3.466667	0.002678
3.500000	0.002311
3.533333	0.001934
3.566667	0.001557
3.600000	0.001190
3.633333	0.000817
3.666667	0.000461
3.700000	0.000116
3.733333	-0.000210
3.766667	-0.000503
3.800000	-0.000758
3.833333	-0.000973
3.866667	-0.001147
3.900000	-0.001274
3.933333	-0.001353
3.966667	-0.001393
4.000000	-0.001394
4.033333	-0.001343
4.066667	-0.001270
4.100000	-0.001175
4.133333	-0.001057
4.166667	-0.000918
4.200000	-0.000752
4.233333	-0.000596
4.266667	-0.000452
4.300000	-0.000340
4.333333	-0.000252
4.366667	-0.000185
4.400000	-0.000176
4.433333	-0.000208
4.466667	-0.000270
4.500000	-0.000369
4.533333	-0.000529
4.566667	-0.000697
4.600000	-0.000913
4.633333	-0.001167
4.666667	-0.001435
4.700000	-0.001729
4.733333	-0.002038
4.766667	-0.002355
4.800000	-0.002670
4.833333	-0.002978
4.866667	-0.003278
4.900000	-0.003570
4.933333	-0.003857
4.966667	-0.004138
5.000000	-0.004413
5.033333	-0.004682
5.066667	-0.004947
5.100000	-0.005206
5.133333	-0.005439
5.166667	-0.005654
5.200000	-0.005856
5.233333	-0.006069
5.266667	-0.006273
5.300000	-0.006468
5.333333	-0.006649
5.366667	-0.006821
5.400000	-0.006969
5.433333	-0.007111
5.466667	-0.007211
5.500000	-0.007297
5.533333	-0.007380
5.566667	-0.007408
5.600000	-0.007439
5.633333	-0.007431
5.666667	-0.007409
5.700000	-0.007347
5.733333	-0.007263
5.766667	-0.007146
5.800000	-0.006999
5.833333	-0.006828
5.866667	-0.006633
5.900000	-0.006427
5.933333	-0.006200
5.966667	-0.005957
6.000000	-0.005704
6.033333	-0.005439
6.066667	-0.005147
6.100000	-0.004860
6.133333	-0.004544
6.166667	-0.004215
6.200000	-0.003877
6.233333	-0.003537
6.266667	-0.003209
6.300000	-0.002890
6.333333	-0.002573
6.366667	-0.002251
6.400000	-0.001937
6.433333	-0.001657
6.466667	-0.001381
6.500000	-0.001144
6.533333	-0.000926
6.566667	-0.000729
6.600000	-0.000562
6.633333	-0.000419
6.666667	-0.000307
6.700000	-0.000213
6.733333	-0.000162
6.766667	-0.000135
6.800000	-0.000123
6.833333	-0.000138
6.866667	-0.000188
6.900000	-0.000252
6.933333	-0.000331
6.966667	-0.000436
7.000000	-0.000551
7.033333	-0.000672
7.066667	-0.000801
7.100000	-0.000951
7.133333	-0.001084
7.166667	-0.001232
7.200000	-0.001390
7.233333	-0.001539
7.266667	-0.001698
7.300000	-0.001864
7.333333	-0.002027
7.366667	-0.002156
7.400000	-0.002293
7.433333	-0.002414
7.466667	-0.002524
7.500000	-0.002600
7.533333	-0.002650
7.566667	-0.002680
7.600000	-0.002670
7.633333	-0.002638
7.666667	-0.002581
7.700000	-0.002499
7.733333	-0.002383
7.766667	-0.002239
7.800000	-0.002098
7.833333	-0.001936
7.866667	-0.001751
7.900000	-0.001544
7.933333	-0.001349
7.966667	-0.001170
8.000000	-0.000996
8.033333	-0.000844
8.066667	-0.000725
8.100000	-0.000640
8.133333	-0.000589
8.166667	-0.000575
8.200000	-0.000601
8.233333	-0.000654
8.266667	-0.000773
8.300000	-0.000937
8.333333	-0.001132
8.366667	-0.001345
8.400000	-0.001623
8.433333	-0.001931
8.466667	-0.002282
8.500000	-0.002668
8.533333	-0.003101
8.566667	-0.003564
8.600000	-0.004065
8.633333	-0.004599
8.666667	-0.005168
8.700000	-0.005757
8.733333	-0.006337
8.766667	-0.006957
8.800000	-0.007592
8.833333	-0.008172
8.866667	-0.008762
8.900000	-0.009344
8.933333	-0.009915
8.966667	-0.010467
9.000000	-0.010979
9.033333	-0.011451
9.066667	-0.011867
9.100000	-0.012227
9.133333	-0.012552
9.166667	-0.012792
9.200000	-0.012987
9.233333	-0.013119
9.266667	-0.013206
9.300000	-0.013246
9.333333	-0.013251
9.366667	-0.013209
9.400000	-0.013125
9.433333	-0.013003
9.466667	-0.012860
9.500000	-0.012701
9.533333	-0.012531
9.566667	-0.012355
9.600000	-0.012179
9.633333	-0.012007
9.666667	-0.011836
9.700000	-0.011659
9.733333	-0.011481
9.766667	-0.011335
9.800000	-0.011183
9.833333	-0.011023
9.866667	-0.010894
9.900000	-0.010765
9.933333	-0.010645
9.966667	-0.010526
10.000000	-0.010399
10.033333	-0.010262
10.066667	-0.010116
10.100000	-0.009975
10.133333	-0.009834
10.166667	-0.009659
10.200000	-0.009500
10.233333	-0.009320
10.266667	-0.009136
10.300000	-0.008940
10.333333	-0.008727
10.366667	-0.008491
10.400000	-0.008240
10.433333	-0.007980
10.466667	-0.007719
10.500000	-0.007454
10.533333	-0.007185
10.566667	-0.006910
10.600000	-0.006627
10.633333	-0.006339
10.666667	-0.006046
10.700000	-0.005752
10.733333	-0.005459
10.766667	-0.005168
10.800000	-0.004880
10.833333	-0.004593
10.866667	-0.004311
10.900000	-0.004033
10.933333	-0.003760
10.966667	-0.003489
11.000000	-0.003222
11.033333	-0.002958
11.066667	-0.002697
11.100000	-0.002442
11.133333	-0.002192
11.166667	-0.001951
11.200000	-0.001719
11.233333	-0.001500
11.266667	-0.001296
11.300000	-0.001108
11.333333	-0.000939
11.366667	-0.000786
11.400000	-0.000651
11.433333	-0.000532
11.466667	-0.000430
11.500000	-0.000346
11.533333	-0.000273
11.566667	-0.000213
11.600000	-0.000163
11.633333	-0.000124
11.666667	-0.000095
11.700000	-0.000074
11.733333	-0.000063
11.766667	-0.000059
11.800000	-0.000062
11.833333	-0.000072
11.866667	-0.000087
11.900000	-0.000107
11.933333	-0.000132
11.966667	-0.000161
