-88.000000	-0.000008
-87.966667	-0.000008
-87.933333	-0.000008
-87.900000	-0.000009
-87.866667	-0.000009
-87.833333	-0.000008
-87.800000	-0.000008
-87.766667	-0.000007
-87.733333	-0.000006
-87.700000	-0.000005
-87.666667	-0.000004
-87.633333	-0.000002
-87.600000	0.000000
-87.566667	0.000002
-87.533333	0.000005
-87.500000	0.000008
-87.466667	0.000011
-87.433333	0.000015
-87.400000	0.000019
-87.366667	0.000023
-87.333333	0.000028
-87.300000	0.000033
-87.266667	0.000039
-87.233333	0.000045
-87.200000	0.000051
-87.166667	0.000057
-87.133333	0.000064
-87.100000	0.000071
-87.066667	0.000078
-87.033333	0.000086
-87.000000	0.000092
-86.966667	0.000098
-86.933333	0.000108
-86.900000	0.000113
-86.866667	0.000120
-86.833333	0.000126
-86.800000	0.000131
-86.766667	0.000136
-86.733333	0.000141
-86.700000	0.000145
-86.666667	0.000148
-86.633333	0.000149
-86.600000	0.000149
-86.566667	0.000144
-86.533333	0.000141
-86.500000	0.000137
-86.466667	0.000128
-86.433333	0.000112
-86.400000	0.000095
-86.366667	0.000078
-86.333333	0.000059
-86.300000	0.000039
-86.266667	0.000013
-86.233333	-0.000022
-86.200000	-0.000069
-86.166667	-0.000121
-86.133333	-0.000165
-86.100000	-0.000198
-86.066667	-0.000233
-86.033333	-0.000298
-86.000000	-0.000352
-85.966667	-0.000400
-85.933333	-0.000446
-85.900000	-0.000509
-85.866667	-0.000558
-85.833333	-0.000600
-85.800000	-0.000627
-85.766667	-0.000668
-85.733333	-0.000712
-85.700000	-0.000730
-85.666667	-0.000755
-85.633333	-0.000774
-85.600000	-0.000792
-85.566667	-0.000807
-85.533333	-0.000802
-85.500000	-0.000813
-85.466667	-0.000816
-85.433333	-0.000817
-85.400000	-0.000815
-85.366667	-0.000812
-85.333333	-0.000811
-85.300000	-0.000815
-85.266667	-0.000826
-85.233333	-0.000844
-85.200000	-0.000862
-85.166667	-0.000873
-85.133333	-0.000879
-85.100000	-0.000896
-85.066667	-0.000926
-85.033333	-0.000967
-85.000000	-0.000999
-84.966667	-0.001019
-84.933333	-0.001055
-84.900000	-0.001093
-84.866667	-0.001119
-84.833333	-0.001143
-84.800000	-0.001173
-84.766667	-0.001214
-84.733333	-0.001228
-84.700000	-0.001235
-84.666667	-0.001265
-84.633333	-0.001269
-84.600000	-0.001288
-84.566667	-0.001292
-84.533333	-0.001286
-84.500000	-0.001285
-84.466667	-0.001273
-84.433333	-0.001273
-84.400000	-0.001261
-84.366667	-0.001238
-84.333333	-0.001211
-84.300000	-0.001182
-84.266667	-0.001155
-84.233333	-0.001126
-84.200000	-0.001087
-84.166667	-0.001041
-84.133333	-0.001004
-84.100000	-0.000945
-84.066667	-0.000879
-84.033333	-0.000832
-84.000000	-0.000775
-83.966667	-0.000696
-83.933333	-0.000637
-83.900000	-0.000567
-83.866667	-0.000498
-83.833333	-0.000423
-83.800000	-0.000353
-83.766667	-0.000278
-83.733333	-0.000205
-83.700000	-0.000149
-83.666667	-0.000093
-83.633333	-0.000036
-83.600000	-0.000000
-83.566667	0.000050
-83.533333	0.000096
-83.500000	0.000134
-83.466667	0.000151
-83.433333	0.000162
-83.400000	0.000180
-83.366667	0.000198
-83.333333	0.000211
-83.300000	0.000219
-83.266667	0.000193
-83.233333	0.000212
-83.200000	0.000214
-83.166667	0.000213
-83.133333	0.000204
-83.100000	0.000213
-83.066667	0.000214
-83.033333	0.000218
-83.000000	0.000233
-82.966667	0.000238
-82.933333	0.000252
-82.900000	0.000272
-82.866667	0.000281
-82.833333	0.000307
-82.800000	0.000327
-82.766667	0.000349
-82.733333	0.000369
-82.700000	0.000391
-82.666667	0.000419
-82.633333	0.000451
-82.600000	0.000487
-82.566667	0.000525
-82.533333	0.000563
-82.500000	0.000598
-82.466667	0.000632
-82.433333	0.000667
-82.400000	0.000714
-82.366667	0.000762
-82.333333	0.000807
-82.300000	0.000844
-82.266667	0.000872
-82.233333	0.000932
-82.200000	0.000952
-82.166667	0.000976
-82.133333	0.000995
-82.100000	0.001013
-82.066667	0.001025
-82.033333	0.001021
-82.000000	0.001001
-81.966667	0.000975
-81.933333	0.000942
-81.900000	0.000904
-81.866667	0.000841
-81.833333	0.000790
-81.800000	0.000719
-81.766667	0.000641
-81.733333	0.000563
-81.700000	0.000486
-81.666667	0.000403
-81.633333	0.000317
-81.600000	0.000254
-81.566667	0.000169
-81.533333	0.000096
-81.500000	0.000027
-81.466667	-0.000014
-81.433333	-0.000073
-81.400000	-0.000100
-81.366667	-0.000122
-81.333333	-0.000146
-81.300000	-0.000173
-81.266667	-0.000189
-81.233333	-0.000191
-81.200000	-0.000191
-81.166667	-0.000198
-81.133333	-0.000201
-81.100000	-0.000209
-81.066667	-0.000219
-81.033333	-0.000233
-81.000000	-0.000246
-80.966667	-0.000267
-80.933333	-0.000298
-80.900000	-0.000337
-80.866667	-0.000390
-80.833333	-0.000436
-80.800000	-0.000489
-80.766667	-0.000552
-80.733333	-0.000614
-80.700000	-0.000688
-80.666667	-0.000762
-80.633333	-0.000826
-80.600000	-0.000886
-80.566667	-0.000967
-80.533333	-0.001023
-80.500000	-0.001092
-80.466667	-0.001135
-80.433333	-0.001193
-80.400000	-0.001225
-80.366667	-0.001273
-80.333333	-0.001317
-80.300000	-0.001353
-80.266667	-0.001371
-80.233333	-0.001386
-80.200000	-0.001404
-80.166667	-0.001418
-80.133333	-0.001426
-80.100000	-0.001438
-80.066667	-0.001447
-80.033333	-0.001457
-80.000000	-0.001462
-79.966667	-0.001465
-79.933333	-0.001475
-79.900000	-0.001486
-79.866667	-0.001493
-79.833333	-0.001497
-79.800000	-0.001511
-79.766667	-0.001530
-79.733333	-0.001544
-79.700000	-0.001550
-79.666667	-0.001554
-79.633333	-0.001562
-79.600000	-0.001572
-79.566667	-0.001582
-79.533333	-0.001591
-79.500000	-0.001601
-79.466667	-0.001592
-79.433333	-0.001591
-79.400000	-0.001587
-79.366667	-0.001580
-79.333333	-0.001573
-79.300000	-0.001567
-79.266667	-0.001538
-79.233333	-0.001530
-79.200000	-0.001506
-79.166667	-0.001484
-79.133333	-0.001468
-79.100000	-0.001456
-79.066667	-0.001422
-79.033333	-0.001405
-79.000000	-0.001374
-78.966667	-0.001351
-78.933333	-0.001336
-78.900000	-0.001323
-78.866667	-0.001307
-78.833333	-0.001291
-78.800000	-0.001284
-78.766667	-0.001275
-78.733333	-0.001268
-78.700000	-0.001269
-78.666667	-0.001272
-78.633333	-0.001270
-78.600000	-0.001270
-78.566667	-0.001276
-78.533333	-0.001282
-78.500000	-0.001289
-78.466667	-0.001298
-78.433333	-0.001305
-78.400000	-0.001311
-78.366667	-0.001316
-78.333333	-0.001318
-78.300000	-0.001310
-78.266667	-0.001302
-78.233333	-0.001314
-78.200000	-0.001302
-78.166667	-0.001296
-78.133333	-0.001287
-78.100000	-0.001269
-78.066667	-0.001245
-78.033333	-0.001244
-78.000000	-0.001222
-77.966667	-0.001201
-77.933333	-0.001176
-77.900000	-0.001148
-77.866667	-0.001122
-77.833333	-0.001100
-77.800000	-0.001083
-77.766667	-0.001074
-77.733333	-0.001052
-77.700000	-0.001016
-77.666667	-0.000977
-77.633333	-0.000949
-77.600000	-0.000930
-77.566667	-0.000913
-77.533333	-0.000897
-77.500000	-0.000864
-77.466667	-0.000841
-77.433333	-0.000818
-77.400000	-0.000795
-77.366667	-0.000772
-77.333333	-0.000750
-77.300000	-0.000733
-77.266667	-0.000719
-77.233333	-0.000704
-77.200000	-0.000687
-77.166667	-0.000675
-77.133333	-0.000671
-77.100000	-0.000670
-77.066667	-0.000663
-77.033333	-0.000652
-77.000000	-0.000643
-76.966667	-0.000636
-76.933333	-0.000633
-76.900000	-0.000625
-76.866667	-0.000619
-76.833333	-0.000612
-76.800000	-0.000597
-76.766667	-0.000575
-76.733333	-0.000535
-76.700000	-0.000497
-76.666667	-0.000462
-76.633333	-0.000421
-76.600000	-0.000369
-76.566667	-0.000314
-76.533333	-0.000248
-76.500000	-0.000170
-76.466667	-0.000107
-76.433333	-0.000034
-76.400000	0.000049
-76.366667	0.000135
-76.333333	0.000200
-76.300000	0.000289
-76.266667	0.000362
-76.233333	0.000432
-76.200000	0.000496
-76.166667	0.000552
-76.133333	0.000600
-76.100000	0.000652
-76.066667	0.000702
-76.033333	0.000740
-76.000000	0.000763
-75.966667	0.000784
-75.933333	0.000806
-75.900000	0.000827
-75.866667	0.000838
-75.833333	0.000853
-75.800000	0.000866
-75.766667	0.000881
-75.733333	0.000897
-75.700000	0.000918
-75.666667	0.000942
-75.633333	0.000971
-75.600000	0.001006
-75.566667	0.001043
-75.533333	0.001083
-75.500000	0.001133
-75.466667	0.001169
-75.433333	0.001232
-75.400000	0.001305
-75.366667	0.001366
-75.333333	0.001420
-75.300000	0.001488
-75.266667	0.001535
-75.233333	0.001599
-75.200000	0.001668
-75.166667	0.001712
-75.133333	0.001764
-75.100000	0.001815
-75.066667	0.001856
-75.033333	0.001895
-75.000000	0.001936
-74.966667	0.001974
-74.933333	0.001994
-74.900000	0.002037
-74.866667	0.002073
-74.833333	0.002116
-74.800000	0.002158
-74.766667	0.002204
-74.733333	0.002266
-74.700000	0.002347
-74.666667	0.002438
-74.633333	0.002541
-74.600000	0.002657
-74.566667	0.002788
-74.533333	0.002942
-74.500000	0.003122
-74.466667	0.003302
-74.433333	0.003512
-74.400000	0.003721
-74.366667	0.003928
-74.333333	0.004136
-74.300000	0.004343
-74.266667	0.004568
-74.233333	0.004765
-74.200000	0.004949
-74.166667	0.005093
-74.133333	0.005219
-74.100000	0.005300
-74.066667	0.005352
-74.033333	0.005348
-74.000000	0.005297
-73.966667	0.005187
-73.933333	0.005043
-73.900000	0.004843
-73.866667	0.004589
-73.833333	0.004281
-73.800000	0.003912
-73.766667	0.003512
-73.733333	0.003064
-73.700000	0.002567
-73.666667	0.002011
-73.633333	0.001411
-73.600000	0.000790
-73.566667	0.000111
-73.533333	-0.000592
-73.500000	-0.001333
-73.466667	-0.002101
-73.433333	-0.002887
-73.400000	-0.003706
-73.366667	-0.004515
-73.333333	-0.005332
-73.300000	-0.006148
-73.266667	-0.006959
-73.233333	-0.007754
-73.200000	-0.008507
-73.166667	-0.009219
-73.133333	-0.009863
-73.100000	-0.010419
-73.066667	-0.010873
-73.033333	-0.011231
-73.000000	-0.011448
-72.966667	-0.011527
-72.933333	-0.011461
-72.900000	-0.011275
-72.866667	-0.010931
-72.833333	-0.010470
-72.800000	-0.009880
-72.766667	-0.009157
-72.733333	-0.008338
-72.700000	-0.007419
-72.666667	-0.006429
-72.633333	-0.005380
-72.600000	-0.004300
-72.566667	-0.003235
-72.533333	-0.002167
-72.500000	-0.001150
-72.466667	-0.000195
-72.433333	0.000668
-72.400000	0.001434
-72.366667	0.002125
-72.333333	0.002693
-72.300000	0.003161
-72.266667	0.003535
-72.233333	0.003828
-72.200000	0.004026
-72.166667	0.004158
-72.133333	0.004231
-72.100000	0.004259
-72.066667	0.004248
-72.033333	0.004213
-72.000000	0.004166
-71.966667	0.004110
-71.933333	0.004046
-71.900000	0.004003
-71.866667	0.003960
-71.833333	0.003950
-71.800000	0.004010
-71.766667	0.004058
-71.733333	0.004110
-71.700000	0.004142
-71.666667	0.004208
-71.633333	0.004280
-71.600000	0.004334
-71.566667	0.004359
-71.533333	0.004367
-71.500000	0.004356
-71.466667	0.004337
-71.433333	0.004312
-71.400000	0.004272
-71.366667	0.004217
-71.333333	0.004163
-71.300000	0.004109
-71.266667	0.004049
-71.233333	0.003981
-71.200000	0.003905
-71.166667	0.003826
-71.133333	0.003756
-71.100000	0.003695
-71.066667	0.003638
-71.033333	0.003587
-71.000000	0.003544
-70.966667	0.003508
-70.933333	0.003482
-70.900000	0.003464
-70.866667	0.003437
-70.833333	0.003423
-70.800000	0.003406
-70.766667	0.003331
-70.733333	0.003276
-70.700000	0.003229
-70.666667	0.003196
-70.633333	0.003126
-70.600000	0.003051
-70.566667	0.002986
-70.533333	0.002923
-70.500000	0.002865
-70.466667	0.002805
-70.433333	0.002739
-70.400000	0.002662
-70.366667	0.002587
-70.333333	0.002523
-70.300000	0.002460
-70.266667	0.002398
-70.233333	0.002338
-70.200000	0.002276
-70.166667	0.002230
-70.133333	0.002215
-70.100000	0.002185
-70.066667	0.002188
-70.033333	0.002193
-70.000000	0.002228
-69.966667	0.002292
-69.933333	0.002389
-69.900000	0.002519
-69.866667	0.002702
-69.833333	0.002937
-69.800000	0.003231
-69.766667	0.003580
-69.733333	0.003985
-69.700000	0.004430
-69.666667	0.004908
-69.633333	0.005437
-69.600000	0.006014
-69.566667	0.006609
-69.533333	0.007206
-69.500000	0.007813
-69.466667	0.008400
-69.433333	0.008951
-69.400000	0.009442
-69.366667	0.009854
-69.333333	0.010171
-69.300000	0.010374
-69.266667	0.010449
-69.233333	0.010379
-69.200000	0.010162
-69.166667	0.009813
-69.133333	0.009338
-69.100000	0.008710
-69.066667	0.007986
-69.033333	0.007128
-69.000000	0.006199
-68.966667	0.005178
-68.933333	0.004134
-68.900000	0.003080
-68.866667	0.002028
-68.833333	0.001015
-68.800000	0.000105
-68.766667	-0.000732
-68.733333	-0.001425
-68.700000	-0.001971
-68.666667	-0.002349
-68.633333	-0.002552
-68.600000	-0.002588
-68.566667	-0.002427
-68.533333	-0.002112
-68.500000	-0.001614
-68.466667	-0.000969
-68.433333	-0.000176
-68.400000	0.000758
-68.366667	0.001817
-68.333333	0.002982
-68.300000	0.004238
-68.266667	0.005581
-68.233333	0.007001
-68.200000	0.008489
-68.166667	0.010039
-68.133333	0.011648
-68.100000	0.013298
-68.066667	0.015006
-68.033333	0.016772
-68.000000	0.018608
-67.966667	0.020513
-67.933333	0.022528
-67.900000	0.024628
-67.866667	0.026827
-67.833333	0.029154
-67.800000	0.031611
-67.766667	0.034164
-67.733333	0.036873
-67.700000	0.039697
-67.666667	0.042648
-67.633333	0.045722
-67.600000	0.048925
-67.566667	0.052276
-67.533333	0.055750
-67.500000	0.059391
-67.466667	0.063172
-67.433333	0.067110
-67.400000	0.071209
-67.366667	0.075457
-67.333333	0.079848
-67.300000	0.084401
-67.266667	0.089111
-67.233333	0.093976
-67.200000	0.099013
-67.166667	0.104231
-67.133333	0.109633
-67.100000	0.115231
-67.066667	0.121048
-67.033333	0.127100
-67.000000	0.133397
-66.966667	0.139962
-66.933333	0.146790
-66.900000	0.153896
-66.866667	0.161285
-66.833333	0.168971
-66.800000	0.176969
-66.766667	0.185294
-66.733333	0.193963
-66.700000	0.203007
-66.666667	0.212471
-66.633333	0.222414
-66.600000	0.232887
-66.566667	0.243929
-66.533333	0.255554
-66.500000	0.267756
-66.466667	0.280500
-66.433333	0.293590
-66.400000	0.306726
-66.366667	0.319474
-66.333333	0.331293
-66.300000	0.341417
-66.266667	0.348838
-66.233333	0.352418
-66.200000	0.350854
-66.166667	0.342747
-66.133333	0.326678
-66.100000	0.301292
-66.066667	0.265350
-66.033333	0.217839
-66.000000	0.158074
-65.966667	0.085750
-65.933333	0.000994
-65.900000	-0.095559
-65.866667	-0.202723
-65.833333	-0.318857
-65.800000	-0.441837
-65.766667	-0.569158
-65.733333	-0.697995
-65.700000	-0.825285
-65.666667	-0.947841
-65.633333	-1.062469
-65.600000	-1.166080
-65.566667	-1.255820
-65.533333	-1.329130
-65.500000	-1.383857
-65.466667	-1.418357
-65.433333	-1.431608
-65.400000	-1.423153
-65.366667	-1.393154
-65.333333	-1.342435
-65.300000	-1.272480
-65.266667	-1.185286
-65.233333	-1.083268
-65.200000	-0.969239
-65.166667	-0.846216
-65.133333	-0.717331
-65.100000	-0.585685
-65.066667	-0.454208
-65.033333	-0.325576
-65.000000	-0.202141
-64.966667	-0.085882
-64.933333	0.021642
-64.900000	0.119325
-64.866667	0.206514
-64.833333	0.282807
-64.800000	0.348094
-64.766667	0.402561
-64.733333	0.446593
-64.700000	0.480749
-64.666667	0.505693
-64.633333	0.522153
-64.600000	0.530893
-64.566667	0.532709
-64.533333	0.528472
-64.500000	0.519032
-64.466667	0.505204
-64.433333	0.487784
-64.400000	0.467532
-64.366667	0.445177
-64.333333	0.421413
-64.300000	0.396878
-64.266667	0.372140
-64.233333	0.347646
-64.200000	0.323813
-64.166667	0.301002
-64.133333	0.279472
-64.100000	0.259431
-64.066667	0.240999
-64.033333	0.224250
-64.000000	0.209247
-63.966667	0.195972
-63.933333	0.184361
-63.900000	0.174339
-63.866667	0.165778
-63.833333	0.158423
-63.800000	0.152090
-63.766667	0.146621
-63.733333	0.141823
-63.700000	0.137528
-63.666667	0.133573
-63.633333	0.129840
-63.600000	0.126263
-63.566667	0.122840
-63.533333	0.119621
-63.500000	0.116641
-63.466667	0.113978
-63.433333	0.111753
-63.400000	0.110062
-63.366667	0.109001
-63.333333	0.108621
-63.300000	0.108938
-63.266667	0.109896
-63.233333	0.111410
-63.200000	0.113402
-63.166667	0.115698
-63.133333	0.118089
-63.100000	0.120366
-63.066667	0.122310
-63.033333	0.123747
-63.000000	0.124496
-62.966667	0.124352
-62.933333	0.123144
-62.900000	0.120746
-62.866667	0.117056
-62.833333	0.112001
-62.800000	0.105625
-62.766667	0.097994
-62.733333	0.089185
-62.700000	0.079364
-62.666667	0.068716
-62.633333	0.057490
-62.600000	0.045972
-62.566667	0.034468
-62.533333	0.023301
-62.500000	0.012796
-62.466667	0.003292
-62.433333	-0.004981
-62.400000	-0.011829
-62.366667	-0.017109
-62.333333	-0.020762
-62.300000	-0.022759
-62.266667	-0.023141
-62.233333	-0.022018
-62.200000	-0.019591
-62.166667	-0.016081
-62.133333	-0.011707
-62.100000	-0.006732
-62.066667	-0.001428
-62.033333	0.003953
-62.000000	0.009184
-61.966667	0.014046
-61.933333	0.018353
-61.900000	0.022003
-61.866667	0.024841
-61.833333	0.026830
-61.800000	0.027980
-61.766667	0.028305
-61.733333	0.027818
-61.700000	0.026638
-61.666667	0.024846
-61.633333	0.022586
-61.600000	0.020004
-61.566667	0.017232
-61.533333	0.014385
-61.500000	0.011573
-61.466667	0.008879
-61.433333	0.006318
-61.400000	0.003932
-61.366667	0.001725
-61.333333	-0.000326
-61.300000	-0.002231
-61.266667	-0.004031
-61.233333	-0.005802
-61.200000	-0.007607
-61.166667	-0.009457
-61.133333	-0.011357
-61.100000	-0.013325
-61.066667	-0.015325
-61.033333	-0.017293
-61.000000	-0.019159
-60.966667	-0.020861
-60.933333	-0.022313
-60.900000	-0.023436
-60.866667	-0.024201
-60.833333	-0.024501
-60.800000	-0.024323
-60.766667	-0.023656
-60.733333	-0.022490
-60.700000	-0.020859
-60.666667	-0.018779
-60.633333	-0.016285
-60.600000	-0.013411
-60.566667	-0.010267
-60.533333	-0.006914
-60.500000	-0.003421
-60.466667	0.000142
-60.433333	0.003692
-60.400000	0.007134
-60.366667	0.010414
-60.333333	0.013423
-60.300000	0.016096
-60.266667	0.018358
-60.233333	0.020102
-60.200000	0.021262
-60.166667	0.021784
-60.133333	0.021633
-60.100000	0.020787
-60.066667	0.019245
-60.033333	0.017020
-60.000000	0.014140
-59.966667	0.010656
-59.933333	0.006637
-59.900000	0.002162
-59.866667	-0.002673
-59.833333	-0.007767
-59.800000	-0.013010
-59.766667	-0.018262
-59.733333	-0.023411
-59.700000	-0.028344
-59.666667	-0.032909
-59.633333	-0.037029
-59.600000	-0.040649
-59.566667	-0.043756
-59.533333	-0.046292
-59.500000	-0.048267
-59.466667	-0.049687
-59.433333	-0.050545
-59.400000	-0.050905
-59.366667	-0.050776
-59.333333	-0.050223
-59.300000	-0.049261
-59.266667	-0.047939
-59.233333	-0.046314
-59.200000	-0.044428
-59.166667	-0.042344
-59.133333	-0.040112
-59.100000	-0.037774
-59.066667	-0.035359
-59.033333	-0.032898
-59.000000	-0.030422
-58.966667	-0.027914
-58.933333	-0.025398
-58.900000	-0.022859
-58.866667	-0.020297
-58.833333	-0.017664
-58.800000	-0.014971
-58.766667	-0.012204
-58.733333	-0.009371
-58.700000	-0.006493
-58.666667	-0.003614
-58.633333	-0.000819
-58.600000	0.001842
-58.566667	0.004319
-58.533333	0.006568
-58.500000	0.008550
-58.466667	0.010245
-58.433333	0.011641
-58.400000	0.012678
-58.366667	0.013362
-58.333333	0.013698
-58.300000	0.013685
-58.266667	0.013339
-58.233333	0.012669
-58.200000	0.011682
-58.166667	0.010412
-58.133333	0.008918
-58.100000	0.007252
-58.066667	0.005473
-58.033333	0.003613
-58.000000	0.001699
-57.966667	-0.000222
-57.933333	-0.002145
-57.900000	-0.004030
-57.866667	-0.005867
-57.833333	-0.007627
-57.800000	-0.009338
-57.766667	-0.010977
-57.733333	-0.012555
-57.700000	-0.014062
-57.666667	-0.015465
-57.633333	-0.016799
-57.600000	-0.018012
-57.566667	-0.019106
-57.533333	-0.020075
-57.500000	-0.020910
-57.466667	-0.021615
-57.433333	-0.022211
-57.400000	-0.022723
-57.366667	-0.023153
-57.333333	-0.023461
-57.300000	-0.023684
-57.266667	-0.023815
-57.233333	-0.023865
-57.200000	-0.023816
-57.166667	-0.023656
-57.133333	-0.023362
-57.100000	-0.022949
-57.066667	-0.022423
-57.033333	-0.021805
-57.000000	-0.021104
-56.966667	-0.020306
-56.933333	-0.019388
-56.900000	-0.018336
-56.866667	-0.017126
-56.833333	-0.015733
-56.800000	-0.014137
-56.766667	-0.012357
-56.733333	-0.010364
-56.700000	-0.008187
-56.666667	-0.005847
-56.633333	-0.003455
-56.600000	-0.001018
-56.566667	0.001352
-56.533333	0.003585
-56.500000	0.005597
-56.466667	0.007292
-56.433333	0.008610
-56.400000	0.009509
-56.366667	0.009981
-56.333333	0.010019
-56.300000	0.009596
-56.266667	0.008731
-56.233333	0.007441
-56.200000	0.005765
-56.166667	0.003735
-56.133333	0.001422
-56.100000	-0.001136
-56.066667	-0.003863
-56.033333	-0.006667
-56.000000	-0.009427
-55.966667	-0.012058
-55.933333	-0.014455
-55.900000	-0.016503
-55.866667	-0.018212
-55.833333	-0.019550
-55.800000	-0.020532
-55.766667	-0.021175
-55.733333	-0.021450
-55.700000	-0.021426
-55.666667	-0.021122
-55.633333	-0.020615
-55.600000	-0.019934
-55.566667	-0.019148
-55.533333	-0.018283
-55.500000	-0.017379
-55.466667	-0.016439
-55.433333	-0.015463
-55.400000	-0.014487
-55.366667	-0.013521
-55.333333	-0.012567
-55.300000	-0.011642
-55.266667	-0.010771
-55.233333	-0.009944
-55.200000	-0.009153
-55.166667	-0.008381
-55.133333	-0.007605
-55.100000	-0.006818
-55.066667	-0.005988
-55.033333	-0.005093
-55.000000	-0.004116
-54.966667	-0.003077
-54.933333	-0.001974
-54.900000	-0.000809
-54.866667	0.000317
-54.833333	0.001428
-54.800000	0.002489
-54.766667	0.003493
-54.733333	0.004426
-54.700000	0.005244
-54.666667	0.005933
-54.633333	0.006461
-54.600000	0.006807
-54.566667	0.006941
-54.533333	0.006834
-54.500000	0.006454
-54.466667	0.005767
-54.433333	0.004702
-54.400000	0.003189
-54.366667	0.001239
-54.333333	-0.001137
-54.300000	-0.003926
-54.266667	-0.007104
-54.233333	-0.010617
-54.200000	-0.014361
-54.166667	-0.018259
-54.133333	-0.022217
-54.100000	-0.026147
-54.066667	-0.029953
-54.033333	-0.033517
-54.000000	-0.036715
-53.966667	-0.039428
-53.933333	-0.041542
-53.900000	-0.042970
-53.866667	-0.043698
-53.833333	-0.043648
-53.800000	-0.042849
-53.766667	-0.041317
-53.733333	-0.039118
-53.700000	-0.036337
-53.666667	-0.033106
-53.633333	-0.029549
-53.600000	-0.025781
-53.566667	-0.021941
-53.533333	-0.018167
-53.500000	-0.014568
-53.466667	-0.011242
-53.433333	-0.008268
-53.400000	-0.005673
-53.366667	-0.003437
-53.333333	-0.001565
-53.300000	-0.000031
-53.266667	0.001212
-53.233333	0.002232
-53.200000	0.003105
-53.166667	0.003858
-53.133333	0.004543
-53.100000	0.005230
-53.066667	0.005949
-53.033333	0.006752
-53.000000	0.007661
-52.966667	0.008672
-52.933333	0.009758
-52.900000	0.010919
-52.866667	0.012067
-52.833333	0.013188
-52.800000	0.014182
-52.766667	0.014987
-52.733333	0.015506
-52.700000	0.015698
-52.666667	0.015508
-52.633333	0.014945
-52.600000	0.013994
-52.566667	0.012665
-52.533333	0.011008
-52.500000	0.009093
-52.466667	0.006974
-52.433333	0.004730
-52.400000	0.002434
-52.366667	0.000146
-52.333333	-0.002065
-52.300000	-0.004126
-52.266667	-0.005948
-52.233333	-0.007492
-52.200000	-0.008742
-52.166667	-0.009674
-52.133333	-0.010258
-52.100000	-0.010484
-52.066667	-0.010389
-52.033333	-0.009983
-52.000000	-0.009318
-51.966667	-0.008453
-51.933333	-0.007429
-51.900000	-0.006301
-51.866667	-0.005183
-51.833333	-0.004114
-51.800000	-0.003188
-51.766667	-0.002455
-51.733333	-0.001920
-51.700000	-0.001560
-51.666667	-0.001362
-51.633333	-0.001284
-51.600000	-0.001282
-51.566667	-0.001280
-51.533333	-0.001215
-51.500000	-0.001076
-51.466667	-0.000802
-51.433333	-0.000353
-51.400000	0.000305
-51.366667	0.001153
-51.333333	0.002245
-51.300000	0.003567
-51.266667	0.005112
-51.233333	0.006828
-51.200000	0.008679
-51.166667	0.010618
-51.133333	0.012610
-51.100000	0.014576
-51.066667	0.016449
-51.033333	0.018155
-51.000000	0.019573
-50.966667	0.020619
-50.933333	0.021237
-50.900000	0.021298
-50.866667	0.020762
-50.833333	0.019582
-50.800000	0.017776
-50.766667	0.015407
-50.733333	0.012551
-50.700000	0.009289
-50.666667	0.005717
-50.633333	0.001944
-50.600000	-0.001914
-50.566667	-0.005727
-50.533333	-0.009357
-50.500000	-0.012669
-50.466667	-0.015501
-50.433333	-0.017811
-50.400000	-0.019521
-50.366667	-0.020623
-50.333333	-0.021071
-50.300000	-0.020926
-50.266667	-0.020240
-50.233333	-0.019080
-50.200000	-0.017534
-50.166667	-0.015733
-50.133333	-0.013770
-50.100000	-0.011769
-50.066667	-0.009838
-50.033333	-0.008085
-50.000000	-0.006608
-49.966667	-0.005395
-49.933333	-0.004502
-49.900000	-0.003935
-49.866667	-0.003628
-49.833333	-0.003537
-49.800000	-0.003568
-49.766667	-0.003636
-49.733333	-0.003684
-49.700000	-0.003638
-49.666667	-0.003445
-49.633333	-0.003010
-49.600000	-0.002331
-49.566667	-0.001328
-49.533333	-0.000002
-49.500000	0.001646
-49.466667	0.003563
-49.433333	0.005689
-49.400000	0.007958
-49.366667	0.010246
-49.333333	0.012428
-49.300000	0.014371
-49.266667	0.015934
-49.233333	0.016999
-49.200000	0.017463
-49.166667	0.017239
-49.133333	0.016302
-49.100000	0.014647
-49.066667	0.012299
-49.033333	0.009336
-49.000000	0.005871
-48.966667	0.002056
-48.933333	-0.001984
-48.900000	-0.006072
-48.866667	-0.010040
-48.833333	-0.013735
-48.800000	-0.017037
-48.766667	-0.019829
-48.733333	-0.022067
-48.700000	-0.023689
-48.666667	-0.024684
-48.633333	-0.025052
-48.600000	-0.024871
-48.566667	-0.024141
-48.533333	-0.022957
-48.500000	-0.021369
-48.466667	-0.019464
-48.433333	-0.017340
-48.400000	-0.015159
-48.366667	-0.012994
-48.333333	-0.011002
-48.300000	-0.009257
-48.266667	-0.007844
-48.233333	-0.006813
-48.200000	-0.006199
-48.166667	-0.006015
-48.133333	-0.006252
-48.100000	-0.006836
-48.066667	-0.007727
-48.033333	-0.008824
-48.000000	-0.010035
-47.966667	-0.011255
-47.933333	-0.012364
-47.900000	-0.013280
-47.866667	-0.013934
-47.833333	-0.014281
-47.800000	-0.014306
-47.766667	-0.013977
-47.733333	-0.013310
-47.700000	-0.012320
-47.666667	-0.011058
-47.633333	-0.009584
-47.600000	-0.007947
-47.566667	-0.006210
-47.533333	-0.004441
-47.500000	-0.002717
-47.466667	-0.001128
-47.433333	0.000239
-47.400000	0.001321
-47.366667	0.002084
-47.333333	0.002444
-47.300000	0.002415
-47.266667	0.001984
-47.233333	0.001172
-47.200000	0.000020
-47.166667	-0.001414
-47.133333	-0.003052
-47.100000	-0.004795
-47.066667	-0.006605
-47.033333	-0.008386
-47.000000	-0.010082
-46.966667	-0.011626
-46.933333	-0.012967
-46.900000	-0.014087
-46.866667	-0.014968
-46.833333	-0.015581
-46.800000	-0.015911
-46.766667	-0.015950
-46.733333	-0.015736
-46.700000	-0.015307
-46.666667	-0.014704
-46.633333	-0.013963
-46.600000	-0.013123
-46.566667	-0.012242
-46.533333	-0.011375
-46.500000	-0.010594
-46.466667	-0.009939
-46.433333	-0.009436
-46.400000	-0.009083
-46.366667	-0.008873
-46.333333	-0.008769
-46.300000	-0.008734
-46.266667	-0.008713
-46.233333	-0.008646
-46.200000	-0.008460
-46.166667	-0.008086
-46.133333	-0.007511
-46.100000	-0.006706
-46.066667	-0.005675
-46.033333	-0.004409
-46.000000	-0.002906
-45.966667	-0.001229
-45.933333	0.000608
-45.900000	0.002526
-45.866667	0.004494
-45.833333	0.006429
-45.800000	0.008257
-45.766667	0.009893
-45.733333	0.011293
-45.700000	0.012426
-45.666667	0.013256
-45.633333	0.013742
-45.600000	0.013836
-45.566667	0.013500
-45.533333	0.012707
-45.500000	0.011457
-45.466667	0.009809
-45.433333	0.007813
-45.400000	0.005544
-45.366667	0.003082
-45.333333	0.000522
-45.300000	-0.002036
-45.266667	-0.004495
-45.233333	-0.006777
-45.200000	-0.008838
-45.166667	-0.010657
-45.133333	-0.012257
-45.100000	-0.013620
-45.066667	-0.014756
-45.033333	-0.015661
-45.000000	-0.016371
-44.966667	-0.016941
-44.933333	-0.017378
-44.900000	-0.017699
-44.866667	-0.017912
-44.833333	-0.018030
-44.800000	-0.018020
-44.766667	-0.017862
-44.733333	-0.017543
-44.700000	-0.017077
-44.666667	-0.016461
-44.633333	-0.015690
-44.600000	-0.014804
-44.566667	-0.013798
-44.533333	-0.012674
-44.500000	-0.011428
-44.466667	-0.010062
-44.433333	-0.008600
-44.400000	-0.007074
-44.366667	-0.005513
-44.333333	-0.003956
-44.300000	-0.002449
-44.266667	-0.001029
-44.233333	0.000246
-44.200000	0.001322
-44.166667	0.002167
-44.133333	0.002741
-44.100000	0.003043
-44.066667	0.003095
-44.033333	0.002903
-44.000000	0.002451
-43.966667	0.001756
-43.933333	0.000843
-43.900000	-0.000233
-43.866667	-0.001497
-43.833333	-0.002891
-43.800000	-0.004382
-43.766667	-0.005942
-43.733333	-0.007540
-43.700000	-0.009117
-43.666667	-0.010613
-43.633333	-0.011998
-43.600000	-0.013274
-43.566667	-0.014405
-43.533333	-0.015392
-43.500000	-0.016207
-43.466667	-0.016877
-43.433333	-0.017411
-43.400000	-0.017828
-43.366667	-0.018138
-43.333333	-0.018344
-43.300000	-0.018444
-43.266667	-0.018440
-43.233333	-0.018319
-43.200000	-0.018109
-43.166667	-0.017804
-43.133333	-0.017401
-43.100000	-0.016897
-43.066667	-0.016303
-43.033333	-0.015656
-43.000000	-0.014983
-42.966667	-0.014285
-42.933333	-0.013571
-42.900000	-0.012840
-42.866667	-0.012098
-42.833333	-0.011325
-42.800000	-0.010544
-42.766667	-0.009739
-42.733333	-0.008944
-42.700000	-0.008136
-42.666667	-0.007331
-42.633333	-0.006539
-42.600000	-0.005777
-42.566667	-0.005050
-42.533333	-0.004369
-42.500000	-0.003729
-42.466667	-0.003156
-42.433333	-0.002616
-42.400000	-0.002129
-42.366667	-0.001684
-42.333333	-0.001278
-42.300000	-0.000900
-42.266667	-0.000557
-42.233333	-0.000256
-42.200000	-0.000022
-42.166667	0.000158
-42.133333	0.000278
-42.100000	0.000336
-42.066667	0.000333
-42.033333	0.000283
-42.000000	0.000200
-41.966667	0.000086
-41.933333	-0.000077
-41.900000	-0.000242
-41.866667	-0.000450
-41.833333	-0.000698
-41.800000	-0.001007
-41.766667	-0.001369
-41.733333	-0.001800
-41.700000	-0.002272
-41.666667	-0.002798
-41.633333	-0.003364
-41.600000	-0.003990
-41.566667	-0.004657
-41.533333	-0.005379
-41.500000	-0.006134
-41.466667	-0.006929
-41.433333	-0.007763
-41.400000	-0.008653
-41.366667	-0.009582
-41.333333	-0.010537
-41.300000	-0.011499
-41.266667	-0.012465
-41.233333	-0.013405
-41.200000	-0.014280
-41.166667	-0.015066
-41.133333	-0.015727
-41.100000	-0.016219
-41.066667	-0.016526
-41.033333	-0.016621
-41.000000	-0.016488
-40.966667	-0.016135
-40.933333	-0.015571
-40.900000	-0.014765
-40.866667	-0.013785
-40.833333	-0.012606
-40.800000	-0.011266
-40.766667	-0.009778
-40.733333	-0.008157
-40.700000	-0.006429
-40.666667	-0.004642
-40.633333	-0.002831
-40.600000	-0.001039
-40.566667	0.000711
-40.533333	0.002390
-40.500000	0.003985
-40.466667	0.005449
-40.433333	0.006747
-40.400000	0.007900
-40.366667	0.008896
-40.333333	0.009734
-40.300000	0.010405
-40.266667	0.010900
-40.233333	0.011209
-40.200000	0.011310
-40.166667	0.011218
-40.133333	0.010910
-40.100000	0.010451
-40.066667	0.009795
-40.033333	0.008983
-40.000000	0.008016
-39.966667	0.006903
-39.933333	0.005661
-39.900000	0.004315
-39.866667	0.002867
-39.833333	0.001348
-39.800000	-0.000228
-39.766667	-0.001830
-39.733333	-0.003446
-39.700000	-0.005034
-39.666667	-0.006581
-39.633333	-0.008035
-39.600000	-0.009365
-39.566667	-0.010511
-39.533333	-0.011437
-39.500000	-0.012116
-39.466667	-0.012520
-39.433333	-0.012625
-39.400000	-0.012359
-39.366667	-0.011750
-39.333333	-0.010814
-39.300000	-0.009588
-39.266667	-0.008094
-39.233333	-0.006330
-39.200000	-0.004365
-39.166667	-0.002194
-39.133333	0.000140
-39.100000	0.002618
-39.066667	0.005106
-39.033333	0.007585
-39.000000	0.010012
-38.966667	0.012322
-38.933333	0.014445
-38.900000	0.016318
-38.866667	0.017899
-38.833333	0.019168
-38.800000	0.020136
-38.766667	0.020823
-38.733333	0.021229
-38.700000	0.021387
-38.666667	0.021310
-38.633333	0.021020
-38.600000	0.020550
-38.566667	0.019942
-38.533333	0.019222
-38.500000	0.018435
-38.466667	0.017616
-38.433333	0.016797
-38.400000	0.016009
-38.366667	0.015255
-38.333333	0.014544
-38.300000	0.013897
-38.266667	0.013328
-38.233333	0.012834
-38.200000	0.012366
-38.166667	0.011919
-38.133333	0.011461
-38.100000	0.010931
-38.066667	0.010282
-38.033333	0.009524
-38.000000	0.008673
-37.966667	0.007682
-37.933333	0.006571
-37.900000	0.005405
-37.866667	0.004197
-37.833333	0.003015
-37.800000	0.001915
-37.766667	0.000938
-37.733333	0.000126
-37.700000	-0.000477
-37.666667	-0.000833
-37.633333	-0.000920
-37.600000	-0.000723
-37.566667	-0.000254
-37.533333	0.000471
-37.500000	0.001431
-37.466667	0.002601
-37.433333	0.003952
-37.400000	0.005434
-37.366667	0.006989
-37.333333	0.008547
-37.300000	0.010030
-37.266667	0.011359
-37.233333	0.012479
-37.200000	0.013353
-37.166667	0.013953
-37.133333	0.014282
-37.100000	0.014338
-37.066667	0.014141
-37.033333	0.013723
-37.000000	0.013151
-36.966667	0.012446
-36.933333	0.011684
-36.900000	0.010896
-36.866667	0.010113
-36.833333	0.009400
-36.800000	0.008787
-36.766667	0.008312
-36.733333	0.008008
-36.700000	0.007891
-36.666667	0.007954
-36.633333	0.008183
-36.600000	0.008554
-36.566667	0.009040
-36.533333	0.009613
-36.500000	0.010186
-36.466667	0.010740
-36.433333	0.011203
-36.400000	0.011516
-36.366667	0.011636
-36.333333	0.011518
-36.300000	0.011132
-36.266667	0.010458
-36.233333	0.009515
-36.200000	0.008293
-36.166667	0.006819
-36.133333	0.005149
-36.100000	0.003336
-36.066667	0.001432
-36.033333	-0.000510
-36.000000	-0.002407
-35.966667	-0.004243
-35.933333	-0.005954
-35.900000	-0.007517
-35.866667	-0.008883
-35.833333	-0.010050
-35.800000	-0.011005
-35.766667	-0.011729
-35.733333	-0.012205
-35.700000	-0.012435
-35.666667	-0.012419
-35.633333	-0.012162
-35.600000	-0.011696
-35.566667	-0.011043
-35.533333	-0.010252
-35.500000	-0.009357
-35.466667	-0.008354
-35.433333	-0.007306
-35.400000	-0.006253
-35.366667	-0.005221
-35.333333	-0.004237
-35.300000	-0.003339
-35.266667	-0.002543
-35.233333	-0.001862
-35.200000	-0.001317
-35.166667	-0.000874
-35.133333	-0.000524
-35.100000	-0.000263
-35.066667	-0.000089
-35.033333	-0.000005
-35.000000	-0.000006
-34.966667	-0.000098
-34.933333	-0.000265
-34.900000	-0.000524
-34.866667	-0.000882
-34.833333	-0.001334
-34.800000	-0.001861
-34.766667	-0.002481
-34.733333	-0.003148
-34.700000	-0.003869
-34.666667	-0.004637
-34.633333	-0.005444
-34.600000	-0.006282
-34.566667	-0.007141
-34.533333	-0.008019
-34.500000	-0.008903
-34.466667	-0.009809
-34.433333	-0.010731
-34.400000	-0.011660
-34.366667	-0.012546
-34.333333	-0.013357
-34.300000	-0.014076
-34.266667	-0.014694
-34.233333	-0.015188
-34.200000	-0.015510
-34.166667	-0.015622
-34.133333	-0.015484
-34.100000	-0.015161
-34.066667	-0.014550
-34.033333	-0.013695
-34.000000	-0.012586
-33.966667	-0.011240
-33.933333	-0.009677
-33.900000	-0.007924
-33.866667	-0.006005
-33.833333	-0.003943
-33.800000	-0.001767
-33.766667	0.000443
-33.733333	0.002698
-33.700000	0.004919
-33.666667	0.007073
-33.633333	0.009116
-33.600000	0.011010
-33.566667	0.012708
-33.533333	0.014170
-33.500000	0.015389
-33.466667	0.016367
-33.433333	0.017103
-33.400000	0.017629
-33.366667	0.017962
-33.333333	0.018119
-33.300000	0.018098
-33.266667	0.017915
-33.233333	0.017615
-33.200000	0.017226
-33.166667	0.016757
-33.133333	0.016197
-33.100000	0.015521
-33.066667	0.014818
-33.033333	0.014006
-33.000000	0.013141
-32.966667	0.012168
-32.933333	0.011135
-32.900000	0.010036
-32.866667	0.008883
-32.833333	0.007683
-32.800000	0.006435
-32.766667	0.005123
-32.733333	0.003777
-32.700000	0.002387
-32.666667	0.000971
-32.633333	-0.000455
-32.600000	-0.001873
-32.566667	-0.003263
-32.533333	-0.004599
-32.500000	-0.005845
-32.466667	-0.006979
-32.433333	-0.007990
-32.400000	-0.008844
-32.366667	-0.009552
-32.333333	-0.010122
-32.300000	-0.010554
-32.266667	-0.010840
-32.233333	-0.010982
-32.200000	-0.010985
-32.166667	-0.010865
-32.133333	-0.010654
-32.100000	-0.010348
-32.066667	-0.009956
-32.033333	-0.009521
-32.000000	-0.009022
-31.966667	-0.008510
-31.933333	-0.007949
-31.900000	-0.007382
-31.866667	-0.006795
-31.833333	-0.006214
-31.800000	-0.005633
-31.766667	-0.005061
-31.733333	-0.004492
-31.700000	-0.003931
-31.666667	-0.003373
-31.633333	-0.002819
-31.600000	-0.002272
-31.566667	-0.001734
-31.533333	-0.001208
-31.500000	-0.000697
-31.466667	-0.000200
-31.433333	0.000282
-31.400000	0.000744
-31.366667	0.001175
-31.333333	0.001567
-31.300000	0.001929
-31.266667	0.002262
-31.233333	0.002552
-31.200000	0.002791
-31.166667	0.002966
-31.133333	0.003069
-31.100000	0.003104
-31.066667	0.003046
-31.033333	0.002873
-31.000000	0.002614
-30.966667	0.002231
-30.933333	0.001747
-30.900000	0.001161
-30.866667	0.000474
-30.833333	-0.000320
-30.800000	-0.001195
-30.766667	-0.002156
-30.733333	-0.003188
-30.700000	-0.004288
-30.666667	-0.005438
-30.633333	-0.006626
-30.600000	-0.007831
-30.566667	-0.009036
-30.533333	-0.010182
-30.500000	-0.011233
-30.466667	-0.012125
-30.433333	-0.012820
-30.400000	-0.013296
-30.366667	-0.013556
-30.333333	-0.013568
-30.300000	-0.013331
-30.266667	-0.012849
-30.233333	-0.012115
-30.200000	-0.011164
-30.166667	-0.010010
-30.133333	-0.008676
-30.100000	-0.007205
-30.066667	-0.005631
-30.033333	-0.003991
-30.000000	-0.002315
-29.966667	-0.000627
-29.933333	0.001058
-29.900000	0.002709
-29.866667	0.004278
-29.833333	0.005733
-29.800000	0.007051
-29.766667	0.008208
-29.733333	0.009194
-29.700000	0.009981
-29.666667	0.010589
-29.633333	0.011011
-29.600000	0.011258
-29.566667	0.011349
-29.533333	0.011317
-29.500000	0.011163
-29.466667	0.010919
-29.433333	0.010577
-29.400000	0.010142
-29.366667	0.009621
-29.333333	0.009037
-29.300000	0.008411
-29.266667	0.007734
-29.233333	0.007030
-29.200000	0.006291
-29.166667	0.005506
-29.133333	0.004707
-29.100000	0.003857
-29.066667	0.002996
-29.033333	0.002126
-29.000000	0.001263
-28.966667	0.000428
-28.933333	-0.000360
-28.900000	-0.001086
-28.866667	-0.001722
-28.833333	-0.002237
-28.800000	-0.002617
-28.766667	-0.002849
-28.733333	-0.002916
-28.700000	-0.002821
-28.666667	-0.002546
-28.633333	-0.002122
-28.600000	-0.001574
-28.566667	-0.000884
-28.533333	-0.000029
-28.500000	0.000918
-28.466667	0.001996
-28.433333	0.003156
-28.400000	0.004368
-28.366667	0.005610
-28.333333	0.006863
-28.300000	0.008061
-28.266667	0.009167
-28.233333	0.010142
-28.200000	0.010928
-28.166667	0.011480
-28.133333	0.011806
-28.100000	0.011859
-28.066667	0.011668
-28.033333	0.011217
-28.000000	0.010517
-27.966667	0.009593
-27.933333	0.008478
-27.900000	0.007209
-27.866667	0.005815
-27.833333	0.004299
-27.800000	0.002666
-27.766667	0.000985
-27.733333	-0.000736
-27.700000	-0.002459
-27.666667	-0.004151
-27.633333	-0.005806
-27.600000	-0.007418
-27.566667	-0.008931
-27.533333	-0.010378
-27.500000	-0.011800
-27.466667	-0.013138
-27.433333	-0.014452
-27.400000	-0.015733
-27.366667	-0.016990
-27.333333	-0.018251
-27.300000	-0.019552
-27.266667	-0.020866
-27.233333	-0.022234
-27.200000	-0.023653
-27.166667	-0.025124
-27.133333	-0.026645
-27.100000	-0.028215
-27.066667	-0.029823
-27.033333	-0.031464
-27.000000	-0.033142
-26.966667	-0.034838
-26.933333	-0.036534
-26.900000	-0.038217
-26.866667	-0.039869
-26.833333	-0.041474
-26.800000	-0.043007
-26.766667	-0.044422
-26.733333	-0.045714
-26.700000	-0.046835
-26.666667	-0.047784
-26.633333	-0.048562
-26.600000	-0.049152
-26.566667	-0.049533
-26.533333	-0.049718
-26.500000	-0.049697
-26.466667	-0.049470
-26.433333	-0.049045
-26.400000	-0.048425
-26.366667	-0.047622
-26.333333	-0.046655
-26.300000	-0.045525
-26.266667	-0.044265
-26.233333	-0.042903
-26.200000	-0.041477
-26.166667	-0.040012
-26.133333	-0.038521
-26.100000	-0.037029
-26.066667	-0.035551
-26.033333	-0.034113
-26.000000	-0.032728
-25.966667	-0.031398
-25.933333	-0.030127
-25.900000	-0.028922
-25.866667	-0.027791
-25.833333	-0.026731
-25.800000	-0.025727
-25.766667	-0.024772
-25.733333	-0.023863
-25.700000	-0.023007
-25.666667	-0.022202
-25.633333	-0.021440
-25.600000	-0.020714
-25.566667	-0.020022
-25.533333	-0.019364
-25.500000	-0.018735
-25.466667	-0.018122
-25.433333	-0.017517
-25.400000	-0.016909
-25.366667	-0.016298
-25.333333	-0.015688
-25.300000	-0.015073
-25.266667	-0.014478
-25.233333	-0.013904
-25.200000	-0.013361
-25.166667	-0.012843
-25.133333	-0.012342
-25.100000	-0.011852
-25.066667	-0.011343
-25.033333	-0.010788
-25.000000	-0.010161
-24.966667	-0.009442
-24.933333	-0.008617
-24.900000	-0.007671
-24.866667	-0.006580
-24.833333	-0.005325
-24.800000	-0.003909
-24.766667	-0.002346
-24.733333	-0.000655
-24.700000	0.001171
-24.666667	0.003091
-24.633333	0.005085
-24.600000	0.007117
-24.566667	0.009147
-24.533333	0.011135
-24.500000	0.013039
-24.466667	0.014815
-24.433333	0.016425
-24.400000	0.017840
-24.366667	0.019032
-24.333333	0.019980
-24.300000	0.020671
-24.266667	0.021095
-24.233333	0.021244
-24.200000	0.021114
-24.166667	0.020720
-24.133333	0.020091
-24.100000	0.019255
-24.066667	0.018238
-24.033333	0.017067
-24.000000	0.015786
-23.966667	0.014435
-23.933333	0.013059
-23.900000	0.011700
-23.866667	0.010383
-23.833333	0.009115
-23.800000	0.007901
-23.766667	0.006753
-23.733333	0.005685
-23.700000	0.004700
-23.666667	0.003774
-23.633333	0.002917
-23.600000	0.002115
-23.566667	0.001366
-23.533333	0.000669
-23.500000	0.000018
-23.466667	-0.000574
-23.433333	-0.001102
-23.400000	-0.001564
-23.366667	-0.001929
-23.333333	-0.002200
-23.300000	-0.002373
-23.266667	-0.002440
-23.233333	-0.002405
-23.200000	-0.002264
-23.166667	-0.002010
-23.133333	-0.001637
-23.100000	-0.001149
-23.066667	-0.000546
-23.033333	0.000186
-23.000000	0.001050
-22.966667	0.002034
-22.933333	0.003112
-22.900000	0.004287
-22.866667	0.005511
-22.833333	0.006775
-22.800000	0.008059
-22.766667	0.009347
-22.733333	0.010620
-22.700000	0.011852
-22.666667	0.013034
-22.633333	0.014147
-22.600000	0.015177
-22.566667	0.016113
-22.533333	0.016942
-22.500000	0.017654
-22.466667	0.018286
-22.433333	0.018836
-22.400000	0.019311
-22.366667	0.019745
-22.333333	0.020142
-22.300000	0.020541
-22.266667	0.020973
-22.233333	0.021468
-22.200000	0.022057
-22.166667	0.022765
-22.133333	0.023602
-22.100000	0.024577
-22.066667	0.025690
-22.033333	0.026934
-22.000000	0.028293
-21.966667	0.029745
-21.933333	0.031266
-21.900000	0.032828
-21.866667	0.034367
-21.833333	0.035856
-21.800000	0.037240
-21.766667	0.038482
-21.733333	0.039567
-21.700000	0.040466
-21.666667	0.041173
-21.633333	0.041687
-21.600000	0.041997
-21.566667	0.042115
-21.533333	0.042067
-21.500000	0.041883
-21.466667	0.041597
-21.433333	0.041211
-21.400000	0.040758
-21.366667	0.040275
-21.333333	0.039799
-21.300000	0.039410
-21.266667	0.039117
-21.233333	0.038963
-21.200000	0.038966
-21.166667	0.039121
-21.133333	0.039398
-21.100000	0.039841
-21.066667	0.040390
-21.033333	0.041039
-21.000000	0.041758
-20.966667	0.042496
-20.933333	0.043198
-20.900000	0.043809
-20.866667	0.044290
-20.833333	0.044571
-20.800000	0.044659
-20.766667	0.044541
-20.733333	0.044225
-20.700000	0.043703
-20.666667	0.043008
-20.633333	0.042168
-20.600000	0.041233
-20.566667	0.040244
-20.533333	0.039203
-20.500000	0.038129
-20.466667	0.037057
-20.433333	0.036017
-20.400000	0.035013
-20.366667	0.034056
-20.333333	0.033169
-20.300000	0.032361
-20.266667	0.031570
-20.233333	0.030812
-20.200000	0.030086
-20.166667	0.029369
-20.133333	0.028633
-20.100000	0.027882
-20.066667	0.027062
-20.033333	0.026186
-20.000000	0.025210
-19.966667	0.024108
-19.933333	0.022866
-19.900000	0.021490
-19.866667	0.019979
-19.833333	0.018353
-19.800000	0.016687
-19.766667	0.014977
-19.733333	0.013295
-19.700000	0.011688
-19.666667	0.010229
-19.633333	0.008968
-19.600000	0.007929
-19.566667	0.007097
-19.533333	0.006471
-19.500000	0.006071
-19.466667	0.005904
-19.433333	0.005944
-19.400000	0.006160
-19.366667	0.006533
-19.333333	0.007016
-19.300000	0.007558
-19.266667	0.008118
-19.233333	0.008667
-19.200000	0.009165
-19.166667	0.009544
-19.133333	0.009749
-19.100000	0.009766
-19.066667	0.009597
-19.033333	0.009225
-19.000000	0.008657
-18.966667	0.007904
-18.933333	0.006975
-18.900000	0.005894
-18.866667	0.004679
-18.833333	0.003371
-18.800000	0.002006
-18.766667	0.000607
-18.733333	-0.000768
-18.700000	-0.002100
-18.666667	-0.003354
-18.633333	-0.004515
-18.600000	-0.005570
-18.566667	-0.006495
-18.533333	-0.007273
-18.500000	-0.007890
-18.466667	-0.008335
-18.433333	-0.008616
-18.400000	-0.008746
-18.366667	-0.008747
-18.333333	-0.008644
-18.300000	-0.008441
-18.266667	-0.008175
-18.233333	-0.007865
-18.200000	-0.007525
-18.166667	-0.007172
-18.133333	-0.006812
-18.100000	-0.006441
-18.066667	-0.006054
-18.033333	-0.005659
-18.000000	-0.005256
-17.966667	-0.004863
-17.933333	-0.004477
-17.900000	-0.004100
-17.866667	-0.003734
-17.833333	-0.003363
-17.800000	-0.002980
-17.766667	-0.002617
-17.733333	-0.002248
-17.700000	-0.001885
-17.666667	-0.001533
-17.633333	-0.001190
-17.600000	-0.000856
-17.566667	-0.000548
-17.533333	-0.000273
-17.500000	-0.000038
-17.466667	0.000160
-17.433333	0.000335
-17.400000	0.000438
-17.366667	0.000491
-17.333333	0.000493
-17.300000	0.000447
-17.266667	0.000330
-17.233333	0.000158
-17.200000	-0.000066
-17.166667	-0.000349
-17.133333	-0.000682
-17.100000	-0.001066
-17.066667	-0.001500
-17.033333	-0.001976
-17.000000	-0.002494
-16.966667	-0.003054
-16.933333	-0.003640
-16.900000	-0.004241
-16.866667	-0.004856
-16.833333	-0.005463
-16.800000	-0.006081
-16.766667	-0.006708
-16.733333	-0.007309
-16.700000	-0.007903
-16.666667	-0.008477
-16.633333	-0.008991
-16.600000	-0.009447
-16.566667	-0.009832
-16.533333	-0.010137
-16.500000	-0.010324
-16.466667	-0.010395
-16.433333	-0.010342
-16.400000	-0.010189
-16.366667	-0.009895
-16.333333	-0.009479
-16.300000	-0.008946
-16.266667	-0.008306
-16.233333	-0.007548
-16.200000	-0.006691
-16.166667	-0.005752
-16.133333	-0.004748
-16.100000	-0.003713
-16.066667	-0.002661
-16.033333	-0.001615
-16.000000	-0.000604
-15.966667	0.000351
-15.933333	0.001231
-15.900000	0.002025
-15.866667	0.002707
-15.833333	0.003278
-15.800000	0.003727
-15.766667	0.004065
-15.733333	0.004287
-15.700000	0.004403
-15.666667	0.004422
-15.633333	0.004360
-15.600000	0.004195
-15.566667	0.003953
-15.533333	0.003649
-15.500000	0.003304
-15.466667	0.002897
-15.433333	0.002458
-15.400000	0.001986
-15.366667	0.001495
-15.333333	0.000988
-15.300000	0.000468
-15.266667	-0.000061
-15.233333	-0.000586
-15.200000	-0.001127
-15.166667	-0.001675
-15.133333	-0.002237
-15.100000	-0.002810
-15.066667	-0.003384
-15.033333	-0.003963
-15.000000	-0.004537
-14.966667	-0.005097
-14.933333	-0.005635
-14.900000	-0.006137
-14.866667	-0.006590
-14.833333	-0.006986
-14.800000	-0.007319
-14.766667	-0.007576
-14.733333	-0.007780
-14.700000	-0.007920
-14.666667	-0.007976
-14.633333	-0.008010
-14.600000	-0.007997
-14.566667	-0.007895
-14.533333	-0.007759
-14.500000	-0.007593
-14.466667	-0.007403
-14.433333	-0.007194
-14.400000	-0.006985
-14.366667	-0.006786
-14.333333	-0.006614
-14.300000	-0.006476
-14.266667	-0.006378
-14.233333	-0.006303
-14.200000	-0.006227
-14.166667	-0.006187
-14.133333	-0.006138
-14.100000	-0.006085
-14.066667	-0.006013
-14.033333	-0.005917
-14.000000	-0.005793
-13.966667	-0.005644
-13.933333	-0.005477
-13.900000	-0.005291
-13.866667	-0.005083
-13.833333	-0.004860
-13.800000	-0.004623
-13.766667	-0.004376
-13.733333	-0.004146
-13.700000	-0.003918
-13.666667	-0.003713
-13.633333	-0.003578
-13.600000	-0.003466
-13.566667	-0.003409
-13.533333	-0.003463
-13.500000	-0.003596
-13.466667	-0.003824
-13.433333	-0.004152
-13.400000	-0.004567
-13.366667	-0.005074
-13.333333	-0.005652
-13.300000	-0.006291
-13.266667	-0.006971
-13.233333	-0.007658
-13.200000	-0.008325
-13.166667	-0.008993
-13.133333	-0.009575
-13.100000	-0.010091
-13.066667	-0.010516
-13.033333	-0.010829
-13.000000	-0.010998
-12.966667	-0.011064
-12.933333	-0.010987
-12.900000	-0.010792
-12.866667	-0.010491
-12.833333	-0.010099
-12.800000	-0.009625
-12.766667	-0.009121
-12.733333	-0.008596
-12.700000	-0.008085
-12.666667	-0.007616
-12.633333	-0.007218
-12.600000	-0.006924
-12.566667	-0.006751
-12.533333	-0.006690
-12.500000	-0.006752
-12.466667	-0.006959
-12.433333	-0.007306
-12.400000	-0.007758
-12.366667	-0.008306
-12.333333	-0.008911
-12.300000	-0.009554
-12.266667	-0.010183
-12.233333	-0.010748
-12.200000	-0.011201
-12.166667	-0.011520
-12.133333	-0.011686
-12.100000	-0.011688
-12.066667	-0.011542
-12.033333	-0.011239
-12.000000	-0.010786
-11.966667	-0.010232
-11.933333	-0.009558
-11.900000	-0.008829
-11.866667	-0.008057
-11.833333	-0.007270
-11.800000	-0.006500
-11.766667	-0.005778
-11.733333	-0.005115
-11.700000	-0.004530
-11.666667	-0.004035
-11.633333	-0.003645
-11.600000	-0.003376
-11.566667	-0.003223
-11.533333	-0.003187
-11.500000	-0.003299
-11.466667	-0.003538
-11.433333	-0.003865
-11.400000	-0.004248
-11.366667	-0.004679
-11.333333	-0.005149
-11.300000	-0.005635
-11.266667	-0.006111
-11.233333	-0.006582
-11.200000	-0.007021
-11.166667	-0.007458
-11.133333	-0.007928
-11.100000	-0.008430
-11.066667	-0.008976
-11.033333	-0.009551
-11.000000	-0.010163
-10.966667	-0.010833
-10.933333	-0.011564
-10.900000	-0.012350
-10.866667	-0.013196
-10.833333	-0.014091
-10.800000	-0.015012
-10.766667	-0.015927
-10.733333	-0.016821
-10.700000	-0.017654
-10.666667	-0.018426
-10.633333	-0.019119
-10.600000	-0.019722
-10.566667	-0.020216
-10.533333	-0.020584
-10.500000	-0.020820
-10.466667	-0.020903
-10.433333	-0.020827
-10.400000	-0.020583
-10.366667	-0.020180
-10.333333	-0.019625
-10.300000	-0.018912
-10.266667	-0.018024
-10.233333	-0.017048
-10.200000	-0.015962
-10.166667	-0.014795
-10.133333	-0.013612
-10.100000	-0.012409
-10.066667	-0.011210
-10.033333	-0.010056
-10.000000	-0.008979
-9.966667	-0.007995
-9.933333	-0.007108
-9.900000	-0.006328
-9.866667	-0.005675
-9.833333	-0.005148
-9.800000	-0.004752
-9.766667	-0.004491
-9.733333	-0.004351
-9.700000	-0.004339
-9.666667	-0.004470
-9.633333	-0.004739
-9.600000	-0.005132
-9.566667	-0.005640
-9.533333	-0.006257
-9.500000	-0.006971
-9.466667	-0.007752
-9.433333	-0.008568
-9.400000	-0.009399
-9.366667	-0.010215
-9.333333	-0.010998
-9.300000	-0.011719
-9.266667	-0.012372
-9.233333	-0.012988
-9.200000	-0.013498
-9.166667	-0.013930
-9.133333	-0.014323
-9.100000	-0.014646
-9.066667	-0.014899
-9.033333	-0.015080
-9.000000	-0.015196
-8.966667	-0.015241
-8.933333	-0.015206
-8.900000	-0.015092
-8.866667	-0.014891
-8.833333	-0.014626
-8.800000	-0.014278
-8.766667	-0.013855
-8.733333	-0.013355
-8.700000	-0.012802
-8.666667	-0.012217
-8.633333	-0.011583
-8.600000	-0.010921
-8.566667	-0.010244
-8.533333	-0.009565
-8.500000	-0.008888
-8.466667	-0.008221
-8.433333	-0.007577
-8.400000	-0.006916
-8.366667	-0.006271
-8.333333	-0.005610
-8.300000	-0.004943
-8.266667	-0.004296
-8.233333	-0.003689
-8.200000	-0.003145
-8.166667	-0.002683
-8.133333	-0.002305
-8.100000	-0.002030
-8.066667	-0.001852
-8.033333	-0.001795
-8.000000	-0.001862
-7.966667	-0.002041
-7.933333	-0.002320
-7.900000	-0.002689
-7.866667	-0.003131
-7.833333	-0.003648
-7.800000	-0.004208
-7.766667	-0.004811
-7.733333	-0.005435
-7.700000	-0.006083
-7.666667	-0.006748
-7.633333	-0.007413
-7.600000	-0.008092
-7.566667	-0.008772
-7.533333	-0.009451
-7.500000	-0.010110
-7.466667	-0.010714
-7.433333	-0.011234
-7.400000	-0.011647
-7.366667	-0.011975
-7.333333	-0.012166
-7.300000	-0.012256
-7.266667	-0.012247
-7.233333	-0.012147
-7.200000	-0.011958
-7.166667	-0.011689
-7.133333	-0.011356
-7.100000	-0.010983
-7.066667	-0.010570
-7.033333	-0.010137
-7.000000	-0.009690
-6.966667	-0.009243
-6.933333	-0.008806
-6.900000	-0.008384
-6.866667	-0.007974
-6.833333	-0.007586
-6.800000	-0.007228
-6.766667	-0.006902
-6.733333	-0.006606
-6.700000	-0.006352
-6.666667	-0.006142
-6.633333	-0.005969
-6.600000	-0.005848
-6.566667	-0.005769
-6.533333	-0.005730
-6.500000	-0.005727
-6.466667	-0.005756
-6.433333	-0.005835
-6.400000	-0.005967
-6.366667	-0.006137
-6.333333	-0.006349
-6.300000	-0.006594
-6.266667	-0.006906
-6.233333	-0.007259
-6.200000	-0.007647
-6.166667	-0.008069
-6.133333	-0.008536
-6.100000	-0.009048
-6.066667	-0.009602
-6.033333	-0.010190
-6.000000	-0.010786
-5.966667	-0.011390
-5.933333	-0.012008
-5.900000	-0.012629
-5.866667	-0.013225
-5.833333	-0.013794
-5.800000	-0.014338
-5.766667	-0.014841
-5.733333	-0.015293
-5.700000	-0.015692
-5.666667	-0.016031
-5.633333	-0.016310
-5.600000	-0.016555
-5.566667	-0.016758
-5.533333	-0.016902
-5.500000	-0.016998
-5.466667	-0.017068
-5.433333	-0.017119
-5.400000	-0.017158
-5.366667	-0.017195
-5.333333	-0.017247
-5.300000	-0.017311
-5.266667	-0.017406
-5.233333	-0.017496
-5.200000	-0.017593
-5.166667	-0.017666
-5.133333	-0.017744
-5.100000	-0.017793
-5.066667	-0.017781
-5.033333	-0.017683
-5.000000	-0.017486
-4.966667	-0.017202
-4.933333	-0.016829
-4.900000	-0.016364
-4.866667	-0.015822
-4.833333	-0.015204
-4.800000	-0.014526
-4.766667	-0.013782
-4.733333	-0.012999
-4.700000	-0.012170
-4.666667	-0.011352
-4.633333	-0.010570
-4.600000	-0.009847
-4.566667	-0.009192
-4.533333	-0.008628
-4.500000	-0.008172
-4.466667	-0.007894
-4.433333	-0.007779
-4.400000	-0.007823
-4.366667	-0.008020
-4.333333	-0.008352
-4.300000	-0.008805
-4.266667	-0.009361
-4.233333	-0.009972
-4.200000	-0.010613
-4.166667	-0.011266
-4.133333	-0.011933
-4.100000	-0.012573
-4.066667	-0.013165
-4.033333	-0.013726
-4.000000	-0.014231
-3.966667	-0.014680
-3.933333	-0.015070
-3.900000	-0.015404
-3.866667	-0.015676
-3.833333	-0.015863
-3.800000	-0.015979
-3.766667	-0.016020
-3.733333	-0.016004
-3.700000	-0.015923
-3.666667	-0.015823
-3.633333	-0.015683
-3.600000	-0.015518
-3.566667	-0.015325
-3.533333	-0.015104
-3.500000	-0.014845
-3.466667	-0.014571
-3.433333	-0.014233
-3.400000	-0.013829
-3.366667	-0.013380
-3.333333	-0.012851
-3.300000	-0.012255
-3.266667	-0.011600
-3.233333	-0.010882
-3.200000	-0.010129
-3.166667	-0.009360
-3.133333	-0.008589
-3.100000	-0.007832
-3.066667	-0.007083
-3.033333	-0.006357
-3.000000	-0.005627
-2.966667	-0.004904
-2.933333	-0.004206
-2.900000	-0.003538
-2.866667	-0.002905
-2.833333	-0.002328
-2.800000	-0.001793
-2.766667	-0.001338
-2.733333	-0.000969
-2.700000	-0.000690
-2.666667	-0.000531
-2.633333	-0.000485
-2.600000	-0.000539
-2.566667	-0.000679
-2.533333	-0.000905
-2.500000	-0.001189
-2.466667	-0.001503
-2.433333	-0.001835
-2.400000	-0.002179
-2.366667	-0.002522
-2.333333	-0.002826
-2.300000	-0.003105
-2.266667	-0.003330
-2.233333	-0.003509
-2.200000	-0.003657
-2.166667	-0.003783
-2.133333	-0.003858
-2.100000	-0.003871
-2.066667	-0.003822
-2.033333	-0.003714
-2.000000	-0.003550
-1.966667	-0.003343
-1.933333	-0.003128
-1.900000	-0.002891
-1.866667	-0.002675
-1.833333	-0.002496
-1.800000	-0.002344
-1.766667	-0.002292
-1.733333	-0.002302
-1.700000	-0.002361
-1.666667	-0.002469
-1.633333	-0.002588
-1.600000	-0.002724
-1.566667	-0.002821
-1.533333	-0.002890
-1.500000	-0.002900
-1.466667	-0.002837
-1.433333	-0.002715
-1.400000	-0.002543
-1.366667	-0.002322
-1.333333	-0.002055
-1.300000	-0.001739
-1.266667	-0.001372
-1.233333	-0.001007
-1.200000	-0.000653
-1.166667	-0.000275
-1.133333	0.000121
-1.100000	0.000516
-1.066667	0.000883
-1.033333	0.001217
-1.000000	0.001517
-0.966667	0.001767
-0.933333	0.001958
-0.900000	0.002074
-0.866667	0.002105
-0.833333	0.002067
-0.800000	0.001959
-0.766667	0.001779
-0.733333	0.001579
-0.700000	0.001355
-0.666667	0.001106
-0.633333	0.000834
-0.600000	0.000537
-0.566667	0.000251
-0.533333	-0.000075
-0.500000	-0.000419
-0.466667	-0.000792
-0.433333	-0.001203
-0.400000	-0.001652
-0.366667	-0.002132
-0.333333	-0.002633
-0.300000	-0.003149
-0.266667	-0.003680
-0.233333	-0.004233
-0.200000	-0.004776
-0.166667	-0.005307
-0.133333	-0.005831
-0.100000	-0.006310
-0.066667	-0.006769
-0.033333	-0.007179
-0.000000	-0.007520
0.033333	-0.007799
0.066667	-0.008007
0.100000	-0.008143
0.133333	-0.008186
0.166667	-0.008146
0.200000	-0.008017
0.233333	-0.007801
0.266667	-0.007502
0.300000	-0.007130
0.333333	-0.006686
0.366667	-0.006184
0.400000	-0.005640
0.433333	-0.005046
0.466667	-0.004409
0.500000	-0.003766
0.533333	-0.003123
0.566667	-0.002495
0.600000	-0.001890
0.633333	-0.001318
0.666667	-0.000794
0.700000	-0.000323
0.733333	0.000095
0.766667	0.000464
0.800000	0.000782
0.833333	0.001032
0.866667	0.001240
0.900000	0.001405
0.933333	0.001515
0.966667	0.001570
1.000000	0.001584
1.033333	0.001543
1.066667	0.001457
1.100000	0.001323
1.133333	0.001145
1.166667	0.000922
1.200000	0.000653
1.233333	0.000342
1.266667	0.000000
1.300000	-0.000385
1.333333	-0.000797
1.366667	-0.001239
1.400000	-0.001706
1.433333	-0.002177
1.466667	-0.002653
1.500000	-0.003141
1.533333	-0.003604
1.566667	-0.004021
1.600000	-0.004387
1.633333	-0.004683
1.666667	-0.004899
1.700000	-0.005015
1.733333	-0.005023
1.766667	-0.004930
1.800000	-0.004747
1.833333	-0.004469
1.866667	-0.004068
1.900000	-0.003613
1.933333	-0.003060
1.966667	-0.002453
2.000000	-0.001776
2.033333	-0.001062
2.066667	-0.000323
2.100000	0.000418
2.133333	0.001144
2.166667	0.001850
2.200000	0.002503
2.233333	0.003098
2.266667	0.003627
2.300000	0.004074
2.333333	0.004456
2.366667	0.004757
2.400000	0.004982
2.433333	0.005141
2.466667	0.005250
2.500000	0.005304
2.533333	0.005282
2.566667	0.005261
2.600000	0.005178
2.633333	0.005068
2.666667	0.004927
2.700000	0.004771
2.733333	0.004586
2.766667	0.004379
2.800000	0.004165
2.833333	0.003934
2.866667	0.003711
2.900000	0.003447
2.933333	0.003200
2.966667	0.002929
3.000000	0.002669
3.033333	0.002360
3.066667	0.002048
3.100000	0.001722
3.133333	0.001399
3.166667	0.001081
3.200000	0.000746
3.233333	0.000437
3.266667	0.000152
3.300000	-0.000097
3.333333	-0.000314
3.366667	-0.000499
3.400000	-0.000650
3.433333	-0.000762
3.466667	-0.000833
3.500000	-0.000874
3.533333	-0.000879
3.566667	-0.000813
3.600000	-0.000744
3.633333	-0.000637
3.666667	-0.000482
3.700000	-0.000286
3.733333	-0.000085
3.766667	0.000163
3.800000	0.000422
3.833333	0.000685
3.866667	0.000975
3.900000	0.001262
3.933333	0.001564
3.966667	0.001872
4.000000	0.002194
4.033333	0.002496
4.066667	0.002833
4.100000	0.003166
4.133333	0.003506
4.166667	0.003843
4.200000	0.004175
4.233333	0.004514
4.266667	0.004827
4.300000	0.005117
4.333333	0.005390
4.366667	0.005642
4.400000	0.005864
4.433333	0.006054
4.466667	0.006221
4.500000	0.006360
4.533333	0.006452
4.566667	0.006529
4.600000	0.006561
4.633333	0.006562
4.666667	0.006539
4.700000	0.006456
4.733333	0.006348
4.766667	0.006228
4.800000	0.006048
4.833333	0.005862
4.866667	0.005644
4.900000	0.005408
4.933333	0.005160
4.966667	0.004886
5.000000	0.004597
5.033333	0.004309
5.066667	0.003989
5.100000	0.003682
5.133333	0.003362
5.166667	0.003041
5.200000	0.002717
5.233333	0.002391
5.266667	0.002072
5.300000	0.001775
5.333333	0.001536
5.366667	0.001292
5.400000	0.001091
5.433333	0.000930
5.466667	0.000822
5.500000	0.000751
5.533333	0.000708
5.566667	0.000743
5.600000	0.000790
5.633333	0.000887
5.666667	0.001017
5.700000	0.001181
5.733333	0.001399
5.766667	0.001637
5.800000	0.001890
5.833333	0.002175
5.866667	0.002460
5.900000	0.002758
5.933333	0.003052
5.966667	0.003335
6.000000	0.003604
6.033333	0.003867
6.066667	0.004090
6.100000	0.004313
6.133333	0.004496
6.166667	0.004652
6.200000	0.004777
6.233333	0.004870
6.266667	0.004927
6.300000	0.004939
6.333333	0.004898
6.366667	0.004768
6.400000	0.004603
6.433333	0.004345
6.466667	0.004013
6.500000	0.003591
6.533333	0.003083
6.566667	0.002510
6.600000	0.001850
6.633333	0.001120
6.666667	0.000330
6.700000	-0.000525
6.733333	-0.001428
6.766667	-0.002372
6.800000	-0.003345
6.833333	-0.004326
6.866667	-0.005291
6.900000	-0.006224
6.933333	-0.007106
6.966667	-0.007908
7.000000	-0.008599
7.033333	-0.009209
7.066667	-0.009706
7.100000	-0.010076
7.133333	-0.010341
7.166667	-0.010498
7.200000	-0.010537
7.233333	-0.010489
7.266667	-0.010339
7.300000	-0.010123
7.333333	-0.009847
7.366667	-0.009529
7.400000	-0.009193
7.433333	-0.008857
7.466667	-0.008521
7.500000	-0.008211
7.533333	-0.007958
7.566667	-0.007770
7.600000	-0.007642
7.633333	-0.007587
7.666667	-0.007605
7.700000	-0.007706
7.733333	-0.007868
7.766667	-0.008095
7.800000	-0.008375
7.833333	-0.008699
7.866667	-0.009062
7.900000	-0.009458
7.933333	-0.009874
7.966667	-0.010289
8.000000	-0.010736
8.033333	-0.011229
8.066667	-0.011706
8.100000	-0.012183
8.133333	-0.012679
8.166667	-0.013169
8.200000	-0.013651
8.233333	-0.014134
8.266667	-0.014612
8.300000	-0.015101
8.333333	-0.015601
8.366667	-0.016095
8.400000	-0.016595
8.433333	-0.017099
8.466667	-0.017591
8.500000	-0.018082
8.533333	-0.018571
8.566667	-0.019030
8.600000	-0.019445
8.633333	-0.019828
8.666667	-0.020172
8.700000	-0.020471
8.733333	-0.020723
8.766667	-0.020933
8.800000	-0.021104
8.833333	-0.021242
8.866667	-0.021354
8.900000	-0.021433
8.933333	-0.021459
8.966667	-0.021460
9.000000	-0.021473
9.033333	-0.021476
9.066667	-0.021450
9.100000	-0.021440
9.133333	-0.021442
9.166667	-0.021460
9.200000	-0.021499
9.233333	-0.021558
9.266667	-0.021642
9.300000	-0.021735
9.333333	-0.021851
9.366667	-0.021934
9.400000	-0.022044
9.433333	-0.022147
9.466667	-0.022221
9.500000	-0.022269
9.533333	-0.022281
9.566667	-0.022246
9.600000	-0.022161
9.633333	-0.022002
9.666667	-0.021780
9.700000	-0.021487
9.733333	-0.021121
9.766667	-0.020681
9.800000	-0.020172
9.833333	-0.019598
9.866667	-0.018957
9.900000	-0.018246
9.933333	-0.017476
9.966667	-0.016687
10.000000	-0.015874
10.033333	-0.015042
10.066667	-0.014192
10.100000	-0.013366
10.133333	-0.012550
10.166667	-0.011771
10.200000	-0.011029
10.233333	-0.010329
10.266667	-0.009682
10.300000	-0.009086
10.333333	-0.008539
10.366667	-0.008035
10.400000	-0.007608
10.433333	-0.007219
10.466667	-0.006869
10.500000	-0.006557
10.533333	-0.006277
10.566667	-0.006020
10.600000	-0.005780
10.633333	-0.005544
10.666667	-0.005323
10.700000	-0.005096
10.733333	-0.004862
10.766667	-0.004618
10.800000	-0.004365
10.833333	-0.004098
10.866667	-0.003817
10.900000	-0.003525
10.933333	-0.003223
10.966667	-0.002917
11.000000	-0.002611
11.033333	-0.002308
11.066667	-0.002014
11.100000	-0.001733
11.133333	-0.001467
11.166667	-0.001221
11.200000	-0.000996
11.233333	-0.000792
11.266667	-0.000609
11.300000	-0.000447
11.333333	-0.000307
11.366667	-0.000191
11.400000	-0.000099
11.433333	-0.000028
11.466667	0.000022
11.500000	0.000049
11.533333	0.000064
11.566667	0.000069
11.600000	0.000065
11.633333	0.000054
11.666667	0.000038
11.700000	0.000020
11.733333	-0.000000
11.766667	-0.000020
11.800000	-0.000037
11.833333	-0.000049
11.866667	-0.000056
11.900000	-0.000055
11.933333	-0.000045
11.966667	-0.000022
