-88.000000	-0.000007
-87.966667	-0.000008
-87.933333	-0.000008
-87.900000	-0.000007
-87.866667	-0.000007
-87.833333	-0.000006
-87.800000	-0.000004
-87.766667	-0.000003
-87.733333	-0.000001
-87.700000	0.000001
-87.666667	0.000003
-87.633333	0.000006
-87.600000	0.000008
-87.566667	0.000011
-87.533333	0.000014
-87.500000	0.000017
-87.466667	0.000020
-87.433333	0.000024
-87.400000	0.000027
-87.366667	0.000030
-87.333333	0.000034
-87.300000	0.000037
-87.266667	0.000041
-87.233333	0.000045
-87.200000	0.000048
-87.166667	0.000051
-87.133333	0.000054
-87.100000	0.000056
-87.066667	0.000058
-87.033333	0.000061
-87.000000	0.000065
-86.966667	0.000069
-86.933333	0.000071
-86.900000	0.000070
-86.866667	0.000073
-86.833333	0.000065
-86.800000	0.000065
-86.766667	0.000068
-86.733333	0.000071
-86.700000	0.000069
-86.666667	0.000054
-86.633333	0.000054
-86.600000	0.000055
-86.566667	0.000043
-86.533333	0.000037
-86.500000	0.000028
-86.466667	0.000017
-86.433333	0.000003
-86.400000	-0.000012
-86.366667	-0.000027
-86.333333	-0.000041
-86.300000	-0.000055
-86.266667	-0.000078
-86.233333	-0.000106
-86.200000	-0.000130
-86.166667	-0.000156
-86.133333	-0.000183
-86.100000	-0.000215
-86.066667	-0.000246
-86.033333	-0.000279
-86.000000	-0.000316
-85.966667	-0.000358
-85.933333	-0.000398
-85.900000	-0.000446
-85.866667	-0.000490
-85.833333	-0.000542
-85.800000	-0.000585
-85.766667	-0.000637
-85.733333	-0.000690
-85.700000	-0.000753
-85.666667	-0.000815
-85.633333	-0.000861
-85.600000	-0.000923
-85.566667	-0.000992
-85.533333	-0.001049
-85.500000	-0.001113
-85.466667	-0.001177
-85.433333	-0.001238
-85.400000	-0.001295
-85.366667	-0.001350
-85.333333	-0.001403
-85.300000	-0.001457
-85.266667	-0.001512
-85.233333	-0.001558
-85.200000	-0.001598
-85.166667	-0.001633
-85.133333	-0.001665
-85.100000	-0.001692
-85.066667	-0.001719
-85.033333	-0.001744
-85.000000	-0.001768
-84.966667	-0.001785
-84.933333	-0.001797
-84.900000	-0.001814
-84.866667	-0.001825
-84.833333	-0.001842
-84.800000	-0.001859
-84.766667	-0.001876
-84.733333	-0.001895
-84.700000	-0.001922
-84.666667	-0.001948
-84.633333	-0.001978
-84.600000	-0.002012
-84.566667	-0.002048
-84.533333	-0.002087
-84.500000	-0.002129
-84.466667	-0.002174
-84.433333	-0.002221
-84.400000	-0.002270
-84.366667	-0.002317
-84.333333	-0.002354
-84.300000	-0.002393
-84.266667	-0.002440
-84.233333	-0.002489
-84.200000	-0.002511
-84.166667	-0.002543
-84.133333	-0.002565
-84.100000	-0.002589
-84.066667	-0.002610
-84.033333	-0.002622
-84.000000	-0.002628
-83.966667	-0.002628
-83.933333	-0.002624
-83.900000	-0.002618
-83.866667	-0.002607
-83.833333	-0.002592
-83.800000	-0.002579
-83.766667	-0.002564
-83.733333	-0.002522
-83.700000	-0.002509
-83.666667	-0.002467
-83.633333	-0.002425
-83.600000	-0.002398
-83.566667	-0.002346
-83.533333	-0.002307
-83.500000	-0.002263
-83.466667	-0.002213
-83.433333	-0.002157
-83.400000	-0.002098
-83.366667	-0.002037
-83.333333	-0.001976
-83.300000	-0.001922
-83.266667	-0.001868
-83.233333	-0.001805
-83.200000	-0.001740
-83.166667	-0.001688
-83.133333	-0.001626
-83.100000	-0.001573
-83.066667	-0.001523
-83.033333	-0.001479
-83.000000	-0.001434
-82.966667	-0.001402
-82.933333	-0.001370
-82.900000	-0.001329
-82.866667	-0.001291
-82.833333	-0.001275
-82.800000	-0.001254
-82.766667	-0.001225
-82.733333	-0.001199
-82.700000	-0.001200
-82.666667	-0.001162
-82.633333	-0.001150
-82.600000	-0.001139
-82.566667	-0.001094
-82.533333	-0.001087
-82.500000	-0.001057
-82.466667	-0.001040
-82.433333	-0.001027
-82.400000	-0.001007
-82.366667	-0.000971
-82.333333	-0.000935
-82.300000	-0.000904
-82.266667	-0.000879
-82.233333	-0.000869
-82.200000	-0.000849
-82.166667	-0.000813
-82.133333	-0.000794
-82.100000	-0.000779
-82.066667	-0.000760
-82.033333	-0.000747
-82.000000	-0.000731
-81.966667	-0.000723
-81.933333	-0.000713
-81.900000	-0.000702
-81.866667	-0.000706
-81.833333	-0.000711
-81.800000	-0.000689
-81.766667	-0.000679
-81.733333	-0.000682
-81.700000	-0.000689
-81.666667	-0.000683
-81.633333	-0.000672
-81.600000	-0.000663
-81.566667	-0.000657
-81.533333	-0.000660
-81.500000	-0.000646
-81.466667	-0.000657
-81.433333	-0.000631
-81.400000	-0.000602
-81.366667	-0.000572
-81.333333	-0.000560
-81.300000	-0.000552
-81.266667	-0.000541
-81.233333	-0.000526
-81.200000	-0.000495
-81.166667	-0.000469
-81.133333	-0.000445
-81.100000	-0.000414
-81.066667	-0.000392
-81.033333	-0.000379
-81.000000	-0.000364
-80.966667	-0.000347
-80.933333	-0.000344
-80.900000	-0.000310
-80.866667	-0.000294
-80.833333	-0.000279
-80.800000	-0.000266
-80.766667	-0.000269
-80.733333	-0.000273
-80.700000	-0.000275
-80.666667	-0.000281
-80.633333	-0.000275
-80.600000	-0.000298
-80.566667	-0.000314
-80.533333	-0.000346
-80.500000	-0.000373
-80.466667	-0.000421
-80.433333	-0.000455
-80.400000	-0.000511
-80.366667	-0.000571
-80.333333	-0.000648
-80.300000	-0.000718
-80.266667	-0.000803
-80.233333	-0.000891
-80.200000	-0.000966
-80.166667	-0.001058
-80.133333	-0.001164
-80.100000	-0.001268
-80.066667	-0.001362
-80.033333	-0.001468
-80.000000	-0.001574
-79.966667	-0.001655
-79.933333	-0.001742
-79.900000	-0.001806
-79.866667	-0.001897
-79.833333	-0.001967
-79.800000	-0.002029
-79.766667	-0.002080
-79.733333	-0.002124
-79.700000	-0.002168
-79.666667	-0.002212
-79.633333	-0.002222
-79.600000	-0.002260
-79.566667	-0.002283
-79.533333	-0.002312
-79.500000	-0.002320
-79.466667	-0.002349
-79.433333	-0.002372
-79.400000	-0.002388
-79.366667	-0.002406
-79.333333	-0.002437
-79.300000	-0.002471
-79.266667	-0.002513
-79.233333	-0.002538
-79.200000	-0.002570
-79.166667	-0.002627
-79.133333	-0.002667
-79.100000	-0.002688
-79.066667	-0.002745
-79.033333	-0.002788
-79.000000	-0.002822
-78.966667	-0.002847
-78.933333	-0.002884
-78.900000	-0.002915
-78.866667	-0.002948
-78.833333	-0.002972
-78.800000	-0.002993
-78.766667	-0.003005
-78.733333	-0.003013
-78.700000	-0.003019
-78.666667	-0.003025
-78.633333	-0.003022
-78.600000	-0.003033
-78.566667	-0.003036
-78.533333	-0.003027
-78.500000	-0.003011
-78.466667	-0.003004
-78.433333	-0.003001
-78.400000	-0.002983
-78.366667	-0.002975
-78.333333	-0.002974
-78.300000	-0.002967
-78.266667	-0.002948
-78.233333	-0.002933
-78.200000	-0.002924
-78.166667	-0.002912
-78.133333	-0.002896
-78.100000	-0.002886
-78.066667	-0.002880
-78.033333	-0.002845
-78.000000	-0.002839
-77.966667	-0.002824
-77.933333	-0.002807
-77.900000	-0.002797
-77.866667	-0.002776
-77.833333	-0.002751
-77.800000	-0.002737
-77.766667	-0.002697
-77.733333	-0.002679
-77.700000	-0.002662
-77.666667	-0.002648
-77.633333	-0.002628
-77.600000	-0.002596
-77.566667	-0.002572
-77.533333	-0.002538
-77.500000	-0.002510
-77.466667	-0.002486
-77.433333	-0.002461
-77.400000	-0.002424
-77.366667	-0.002391
-77.333333	-0.002357
-77.300000	-0.002333
-77.266667	-0.002270
-77.233333	-0.002243
-77.200000	-0.002198
-77.166667	-0.002156
-77.133333	-0.002100
-77.100000	-0.002056
-77.066667	-0.002003
-77.033333	-0.001955
-77.000000	-0.001902
-76.966667	-0.001852
-76.933333	-0.001802
-76.900000	-0.001754
-76.866667	-0.001695
-76.833333	-0.001646
-76.800000	-0.001618
-76.766667	-0.001559
-76.733333	-0.001544
-76.700000	-0.001520
-76.666667	-0.001486
-76.633333	-0.001464
-76.600000	-0.001452
-76.566667	-0.001450
-76.533333	-0.001445
-76.500000	-0.001448
-76.466667	-0.001452
-76.433333	-0.001466
-76.400000	-0.001479
-76.366667	-0.001498
-76.333333	-0.001519
-76.300000	-0.001541
-76.266667	-0.001546
-76.233333	-0.001591
-76.200000	-0.001605
-76.166667	-0.001630
-76.133333	-0.001635
-76.100000	-0.001670
-76.066667	-0.001680
-76.033333	-0.001697
-76.000000	-0.001710
-75.966667	-0.001722
-75.933333	-0.001729
-75.900000	-0.001732
-75.866667	-0.001733
-75.833333	-0.001737
-75.800000	-0.001748
-75.766667	-0.001741
-75.733333	-0.001737
-75.700000	-0.001721
-75.666667	-0.001703
-75.633333	-0.001692
-75.600000	-0.001678
-75.566667	-0.001645
-75.533333	-0.001617
-75.500000	-0.001590
-75.466667	-0.001551
-75.433333	-0.001513
-75.400000	-0.001466
-75.366667	-0.001416
-75.333333	-0.001365
-75.300000	-0.001311
-75.266667	-0.001248
-75.233333	-0.001188
-75.200000	-0.001125
-75.166667	-0.001056
-75.133333	-0.000979
-75.100000	-0.000916
-75.066667	-0.000844
-75.033333	-0.000769
-75.000000	-0.000700
-74.966667	-0.000630
-74.933333	-0.000554
-74.900000	-0.000483
-74.866667	-0.000411
-74.833333	-0.000339
-74.800000	-0.000276
-74.766667	-0.000206
-74.733333	-0.000135
-74.700000	-0.000075
-74.666667	-0.000020
-74.633333	0.000036
-74.600000	0.000087
-74.566667	0.000147
-74.533333	0.000189
-74.500000	0.000221
-74.466667	0.000259
-74.433333	0.000294
-74.400000	0.000329
-74.366667	0.000354
-74.333333	0.000379
-74.300000	0.000406
-74.266667	0.000433
-74.233333	0.000454
-74.200000	0.000481
-74.166667	0.000514
-74.133333	0.000552
-74.100000	0.000592
-74.066667	0.000636
-74.033333	0.000698
-74.000000	0.000757
-73.966667	0.000832
-73.933333	0.000916
-73.900000	0.001002
-73.866667	0.001096
-73.833333	0.001190
-73.800000	0.001289
-73.766667	0.001395
-73.733333	0.001492
-73.700000	0.001595
-73.666667	0.001704
-73.633333	0.001791
-73.600000	0.001879
-73.566667	0.001952
-73.533333	0.002009
-73.500000	0.002055
-73.466667	0.002091
-73.433333	0.002114
-73.400000	0.002114
-73.366667	0.002097
-73.333333	0.002067
-73.300000	0.002017
-73.266667	0.001950
-73.233333	0.001868
-73.200000	0.001772
-73.166667	0.001660
-73.133333	0.001527
-73.100000	0.001379
-73.066667	0.001218
-73.033333	0.001042
-73.000000	0.000849
-72.966667	0.000639
-72.933333	0.000415
-72.900000	0.000176
-72.866667	-0.000078
-72.833333	-0.000345
-72.800000	-0.000623
-72.766667	-0.000914
-72.733333	-0.001215
-72.700000	-0.001511
-72.666667	-0.001823
-72.633333	-0.002158
-72.600000	-0.002475
-72.566667	-0.002798
-72.533333	-0.003116
-72.500000	-0.003430
-72.466667	-0.003739
-72.433333	-0.004028
-72.400000	-0.004310
-72.366667	-0.004578
-72.333333	-0.004824
-72.300000	-0.005062
-72.266667	-0.005278
-72.233333	-0.005473
-72.200000	-0.005639
-72.166667	-0.005800
-72.133333	-0.005929
-72.100000	-0.006033
-72.066667	-0.006112
-72.033333	-0.006167
-72.000000	-0.006187
-71.966667	-0.006191
-71.933333	-0.006162
-71.900000	-0.006105
-71.866667	-0.006018
-71.833333	-0.005903
-71.800000	-0.005769
-71.766667	-0.005607
-71.733333	-0.005390
-71.700000	-0.005189
-71.666667	-0.004945
-71.633333	-0.004680
-71.600000	-0.004388
-71.566667	-0.004082
-71.533333	-0.003769
-71.500000	-0.003435
-71.466667	-0.003102
-71.433333	-0.002761
-71.400000	-0.002421
-71.366667	-0.002091
-71.333333	-0.001760
-71.300000	-0.001444
-71.266667	-0.001126
-71.233333	-0.000818
-71.200000	-0.000526
-71.166667	-0.000257
-71.133333	0.000035
-71.100000	0.000287
-71.066667	0.000535
-71.033333	0.000772
-71.000000	0.001010
-70.966667	0.001213
-70.933333	0.001420
-70.900000	0.001613
-70.866667	0.001795
-70.833333	0.001962
-70.800000	0.002117
-70.766667	0.002274
-70.733333	0.002428
-70.700000	0.002537
-70.666667	0.002672
-70.633333	0.002778
-70.600000	0.002875
-70.566667	0.002958
-70.533333	0.003030
-70.500000	0.003095
-70.466667	0.003141
-70.433333	0.003184
-70.400000	0.003218
-70.366667	0.003242
-70.333333	0.003289
-70.300000	0.003318
-70.266667	0.003348
-70.233333	0.003368
-70.200000	0.003392
-70.166667	0.003429
-70.133333	0.003467
-70.100000	0.003486
-70.066667	0.003528
-70.033333	0.003567
-70.000000	0.003604
-69.966667	0.003621
-69.933333	0.003659
-69.900000	0.003691
-69.866667	0.003713
-69.833333	0.003725
-69.800000	0.003738
-69.766667	0.003751
-69.733333	0.003757
-69.700000	0.003754
-69.666667	0.003753
-69.633333	0.003750
-69.600000	0.003737
-69.566667	0.003701
-69.533333	0.003667
-69.500000	0.003657
-69.466667	0.003629
-69.433333	0.003604
-69.400000	0.003578
-69.366667	0.003563
-69.333333	0.003552
-69.300000	0.003530
-69.266667	0.003517
-69.233333	0.003503
-69.200000	0.003504
-69.166667	0.003506
-69.133333	0.003504
-69.100000	0.003505
-69.066667	0.003506
-69.033333	0.003500
-69.000000	0.003485
-68.966667	0.003468
-68.933333	0.003446
-68.900000	0.003406
-68.866667	0.003344
-68.833333	0.003270
-68.800000	0.003183
-68.766667	0.003069
-68.733333	0.002931
-68.700000	0.002761
-68.666667	0.002570
-68.633333	0.002344
-68.600000	0.002086
-68.566667	0.001800
-68.533333	0.001509
-68.500000	0.001210
-68.466667	0.000863
-68.433333	0.000518
-68.400000	0.000159
-68.366667	-0.000221
-68.333333	-0.000597
-68.300000	-0.000973
-68.266667	-0.001347
-68.233333	-0.001710
-68.200000	-0.002052
-68.166667	-0.002375
-68.133333	-0.002678
-68.100000	-0.002954
-68.066667	-0.003188
-68.033333	-0.003375
-68.000000	-0.003518
-67.966667	-0.003609
-67.933333	-0.003644
-67.900000	-0.003613
-67.866667	-0.003505
-67.833333	-0.003308
-67.800000	-0.003006
-67.766667	-0.002592
-67.733333	-0.002066
-67.700000	-0.001424
-67.666667	-0.000628
-67.633333	0.000323
-67.600000	0.001418
-67.566667	0.002676
-67.533333	0.004074
-67.500000	0.005652
-67.466667	0.007372
-67.433333	0.009254
-67.400000	0.011293
-67.366667	0.013489
-67.333333	0.015840
-67.300000	0.018333
-67.266667	0.020988
-67.233333	0.023786
-67.200000	0.026714
-67.166667	0.029750
-67.133333	0.032898
-67.100000	0.036149
-67.066667	0.039488
-67.033333	0.042886
-67.000000	0.046317
-66.966667	0.049769
-66.933333	0.053230
-66.900000	0.056684
-66.866667	0.060112
-66.833333	0.063494
-66.800000	0.066808
-66.766667	0.070016
-66.733333	0.073081
-66.700000	0.076027
-66.666667	0.078817
-66.633333	0.081437
-66.600000	0.083877
-66.566667	0.086158
-66.533333	0.088273
-66.500000	0.090282
-66.466667	0.092175
-66.433333	0.094016
-66.400000	0.095835
-66.366667	0.097656
-66.333333	0.099495
-66.300000	0.101433
-66.266667	0.103485
-66.233333	0.105674
-66.200000	0.108017
-66.166667	0.110535
-66.133333	0.113240
-66.100000	0.116115
-66.066667	0.119146
-66.033333	0.122302
-66.000000	0.125536
-65.966667	0.128795
-65.933333	0.132009
-65.900000	0.135092
-65.866667	0.137945
-65.833333	0.140455
-65.800000	0.142486
-65.766667	0.143889
-65.733333	0.144514
-65.700000	0.144210
-65.666667	0.142777
-65.633333	0.140053
-65.600000	0.135838
-65.566667	0.129966
-65.533333	0.122273
-65.500000	0.112582
-65.466667	0.100686
-65.433333	0.086402
-65.400000	0.069643
-65.366667	0.050326
-65.333333	0.028463
-65.300000	0.004128
-65.266667	-0.022541
-65.233333	-0.051247
-65.200000	-0.081640
-65.166667	-0.113240
-65.133333	-0.145500
-65.100000	-0.177851
-65.066667	-0.209722
-65.033333	-0.240546
-65.000000	-0.269777
-64.966667	-0.296941
-64.933333	-0.321709
-64.900000	-0.343838
-64.866667	-0.363226
-64.833333	-0.379904
-64.800000	-0.394029
-64.766667	-0.405853
-64.733333	-0.415717
-64.700000	-0.423991
-64.666667	-0.431030
-64.633333	-0.437197
-64.600000	-0.442805
-64.566667	-0.448108
-64.533333	-0.453284
-64.500000	-0.458418
-64.466667	-0.463500
-64.433333	-0.468373
-64.400000	-0.472776
-64.366667	-0.476358
-64.333333	-0.478715
-64.300000	-0.479363
-64.266667	-0.477770
-64.233333	-0.473388
-64.200000	-0.465714
-64.166667	-0.454301
-64.133333	-0.438817
-64.100000	-0.419085
-64.066667	-0.395034
-64.033333	-0.366733
-64.000000	-0.334407
-63.966667	-0.298484
-63.933333	-0.259541
-63.900000	-0.218227
-63.866667	-0.175291
-63.833333	-0.131531
-63.800000	-0.087752
-63.766667	-0.044747
-63.733333	-0.003269
-63.700000	0.036054
-63.666667	0.072699
-63.633333	0.106212
-63.600000	0.136323
-63.566667	0.162847
-63.533333	0.185730
-63.500000	0.205053
-63.466667	0.220892
-63.433333	0.233443
-63.400000	0.242933
-63.366667	0.249641
-63.333333	0.253783
-63.300000	0.255644
-63.266667	0.255478
-63.233333	0.253517
-63.200000	0.250048
-63.166667	0.245303
-63.133333	0.239512
-63.100000	0.232922
-63.066667	0.225765
-63.033333	0.218283
-63.000000	0.210721
-62.966667	0.203256
-62.933333	0.196074
-62.900000	0.189341
-62.866667	0.183197
-62.833333	0.177727
-62.800000	0.172965
-62.766667	0.168899
-62.733333	0.165484
-62.700000	0.162678
-62.666667	0.160408
-62.633333	0.158569
-62.600000	0.157091
-62.566667	0.155848
-62.533333	0.154746
-62.500000	0.153687
-62.466667	0.152529
-62.433333	0.151231
-62.400000	0.149680
-62.366667	0.147808
-62.333333	0.145555
-62.300000	0.142910
-62.266667	0.139842
-62.233333	0.136349
-62.200000	0.132497
-62.166667	0.128300
-62.133333	0.123832
-62.100000	0.119177
-62.066667	0.114398
-62.033333	0.109602
-62.000000	0.104877
-61.966667	0.100284
-61.933333	0.095904
-61.900000	0.091793
-61.866667	0.087991
-61.833333	0.084516
-61.800000	0.081347
-61.766667	0.078476
-61.733333	0.075884
-61.700000	0.073540
-61.666667	0.071393
-61.633333	0.069414
-61.600000	0.067547
-61.566667	0.065737
-61.533333	0.063917
-61.500000	0.062026
-61.466667	0.060038
-61.433333	0.057897
-61.400000	0.055557
-61.366667	0.053014
-61.333333	0.050277
-61.300000	0.047382
-61.266667	0.044362
-61.233333	0.041215
-61.200000	0.038064
-61.166667	0.034940
-61.133333	0.031942
-61.100000	0.029136
-61.066667	0.026587
-61.033333	0.024367
-61.000000	0.022532
-60.966667	0.021105
-60.933333	0.020082
-60.900000	0.019437
-60.866667	0.019125
-60.833333	0.019094
-60.800000	0.019279
-60.766667	0.019625
-60.733333	0.020048
-60.700000	0.020475
-60.666667	0.020856
-60.633333	0.021129
-60.600000	0.021267
-60.566667	0.021225
-60.533333	0.020949
-60.500000	0.020425
-60.466667	0.019637
-60.433333	0.018591
-60.400000	0.017322
-60.366667	0.015855
-60.333333	0.014251
-60.300000	0.012545
-60.266667	0.010776
-60.233333	0.008955
-60.200000	0.007179
-60.166667	0.005420
-60.133333	0.003738
-60.100000	0.002120
-60.066667	0.000563
-60.033333	-0.000946
-60.000000	-0.002435
-59.966667	-0.003938
-59.933333	-0.005479
-59.900000	-0.007076
-59.866667	-0.008753
-59.833333	-0.010511
-59.800000	-0.012347
-59.766667	-0.014261
-59.733333	-0.016226
-59.700000	-0.018202
-59.666667	-0.020159
-59.633333	-0.022084
-59.600000	-0.023932
-59.566667	-0.025725
-59.533333	-0.027441
-59.500000	-0.029047
-59.466667	-0.030532
-59.433333	-0.031873
-59.400000	-0.033071
-59.366667	-0.034106
-59.333333	-0.034973
-59.300000	-0.035703
-59.266667	-0.036273
-59.233333	-0.036700
-59.200000	-0.036982
-59.166667	-0.037133
-59.133333	-0.037141
-59.100000	-0.037022
-59.066667	-0.036769
-59.033333	-0.036379
-59.000000	-0.035851
-58.966667	-0.035181
-58.933333	-0.034380
-58.900000	-0.033455
-58.866667	-0.032434
-58.833333	-0.031324
-58.800000	-0.030140
-58.766667	-0.028904
-58.733333	-0.027644
-58.700000	-0.026414
-58.666667	-0.025238
-58.633333	-0.024148
-58.600000	-0.023163
-58.566667	-0.022271
-58.533333	-0.021494
-58.500000	-0.020849
-58.466667	-0.020317
-58.433333	-0.019878
-58.400000	-0.019497
-58.366667	-0.019154
-58.333333	-0.018867
-58.300000	-0.018616
-58.266667	-0.018345
-58.233333	-0.018063
-58.200000	-0.017768
-58.166667	-0.017433
-58.133333	-0.017048
-58.100000	-0.016591
-58.066667	-0.016048
-58.033333	-0.015417
-58.000000	-0.014703
-57.966667	-0.013914
-57.933333	-0.013062
-57.900000	-0.012154
-57.866667	-0.011222
-57.833333	-0.010269
-57.800000	-0.009329
-57.766667	-0.008425
-57.733333	-0.007576
-57.700000	-0.006790
-57.666667	-0.006053
-57.633333	-0.005367
-57.600000	-0.004722
-57.566667	-0.004122
-57.533333	-0.003610
-57.500000	-0.003169
-57.466667	-0.002749
-57.433333	-0.002352
-57.400000	-0.001982
-57.366667	-0.001637
-57.333333	-0.001335
-57.300000	-0.001058
-57.266667	-0.000814
-57.233333	-0.000622
-57.200000	-0.000493
-57.166667	-0.000416
-57.133333	-0.000426
-57.100000	-0.000516
-57.066667	-0.000710
-57.033333	-0.001012
-57.000000	-0.001440
-56.966667	-0.001990
-56.933333	-0.002652
-56.900000	-0.003449
-56.866667	-0.004337
-56.833333	-0.005308
-56.800000	-0.006354
-56.766667	-0.007445
-56.733333	-0.008563
-56.700000	-0.009682
-56.666667	-0.010779
-56.633333	-0.011837
-56.600000	-0.012844
-56.566667	-0.013797
-56.533333	-0.014675
-56.500000	-0.015444
-56.466667	-0.016089
-56.433333	-0.016623
-56.400000	-0.017034
-56.366667	-0.017300
-56.333333	-0.017439
-56.300000	-0.017438
-56.266667	-0.017292
-56.233333	-0.016998
-56.200000	-0.016567
-56.166667	-0.016006
-56.133333	-0.015335
-56.100000	-0.014557
-56.066667	-0.013707
-56.033333	-0.012809
-56.000000	-0.011883
-55.966667	-0.010955
-55.933333	-0.010063
-55.900000	-0.009252
-55.866667	-0.008515
-55.833333	-0.007934
-55.800000	-0.007514
-55.766667	-0.007283
-55.733333	-0.007252
-55.700000	-0.007418
-55.666667	-0.007774
-55.633333	-0.008301
-55.600000	-0.008981
-55.566667	-0.009783
-55.533333	-0.010668
-55.500000	-0.011613
-55.466667	-0.012593
-55.433333	-0.013570
-55.400000	-0.014513
-55.366667	-0.015402
-55.333333	-0.016218
-55.300000	-0.016919
-55.266667	-0.017515
-55.233333	-0.017999
-55.200000	-0.018391
-55.166667	-0.018707
-55.133333	-0.018972
-55.100000	-0.019199
-55.066667	-0.019418
-55.033333	-0.019622
-55.000000	-0.019824
-54.966667	-0.020042
-54.933333	-0.020293
-54.900000	-0.020593
-54.866667	-0.020947
-54.833333	-0.021368
-54.800000	-0.021815
-54.766667	-0.022286
-54.733333	-0.022758
-54.700000	-0.023207
-54.666667	-0.023606
-54.633333	-0.023925
-54.600000	-0.024134
-54.566667	-0.024222
-54.533333	-0.024171
-54.500000	-0.023986
-54.466667	-0.023671
-54.433333	-0.023217
-54.400000	-0.022613
-54.366667	-0.021863
-54.333333	-0.020985
-54.300000	-0.019991
-54.266667	-0.018926
-54.233333	-0.017796
-54.200000	-0.016636
-54.166667	-0.015463
-54.133333	-0.014297
-54.100000	-0.013149
-54.066667	-0.012024
-54.033333	-0.010939
-54.000000	-0.009913
-53.966667	-0.008963
-53.933333	-0.008099
-53.900000	-0.007339
-53.866667	-0.006675
-53.833333	-0.006089
-53.800000	-0.005586
-53.766667	-0.005162
-53.733333	-0.004824
-53.700000	-0.004568
-53.666667	-0.004397
-53.633333	-0.004308
-53.600000	-0.004300
-53.566667	-0.004377
-53.533333	-0.004527
-53.500000	-0.004746
-53.466667	-0.005016
-53.433333	-0.005310
-53.400000	-0.005603
-53.366667	-0.005902
-53.333333	-0.006216
-53.300000	-0.006506
-53.266667	-0.006785
-53.233333	-0.007039
-53.200000	-0.007271
-53.166667	-0.007486
-53.133333	-0.007693
-53.100000	-0.007895
-53.066667	-0.008091
-53.033333	-0.008287
-53.000000	-0.008478
-52.966667	-0.008666
-52.933333	-0.008869
-52.900000	-0.009091
-52.866667	-0.009302
-52.833333	-0.009543
-52.800000	-0.009766
-52.766667	-0.009970
-52.733333	-0.010150
-52.700000	-0.010255
-52.666667	-0.010299
-52.633333	-0.010247
-52.600000	-0.010072
-52.566667	-0.009759
-52.533333	-0.009291
-52.500000	-0.008663
-52.466667	-0.007862
-52.433333	-0.006899
-52.400000	-0.005801
-52.366667	-0.004600
-52.333333	-0.003318
-52.300000	-0.001999
-52.266667	-0.000698
-52.233333	0.000548
-52.200000	0.001680
-52.166667	0.002669
-52.133333	0.003510
-52.100000	0.004171
-52.066667	0.004666
-52.033333	0.005011
-52.000000	0.005181
-51.966667	0.005181
-51.933333	0.005022
-51.900000	0.004745
-51.866667	0.004384
-51.833333	0.003953
-51.800000	0.003536
-51.766667	0.003120
-51.733333	0.002752
-51.700000	0.002460
-51.666667	0.002222
-51.633333	0.002079
-51.600000	0.002027
-51.566667	0.002069
-51.533333	0.002205
-51.500000	0.002416
-51.466667	0.002686
-51.433333	0.002978
-51.400000	0.003269
-51.366667	0.003547
-51.333333	0.003766
-51.300000	0.003885
-51.266667	0.003895
-51.233333	0.003765
-51.200000	0.003508
-51.166667	0.003134
-51.133333	0.002635
-51.100000	0.002050
-51.066667	0.001388
-51.033333	0.000675
-51.000000	-0.000087
-50.966667	-0.000840
-50.933333	-0.001548
-50.900000	-0.002173
-50.866667	-0.002689
-50.833333	-0.003075
-50.800000	-0.003311
-50.766667	-0.003381
-50.733333	-0.003281
-50.700000	-0.003022
-50.666667	-0.002621
-50.633333	-0.002103
-50.600000	-0.001505
-50.566667	-0.000849
-50.533333	-0.000149
-50.500000	0.000529
-50.466667	0.001175
-50.433333	0.001752
-50.400000	0.002236
-50.366667	0.002621
-50.333333	0.002874
-50.300000	0.003004
-50.266667	0.003008
-50.233333	0.002906
-50.200000	0.002718
-50.166667	0.002453
-50.133333	0.002131
-50.100000	0.001792
-50.066667	0.001407
-50.033333	0.001042
-50.000000	0.000716
-49.966667	0.000429
-49.933333	0.000211
-49.900000	0.000062
-49.866667	-0.000006
-49.833333	0.000010
-49.800000	0.000102
-49.766667	0.000267
-49.733333	0.000491
-49.700000	0.000739
-49.666667	0.001005
-49.633333	0.001254
-49.600000	0.001453
-49.566667	0.001587
-49.533333	0.001633
-49.500000	0.001554
-49.466667	0.001336
-49.433333	0.000991
-49.400000	0.000512
-49.366667	-0.000109
-49.333333	-0.000830
-49.300000	-0.001624
-49.266667	-0.002460
-49.233333	-0.003289
-49.200000	-0.004065
-49.166667	-0.004761
-49.133333	-0.005318
-49.100000	-0.005710
-49.066667	-0.005910
-49.033333	-0.005891
-49.000000	-0.005644
-48.966667	-0.005196
-48.933333	-0.004540
-48.900000	-0.003728
-48.866667	-0.002799
-48.833333	-0.001807
-48.800000	-0.000791
-48.766667	0.000215
-48.733333	0.001170
-48.700000	0.002024
-48.666667	0.002739
-48.633333	0.003255
-48.600000	0.003552
-48.566667	0.003635
-48.533333	0.003480
-48.500000	0.003084
-48.466667	0.002464
-48.433333	0.001675
-48.400000	0.000707
-48.366667	-0.000390
-48.333333	-0.001543
-48.300000	-0.002714
-48.266667	-0.003853
-48.233333	-0.004900
-48.200000	-0.005812
-48.166667	-0.006565
-48.133333	-0.007112
-48.100000	-0.007474
-48.066667	-0.007674
-48.033333	-0.007696
-48.000000	-0.007586
-47.966667	-0.007389
-47.933333	-0.007162
-47.900000	-0.006945
-47.866667	-0.006783
-47.833333	-0.006721
-47.800000	-0.006771
-47.766667	-0.006957
-47.733333	-0.007278
-47.700000	-0.007758
-47.666667	-0.008374
-47.633333	-0.009093
-47.600000	-0.009873
-47.566667	-0.010685
-47.533333	-0.011521
-47.500000	-0.012336
-47.466667	-0.013080
-47.433333	-0.013731
-47.400000	-0.014272
-47.366667	-0.014676
-47.333333	-0.014925
-47.300000	-0.014993
-47.266667	-0.014886
-47.233333	-0.014595
-47.200000	-0.014139
-47.166667	-0.013529
-47.133333	-0.012759
-47.100000	-0.011904
-47.066667	-0.010966
-47.033333	-0.009975
-47.000000	-0.008990
-46.966667	-0.008056
-46.933333	-0.007198
-46.900000	-0.006440
-46.866667	-0.005827
-46.833333	-0.005377
-46.800000	-0.005078
-46.766667	-0.004934
-46.733333	-0.004923
-46.700000	-0.005039
-46.666667	-0.005257
-46.633333	-0.005573
-46.600000	-0.005964
-46.566667	-0.006403
-46.533333	-0.006836
-46.500000	-0.007266
-46.466667	-0.007639
-46.433333	-0.007959
-46.400000	-0.008194
-46.366667	-0.008338
-46.333333	-0.008393
-46.300000	-0.008348
-46.266667	-0.008186
-46.233333	-0.007959
-46.200000	-0.007633
-46.166667	-0.007246
-46.133333	-0.006819
-46.100000	-0.006410
-46.066667	-0.006013
-46.033333	-0.005681
-46.000000	-0.005431
-45.966667	-0.005288
-45.933333	-0.005249
-45.900000	-0.005335
-45.866667	-0.005537
-45.833333	-0.005853
-45.800000	-0.006258
-45.766667	-0.006741
-45.733333	-0.007276
-45.700000	-0.007847
-45.666667	-0.008437
-45.633333	-0.009008
-45.600000	-0.009517
-45.566667	-0.009933
-45.533333	-0.010214
-45.500000	-0.010377
-45.466667	-0.010377
-45.433333	-0.010234
-45.400000	-0.009924
-45.366667	-0.009476
-45.333333	-0.008913
-45.300000	-0.008230
-45.266667	-0.007483
-45.233333	-0.006718
-45.200000	-0.005920
-45.166667	-0.005163
-45.133333	-0.004460
-45.100000	-0.003840
-45.066667	-0.003314
-45.033333	-0.002886
-45.000000	-0.002537
-44.966667	-0.002281
-44.933333	-0.002115
-44.900000	-0.002018
-44.866667	-0.001986
-44.833333	-0.002007
-44.800000	-0.002057
-44.766667	-0.002136
-44.733333	-0.002224
-44.700000	-0.002309
-44.666667	-0.002374
-44.633333	-0.002401
-44.600000	-0.002369
-44.566667	-0.002286
-44.533333	-0.002159
-44.500000	-0.001976
-44.466667	-0.001780
-44.433333	-0.001575
-44.400000	-0.001383
-44.366667	-0.001234
-44.333333	-0.001144
-44.300000	-0.001138
-44.266667	-0.001237
-44.233333	-0.001448
-44.200000	-0.001800
-44.166667	-0.002244
-44.133333	-0.002815
-44.100000	-0.003472
-44.066667	-0.004193
-44.033333	-0.004947
-44.000000	-0.005708
-43.966667	-0.006474
-43.933333	-0.007213
-43.900000	-0.007901
-43.866667	-0.008533
-43.833333	-0.009097
-43.800000	-0.009593
-43.766667	-0.010018
-43.733333	-0.010365
-43.700000	-0.010631
-43.666667	-0.010813
-43.633333	-0.010916
-43.600000	-0.010950
-43.566667	-0.010939
-43.533333	-0.010892
-43.500000	-0.010796
-43.466667	-0.010695
-43.433333	-0.010566
-43.400000	-0.010426
-43.366667	-0.010276
-43.333333	-0.010123
-43.300000	-0.009979
-43.266667	-0.009837
-43.233333	-0.009719
-43.200000	-0.009626
-43.166667	-0.009532
-43.133333	-0.009494
-43.100000	-0.009479
-43.066667	-0.009506
-43.033333	-0.009569
-43.000000	-0.009662
-42.966667	-0.009791
-42.933333	-0.009976
-42.900000	-0.010165
-42.866667	-0.010400
-42.833333	-0.010651
-42.800000	-0.010921
-42.766667	-0.011203
-42.733333	-0.011494
-42.700000	-0.011782
-42.666667	-0.012070
-42.633333	-0.012354
-42.600000	-0.012632
-42.566667	-0.012902
-42.533333	-0.013167
-42.500000	-0.013425
-42.466667	-0.013668
-42.433333	-0.013912
-42.400000	-0.014141
-42.366667	-0.014351
-42.333333	-0.014530
-42.300000	-0.014671
-42.266667	-0.014772
-42.233333	-0.014830
-42.200000	-0.014840
-42.166667	-0.014797
-42.133333	-0.014700
-42.100000	-0.014552
-42.066667	-0.014352
-42.033333	-0.014095
-42.000000	-0.013774
-41.966667	-0.013398
-41.933333	-0.012972
-41.900000	-0.012468
-41.866667	-0.011936
-41.833333	-0.011344
-41.800000	-0.010718
-41.766667	-0.010064
-41.733333	-0.009399
-41.700000	-0.008735
-41.666667	-0.008100
-41.633333	-0.007506
-41.600000	-0.006963
-41.566667	-0.006488
-41.533333	-0.006091
-41.500000	-0.005765
-41.466667	-0.005504
-41.433333	-0.005324
-41.400000	-0.005189
-41.366667	-0.005104
-41.333333	-0.005054
-41.300000	-0.005036
-41.266667	-0.005040
-41.233333	-0.005060
-41.200000	-0.005103
-41.166667	-0.005145
-41.133333	-0.005212
-41.100000	-0.005291
-41.066667	-0.005379
-41.033333	-0.005476
-41.000000	-0.005579
-40.966667	-0.005698
-40.933333	-0.005830
-40.900000	-0.005967
-40.866667	-0.006104
-40.833333	-0.006251
-40.800000	-0.006410
-40.766667	-0.006590
-40.733333	-0.006794
-40.700000	-0.007025
-40.666667	-0.007283
-40.633333	-0.007560
-40.600000	-0.007845
-40.566667	-0.008133
-40.533333	-0.008419
-40.500000	-0.008660
-40.466667	-0.008869
-40.433333	-0.009036
-40.400000	-0.009150
-40.366667	-0.009221
-40.333333	-0.009240
-40.300000	-0.009212
-40.266667	-0.009148
-40.233333	-0.009049
-40.200000	-0.008903
-40.166667	-0.008735
-40.133333	-0.008577
-40.100000	-0.008398
-40.066667	-0.008239
-40.033333	-0.008101
-40.000000	-0.007988
-39.966667	-0.007899
-39.933333	-0.007823
-39.900000	-0.007755
-39.866667	-0.007689
-39.833333	-0.007618
-39.800000	-0.007523
-39.766667	-0.007395
-39.733333	-0.007233
-39.700000	-0.007020
-39.666667	-0.006757
-39.633333	-0.006436
-39.600000	-0.006060
-39.566667	-0.005632
-39.533333	-0.005157
-39.500000	-0.004632
-39.466667	-0.004097
-39.433333	-0.003551
-39.400000	-0.003026
-39.366667	-0.002524
-39.333333	-0.002041
-39.300000	-0.001593
-39.266667	-0.001169
-39.233333	-0.000763
-39.200000	-0.000378
-39.166667	-0.000044
-39.133333	0.000284
-39.100000	0.000601
-39.066667	0.000876
-39.033333	0.001141
-39.000000	0.001388
-38.966667	0.001624
-38.933333	0.001853
-38.900000	0.002078
-38.866667	0.002308
-38.833333	0.002532
-38.800000	0.002772
-38.766667	0.003015
-38.733333	0.003260
-38.700000	0.003519
-38.666667	0.003780
-38.633333	0.004051
-38.600000	0.004327
-38.566667	0.004602
-38.533333	0.004862
-38.500000	0.005095
-38.466667	0.005307
-38.433333	0.005493
-38.400000	0.005657
-38.366667	0.005827
-38.333333	0.005999
-38.300000	0.006206
-38.266667	0.006451
-38.233333	0.006738
-38.200000	0.007063
-38.166667	0.007461
-38.133333	0.007917
-38.100000	0.008424
-38.066667	0.008970
-38.033333	0.009556
-38.000000	0.010173
-37.966667	0.010815
-37.933333	0.011467
-37.900000	0.012135
-37.866667	0.012803
-37.833333	0.013445
-37.800000	0.014088
-37.766667	0.014700
-37.733333	0.015272
-37.700000	0.015801
-37.666667	0.016266
-37.633333	0.016657
-37.600000	0.016963
-37.566667	0.017166
-37.533333	0.017255
-37.500000	0.017235
-37.466667	0.017119
-37.433333	0.016913
-37.400000	0.016640
-37.366667	0.016311
-37.333333	0.015927
-37.300000	0.015524
-37.266667	0.015080
-37.233333	0.014622
-37.200000	0.014155
-37.166667	0.013714
-37.133333	0.013286
-37.100000	0.012908
-37.066667	0.012580
-37.033333	0.012322
-37.000000	0.012149
-36.966667	0.012056
-36.933333	0.012032
-36.900000	0.012070
-36.866667	0.012145
-36.833333	0.012261
-36.800000	0.012401
-36.766667	0.012527
-36.733333	0.012599
-36.700000	0.012603
-36.666667	0.012533
-36.633333	0.012394
-36.600000	0.012183
-36.566667	0.011902
-36.533333	0.011552
-36.500000	0.011150
-36.466667	0.010713
-36.433333	0.010252
-36.400000	0.009796
-36.366667	0.009353
-36.333333	0.008943
-36.300000	0.008589
-36.266667	0.008293
-36.233333	0.008064
-36.200000	0.007909
-36.166667	0.007834
-36.133333	0.007842
-36.100000	0.007919
-36.066667	0.008068
-36.033333	0.008274
-36.000000	0.008509
-35.966667	0.008740
-35.933333	0.008942
-35.900000	0.009102
-35.866667	0.009207
-35.833333	0.009252
-35.800000	0.009199
-35.766667	0.009047
-35.733333	0.008784
-35.700000	0.008422
-35.666667	0.007982
-35.633333	0.007459
-35.600000	0.006865
-35.566667	0.006221
-35.533333	0.005550
-35.500000	0.004865
-35.466667	0.004191
-35.433333	0.003538
-35.400000	0.002930
-35.366667	0.002371
-35.333333	0.001880
-35.300000	0.001444
-35.266667	0.001071
-35.233333	0.000753
-35.200000	0.000473
-35.166667	0.000246
-35.133333	0.000031
-35.100000	-0.000160
-35.066667	-0.000344
-35.033333	-0.000541
-35.000000	-0.000762
-34.966667	-0.001010
-34.933333	-0.001294
-34.900000	-0.001620
-34.866667	-0.001989
-34.833333	-0.002398
-34.800000	-0.002843
-34.766667	-0.003314
-34.733333	-0.003798
-34.700000	-0.004293
-34.666667	-0.004784
-34.633333	-0.005255
-34.600000	-0.005658
-34.566667	-0.005982
-34.533333	-0.006255
-34.500000	-0.006448
-34.466667	-0.006581
-34.433333	-0.006649
-34.400000	-0.006651
-34.366667	-0.006585
-34.333333	-0.006457
-34.300000	-0.006286
-34.266667	-0.006070
-34.233333	-0.005838
-34.200000	-0.005593
-34.166667	-0.005345
-34.133333	-0.005133
-34.100000	-0.004930
-34.066667	-0.004770
-34.033333	-0.004648
-34.000000	-0.004581
-33.966667	-0.004570
-33.933333	-0.004606
-33.900000	-0.004686
-33.866667	-0.004815
-33.833333	-0.004983
-33.800000	-0.005178
-33.766667	-0.005396
-33.733333	-0.005616
-33.700000	-0.005834
-33.666667	-0.006046
-33.633333	-0.006225
-33.600000	-0.006368
-33.566667	-0.006487
-33.533333	-0.006571
-33.500000	-0.006578
-33.466667	-0.006551
-33.433333	-0.006463
-33.400000	-0.006315
-33.366667	-0.006107
-33.333333	-0.005842
-33.300000	-0.005525
-33.266667	-0.005166
-33.233333	-0.004755
-33.200000	-0.004330
-33.166667	-0.003870
-33.133333	-0.003394
-33.100000	-0.002906
-33.066667	-0.002408
-33.033333	-0.001900
-33.000000	-0.001380
-32.966667	-0.000837
-32.933333	-0.000275
-32.900000	0.000303
-32.866667	0.000914
-32.833333	0.001536
-32.800000	0.002205
-32.766667	0.002913
-32.733333	0.003670
-32.700000	0.004460
-32.666667	0.005272
-32.633333	0.006097
-32.600000	0.006924
-32.566667	0.007749
-32.533333	0.008560
-32.500000	0.009332
-32.466667	0.010042
-32.433333	0.010687
-32.400000	0.011262
-32.366667	0.011752
-32.333333	0.012140
-32.300000	0.012444
-32.266667	0.012635
-32.233333	0.012722
-32.200000	0.012686
-32.166667	0.012557
-32.133333	0.012306
-32.100000	0.011952
-32.066667	0.011512
-32.033333	0.010985
-32.000000	0.010380
-31.966667	0.009720
-31.933333	0.009058
-31.900000	0.008353
-31.866667	0.007643
-31.833333	0.006893
-31.800000	0.006163
-31.766667	0.005428
-31.733333	0.004687
-31.700000	0.003934
-31.666667	0.003181
-31.633333	0.002406
-31.600000	0.001616
-31.566667	0.000816
-31.533333	0.000032
-31.500000	-0.000736
-31.466667	-0.001509
-31.433333	-0.002233
-31.400000	-0.002930
-31.366667	-0.003587
-31.333333	-0.004214
-31.300000	-0.004780
-31.266667	-0.005297
-31.233333	-0.005760
-31.200000	-0.006171
-31.166667	-0.006529
-31.133333	-0.006806
-31.100000	-0.007050
-31.066667	-0.007226
-31.033333	-0.007349
-31.000000	-0.007395
-30.966667	-0.007391
-30.933333	-0.007318
-30.900000	-0.007249
-30.866667	-0.007143
-30.833333	-0.007017
-30.800000	-0.006867
-30.766667	-0.006708
-30.733333	-0.006546
-30.700000	-0.006373
-30.666667	-0.006187
-30.633333	-0.006009
-30.600000	-0.005829
-30.566667	-0.005626
-30.533333	-0.005414
-30.500000	-0.005208
-30.466667	-0.005014
-30.433333	-0.004814
-30.400000	-0.004670
-30.366667	-0.004523
-30.333333	-0.004426
-30.300000	-0.004350
-30.266667	-0.004307
-30.233333	-0.004314
-30.200000	-0.004354
-30.166667	-0.004427
-30.133333	-0.004531
-30.100000	-0.004697
-30.066667	-0.004877
-30.033333	-0.005094
-30.000000	-0.005329
-29.966667	-0.005605
-29.933333	-0.005890
-29.900000	-0.006180
-29.866667	-0.006480
-29.833333	-0.006762
-29.800000	-0.007033
-29.766667	-0.007276
-29.733333	-0.007493
-29.700000	-0.007682
-29.666667	-0.007845
-29.633333	-0.007983
-29.600000	-0.008094
-29.566667	-0.008166
-29.533333	-0.008221
-29.500000	-0.008250
-29.466667	-0.008270
-29.433333	-0.008283
-29.400000	-0.008272
-29.366667	-0.008217
-29.333333	-0.008169
-29.300000	-0.008093
-29.266667	-0.007994
-29.233333	-0.007871
-29.200000	-0.007728
-29.166667	-0.007558
-29.133333	-0.007359
-29.100000	-0.007121
-29.066667	-0.006837
-29.033333	-0.006502
-29.000000	-0.006118
-28.966667	-0.005695
-28.933333	-0.005233
-28.900000	-0.004724
-28.866667	-0.004217
-28.833333	-0.003701
-28.800000	-0.003192
-28.766667	-0.002703
-28.733333	-0.002247
-28.700000	-0.001831
-28.666667	-0.001461
-28.633333	-0.001136
-28.600000	-0.000859
-28.566667	-0.000627
-28.533333	-0.000439
-28.500000	-0.000312
-28.466667	-0.000230
-28.433333	-0.000187
-28.400000	-0.000174
-28.366667	-0.000197
-28.333333	-0.000243
-28.300000	-0.000301
-28.266667	-0.000369
-28.233333	-0.000448
-28.200000	-0.000532
-28.166667	-0.000604
-28.133333	-0.000654
-28.100000	-0.000673
-28.066667	-0.000674
-28.033333	-0.000661
-28.000000	-0.000635
-27.966667	-0.000602
-27.933333	-0.000567
-27.900000	-0.000546
-27.866667	-0.000554
-27.833333	-0.000568
-27.800000	-0.000602
-27.766667	-0.000657
-27.733333	-0.000736
-27.700000	-0.000837
-27.666667	-0.000949
-27.633333	-0.001099
-27.600000	-0.001265
-27.566667	-0.001454
-27.533333	-0.001661
-27.500000	-0.001912
-27.466667	-0.002166
-27.433333	-0.002445
-27.400000	-0.002733
-27.366667	-0.003032
-27.333333	-0.003342
-27.300000	-0.003680
-27.266667	-0.004051
-27.233333	-0.004454
-27.200000	-0.004886
-27.166667	-0.005342
-27.133333	-0.005820
-27.100000	-0.006326
-27.066667	-0.006865
-27.033333	-0.007431
-27.000000	-0.008019
-26.966667	-0.008633
-26.933333	-0.009277
-26.900000	-0.009941
-26.866667	-0.010629
-26.833333	-0.011326
-26.800000	-0.012049
-26.766667	-0.012796
-26.733333	-0.013570
-26.700000	-0.014363
-26.666667	-0.015164
-26.633333	-0.015983
-26.600000	-0.016801
-26.566667	-0.017625
-26.533333	-0.018463
-26.500000	-0.019308
-26.466667	-0.020117
-26.433333	-0.020914
-26.400000	-0.021686
-26.366667	-0.022444
-26.333333	-0.023177
-26.300000	-0.023886
-26.266667	-0.024563
-26.233333	-0.025205
-26.200000	-0.025802
-26.166667	-0.026352
-26.133333	-0.026853
-26.100000	-0.027301
-26.066667	-0.027693
-26.033333	-0.028027
-26.000000	-0.028299
-25.966667	-0.028511
-25.933333	-0.028661
-25.900000	-0.028745
-25.866667	-0.028772
-25.833333	-0.028734
-25.800000	-0.028635
-25.766667	-0.028479
-25.733333	-0.028259
-25.700000	-0.027979
-25.666667	-0.027640
-25.633333	-0.027261
-25.600000	-0.026850
-25.566667	-0.026398
-25.533333	-0.025917
-25.500000	-0.025392
-25.466667	-0.024823
-25.433333	-0.024235
-25.400000	-0.023627
-25.366667	-0.022991
-25.333333	-0.022332
-25.300000	-0.021656
-25.266667	-0.020966
-25.233333	-0.020264
-25.200000	-0.019554
-25.166667	-0.018841
-25.133333	-0.018131
-25.100000	-0.017427
-25.066667	-0.016731
-25.033333	-0.016052
-25.000000	-0.015397
-24.966667	-0.014759
-24.933333	-0.014152
-24.900000	-0.013574
-24.866667	-0.013029
-24.833333	-0.012522
-24.800000	-0.012057
-24.766667	-0.011642
-24.733333	-0.011285
-24.700000	-0.010989
-24.666667	-0.010760
-24.633333	-0.010603
-24.600000	-0.010521
-24.566667	-0.010516
-24.533333	-0.010591
-24.500000	-0.010740
-24.466667	-0.010963
-24.433333	-0.011258
-24.400000	-0.011622
-24.366667	-0.012037
-24.333333	-0.012493
-24.300000	-0.012968
-24.266667	-0.013465
-24.233333	-0.013972
-24.200000	-0.014474
-24.166667	-0.014962
-24.133333	-0.015421
-24.100000	-0.015836
-24.066667	-0.016197
-24.033333	-0.016501
-24.000000	-0.016748
-23.966667	-0.016932
-23.933333	-0.017047
-23.900000	-0.017090
-23.866667	-0.017086
-23.833333	-0.017018
-23.800000	-0.016917
-23.766667	-0.016778
-23.733333	-0.016618
-23.700000	-0.016440
-23.666667	-0.016238
-23.633333	-0.016015
-23.600000	-0.015785
-23.566667	-0.015556
-23.533333	-0.015330
-23.500000	-0.015108
-23.466667	-0.014893
-23.433333	-0.014677
-23.400000	-0.014457
-23.366667	-0.014224
-23.333333	-0.013975
-23.300000	-0.013721
-23.266667	-0.013466
-23.233333	-0.013206
-23.200000	-0.012932
-23.166667	-0.012648
-23.133333	-0.012352
-23.100000	-0.012046
-23.066667	-0.011739
-23.033333	-0.011436
-23.000000	-0.011137
-22.966667	-0.010847
-22.933333	-0.010548
-22.900000	-0.010263
-22.866667	-0.010005
-22.833333	-0.009755
-22.800000	-0.009537
-22.766667	-0.009323
-22.733333	-0.009115
-22.700000	-0.008889
-22.666667	-0.008636
-22.633333	-0.008381
-22.600000	-0.008119
-22.566667	-0.007812
-22.533333	-0.007462
-22.500000	-0.007045
-22.466667	-0.006551
-22.433333	-0.005969
-22.400000	-0.005284
-22.366667	-0.004491
-22.333333	-0.003594
-22.300000	-0.002588
-22.266667	-0.001474
-22.233333	-0.000252
-22.200000	0.001089
-22.166667	0.002502
-22.133333	0.003998
-22.100000	0.005558
-22.066667	0.007190
-22.033333	0.008887
-22.000000	0.010626
-21.966667	0.012388
-21.933333	0.014171
-21.900000	0.015963
-21.866667	0.017737
-21.833333	0.019495
-21.800000	0.021232
-21.766667	0.022904
-21.733333	0.024544
-21.700000	0.026136
-21.666667	0.027683
-21.633333	0.029180
-21.600000	0.030647
-21.566667	0.032113
-21.533333	0.033535
-21.500000	0.034953
-21.466667	0.036340
-21.433333	0.037705
-21.400000	0.039039
-21.366667	0.040320
-21.333333	0.041531
-21.300000	0.042694
-21.266667	0.043778
-21.233333	0.044784
-21.200000	0.045697
-21.166667	0.046498
-21.133333	0.047226
-21.100000	0.047869
-21.066667	0.048435
-21.033333	0.048908
-21.000000	0.049284
-20.966667	0.049580
-20.933333	0.049814
-20.900000	0.050000
-20.866667	0.050133
-20.833333	0.050245
-20.800000	0.050317
-20.766667	0.050360
-20.733333	0.050413
-20.700000	0.050460
-20.666667	0.050519
-20.633333	0.050596
-20.600000	0.050696
-20.566667	0.050820
-20.533333	0.050929
-20.500000	0.051056
-20.466667	0.051146
-20.433333	0.051204
-20.400000	0.051207
-20.366667	0.051143
-20.333333	0.051000
-20.300000	0.050776
-20.266667	0.050431
-20.233333	0.049978
-20.200000	0.049406
-20.166667	0.048714
-20.133333	0.047921
-20.100000	0.047033
-20.066667	0.046067
-20.033333	0.045047
-20.000000	0.043991
-19.966667	0.042920
-19.933333	0.041848
-19.900000	0.040806
-19.866667	0.039763
-19.833333	0.038764
-19.800000	0.037765
-19.766667	0.036785
-19.733333	0.035830
-19.700000	0.034906
-19.666667	0.034019
-19.633333	0.033162
-19.600000	0.032319
-19.566667	0.031469
-19.533333	0.030593
-19.500000	0.029696
-19.466667	0.028748
-19.433333	0.027760
-19.400000	0.026718
-19.366667	0.025622
-19.333333	0.024475
-19.300000	0.023283
-19.266667	0.022060
-19.233333	0.020823
-19.200000	0.019591
-19.166667	0.018391
-19.133333	0.017254
-19.100000	0.016195
-19.066667	0.015222
-19.033333	0.014340
-19.000000	0.013543
-18.966667	0.012832
-18.933333	0.012206
-18.900000	0.011664
-18.866667	0.011172
-18.833333	0.010755
-18.800000	0.010356
-18.766667	0.009992
-18.733333	0.009657
-18.700000	0.009331
-18.666667	0.008986
-18.633333	0.008599
-18.600000	0.008152
-18.566667	0.007633
-18.533333	0.007040
-18.500000	0.006380
-18.466667	0.005652
-18.433333	0.004867
-18.400000	0.004025
-18.366667	0.003141
-18.333333	0.002231
-18.300000	0.001304
-18.266667	0.000363
-18.233333	-0.000553
-18.200000	-0.001453
-18.166667	-0.002320
-18.133333	-0.003156
-18.100000	-0.003954
-18.066667	-0.004705
-18.033333	-0.005407
-18.000000	-0.006060
-17.966667	-0.006657
-17.933333	-0.007195
-17.900000	-0.007679
-17.866667	-0.008118
-17.833333	-0.008513
-17.800000	-0.008864
-17.766667	-0.009141
-17.733333	-0.009398
-17.700000	-0.009642
-17.666667	-0.009868
-17.633333	-0.010075
-17.600000	-0.010275
-17.566667	-0.010466
-17.533333	-0.010640
-17.500000	-0.010805
-17.466667	-0.010971
-17.433333	-0.011101
-17.400000	-0.011232
-17.366667	-0.011337
-17.333333	-0.011407
-17.300000	-0.011452
-17.266667	-0.011451
-17.233333	-0.011393
-17.200000	-0.011301
-17.166667	-0.011161
-17.133333	-0.010978
-17.100000	-0.010752
-17.066667	-0.010477
-17.033333	-0.010162
-17.000000	-0.009807
-16.966667	-0.009425
-16.933333	-0.009020
-16.900000	-0.008605
-16.866667	-0.008175
-16.833333	-0.007730
-16.800000	-0.007284
-16.766667	-0.006845
-16.733333	-0.006462
-16.700000	-0.006092
-16.666667	-0.005732
-16.633333	-0.005393
-16.600000	-0.005081
-16.566667	-0.004800
-16.533333	-0.004526
-16.500000	-0.004264
-16.466667	-0.003998
-16.433333	-0.003736
-16.400000	-0.003488
-16.366667	-0.003219
-16.333333	-0.002955
-16.300000	-0.002693
-16.266667	-0.002419
-16.233333	-0.002154
-16.200000	-0.001890
-16.166667	-0.001680
-16.133333	-0.001471
-16.100000	-0.001278
-16.066667	-0.001094
-16.033333	-0.000923
-16.000000	-0.000762
-15.966667	-0.000627
-15.933333	-0.000517
-15.900000	-0.000431
-15.866667	-0.000358
-15.833333	-0.000312
-15.800000	-0.000283
-15.766667	-0.000281
-15.733333	-0.000289
-15.700000	-0.000323
-15.666667	-0.000368
-15.633333	-0.000434
-15.600000	-0.000519
-15.566667	-0.000614
-15.533333	-0.000695
-15.500000	-0.000774
-15.466667	-0.000848
-15.433333	-0.000933
-15.400000	-0.001011
-15.366667	-0.001097
-15.333333	-0.001192
-15.300000	-0.001283
-15.266667	-0.001378
-15.233333	-0.001485
-15.200000	-0.001602
-15.166667	-0.001741
-15.133333	-0.001844
-15.100000	-0.001953
-15.066667	-0.002054
-15.033333	-0.002147
-15.000000	-0.002231
-14.966667	-0.002308
-14.933333	-0.002377
-14.900000	-0.002432
-14.866667	-0.002470
-14.833333	-0.002498
-14.800000	-0.002507
-14.766667	-0.002515
-14.733333	-0.002516
-14.700000	-0.002536
-14.666667	-0.002547
-14.633333	-0.002558
-14.600000	-0.002564
-14.566667	-0.002575
-14.533333	-0.002577
-14.500000	-0.002600
-14.466667	-0.002635
-14.433333	-0.002701
-14.400000	-0.002804
-14.366667	-0.002940
-14.333333	-0.003106
-14.300000	-0.003314
-14.266667	-0.003570
-14.233333	-0.003867
-14.200000	-0.004193
-14.166667	-0.004557
-14.133333	-0.004992
-14.100000	-0.005420
-14.066667	-0.005891
-14.033333	-0.006388
-14.000000	-0.006908
-13.966667	-0.007441
-13.933333	-0.007956
-13.900000	-0.008498
-13.866667	-0.009011
-13.833333	-0.009505
-13.800000	-0.009966
-13.766667	-0.010398
-13.733333	-0.010804
-13.700000	-0.011170
-13.666667	-0.011481
-13.633333	-0.011767
-13.600000	-0.012014
-13.566667	-0.012213
-13.533333	-0.012370
-13.500000	-0.012500
-13.466667	-0.012589
-13.433333	-0.012648
-13.400000	-0.012655
-13.366667	-0.012622
-13.333333	-0.012558
-13.300000	-0.012450
-13.266667	-0.012316
-13.233333	-0.012149
-13.200000	-0.011959
-13.166667	-0.011765
-13.133333	-0.011560
-13.100000	-0.011301
-13.066667	-0.011072
-13.033333	-0.010833
-13.000000	-0.010597
-12.966667	-0.010354
-12.933333	-0.010090
-12.900000	-0.009866
-12.866667	-0.009596
-12.833333	-0.009330
-12.800000	-0.009049
-12.766667	-0.008768
-12.733333	-0.008482
-12.700000	-0.008187
-12.666667	-0.007886
-12.633333	-0.007607
-12.600000	-0.007321
-12.566667	-0.007042
-12.533333	-0.006779
-12.500000	-0.006524
-12.466667	-0.006288
-12.433333	-0.006059
-12.400000	-0.005850
-12.366667	-0.005674
-12.333333	-0.005525
-12.300000	-0.005421
-12.266667	-0.005374
-12.233333	-0.005383
-12.200000	-0.005451
-12.166667	-0.005578
-12.133333	-0.005771
-12.100000	-0.006035
-12.066667	-0.006364
-12.033333	-0.006766
-12.000000	-0.007224
-11.966667	-0.007728
-11.933333	-0.008264
-11.900000	-0.008845
-11.866667	-0.009435
-11.833333	-0.010022
-11.800000	-0.010607
-11.766667	-0.011173
-11.733333	-0.011707
-11.700000	-0.012204
-11.666667	-0.012656
-11.633333	-0.013060
-11.600000	-0.013395
-11.566667	-0.013658
-11.533333	-0.013855
-11.500000	-0.013981
-11.466667	-0.014022
-11.433333	-0.014046
-11.400000	-0.013979
-11.366667	-0.013862
-11.333333	-0.013704
-11.300000	-0.013538
-11.266667	-0.013351
-11.233333	-0.013160
-11.200000	-0.012953
-11.166667	-0.012762
-11.133333	-0.012573
-11.100000	-0.012390
-11.066667	-0.012219
-11.033333	-0.012071
-11.000000	-0.011935
-10.966667	-0.011812
-10.933333	-0.011687
-10.900000	-0.011552
-10.866667	-0.011396
-10.833333	-0.011205
-10.800000	-0.011015
-10.766667	-0.010789
-10.733333	-0.010544
-10.700000	-0.010271
-10.666667	-0.009982
-10.633333	-0.009662
-10.600000	-0.009322
-10.566667	-0.008971
-10.533333	-0.008639
-10.500000	-0.008321
-10.466667	-0.008011
-10.433333	-0.007783
-10.400000	-0.007542
-10.366667	-0.007388
-10.333333	-0.007290
-10.300000	-0.007260
-10.266667	-0.007293
-10.233333	-0.007378
-10.200000	-0.007515
-10.166667	-0.007708
-10.133333	-0.007923
-10.100000	-0.008166
-10.066667	-0.008414
-10.033333	-0.008664
-10.000000	-0.008929
-9.966667	-0.009192
-9.933333	-0.009424
-9.900000	-0.009628
-9.866667	-0.009824
-9.833333	-0.010012
-9.800000	-0.010188
-9.766667	-0.010335
-9.733333	-0.010471
-9.700000	-0.010593
-9.666667	-0.010708
-9.633333	-0.010805
-9.600000	-0.010909
-9.566667	-0.011022
-9.533333	-0.011156
-9.500000	-0.011299
-9.466667	-0.011452
-9.433333	-0.011641
-9.400000	-0.011830
-9.366667	-0.012037
-9.333333	-0.012250
-9.300000	-0.012466
-9.266667	-0.012679
-9.233333	-0.012881
-9.200000	-0.013080
-9.166667	-0.013247
-9.133333	-0.013390
-9.100000	-0.013501
-9.066667	-0.013590
-9.033333	-0.013669
-9.000000	-0.013736
-8.966667	-0.013771
-8.933333	-0.013769
-8.900000	-0.013745
-8.866667	-0.013713
-8.833333	-0.013657
-8.800000	-0.013585
-8.766667	-0.013487
-8.733333	-0.013381
-8.700000	-0.013266
-8.666667	-0.013153
-8.633333	-0.013051
-8.600000	-0.012963
-8.566667	-0.012889
-8.533333	-0.012824
-8.500000	-0.012808
-8.466667	-0.012807
-8.433333	-0.012837
-8.400000	-0.012898
-8.366667	-0.012986
-8.333333	-0.013102
-8.300000	-0.013242
-8.266667	-0.013406
-8.233333	-0.013595
-8.200000	-0.013803
-8.166667	-0.014009
-8.133333	-0.014225
-8.100000	-0.014430
-8.066667	-0.014626
-8.033333	-0.014793
-8.000000	-0.014923
-7.966667	-0.015012
-7.933333	-0.015051
-7.900000	-0.015033
-7.866667	-0.014955
-7.833333	-0.014827
-7.800000	-0.014642
-7.766667	-0.014394
-7.733333	-0.014115
-7.700000	-0.013795
-7.666667	-0.013436
-7.633333	-0.013057
-7.600000	-0.012635
-7.566667	-0.012201
-7.533333	-0.011752
-7.500000	-0.011315
-7.466667	-0.010846
-7.433333	-0.010382
-7.400000	-0.009922
-7.366667	-0.009474
-7.333333	-0.009044
-7.300000	-0.008630
-7.266667	-0.008226
-7.233333	-0.007858
-7.200000	-0.007517
-7.166667	-0.007168
-7.133333	-0.006857
-7.100000	-0.006571
-7.066667	-0.006304
-7.033333	-0.006055
-7.000000	-0.005836
-6.966667	-0.005651
-6.933333	-0.005498
-6.900000	-0.005386
-6.866667	-0.005314
-6.833333	-0.005300
-6.800000	-0.005350
-6.766667	-0.005429
-6.733333	-0.005579
-6.700000	-0.005765
-6.666667	-0.005997
-6.633333	-0.006277
-6.600000	-0.006589
-6.566667	-0.006949
-6.533333	-0.007314
-6.500000	-0.007715
-6.466667	-0.008112
-6.433333	-0.008515
-6.400000	-0.008919
-6.366667	-0.009308
-6.333333	-0.009670
-6.300000	-0.009997
-6.266667	-0.010297
-6.233333	-0.010580
-6.200000	-0.010807
-6.166667	-0.010981
-6.133333	-0.011156
-6.100000	-0.011292
-6.066667	-0.011393
-6.033333	-0.011463
-6.000000	-0.011506
-5.966667	-0.011546
-5.933333	-0.011562
-5.900000	-0.011567
-5.866667	-0.011577
-5.833333	-0.011580
-5.800000	-0.011595
-5.766667	-0.011600
-5.733333	-0.011642
-5.700000	-0.011688
-5.666667	-0.011756
-5.633333	-0.011836
-5.600000	-0.011926
-5.566667	-0.012040
-5.533333	-0.012153
-5.500000	-0.012290
-5.466667	-0.012428
-5.433333	-0.012571
-5.400000	-0.012733
-5.366667	-0.012903
-5.333333	-0.013088
-5.300000	-0.013296
-5.266667	-0.013530
-5.233333	-0.013781
-5.200000	-0.014042
-5.166667	-0.014335
-5.133333	-0.014653
-5.100000	-0.014987
-5.066667	-0.015332
-5.033333	-0.015694
-5.000000	-0.016077
-4.966667	-0.016486
-4.933333	-0.016892
-4.900000	-0.017316
-4.866667	-0.017740
-4.833333	-0.018153
-4.800000	-0.018587
-4.766667	-0.018989
-4.733333	-0.019387
-4.700000	-0.019757
-4.666667	-0.020094
-4.633333	-0.020399
-4.600000	-0.020675
-4.566667	-0.020923
-4.533333	-0.021115
-4.500000	-0.021278
-4.466667	-0.021412
-4.433333	-0.021483
-4.400000	-0.021534
-4.366667	-0.021533
-4.333333	-0.021493
-4.300000	-0.021410
-4.266667	-0.021293
-4.233333	-0.021127
-4.200000	-0.020928
-4.166667	-0.020700
-4.133333	-0.020442
-4.100000	-0.020171
-4.066667	-0.019898
-4.033333	-0.019620
-4.000000	-0.019363
-3.966667	-0.019104
-3.933333	-0.018881
-3.900000	-0.018662
-3.866667	-0.018464
-3.833333	-0.018284
-3.800000	-0.018120
-3.766667	-0.017930
-3.733333	-0.017746
-3.700000	-0.017534
-3.666667	-0.017314
-3.633333	-0.017082
-3.600000	-0.016830
-3.566667	-0.016556
-3.533333	-0.016273
-3.500000	-0.015985
-3.466667	-0.015686
-3.433333	-0.015363
-3.400000	-0.015042
-3.366667	-0.014703
-3.333333	-0.014352
-3.300000	-0.013997
-3.266667	-0.013650
-3.233333	-0.013269
-3.200000	-0.012907
-3.166667	-0.012554
-3.133333	-0.012229
-3.100000	-0.011932
-3.066667	-0.011647
-3.033333	-0.011416
-3.000000	-0.011222
-2.966667	-0.011050
-2.933333	-0.010905
-2.900000	-0.010782
-2.866667	-0.010674
-2.833333	-0.010558
-2.800000	-0.010443
-2.766667	-0.010313
-2.733333	-0.010184
-2.700000	-0.010048
-2.666667	-0.009891
-2.633333	-0.009707
-2.600000	-0.009520
-2.566667	-0.009341
-2.533333	-0.009154
-2.500000	-0.008953
-2.466667	-0.008745
-2.433333	-0.008534
-2.400000	-0.008318
-2.366667	-0.008095
-2.333333	-0.007868
-2.300000	-0.007639
-2.266667	-0.007403
-2.233333	-0.007145
-2.200000	-0.006907
-2.166667	-0.006660
-2.133333	-0.006413
-2.100000	-0.006159
-2.066667	-0.005903
-2.033333	-0.005671
-2.000000	-0.005413
-1.966667	-0.005157
-1.933333	-0.004911
-1.900000	-0.004661
-1.866667	-0.004401
-1.833333	-0.004140
-1.800000	-0.003882
-1.766667	-0.003623
-1.733333	-0.003355
-1.700000	-0.003074
-1.666667	-0.002787
-1.633333	-0.002515
-1.600000	-0.002268
-1.566667	-0.002028
-1.533333	-0.001798
-1.500000	-0.001587
-1.466667	-0.001403
-1.433333	-0.001243
-1.400000	-0.001119
-1.366667	-0.001005
-1.333333	-0.000932
-1.300000	-0.000885
-1.266667	-0.000854
-1.233333	-0.000861
-1.200000	-0.000879
-1.166667	-0.000911
-1.133333	-0.000949
-1.100000	-0.000988
-1.066667	-0.001025
-1.033333	-0.001042
-1.000000	-0.001041
-0.966667	-0.001024
-0.933333	-0.000986
-0.900000	-0.000903
-0.866667	-0.000820
-0.833333	-0.000707
-0.800000	-0.000576
-0.766667	-0.000429
-0.733333	-0.000257
-0.700000	-0.000080
-0.666667	0.000095
-0.633333	0.000262
-0.600000	0.000416
-0.566667	0.000569
-0.533333	0.000705
-0.500000	0.000812
-0.466667	0.000900
-0.433333	0.000953
-0.400000	0.000954
-0.366667	0.000920
-0.333333	0.000839
-0.300000	0.000740
-0.266667	0.000604
-0.233333	0.000422
-0.200000	0.000228
-0.166667	0.000010
-0.133333	-0.000210
-0.100000	-0.000456
-0.066667	-0.000714
-0.033333	-0.000945
-0.000000	-0.001185
0.033333	-0.001434
0.066667	-0.001670
0.100000	-0.001896
0.133333	-0.002116
0.166667	-0.002326
0.200000	-0.002522
0.233333	-0.002707
0.266667	-0.002882
0.300000	-0.003061
0.333333	-0.003236
0.366667	-0.003409
0.400000	-0.003572
0.433333	-0.003737
0.466667	-0.003898
0.500000	-0.004091
0.533333	-0.004274
0.566667	-0.004485
0.600000	-0.004716
0.633333	-0.004952
0.666667	-0.005184
0.700000	-0.005433
0.733333	-0.005716
0.766667	-0.005992
0.800000	-0.006283
0.833333	-0.006573
0.866667	-0.006860
0.900000	-0.007158
0.933333	-0.007452
0.966667	-0.007726
1.000000	-0.007972
1.033333	-0.008230
1.066667	-0.008442
1.100000	-0.008625
1.133333	-0.008788
1.166667	-0.008918
1.200000	-0.009016
1.233333	-0.009082
1.266667	-0.009116
1.300000	-0.009126
1.333333	-0.009099
1.366667	-0.009042
1.400000	-0.008955
1.433333	-0.008837
1.466667	-0.008675
1.500000	-0.008508
1.533333	-0.008319
1.566667	-0.008101
1.600000	-0.007872
1.633333	-0.007635
1.666667	-0.007381
1.700000	-0.007116
1.733333	-0.006845
1.766667	-0.006554
1.800000	-0.006268
1.833333	-0.005967
1.866667	-0.005662
1.900000	-0.005356
1.933333	-0.005050
1.966667	-0.004722
2.000000	-0.004375
2.033333	-0.004062
2.066667	-0.003730
2.100000	-0.003392
2.133333	-0.003054
2.166667	-0.002733
2.200000	-0.002420
2.233333	-0.002117
2.266667	-0.001804
2.300000	-0.001523
2.333333	-0.001237
2.366667	-0.000959
2.400000	-0.000679
2.433333	-0.000407
2.466667	-0.000168
2.500000	0.000083
2.533333	0.000307
2.566667	0.000548
2.600000	0.000772
2.633333	0.000999
2.666667	0.001225
2.700000	0.001454
2.733333	0.001689
2.766667	0.001930
2.800000	0.002182
2.833333	0.002441
2.866667	0.002712
2.900000	0.002992
2.933333	0.003271
2.966667	0.003552
3.000000	0.003842
3.033333	0.004112
3.066667	0.004394
3.100000	0.004691
3.133333	0.004969
3.166667	0.005216
3.200000	0.005466
3.233333	0.005708
3.266667	0.005946
3.300000	0.006138
3.333333	0.006330
3.366667	0.006502
3.400000	0.006648
3.433333	0.006764
3.466667	0.006866
3.500000	0.006982
3.533333	0.007049
3.566667	0.007109
3.600000	0.007154
3.633333	0.007183
3.666667	0.007193
3.700000	0.007201
3.733333	0.007198
3.766667	0.007181
3.800000	0.007156
3.833333	0.007120
3.866667	0.007076
3.900000	0.007019
3.933333	0.006949
3.966667	0.006875
4.000000	0.006801
4.033333	0.006711
4.066667	0.006613
4.100000	0.006513
4.133333	0.006390
4.166667	0.006275
4.200000	0.006148
4.233333	0.006013
4.266667	0.005890
4.300000	0.005733
4.333333	0.005588
4.366667	0.005443
4.400000	0.005290
4.433333	0.005147
4.466667	0.005010
4.500000	0.004870
4.533333	0.004720
4.566667	0.004575
4.600000	0.004453
4.633333	0.004317
4.666667	0.004196
4.700000	0.004079
4.733333	0.003974
4.766667	0.003881
4.800000	0.003793
4.833333	0.003716
4.866667	0.003653
4.900000	0.003604
4.933333	0.003561
4.966667	0.003533
5.000000	0.003515
5.033333	0.003502
5.066667	0.003493
5.100000	0.003520
5.133333	0.003539
5.166667	0.003572
5.200000	0.003598
5.233333	0.003639
5.266667	0.003690
5.300000	0.003720
5.333333	0.003767
5.366667	0.003801
5.400000	0.003830
5.433333	0.003851
5.466667	0.003866
5.500000	0.003869
5.533333	0.003853
5.566667	0.003843
5.600000	0.003818
5.633333	0.003769
5.666667	0.003724
5.700000	0.003660
5.733333	0.003590
5.766667	0.003510
5.800000	0.003415
5.833333	0.003322
5.866667	0.003212
5.900000	0.003087
5.933333	0.002957
5.966667	0.002829
6.000000	0.002690
6.033333	0.002540
6.066667	0.002383
6.100000	0.002226
6.133333	0.002063
6.166667	0.001901
6.200000	0.001728
6.233333	0.001554
6.266667	0.001377
6.300000	0.001202
6.333333	0.001028
6.366667	0.000859
6.400000	0.000698
6.433333	0.000547
6.466667	0.000410
6.500000	0.000285
6.533333	0.000172
6.566667	0.000081
6.600000	-0.000014
6.633333	-0.000090
6.666667	-0.000149
6.700000	-0.000192
6.733333	-0.000219
6.766667	-0.000242
6.800000	-0.000274
6.833333	-0.000276
6.866667	-0.000297
6.900000	-0.000308
6.933333	-0.000321
6.966667	-0.000337
7.000000	-0.000362
7.033333	-0.000409
7.066667	-0.000459
7.100000	-0.000522
7.133333	-0.000598
7.166667	-0.000694
7.200000	-0.000805
7.233333	-0.000920
7.266667	-0.001047
7.300000	-0.001176
7.333333	-0.001330
7.366667	-0.001501
7.400000	-0.001672
7.433333	-0.001846
7.466667	-0.002033
7.500000	-0.002231
7.533333	-0.002432
7.566667	-0.002647
7.600000	-0.002867
7.633333	-0.003090
7.666667	-0.003321
7.700000	-0.003560
7.733333	-0.003810
7.766667	-0.004057
7.800000	-0.004314
7.833333	-0.004565
7.866667	-0.004855
7.900000	-0.005120
7.933333	-0.005401
7.966667	-0.005678
8.000000	-0.005960
8.033333	-0.006249
8.066667	-0.006528
8.100000	-0.006809
8.133333	-0.007082
8.166667	-0.007345
8.200000	-0.007597
8.233333	-0.007848
8.266667	-0.008086
8.300000	-0.008317
8.333333	-0.008562
8.366667	-0.008773
8.400000	-0.008976
8.433333	-0.009173
8.466667	-0.009369
8.500000	-0.009556
8.533333	-0.009743
8.566667	-0.009922
8.600000	-0.010100
8.633333	-0.010279
8.666667	-0.010460
8.700000	-0.010648
8.733333	-0.010834
8.766667	-0.011019
8.800000	-0.011219
8.833333	-0.011421
8.866667	-0.011623
8.900000	-0.011812
8.933333	-0.012024
8.966667	-0.012235
9.000000	-0.012466
9.033333	-0.012703
9.066667	-0.012960
9.100000	-0.013218
9.133333	-0.013486
9.166667	-0.013765
9.200000	-0.014066
9.233333	-0.014389
9.266667	-0.014707
9.300000	-0.015030
9.333333	-0.015365
9.366667	-0.015696
9.400000	-0.016044
9.433333	-0.016382
9.466667	-0.016713
9.500000	-0.017036
9.533333	-0.017352
9.566667	-0.017625
9.600000	-0.017889
9.633333	-0.018120
9.666667	-0.018321
9.700000	-0.018473
9.733333	-0.018585
9.766667	-0.018639
9.800000	-0.018649
9.833333	-0.018614
9.866667	-0.018530
9.900000	-0.018400
9.933333	-0.018226
9.966667	-0.018013
10.000000	-0.017763
10.033333	-0.017465
10.066667	-0.017135
10.100000	-0.016760
10.133333	-0.016361
10.166667	-0.015937
10.200000	-0.015493
10.233333	-0.015021
10.266667	-0.014516
10.300000	-0.013995
10.333333	-0.013466
10.366667	-0.012922
10.400000	-0.012360
10.433333	-0.011784
10.466667	-0.011196
10.500000	-0.010601
10.533333	-0.010000
10.566667	-0.009385
10.600000	-0.008784
10.633333	-0.008184
10.666667	-0.007596
10.700000	-0.007023
10.733333	-0.006476
10.766667	-0.005945
10.800000	-0.005450
10.833333	-0.004980
10.866667	-0.004538
10.900000	-0.004125
10.933333	-0.003743
10.966667	-0.003393
11.000000	-0.003074
11.033333	-0.002785
11.066667	-0.002525
11.100000	-0.002291
11.133333	-0.002083
11.166667	-0.001896
11.200000	-0.001727
11.233333	-0.001572
11.266667	-0.001427
11.300000	-0.001289
11.333333	-0.001157
11.366667	-0.001030
11.400000	-0.000908
11.433333	-0.000790
11.466667	-0.000677
11.500000	-0.000563
11.533333	-0.000458
11.566667	-0.000361
11.600000	-0.000274
11.633333	-0.000197
11.666667	-0.000130
11.700000	-0.000074
11.733333	-0.000029
11.766667	0.000005
11.800000	0.000027
11.833333	0.000036
11.866667	0.000033
11.900000	0.000016
11.933333	-0.000014
11.966667	-0.000058
