0.200000	5.192232
0.210000	3.507763
0.220000	2.678151
0.230000	1.926425
0.240000	5.748002
0.250000	3.787550
0.260000	10.760134
0.270000	9.178667
0.280000	2.109244
0.290000	4.191938
0.300000	6.960516
0.310000	8.984882
0.320000	7.557975
0.330000	8.080471
0.340000	10.025120
0.350000	7.153774
0.360000	6.123121
0.370000	7.459394
0.380000	6.870459
0.390000	11.800046
0.400000	5.555505
0.410000	8.030430
0.420000	4.890973
0.430000	9.083430
0.440000	8.994848
0.450000	10.462527
0.460000	7.209443
0.470000	6.235150
0.480000	6.327639
0.490000	6.899487
0.500000	9.346194
0.510000	8.625708
0.520000	7.062450
0.530000	11.447586
0.540000	11.487342
0.550000	6.213956
0.560000	11.545791
0.570000	8.976107
0.580000	9.763202
0.590000	11.104228
0.600000	9.809198
0.610000	8.851214
0.620000	9.568520
0.630000	10.437058
0.640000	7.232717
0.650000	7.461446
0.660000	10.470674
0.670000	10.011751
0.680000	8.203522
0.690000	10.905308
0.700000	9.755703
0.710000	8.169767
0.720000	8.259702
0.730000	8.963587
0.740000	9.587131
0.750000	10.597124
0.760000	12.114325
0.770000	10.716974
0.780000	10.446668
0.790000	8.224129
0.800000	11.991749
0.810000	9.749273
0.820000	9.784452
0.830000	10.092636
0.840000	8.108361
0.850000	10.207543
0.860000	6.656884
0.870000	9.648755
0.880000	6.242552
0.890000	5.892006
0.900000	8.807264
0.910000	8.637389
0.920000	8.677834
0.930000	6.285328
0.940000	9.212161
0.950000	8.668728
0.960000	4.657949
0.970000	7.319044
0.980000	8.472234
0.990000	8.044100
1.000000	7.514700
1.010000	7.582985
1.020000	9.795078
1.030000	9.143979
1.040000	4.746845
1.050000	4.858070
1.060000	9.099469
1.070000	8.842205
1.080000	5.960099
1.090000	8.143907
1.100000	0.242794
1.110000	7.715017
1.120000	7.005357
1.130000	5.872824
1.140000	3.469363
1.150000	3.980257
1.160000	14.879475
1.170000	2.977939
1.180000	6.027629
1.190000	6.753322
1.200000	7.355054
1.210000	4.244400
1.220000	5.001209
1.230000	4.460474
1.240000	1.658530
1.250000	4.740233
1.260000	4.677469
1.270000	0.715362
1.280000	0.368098
1.290000	2.236473
1.300000	-0.725416
1.310000	2.089130
1.320000	2.883743
1.330000	4.463784
1.340000	3.810669
1.350000	3.206700
1.360000	2.675970
1.370000	-0.389146
1.380000	3.462567
1.390000	1.619502
1.400000	2.089611
1.410000	1.970365
1.420000	5.822404
1.430000	4.978709
1.440000	4.418509
1.450000	2.029028
1.460000	3.196330
1.470000	2.450659
1.480000	4.603940
1.490000	3.088045
1.500000	3.074406
1.510000	0.133345
1.520000	2.305133
1.530000	4.159297
1.540000	-0.204410
1.550000	1.126108
1.560000	1.162860
1.570000	4.231325
1.580000	2.192339
1.590000	2.012335
