0.200000	3.472220
0.210000	3.920033
0.220000	4.488240
0.230000	6.194942
0.240000	3.171073
0.250000	6.041722
0.260000	2.097391
0.270000	7.156943
0.280000	5.299607
0.290000	8.086712
0.300000	9.183858
0.310000	8.992560
0.320000	5.290005
0.330000	11.838545
0.340000	7.056599
0.350000	6.950517
0.360000	11.308718
0.370000	10.922700
0.380000	10.779553
0.390000	7.528926
0.400000	4.517329
0.410000	6.837178
0.420000	9.089716
0.430000	6.384173
0.440000	8.120008
0.450000	3.109533
0.460000	7.719604
0.470000	7.793195
0.480000	4.685197
0.490000	10.202287
0.500000	6.902405
0.510000	3.570262
0.520000	6.799061
0.530000	8.231721
0.540000	7.595733
0.550000	6.294003
0.560000	4.573312
0.570000	8.013279
0.580000	8.950628
0.590000	6.123497
0.600000	9.669229
0.610000	13.971604
0.620000	10.010062
0.630000	12.229709
0.640000	10.451753
0.650000	10.067553
0.660000	10.514866
0.670000	12.638408
0.680000	7.905089
0.690000	14.110611
0.700000	8.666205
0.710000	9.023714
0.720000	14.596908
0.730000	9.180616
0.740000	9.713757
0.750000	10.377808
0.760000	12.138687
0.770000	11.575099
0.780000	10.176588
0.790000	8.827403
0.800000	15.313193
0.810000	10.518031
0.820000	11.714714
0.830000	9.903458
0.840000	8.754661
0.850000	12.332156
0.860000	10.126502
0.870000	8.997602
0.880000	7.681780
0.890000	5.653492
0.900000	9.728582
0.910000	8.640555
0.920000	5.595542
0.930000	6.458807
0.940000	10.334037
0.950000	4.125735
0.960000	7.076566
0.970000	8.418083
0.980000	6.915216
0.990000	4.671599
1.000000	5.925094
1.010000	6.945175
1.020000	5.517520
1.030000	7.369347
1.040000	9.088894
1.050000	10.851296
1.060000	3.565599
1.070000	5.901088
1.080000	10.404541
1.090000	8.018452
1.100000	2.778376
1.110000	6.099471
1.120000	7.773607
1.130000	5.230279
1.140000	2.742528
1.150000	3.785929
1.160000	6.979405
1.170000	2.345267
1.180000	4.395798
1.190000	6.913967
1.200000	6.432529
1.210000	8.264500
1.220000	6.021488
1.230000	5.443573
1.240000	5.547926
1.250000	3.828051
1.260000	4.767177
1.270000	5.316382
1.280000	-0.528481
1.290000	0.727357
1.300000	0.282731
1.310000	2.253381
1.320000	4.964036
1.330000	0.453169
1.340000	3.713689
1.350000	5.100958
1.360000	2.598421
1.370000	3.475626
1.380000	1.273203
1.390000	-0.587660
1.400000	4.906987
1.410000	3.549281
1.420000	2.348015
1.430000	0.782716
1.440000	0.883867
1.450000	0.231874
1.460000	4.062646
1.470000	3.127723
1.480000	2.254840
1.490000	5.430337
1.500000	2.784977
1.510000	6.301802
1.520000	5.974896
1.530000	4.345856
1.540000	5.935390
1.550000	4.454970
1.560000	4.428504
1.570000	4.923688
1.580000	2.464072
1.590000	1.129148
