0.200000	1.541680
0.210000	3.613338
0.220000	3.254441
0.230000	2.657203
0.240000	0.336119
0.250000	2.814690
0.260000	10.209106
0.270000	6.041328
0.280000	3.400290
0.290000	7.788518
0.300000	5.468643
0.310000	4.038775
0.320000	8.036703
0.330000	6.268317
0.340000	2.345580
0.350000	7.892166
0.360000	7.209783
0.370000	2.449026
0.380000	4.515567
0.390000	8.121236
0.400000	2.917447
0.410000	5.014340
0.420000	6.846357
0.430000	2.036676
0.440000	5.508291
0.450000	6.506664
0.460000	1.027770
0.470000	2.165634
0.480000	6.739836
0.490000	3.077864
0.500000	2.574405
0.510000	8.267484
0.520000	8.960845
0.530000	4.861572
0.540000	6.924702
0.550000	6.973632
0.560000	7.988080
0.570000	5.475376
0.580000	7.448746
0.590000	8.773530
0.600000	7.547189
0.610000	8.427442
0.620000	5.939576
0.630000	11.375259
0.640000	10.382945
0.650000	9.766493
0.660000	8.310650
0.670000	10.625407
0.680000	8.203987
0.690000	8.207175
0.700000	8.038309
0.710000	9.378571
0.720000	7.707245
0.730000	7.400309
0.740000	5.463089
0.750000	4.471535
0.760000	8.551053
0.770000	9.859520
0.780000	7.827884
0.790000	4.768609
0.800000	6.988709
0.810000	8.327750
0.820000	6.515356
0.830000	5.441516
0.840000	5.659123
0.850000	6.001955
0.860000	5.922104
0.870000	3.350837
0.880000	4.731562
0.890000	4.879058
0.900000	4.439209
0.910000	2.884235
0.920000	5.369939
0.930000	1.564220
0.940000	-0.110451
0.950000	1.539692
0.960000	2.961005
0.970000	3.504102
0.980000	2.528716
0.990000	3.545867
1.000000	0.244220
1.010000	-1.054151
1.020000	2.530667
1.030000	-0.821054
1.040000	-1.488546
1.050000	2.158385
1.060000	-0.912998
1.070000	-1.605350
1.080000	3.525247
1.090000	1.293809
1.100000	-1.679262
1.110000	0.553189
1.120000	4.130666
1.130000	0.463265
1.140000	-0.578793
1.150000	3.268617
1.160000	4.521089
1.170000	1.507961
1.180000	-0.951728
1.190000	-0.027992
1.200000	3.661942
1.210000	0.866018
1.220000	2.409226
1.230000	2.203404
1.240000	2.682316
1.250000	3.516704
1.260000	-1.386707
1.270000	2.124138
1.280000	0.725161
1.290000	1.890937
1.300000	1.564234
1.310000	1.479637
1.320000	1.851981
1.330000	2.799366
1.340000	-1.103345
1.350000	1.553509
1.360000	1.600240
1.370000	-1.335046
1.380000	1.180586
1.390000	-1.342537
1.400000	1.919284
1.410000	-2.660210
1.420000	1.874309
1.430000	0.488324
1.440000	-1.328219
1.450000	0.732447
1.460000	-1.063280
1.470000	1.920315
1.480000	-0.823617
1.490000	-1.348852
1.500000	-2.657145
1.510000	0.816834
1.520000	2.192630
1.530000	-0.091658
1.540000	2.228167
1.550000	1.888895
1.560000	-1.526436
1.570000	1.248798
1.580000	-3.075196
1.590000	-0.080005
