0.200000	6.742658
0.210000	9.599669
0.220000	7.065219
0.230000	17.588389
0.240000	10.596452
0.250000	14.296395
0.260000	11.638082
0.270000	8.474081
0.280000	10.625397
0.290000	11.448927
0.300000	12.245551
0.310000	11.619988
0.320000	13.996381
0.330000	9.161807
0.340000	8.829361
0.350000	13.432866
0.360000	14.933247
0.370000	12.165600
0.380000	17.952855
0.390000	11.699594
0.400000	17.245786
0.410000	16.128640
0.420000	17.887745
0.430000	13.746112
0.440000	17.332660
0.450000	9.586260
0.460000	10.724322
0.470000	11.652981
0.480000	9.382703
0.490000	12.880207
0.500000	10.753233
0.510000	7.148554
0.520000	12.801838
0.530000	9.173130
0.540000	7.539987
0.550000	9.946966
0.560000	9.503583
0.570000	7.242163
0.580000	12.519885
0.590000	11.780850
0.600000	10.884246
0.610000	11.739685
0.620000	12.462386
0.630000	5.414667
0.640000	7.412651
0.650000	7.554331
0.660000	8.288286
0.670000	13.471516
0.680000	13.745664
0.690000	10.162462
0.700000	14.840806
0.710000	9.029482
0.720000	12.701340
0.730000	15.179856
0.740000	10.792079
0.750000	9.957112
0.760000	11.370380
0.770000	8.263637
0.780000	7.787310
0.790000	11.487856
0.800000	12.251773
0.810000	7.673561
0.820000	10.702910
0.830000	10.751487
0.840000	10.775971
0.850000	14.107523
0.860000	5.886882
0.870000	8.673842
0.880000	9.214536
0.890000	8.628753
0.900000	7.273556
0.910000	9.155061
0.920000	6.777977
0.930000	10.344879
0.940000	7.534727
0.950000	4.076586
0.960000	9.590653
0.970000	9.334378
0.980000	7.224229
0.990000	11.687897
1.000000	7.199740
1.010000	7.073081
1.020000	10.509515
1.030000	6.066956
1.040000	4.145127
1.050000	10.998761
1.060000	6.803886
1.070000	7.307578
1.080000	7.911869
1.090000	10.284771
1.100000	0.821277
1.110000	13.692253
1.120000	10.340990
1.130000	4.772298
1.140000	11.872520
1.150000	6.185186
1.160000	15.124983
1.170000	11.668838
1.180000	5.396098
1.190000	9.308710
1.200000	10.734151
1.210000	5.103409
1.220000	8.656736
1.230000	7.094871
1.240000	6.343531
1.250000	8.965056
1.260000	6.663303
1.270000	6.270383
1.280000	6.450744
1.290000	4.880565
1.300000	6.323286
1.310000	7.487771
1.320000	2.118249
1.330000	0.412253
1.340000	7.665977
1.350000	2.613665
1.360000	0.594617
1.370000	3.820270
1.380000	0.966982
1.390000	4.411060
1.400000	6.965972
1.410000	0.837912
1.420000	3.084258
1.430000	2.977365
1.440000	1.024382
1.450000	3.949081
1.460000	4.888326
1.470000	4.068220
1.480000	5.260701
1.490000	5.129679
1.500000	2.693862
1.510000	4.713052
1.520000	1.851608
1.530000	0.779762
1.540000	7.261505
1.550000	6.609995
1.560000	3.015023
1.570000	5.566519
1.580000	1.593757
1.590000	4.778057
