0.200000	6.765117
0.210000	9.087481
0.220000	10.073779
0.230000	17.447107
0.240000	10.280343
0.250000	14.110212
0.260000	11.940480
0.270000	7.950056
0.280000	10.822564
0.290000	11.175152
0.300000	12.622081
0.310000	8.702737
0.320000	11.197120
0.330000	12.456550
0.340000	8.821989
0.350000	16.897402
0.360000	11.720577
0.370000	15.757888
0.380000	18.132540
0.390000	14.397096
0.400000	17.285310
0.410000	15.806237
0.420000	15.501787
0.430000	16.844758
0.440000	14.468303
0.450000	12.944133
0.460000	10.617154
0.470000	14.352065
0.480000	12.392682
0.490000	13.297519
0.500000	11.533679
0.510000	9.235963
0.520000	9.791985
0.530000	12.568264
0.540000	10.938949
0.550000	10.111267
0.560000	9.739555
0.570000	10.202593
0.580000	11.835360
0.590000	8.650706
0.600000	10.843932
0.610000	11.507502
0.620000	11.785788
0.630000	5.099428
0.640000	9.939172
0.650000	8.149878
0.660000	8.490284
0.670000	10.481529
0.680000	13.314417
0.690000	7.089718
0.700000	14.924792
0.710000	8.654530
0.720000	12.272456
0.730000	14.869902
0.740000	7.136290
0.750000	10.125104
0.760000	11.461713
0.770000	11.460558
0.780000	8.154934
0.790000	15.216769
0.800000	12.408934
0.810000	11.231871
0.820000	11.493376
0.830000	11.205022
0.840000	10.590217
0.850000	13.921954
0.860000	6.193884
0.870000	11.674425
0.880000	12.469842
0.890000	5.032115
0.900000	6.938883
0.910000	12.520240
0.920000	6.643960
0.930000	7.687734
0.940000	10.048562
0.950000	4.490818
0.960000	6.615136
0.970000	5.634469
0.980000	7.608646
0.990000	10.843874
1.000000	9.961842
1.010000	3.671343
1.020000	11.106848
1.030000	5.496898
1.040000	4.167709
1.050000	8.132401
1.060000	4.173858
1.070000	4.213410
1.080000	8.349614
1.090000	9.610408
1.100000	3.615100
1.110000	10.485538
1.120000	10.918873
1.130000	4.998411
1.140000	11.962342
1.150000	6.589127
1.160000	12.512164
1.170000	11.718589
1.180000	4.976980
1.190000	9.321408
1.200000	7.967997
1.210000	5.058284
1.220000	5.589290
1.230000	10.007062
1.240000	6.450966
1.250000	9.287828
1.260000	7.266335
1.270000	6.349737
1.280000	8.626096
1.290000	7.677961
1.300000	5.388358
1.310000	7.600351
1.320000	2.316253
1.330000	0.469406
1.340000	3.752180
1.350000	2.263865
1.360000	3.660567
1.370000	3.021251
1.380000	3.782338
1.390000	3.973196
1.400000	4.579202
1.410000	1.411133
1.420000	5.650235
1.430000	3.500713
1.440000	1.494277
1.450000	1.560891
1.460000	7.220752
1.470000	1.674006
1.480000	4.736611
1.490000	2.181551
1.500000	2.721184
1.510000	4.476366
1.520000	4.905510
1.530000	0.973360
1.540000	3.988867
1.550000	7.075362
1.560000	3.008144
1.570000	2.974597
1.580000	4.546245
1.590000	1.840649
