2.000000e-01	3.423900e-01
2.100000e-01	6.910549e+00
2.200000e-01	4.406359e+00
2.300000e-01	4.818642e+00
2.400000e-01	8.982556e+00
2.500000e-01	3.307572e+00
2.600000e-01	9.890174e+00
2.700000e-01	5.706306e+00
2.800000e-01	5.973777e+00
2.900000e-01	1.023563e+01
3.000000e-01	9.079878e+00
3.100000e-01	1.003948e+01
3.200000e-01	9.297049e+00
3.300000e-01	9.761007e+00
3.400000e-01	1.070262e+01
3.500000e-01	1.207865e+01
3.600000e-01	1.449956e+01
3.700000e-01	1.427625e+01
3.800000e-01	1.326962e+01
3.900000e-01	1.459957e+01
4.000000e-01	1.348058e+01
4.100000e-01	1.462141e+01
4.200000e-01	1.416050e+01
4.300000e-01	1.545637e+01
4.400000e-01	1.533141e+01
4.500000e-01	1.298546e+01
4.600000e-01	1.314458e+01
4.700000e-01	1.343295e+01
4.800000e-01	1.240098e+01
4.900000e-01	1.297354e+01
5.000000e-01	1.295537e+01
5.100000e-01	1.255870e+01
5.200000e-01	1.216418e+01
5.300000e-01	1.245580e+01
5.400000e-01	1.333281e+01
5.500000e-01	1.451364e+01
5.600000e-01	1.623426e+01
5.700000e-01	1.610092e+01
5.800000e-01	1.596838e+01
5.900000e-01	1.629607e+01
6.000000e-01	1.942922e+01
6.100000e-01	1.889956e+01
6.200000e-01	2.130322e+01
6.300000e-01	2.165892e+01
6.400000e-01	2.013060e+01
6.500000e-01	1.929178e+01
6.600000e-01	2.040378e+01
6.700000e-01	2.123963e+01
6.800000e-01	2.195619e+01
6.900000e-01	2.261302e+01
7.000000e-01	2.163016e+01
7.100000e-01	2.141445e+01
7.200000e-01	2.285174e+01
7.300000e-01	2.270982e+01
7.400000e-01	2.216998e+01
7.500000e-01	1.977423e+01
7.600000e-01	2.169882e+01
7.700000e-01	1.837434e+01
7.800000e-01	1.716883e+01
7.900000e-01	1.775540e+01
8.000000e-01	1.654241e+01
8.100000e-01	1.678065e+01
8.200000e-01	1.637098e+01
8.300000e-01	1.693525e+01
8.400000e-01	1.683682e+01
8.500000e-01	1.812428e+01
8.600000e-01	1.840350e+01
8.700000e-01	1.869283e+01
8.800000e-01	1.798317e+01
8.900000e-01	1.790166e+01
9.000000e-01	1.687883e+01
9.100000e-01	1.785600e+01
9.200000e-01	1.917789e+01
9.300000e-01	1.882756e+01
9.400000e-01	1.877046e+01
9.500000e-01	1.916813e+01
9.600000e-01	1.785995e+01
9.700000e-01	1.873716e+01
9.800000e-01	1.980341e+01
9.900000e-01	2.085660e+01
1.000000e+00	2.253237e+01
1.010000e+00	2.224253e+01
1.020000e+00	2.260437e+01
1.030000e+00	2.314420e+01
1.040000e+00	2.495482e+01
1.050000e+00	2.531038e+01
1.060000e+00	2.540431e+01
1.070000e+00	2.519735e+01
1.080000e+00	2.743231e+01
1.090000e+00	2.674040e+01
1.100000e+00	2.151020e+01
1.110000e+00	3.240600e+01
1.120000e+00	3.180266e+01
1.130000e+00	2.903251e+01
1.140000e+00	2.745977e+01
1.150000e+00	2.905773e+01
1.160000e+00	3.534207e+01
1.170000e+00	2.533826e+01
1.180000e+00	2.885591e+01
1.190000e+00	3.001109e+01
1.200000e+00	3.009496e+01
1.210000e+00	2.953328e+01
1.220000e+00	3.007853e+01
1.230000e+00	4.316147e+01
1.240000e+00	3.553275e+01
1.250000e+00	3.415485e+01
1.260000e+00	3.498432e+01
1.270000e+00	3.385784e+01
1.280000e+00	3.460542e+01
1.290000e+00	3.386705e+01
1.300000e+00	3.554429e+01
1.310000e+00	3.647072e+01
1.320000e+00	3.354449e+01
1.330000e+00	3.461964e+01
1.340000e+00	3.411375e+01
1.350000e+00	3.602803e+01
1.360000e+00	4.236683e+01
1.370000e+00	4.166693e+01
1.380000e+00	4.146579e+01
1.390000e+00	4.062919e+01
1.400000e+00	3.913536e+01
1.410000e+00	5.240242e+01
1.420000e+00	3.985499e+01
1.430000e+00	4.396289e+01
1.440000e+00	4.899083e+01
1.450000e+00	4.374741e+01
1.460000e+00	3.997747e+01
1.470000e+00	4.260283e+01
1.480000e+00	4.950540e+01
1.490000e+00	5.509605e+01
1.500000e+00	4.550590e+01
1.510000e+00	4.240760e+01
1.520000e+00	4.292939e+01
1.530000e+00	4.114575e+01
1.540000e+00	4.614265e+01
1.550000e+00	5.103745e+01
1.560000e+00	5.268707e+01
1.570000e+00	4.919879e+01
1.580000e+00	4.108835e+01
1.590000e+00	5.082255e+01
