2.000000e-01	2.996131e+00
2.100000e-01	1.888737e+00
2.200000e-01	3.148617e+00
2.300000e-01	-5.455335e-01
2.400000e-01	-1.996343e-01
2.500000e-01	1.985733e+00
2.600000e-01	7.704540e-02
2.700000e-01	2.167767e+00
2.800000e-01	2.868491e-01
2.900000e-01	7.951626e-01
3.000000e-01	-6.534053e-01
3.100000e-01	1.044689e+00
3.200000e-01	2.129050e+00
3.300000e-01	5.716177e-02
3.400000e-01	5.203676e-01
3.500000e-01	2.052067e+00
3.600000e-01	1.297243e+00
3.700000e-01	2.752837e-01
3.800000e-01	1.080380e+00
3.900000e-01	2.696399e+00
4.000000e-01	2.433421e+00
4.100000e-01	9.211163e-01
4.200000e-01	3.076978e+00
4.300000e-01	3.678886e+00
4.400000e-01	3.671160e+00
4.500000e-01	3.985436e+00
4.600000e-01	5.339325e+00
4.700000e-01	5.776803e+00
4.800000e-01	6.383579e+00
4.900000e-01	7.235499e+00
5.000000e-01	9.148053e+00
5.100000e-01	9.676294e+00
5.200000e-01	1.156723e+01
5.300000e-01	1.360256e+01
5.400000e-01	1.488295e+01
5.500000e-01	1.554117e+01
5.600000e-01	1.840921e+01
5.700000e-01	1.759705e+01
5.800000e-01	1.723698e+01
5.900000e-01	1.705836e+01
6.000000e-01	2.065877e+01
6.100000e-01	1.914569e+01
6.200000e-01	1.739189e+01
6.300000e-01	2.072369e+01
6.400000e-01	2.427977e+01
6.500000e-01	2.256986e+01
6.600000e-01	2.200289e+01
6.700000e-01	2.679635e+01
6.800000e-01	2.697764e+01
6.900000e-01	2.513333e+01
7.000000e-01	3.051560e+01
7.100000e-01	4.372745e+01
7.200000e-01	3.804755e+01
7.300000e-01	3.152690e+01
7.400000e-01	3.744040e+01
7.500000e-01	4.200267e+01
7.600000e-01	4.886651e+01
7.700000e-01	4.688073e+01
7.800000e-01	4.909105e+01
7.900000e-01	4.386521e+01
8.000000e-01	4.242915e+01
8.100000e-01	4.345580e+01
8.200000e-01	5.015740e+01
8.300000e-01	4.617936e+01
8.400000e-01	3.459487e+01
8.500000e-01	2.979046e+01
8.600000e-01	3.009096e+01
8.700000e-01	2.756339e+01
8.800000e-01	2.758015e+01
8.900000e-01	3.186633e+01
9.000000e-01	3.179836e+01
9.100000e-01	2.685825e+01
9.200000e-01	2.785519e+01
9.300000e-01	2.759276e+01
9.400000e-01	2.469399e+01
9.500000e-01	2.587385e+01
9.600000e-01	2.577814e+01
9.700000e-01	2.546684e+01
9.800000e-01	2.270546e+01
9.900000e-01	2.385779e+01
1.000000e+00	2.494833e+01
1.010000e+00	2.495480e+01
1.020000e+00	2.463847e+01
1.030000e+00	2.402120e+01
1.040000e+00	2.412688e+01
1.050000e+00	2.195123e+01
1.060000e+00	2.128765e+01
1.070000e+00	2.307990e+01
1.080000e+00	2.488819e+01
1.090000e+00	2.455015e+01
1.100000e+00	1.426007e+01
1.110000e+00	2.250758e+01
1.120000e+00	2.125686e+01
1.130000e+00	2.041159e+01
1.140000e+00	2.050599e+01
1.150000e+00	2.272592e+01
1.160000e+00	3.005383e+01
1.170000e+00	2.523788e+01
1.180000e+00	2.193323e+01
1.190000e+00	2.316509e+01
1.200000e+00	2.063170e+01
1.210000e+00	2.202546e+01
1.220000e+00	2.045285e+01
1.230000e+00	2.089131e+01
1.240000e+00	2.046680e+01
1.250000e+00	1.956194e+01
1.260000e+00	2.118596e+01
1.270000e+00	2.176279e+01
1.280000e+00	1.916460e+01
1.290000e+00	1.720736e+01
1.300000e+00	1.861472e+01
1.310000e+00	1.746882e+01
1.320000e+00	1.609700e+01
1.330000e+00	1.807661e+01
1.340000e+00	1.693159e+01
1.350000e+00	1.697333e+01
1.360000e+00	1.569915e+01
1.370000e+00	1.447044e+01
1.380000e+00	1.732090e+01
1.390000e+00	1.520462e+01
1.400000e+00	1.571149e+01
1.410000e+00	1.821124e+01
1.420000e+00	1.832468e+01
1.430000e+00	1.899937e+01
1.440000e+00	1.715585e+01
1.450000e+00	1.717099e+01
1.460000e+00	2.143554e+01
1.470000e+00	1.839290e+01
1.480000e+00	2.139993e+01
1.490000e+00	1.990285e+01
1.500000e+00	2.150953e+01
1.510000e+00	2.038030e+01
1.520000e+00	2.423656e+01
1.530000e+00	2.535453e+01
1.540000e+00	2.617808e+01
1.550000e+00	3.097189e+01
1.560000e+00	2.776770e+01
1.570000e+00	2.623880e+01
1.580000e+00	2.957070e+01
1.590000e+00	2.749207e+01
