2.000000e-01	3.952142e+00
2.100000e-01	1.240022e+01
2.200000e-01	6.975962e+00
2.300000e-01	7.062385e+00
2.400000e-01	7.394685e+00
2.500000e-01	9.994434e+00
2.600000e-01	7.514062e+00
2.700000e-01	8.224684e+00
2.800000e-01	7.245712e+00
2.900000e-01	9.399900e+00
3.000000e-01	1.367429e+01
3.100000e-01	1.075274e+01
3.200000e-01	1.226498e+01
3.300000e-01	1.252926e+01
3.400000e-01	1.185587e+01
3.500000e-01	1.422597e+01
3.600000e-01	1.501773e+01
3.700000e-01	1.458561e+01
3.800000e-01	1.723325e+01
3.900000e-01	1.535338e+01
4.000000e-01	1.575798e+01
4.100000e-01	2.142878e+01
4.200000e-01	1.930472e+01
4.300000e-01	1.868939e+01
4.400000e-01	2.392347e+01
4.500000e-01	1.884735e+01
4.600000e-01	2.066838e+01
4.700000e-01	2.076702e+01
4.800000e-01	1.582326e+01
4.900000e-01	1.793154e+01
5.000000e-01	1.722841e+01
5.100000e-01	1.596689e+01
5.200000e-01	1.546004e+01
5.300000e-01	1.509997e+01
5.400000e-01	1.498502e+01
5.500000e-01	1.512926e+01
5.600000e-01	1.535129e+01
5.700000e-01	1.567435e+01
5.800000e-01	1.584073e+01
5.900000e-01	1.659132e+01
6.000000e-01	1.578286e+01
6.100000e-01	1.678428e+01
6.200000e-01	1.773791e+01
6.300000e-01	1.650090e+01
6.400000e-01	1.623661e+01
6.500000e-01	1.566010e+01
6.600000e-01	1.368124e+01
6.700000e-01	1.292768e+01
6.800000e-01	1.215113e+01
6.900000e-01	1.084332e+01
7.000000e-01	1.026751e+01
7.100000e-01	9.236827e+00
7.200000e-01	8.640143e+00
7.300000e-01	9.431208e+00
7.400000e-01	9.313316e+00
7.500000e-01	1.067848e+01
7.600000e-01	1.259529e+01
7.700000e-01	1.199191e+01
7.800000e-01	1.251058e+01
7.900000e-01	1.341653e+01
8.000000e-01	1.383172e+01
8.100000e-01	1.483728e+01
8.200000e-01	1.360417e+01
8.300000e-01	1.504011e+01
8.400000e-01	1.575045e+01
8.500000e-01	1.582587e+01
8.600000e-01	1.558435e+01
8.700000e-01	1.668720e+01
8.800000e-01	1.648333e+01
8.900000e-01	1.756943e+01
9.000000e-01	1.846897e+01
9.100000e-01	1.673277e+01
9.200000e-01	1.608194e+01
9.300000e-01	1.715266e+01
9.400000e-01	1.355790e+01
9.500000e-01	1.210797e+01
9.600000e-01	1.477317e+01
9.700000e-01	9.991049e+00
9.800000e-01	1.036789e+01
9.900000e-01	1.093337e+01
1.000000e+00	9.669012e+00
1.010000e+00	1.091424e+01
1.020000e+00	1.014864e+01
1.030000e+00	1.015451e+01
1.040000e+00	9.954335e+00
1.050000e+00	9.928132e+00
1.060000e+00	8.225913e+00
1.070000e+00	1.001414e+01
1.080000e+00	9.581503e+00
1.090000e+00	1.082015e+01
1.100000e+00	8.171024e+00
1.110000e+00	1.488264e+01
1.120000e+00	1.506248e+01
1.130000e+00	1.564818e+01
1.140000e+00	1.756397e+01
1.150000e+00	1.917173e+01
1.160000e+00	2.644823e+01
1.170000e+00	1.946006e+01
1.180000e+00	2.374648e+01
1.190000e+00	2.296643e+01
1.200000e+00	2.386306e+01
1.210000e+00	2.557131e+01
1.220000e+00	2.997760e+01
1.230000e+00	2.663369e+01
1.240000e+00	3.096785e+01
1.250000e+00	3.114638e+01
1.260000e+00	3.105925e+01
1.270000e+00	3.158925e+01
1.280000e+00	2.907406e+01
1.290000e+00	2.822548e+01
1.300000e+00	2.820579e+01
1.310000e+00	2.831695e+01
1.320000e+00	2.400588e+01
1.330000e+00	2.680309e+01
1.340000e+00	2.467699e+01
1.350000e+00	2.313473e+01
1.360000e+00	2.217674e+01
1.370000e+00	2.040820e+01
1.380000e+00	1.737568e+01
1.390000e+00	1.900592e+01
1.400000e+00	1.900311e+01
1.410000e+00	1.927643e+01
1.420000e+00	2.023597e+01
1.430000e+00	1.677003e+01
1.440000e+00	1.812609e+01
1.450000e+00	1.743139e+01
1.460000e+00	1.690080e+01
1.470000e+00	1.630457e+01
1.480000e+00	1.753179e+01
1.490000e+00	1.774160e+01
1.500000e+00	2.053942e+01
1.510000e+00	2.065101e+01
1.520000e+00	2.159236e+01
1.530000e+00	2.473452e+01
1.540000e+00	2.524931e+01
1.550000e+00	2.390186e+01
1.560000e+00	2.530662e+01
1.570000e+00	2.348831e+01
1.580000e+00	2.651131e+01
1.590000e+00	3.026493e+01
