2.000000e-01	1.025466e+01
2.100000e-01	4.447547e+00
2.200000e-01	1.099036e+01
2.300000e-01	9.136430e+00
2.400000e-01	1.142607e+01
2.500000e-01	8.357935e+00
2.600000e-01	9.667472e+00
2.700000e-01	1.174306e+01
2.800000e-01	9.527330e+00
2.900000e-01	1.186085e+01
3.000000e-01	1.032027e+01
3.100000e-01	1.003867e+01
3.200000e-01	1.040276e+01
3.300000e-01	1.030971e+01
3.400000e-01	1.107894e+01
3.500000e-01	1.211372e+01
3.600000e-01	1.286970e+01
3.700000e-01	1.223811e+01
3.800000e-01	1.184278e+01
3.900000e-01	1.278906e+01
4.000000e-01	1.116969e+01
4.100000e-01	1.202492e+01
4.200000e-01	1.208195e+01
4.300000e-01	1.267222e+01
4.400000e-01	1.317577e+01
4.500000e-01	1.349296e+01
4.600000e-01	1.319569e+01
4.700000e-01	1.270686e+01
4.800000e-01	1.258340e+01
4.900000e-01	1.284922e+01
5.000000e-01	1.216861e+01
5.100000e-01	1.268317e+01
5.200000e-01	1.301554e+01
5.300000e-01	1.252396e+01
5.400000e-01	1.293487e+01
5.500000e-01	1.188469e+01
5.600000e-01	5.455430e+00
5.700000e-01	1.147012e+01
5.800000e-01	1.187550e+01
5.900000e-01	1.145901e+01
6.000000e-01	1.224458e+01
6.100000e-01	1.258627e+01
6.200000e-01	1.191306e+01
6.300000e-01	1.229433e+01
6.400000e-01	1.184672e+01
6.500000e-01	1.142205e+01
6.600000e-01	1.055459e+01
6.700000e-01	1.001164e+01
6.800000e-01	9.188398e+00
6.900000e-01	9.082058e+00
7.000000e-01	8.696701e+00
7.100000e-01	7.772464e+00
7.200000e-01	7.839773e+00
7.300000e-01	7.906062e+00
7.400000e-01	7.300499e+00
7.500000e-01	4.325340e+00
7.600000e-01	6.368688e+00
7.700000e-01	6.525164e+00
7.800000e-01	6.314021e+00
7.900000e-01	6.711242e+00
8.000000e-01	6.116233e+00
8.100000e-01	6.695859e+00
8.200000e-01	6.347806e+00
8.300000e-01	6.221814e+00
8.400000e-01	5.378727e+00
8.500000e-01	5.722174e+00
8.600000e-01	5.033775e+00
8.700000e-01	4.521319e+00
8.800000e-01	4.513318e+00
8.900000e-01	4.046400e+00
9.000000e-01	2.840717e+00
9.100000e-01	2.689372e+00
9.200000e-01	2.131682e+00
9.300000e-01	1.419940e+00
9.400000e-01	1.545973e+00
9.500000e-01	5.135353e-01
9.600000e-01	-5.173209e-01
9.700000e-01	-3.970047e+00
9.800000e-01	-4.425001e+00
9.900000e-01	-1.039424e+01
1.000000e+00	-5.657178e+00
1.010000e+00	-5.682871e+00
1.020000e+00	-8.244219e+00
1.030000e+00	-9.967475e+00
1.040000e+00	-1.112804e+01
1.050000e+00	-7.026696e+00
1.060000e+00	-9.784048e+00
1.070000e+00	-9.354769e+00
1.080000e+00	-1.033090e+01
1.090000e+00	-1.547554e+01
1.100000e+00	-3.038102e+01
1.110000e+00	-1.559594e+01
1.120000e+00	-1.174550e+01
1.130000e+00	-1.083762e+01
1.140000e+00	-1.253115e+01
1.150000e+00	-1.318919e+01
1.160000e+00	-2.175553e+01
1.170000e+00	-1.940791e+01
1.180000e+00	-7.488184e+00
1.190000e+00	-7.997568e+00
1.200000e+00	-1.075775e+01
1.210000e+00	-2.049877e+01
1.220000e+00	-1.103024e+01
1.230000e+00	-1.757263e+01
1.240000e+00	-1.059596e+01
1.250000e+00	-1.144181e+01
1.260000e+00	-1.126182e+01
1.270000e+00	-1.360819e+01
1.280000e+00	-1.211588e+01
1.290000e+00	-1.420490e+01
1.300000e+00	-1.057393e+01
1.310000e+00	-9.352782e+00
1.320000e+00	-9.448087e+00
1.330000e+00	-8.218507e+00
1.340000e+00	-7.458002e+00
1.350000e+00	-7.179379e+00
1.360000e+00	-6.546778e+00
1.370000e+00	-6.876182e+00
1.380000e+00	-6.837019e+00
1.390000e+00	-8.925146e+00
1.400000e+00	-9.475068e+00
1.410000e+00	-2.472112e+01
1.420000e+00	-1.197480e+01
1.430000e+00	-6.316343e+00
1.440000e+00	-4.763946e+00
1.450000e+00	-4.665398e+00
1.460000e+00	-4.396404e+00
1.470000e+00	-4.496576e+00
1.480000e+00	-5.605482e+00
1.490000e+00	-5.496434e+00
1.500000e+00	-6.256910e+00
1.510000e+00	-6.336254e+00
1.520000e+00	-6.389180e+00
1.530000e+00	-7.031740e+00
1.540000e+00	-8.146670e+00
1.550000e+00	-6.672172e+00
1.560000e+00	-6.945811e+00
1.570000e+00	-6.945700e+00
1.580000e+00	-9.881682e+00
1.590000e+00	-1.069284e+01
